Ecoli_0920_Ancestor_
1 218
2276 3605
7573 8208
13056 13125
13770 14919
15574 17936
18483 21454
22322 22687
25753 26128
26702 27709
31305 31547
32867 35891
38131 42240
42811 42882
43522 44029
45249 47583
48605 49200
57362 58371
60484 61537
62387 63341
65130 70412
71936 72218
73540 74010
79630 83294
84440 85613
89111 93355
93992 94391
94898 96837
99929 101517
104734 106820
110533 111225
113040 113127
114519 115420
116834 117022
121332 122199
128296 128554
130438 132694
133605 133766
137422 142716
143591 143750
144418 145206
146305 148737
149413 149838
156540 156990
159666 159986
160951 161227
162775 163108
164937 167779
168924 170423
171264 171668
173006 174109
174644 175075
175712 177229
181514 181955
182777 182974
183591 184560
189330 190538
191050 197356
197895 198358
198985 199840
203718 205722
207812 209040
209555 212365
213141 215302
216875 217164
218854 219578
220211 223138
226854 228143
232021 232074
232788 235629
237242 241016
246139 247363
247893 249493
250134 251316
251963 252170
253936 254210
257570 260415
261131 261270
262292 262958
268646 271256
271801 273565
275639 276192
277788 280473
282104 283675
286436 286662
287658 288227
289069 292391
294215 294870
296226 296559
297730 298464
299021 299351
299940 300012
300573 301790
304405 304670
305548 307525
311415 314558
315224 318858
319984 320137
321404 323960
329404 329565
332291 335702
336714 337144
337763 338402
339307 343784
346399 353355
354067 357775
363687 364988
365687 366236
366903 366973
368629 372795
374271 375235
377697 382862
384562 384821
387258 387911
388584 389085
392679 393741
394511 395246
396357 399181
400250 400516
401228 402317
405410 405735
406277 406938
414107 414751
415314 416426
416980 417873
418430 425024
427918 427989
428646 429480
431337 433051
434885 436852
442434 442626
444897 447014
448277 449456
451356 452244
453278 455368
456005 456554
458718 459280
460563 460813
462094 464063
468416 469130
471197 472237
472865 475399
478227 481177
482021 482303
482998 483440
484506 486587
488290 488548
489239 489532
490466 491035
491945 493994
495815 496096
497467 500327
501551 501764
503101 504623
505132 505415
506062 508786
509334 510177
510704 510844
511520 511696
512973 513471
518150 520293
521221 523004
523698 524790
525319 529307
533208 533423
537095 537635
538932 539159
541631 541892
542493 543864
544515 545670
546581 547569
548145 555779
557243 564639
566397 570993
572224 574745
577110 583733
584417 584513
585083 587407
589834 592197
592736 593059
593815 594495
596811 599892
601069 604509
606562 609772
611623 613614
614130 617204
618308 619379
622385 622578
625683 628202
631698 631902
632503 634029
634947 635191
635752 638822
639383 649356
649945 653036
653663 654929
658202 658348
661335 662639
665341 668285
670042 671918
675010 677207
681697 682387
684558 684653
685218 686358
688214 690063
690891 692563
695317 697851
698470 700643
701916 703044
703690 710023
714481 715299
717015 717249
717980 719993
722440 724561
726308 726839
728521 733706
734393 737818
739087 739446
740183 740780
743572 745033
747518 748624
749244 749620
751472 751528
752171 752244
752876 753094
754621 756884
757677 758877
760871 761671
770429 773672
776334 777245
777823 778591
779510 781580
789352 793969
797103 799822
807462 809265
809889 813330
814708 814761
815305 816832
823275 828762
829282 829670
832764 832965
833757 835204
836888 837082
841095 843148
845851 846224
847067 847266
849247 849465
849983 850339
853025 853093
854591 856652
857175 860243
860891 862447
869822 873685
874708 878571
883018 885058
885616 886395
889179 891435
892914 893710
894682 896174
898810 900990
903284 903823
904374 905216
907910 908297
908978 909065
912955 914587
915111 917923
922536 922767
923566 924973
930206 932062
932716 932941
934236 935197
935841 948408
949214 949768
950460 950642
954561 954866
957296 959241
965314 966130
966866 967119
968041 972813
984410 985389
986038 988138
988880 990154
991159 991686
992756 997341
998500 998723
1004289 1010257
1012317 1012444
1013413 1013701
1014407 1014650
1015826 1016886
1017850 1018575
1021568 1021969
1026668 1027289
1027795 1030620
1032493 1034173
1034917 1038170
1039963 1040150
1047810 1047994
1048614 1049742
1050494 1051237
1051754 1053505
1054147 1056352
1058104 1058348
1059643 1060390
1060936 1061436
1064419 1064724
1066092 1069806
1070436 1070814
1073393 1075322
1079724 1080614
1081268 1082221
1082886 1083327
1083866 1087001
1090166 1090319
1091315 1091641
1092962 1093203
1097616 1098394
1099281 1101989
1102909 1103769
1110851 1112172
1114640 1114719
1115810 1117900
1119719 1120780
1121610 1122458
1126157 1128953
1129616 1130221
1131482 1131646
1148269 1148840
1151033 1154389
1155110 1156181
1156704 1156968
1161912 1170660
1171340 1172287
1173838 1174039
1181729 1183485
1184011 1186739
1190114 1190411
1195659 1195842
1196634 1197305
1198378 1198877
1201600 1202615
1205558 1205741
1210334 1212963
1214995 1216583
1217281 1219102
1219755 1221531
1223970 1225153
1228686 1229406
1230104 1230299
1230866 1232504
1234054 1234304
1234882 1236148
1236656 1236798
1237392 1238648
1239415 1241174
1241922 1243895
1245710 1246540
1249606 1249870
1252928 1255197
1257356 1259122
1263067 1263389
1265030 1265838
1268845 1270189
1270708 1271206
1272972 1274835
1276511 1277872
1279727 1280502
1281422 1281498
1282230 1282751
1284340 1285264
1289019 1289825
1290400 1291270
1291861 1292778
1294781 1294888
1299474 1301066
1302121 1307302
1309237 1309751
1310351 1310570
1314113 1316515
1319761 1319935
1322452 1322602
1323897 1324157
1324727 1325060
1325695 1325815
1330209 1330468
1333533 1334918
1340280 1340704
1341308 1349936
1352286 1352734
1355732 1357534
1358093 1361801
1363171 1364058
1369646 1370171
1371577 1371707
1376283 1378142
1380664 1381200
1381757 1382024
1382526 1383466
1388951 1389086
1391333 1391790
1392875 1393001
1395642 1396713
1397217 1399356
1400116 1400735
1401396 1401634
1402230 1404610
1411061 1412058
1412595 1419683
1420324 1421812
1422314 1422455
1424212 1425223
1428455 1428730
1429716 1432486
1433466 1433596
1438304 1440438
1442171 1442814
1444834 1444990
1445583 1445821
1447498 1447772
1448316 1449835
1450421 1450725
1452702 1453930
1455591 1459023
1459557 1460770
1461883 1462523
1467601 1471146
1476318 1476405
1478877 1487587
1490610 1490718
1491459 1492290
1494681 1495903
1498263 1498351
1507057 1507284
1508868 1511688
1512311 1515709
1516954 1519342
1525099 1526126
1529993 1531051
1531642 1534299
1534902 1535202
1536101 1537446
1538086 1539508
1541187 1547318
1547911 1548129
1548871 1550862
1552778 1554546
1555412 1556145
1557828 1558803
1562104 1566414
1566966 1571856
1574264 1574820
1576629 1577097
1577794 1581020
1581521 1581773
1582397 1583415
1585584 1586522
1590146 1590355
1590965 1592475
1593036 1594520
1596532 1597611
1600303 1600559
1602066 1612803
1613822 1618481
1619799 1621647
1622988 1623138
1625550 1627603
1631085 1631607
1632124 1632715
1633275 1633576
1634225 1634842
1635909 1636826
1637373 1637489
1638097 1639481
1641531 1641777
1644252 1644457
1645074 1645129
1646201 1648802
1649305 1649839
1650879 1652714
1654260 1654835
1655366 1655593
1658607 1658879
1660754 1661580
1663401 1665320
1666564 1666830
1667659 1671318
1672456 1676452
1682961 1684820
1687215 1687585
1688218 1693806
1696096 1696295
1697921 1698615
1699689 1701615
1702463 1702532
1703162 1704680
1705304 1707337
1709546 1709779
1712581 1712795
1713549 1714407
1714955 1715011
1715799 1716135
1719901 1721169
1725070 1728229
1730125 1731205
1733634 1734620
1737298 1737406
1739137 1742043
1743371 1743913
1744600 1744845
1745786 1747087
1750339 1750799
1751437 1757818
1758362 1758621
1760710 1760987
1765181 1766174
1767009 1767082
1767883 1772621
1773427 1774726
1778705 1781394
1783407 1783774
1784441 1786796
1787344 1790207
1791186 1791418
1800046 1803364
1805102 1805173
1812684 1812925
1813998 1814468
1819271 1819536
1822110 1822612
1823616 1823805
1825704 1825984
1828140 1830102
1832465 1832954
1833626 1833801
1840497 1844800
1845622 1846660
1847170 1847352
1851109 1851202
1852135 1853850
1859418 1865058
1866229 1868704
1871985 1872355
1872970 1874342
1878639 1879560
1880469 1882540
1884577 1887189
1894483 1896346
1896960 1898113
1898977 1900821
1907904 1908088
1910041 1910384
1912145 1912411
1913169 1915429
1917814 1920447
1922057 1931886
1932580 1933675
1940550 1945118
1946583 1948840
1949449 1949719
1954249 1955156
1957354 1957925
1960018 1960416
1967291 1971794
1972808 1973186
1973830 1976941
1977490 1978390
1979004 1981996
1982810 1983894
1986667 1986869
1990835 1992154
1995944 1998249
2000008 2001431
2009171 2009400
2011472 2013167
2014877 2015145
2018543 2021767
2023841 2024951
2033964 2034205
2034928 2036485
2038262 2038591
2039249 2040116
2045410 2047275
2047790 2048193
2048701 2049295
2051017 2064175
2066688 2066881
2067824 2068123
2069497 2071718
2072416 2074054
2074717 2077147
2082128 2083116
2086441 2087618
2104887 2105776
2106402 2108580
2109528 2109580
2110992 2111175
2114272 2114707
2119150 2121237
2124431 2124619
2126420 2126684
2129569 2130422
2135481 2136543
2139752 2140349
2141797 2143067
2143891 2150616
2151341 2151615
2154310 2154605
2155993 2156235
2163639 2168305
2168863 2168968
2169679 2172612
2173135 2173836
2174388 2174437
2175523 2176247
2179517 2179757
2187407 2187868
2189774 2191780
2192364 2192770
2193340 2193830
2196210 2196514
2198162 2200311
2200939 2201795
2211258 2211310
2217042 2217341
2219188 2220053
2220613 2220864
2221476 2222911
2224826 2225138
2227590 2229709
2231904 2233902
2236338 2236579
2238308 2243508
2244799 2245326
2245849 2249575
2253023 2254941
2259110 2259718
2261331 2261800
2264423 2265505
2267776 2269123
2270300 2270876
2274179 2274925
2276347 2276926
2277987 2279860
2280550 2280680
2281229 2282530
2285435 2286379
2287457 2290756
2294491 2295498
2296404 2298847
2300707 2303204
2304157 2308408
2308979 2310831
2312349 2315186
2320021 2320325
2321107 2321163
2325179 2325378
2327087 2329984
2330593 2335398
2336112 2336680
2337766 2339508
2343729 2344772
2345445 2345643
2346653 2346882
2347679 2348490
2351117 2357249
2357779 2360952
2362944 2363933
2364717 2364873
2365391 2367747
2370157 2371397
2372386 2372623
2373858 2374211
2379197 2385584
2390722 2390922
2396804 2398177
2398968 2401389
2405947 2407855
2409772 2414126
2414754 2415490
2419436 2421499
2422851 2431530
2432059 2433559
2434203 2436511
2438163 2438441
2441339 2443626
2444500 2444814
2445650 2446245
2447695 2448127
2448646 2449119
2449840 2451046
2453174 2453507
2455070 2455299
2459126 2460454
2462111 2463369
2465662 2469249
2469844 2470443
2470964 2473095
2473667 2480452
2481005 2481518
2484356 2484561
2486418 2491421
2493243 2493481
2494260 2494576
2495117 2495183
2498934 2500473
2502963 2504561
2506494 2507648
2517351 2522194
2523604 2526075
2527581 2528155
2531146 2532526
2538638 2542528
2543117 2546328
2549145 2549357
2550099 2550876
2554694 2554907
2555430 2558570
2559119 2559333
2562552 2562960
2565521 2567720
2569110 2569194
2570937 2571674
2572175 2574421
2576614 2576894
2579154 2580686
2583865 2586729
2590837 2590910
2603826 2606119
2606634 2616037
2617121 2622656
2631921 2633175
2634465 2634639
2635410 2638158
2638732 2638799
2639359 2642333
2643971 2644307
2645975 2648034
2648996 2649625
2650252 2653750
2654283 2655159
2656086 2656495
2658610 2660501
2662349 2663169
2664430 2664516
2668440 2669686
2674543 2675930
2676483 2679144
2682034 2685754
2688074 2691749
2692670 2692753
2696994 2698086
2699172 2699844
2704175 2705150
2706431 2706745
2707360 2707762
2710840 2711236
2715295 2715632
2717569 2719229
2724369 2724596
2725122 2726237
2729657 2731701
2734880 2737238
2739996 2740136
2740971 2742012
2743576 2744786
2745308 2745447
2747405 2747832
2748491 2748567
2749228 2752108
2752633 2753199
2755838 2756778
2760098 2760740
2761315 2762927
2763823 2765090
2766072 2766277
2767754 2770633
2771322 2776458
2783974 2789906
2790498 2795525
2796316 2796884
2797694 2801445
2802044 2802975
2804632 2804851
2810696 2815493
2818430 2818533
2820001 2820053
2824577 2826626
2827475 2830173
2832880 2833009
2833625 2834629
2835199 2837059
2837857 2839337
2842181 2842315
2845734 2846838
2847717 2850977
2851711 2852070
2853101 2853270
2855015 2859340
2859875 2859965
2860802 2862751
2863261 2863424
2865398 2866663
2870671 2872602
2873142 2873298
2875437 2875728
2876323 2876476
2879057 2879298
2879848 2880046
2881328 2883349
2886393 2887332
2887914 2888167
2888702 2889194
2893540 2896731
2898793 2899010
2900292 2906696
2907324 2908766
2910512 2910763
2912310 2912682
2913347 2913521
2914986 2915051
2918158 2918273
2920262 2923607
2929816 2930572
2931358 2931802
2939160 2945234
2948601 2948845
2949894 2951977
2952626 2953030
2953563 2954866
2956067 2958414
2958943 2959712
2960223 2960924
2963047 2964925
2965939 2966853
2968709 2968911
2969527 2970823
2974803 2979354
2980351 2980478
2985599 2986055
2987118 2989464
2990359 2995511
2996197 2997348
2998672 2998906
3001775 3005512
3006047 3007803
3011322 3015708
3016209 3016378
3017081 3017552
3018822 3022565
3030469 3032275
3035418 3035838
3037554 3040614
3044179 3046276
3048146 3049484
3050589 3051044
3052634 3052757
3053965 3054459
3056911 3058728
3061729 3068196
3070355 3070602
3073197 3073453
3081754 3081960
3083793 3086257
3088202 3091089
3096623 3097039
3098550 3099541
3100507 3101773
3102819 3107244
3109057 3110544
3112602 3112849
3116417 3119033
3120003 3120100
3120894 3121198
3122018 3123130
3124459 3125239
3126919 3127831
3128997 3132232
3133724 3134053
3134777 3136601
3138309 3138520
3139257 3140405
3143476 3143773
3144946 3145321
3147760 3148056
3149805 3152214
3153758 3157841
3161598 3161723
3163103 3163645
3164574 3168480
3169062 3169761
3171885 3172231
3175509 3176257
3179298 3179710
3180263 3184995
3187373 3191189
3191814 3192518
3193484 3195402
3196053 3199759
3200453 3202066
3207165 3207529
3209464 3209687
3213244 3214633
3219041 3219641
3229665 3229923
3239027 3239457
3240159 3242836
3245801 3247177
3249627 3250323
3251992 3253297
3253850 3254504
3255690 3255903
3258179 3258932
3259790 3261586
3262105 3262560
3265883 3266638
3267234 3267897
3269729 3269987
3271650 3272236
3273739 3274983
3275640 3276394
3277914 3277968
3278797 3279480
3280545 3280629
3282755 3283874
3286698 3291951
3292540 3294767
3297944 3299081
3299773 3300212
3302416 3302605
3307504 3307706
3309357 3312359
3313417 3314608
3317645 3319763
3320513 3321470
3322035 3328394
3330370 3331621
3333564 3333836
3337132 3337188
3338504 3339847
3345587 3346567
3347102 3347312
3349125 3349361
3350151 3350683
3354095 3356217
3357342 3357527
3359933 3360033
3363650 3363980
3367290 3370259
3372399 3372816
3373351 3373562
3377035 3377634
3379229 3380146
3387416 3388059
3388657 3389808
3390646 3391333
3392071 3392579
3398586 3399165
3403054 3403430
3405850 3406271
3409577 3413687
3419435 3419553
3423763 3424029
3427179 3427347
3427905 3428476
3428987 3430170
3431193 3431306
3432077 3432234
3434255 3434577
3435180 3438940
3441406 3442019
3444225 3446512
3449189 3449405
3452814 3453105
3454348 3455955
3456485 3456803
3459910 3469562
3470668 3470847
3476788 3477223
3478045 3478167
3479441 3482756
3485457 3485665
3486169 3486506
3489876 3489950
3491518 3492154
3492821 3496316
3501618 3502273
3502994 3503276
3503806 3504134
3508501 3508657
3512276 3512952
3513865 3514867
3515478 3518648
3520409 3522794
3527283 3530601
3534138 3534397
3539175 3541129
3541781 3542102
3543832 3548164
3548779 3549608
3550285 3555277
3557999 3558075
3559490 3560999
3562738 3567764
3569139 3571152
3574915 3575889
3576775 3577340
3578549 3580589
3582032 3582290
3582912 3583159
3583973 3584189
3584716 3585522
3587114 3587460
3589326 3589652
3590248 3590774
3591609 3593758
3594277 3594407
3599165 3601163
3601779 3602593
3605418 3610976
3611495 3612609
3615210 3616723
3620640 3620920
3621600 3622088
3623774 3624268
3625236 3628557
3630067 3630179
3630913 3633421
3633985 3634626
3635148 3635828
3646336 3646440
3649655 3649744
3653274 3653741
3655304 3657219
3661178 3661420
3667131 3669319
3669825 3671145
3673722 3673979
3674980 3677298
3677827 3677954
3678562 3684809
3685386 3686034
3686821 3687828
3688338 3690718
3692514 3694493
3696880 3697929
3700789 3702153
3704699 3707457
3708153 3708289
3708933 3709399
3710131 3710996
3713092 3713285
3715580 3715726
3720086 3720370
3723164 3723383
3724747 3728577
3731824 3732908
3734206 3735925
3738192 3742823
3743825 3743907
3745046 3745305
3745959 3747914
3748706 3749542
3750216 3750397
3753435 3753573
3757065 3757256
3757932 3758220
3760887 3761107
3761848 3764137
3765750 3768761
3769517 3772971
3773741 3774710
3776319 3778883
3782327 3782627
3784602 3784763
3785454 3785536
3787461 3787602
3801166 3801243
3803137 3803693
3804707 3806715
3807763 3808176
3808773 3809497
3818633 3818854
3819731 3819886
3820595 3824166
3827778 3831006
3833748 3836592
3838959 3839201
3839825 3842964
3844400 3846635
3848733 3849025
3849891 3849958
3850937 3852720
3853289 3853454
3855628 3856635
3857521 3858657
3859386 3859691
3860270 3860987
3861855 3864769
3865292 3867871
3869122 3870816
3871578 3872459
3873065 3876840
3882986 3883084
3885728 3885887
3887624 3889431
3891737 3892383
3895037 3896708
3897489 3898929
3899584 3903222
3907030 3909788
3912033 3913523
3916587 3918451
3918976 3920394
3923404 3924849
3925498 3927037
3929436 3930895
3931891 3932080
3932696 3933394
3935508 3935908
3942540 3944972
3946108 3946335
3947476 3947610
3948390 3950804
3951376 3951600
3952238 3952820
3957293 3958454
3959091 3963693
3964335 3970304
3972583 3972677
3973465 3976321
3977967 3978667
3980317 3982822
3983829 3984038
3985876 3985999
3993823 3994657
3995406 3997119
4001185 4003457
4009459 4010396
4012462 4012570
4015113 4019829
4022616 4024475
4027342 4027606
4028228 4028477
4031740 4031971
4033381 4034197
4035347 4037125
4037957 4042227
4043242 4044353
4049881 4051434
4054427 4055593
4063960 4064795
4065582 4066869
4068094 4068890
4072852 4074741
4075678 4077664
4082175 4082982
4087619 4087731
4090887 4092013
4096930 4097785
4101159 4106538
4111307 4112166
4112721 4113002
4113757 4114929
4119186 4126371
4126928 4127227
4129817 4130175
4135271 4137142
4139369 4140051
4140680 4140813
4156261 4156544
4157812 4158173
4159045 4160561
4161065 4161262
4161887 4162083
4162603 4164827
4165870 4166204
4170835 4171101
4172473 4174458
4175033 4177128
4177823 4180400
4181442 4184395
4188653 4188942
4190251 4190488
4194621 4194861
4195492 4196448
4197920 4198997
4199621 4200631
4201195 4202103
4202717 4206776
4207283 4209451
4213103 4213900
4216116 4216649
4218803 4220136
4221844 4222762
4223597 4225165
4225716 4229310
4231701 4233758
4234724 4234976
4237807 4238468
4239141 4240036
4240978 4242217
4246920 4247454
4248990 4249062
4252857 4254600
4257637 4258202
4258849 4258929
4259790 4260840
4261470 4264898
4265408 4265721
4267035 4269962
4273129 4277513
4278604 4279866
4280959 4281086
4283236 4285479
4287047 4287765
4288874 4296747
4298173 4298396
4299333 4302204
4303460 4305738
4306274 4306349
4306891 4308108
4310186 4311658
4312737 4316799
4318635 4327931
4328501 4328856
4330983 4334560
4335086 4336214
4337739 4342641
4344162 4346396
4349758 4349994
4350792 4351200
4352040 4353596
4354280 4356253
4357058 4357666
4361545 4368746
4369280 4371355
4372032 4373551
4375601 4375894
4377203 4377804
4379329 4379479
4382387 4384510
4387736 4393369
4394083 4395200
4395842 4400202
4401152 4401876
4403131 4405332
4412107 4412254
4414872 4415140
4418154 4419233
4422376 4423824
4429422 4431910
4432496 4435060
4436028 4436962
4439018 4441264
4443549 4451483
4452111 4452554
4453421 4458825
4464626 4466576
4468462 4470060
4470584 4471379
4471946 4472172
4477880 4480847
4485381 4497035
4498201 4498405
4499444 4502579
4503672 4503943
4506570 4506704
4510240 4516269
4516940 4517760
4519065 4523523
4524488 4525786
4526640 4527790
4528497 4530549
4536328 4537488
4540015 4542795
4543826 4546017
4548776 4549309
4557209 4558985
4561295 4561504
4564361 4564800
4565301 4565946
4567448 4568239
4568783 4569233
4572526 4572999
4573706 4578612
4579659 4579943
4581642 4583014
4584643 4584774
4585617 4586128
4587588 4588511
4589015 4590045
4590771 4591332
4595777 4596762
4597475 4598557
4602109 4603581
4606939 4610665
4612029 4612847
4613501 4613872
4615451 4617389
4626410 4626997
4627671 4629098
4629630 4632660
4637186 4641652
