Ecoli_0920_Ancestor_
1 218
2276 3605
7573 8208
13056 13125
13770 14919
15574 17936
18483 21454
22322 22687
25753 26128
26702 27709
31305 31547
32867 35891
38131 42240
42811 42882
43522 44029
45249 47583
48605 49200
57362 58371
60484 61537
62387 63341
65130 70412
71936 72218
73540 74010
79630 83294
84440 85613
89111 93355
93992 94391
94898 96837
99929 101517
104734 106820
110533 111225
113040 113127
114519 115420
116834 117022
121332 122199
128296 128554
130438 132694
133605 133766
137422 142716
143591 143750
144418 145206
146305 148737
149413 149838
156540 156990
159666 159986
160951 161227
162775 163108
164937 167779
168924 170423
171264 171668
173006 174109
174644 175075
175712 177229
181514 181955
182777 182974
183591 184560
189330 190538
191050 197356
197895 198358
198985 199840
203718 205722
207812 209040
209555 212365
213141 215302
216875 217164
218854 219578
220211 223138
226854 228143
232021 232074
232788 235629
237242 241016
246139 247363
247893 249493
250134 251316
251963 252170
253936 254210
257570 260415
261131 261270
262292 262958
268646 271256
271801 273565
275639 276192
277788 280473
282104 283675
286436 286662
287658 288227
289069 292391
294215 294870
296226 296559
297730 298464
299021 299351
299940 300012
300573 301790
304405 304670
305548 307525
311415 314558
315224 318858
319984 320137
321404 323960
329404 329565
332291 335702
336714 337144
337763 338402
339307 343784
346399 353355
354067 357775
363687 364988
365687 366236
366903 366973
368629 372795
374271 375235
377697 382862
384562 384821
387258 387911
388584 389085
392679 393741
394511 395246
396357 399181
400250 400516
401228 402317
405410 405735
406277 406938
414107 414751
415314 416426
416980 417873
418430 425024
427918 427989
428646 429480
431337 433051
434885 436852
442434 442626
444897 447014
448277 449456
451356 452244
453278 455368
456005 456554
458718 459280
460563 460813
462094 464063
468416 469130
471197 472237
472865 475399
478227 481177
482021 482303
482998 483440
484506 486587
488290 488548
489239 489532
490466 491035
491945 493994
495815 496096
497467 500327
501551 501764
503101 504623
505132 505415
506062 508786
509334 510177
510704 510844
511520 511696
512973 513471
518150 520293
521221 523004
523698 524790
525319 529307
533208 533423
537095 537635
538932 539159
541631 541892
542493 543864
544515 545670
546581 547569
548145 555779
557243 564639
566397 570993
572224 574745
577110 583733
584417 584513
585083 587407
589834 592197
592736 593059
593815 594495
596811 599892
601069 604509
606562 609772
611623 613614
614130 617204
618308 619379
622385 622578
625683 628202
631698 631902
632503 634029
634947 635191
635752 638822
639383 649356
649945 653036
653663 654929
658202 658348
661335 662639
665341 668285
670042 671918
675010 677207
681697 682387
684558 684653
685218 686358
688214 690063
690891 692563
695317 697851
698470 700643
701916 703044
703690 710023
714481 715299
717015 717249
717980 719993
722440 724561
726308 726839
728521 733706
734393 737818
739087 739446
740183 740780
743572 745033
747518 748624
749244 749620
751472 751528
752171 752244
752876 753094
754621 756884
757677 758877
760871 761671
770429 773672
776334 777245
777823 778591
779510 781580
789352 793969
797103 799822
807462 809265
809889 813330
814708 814761
815305 816832
823275 828762
829282 829670
832764 832965
833757 835204
836888 837082
841095 843148
845851 846224
847067 847266
849247 849465
849983 850339
853025 853093
854591 856652
857175 860243
860891 862447
869822 873685
874708 878571
883018 885058
885616 886395
889179 891435
892914 893710
894682 896174
898810 900990
903284 903823
904374 905216
907910 908297
908978 909065
912955 914587
915111 917923
922536 922767
923566 924973
930206 932062
932716 932941
934236 935197
935841 948408
949214 949768
950460 950642
954561 954866
957296 959241
965314 966130
966866 967119
968041 972813
984410 985389
986038 988138
988880 990154
991159 991686
992756 997341
998500 998723
1004289 1010257
1012317 1012444
1013413 1013701
1014407 1014650
1015826 1016886
1017850 1018575
1021568 1021969
1026668 1027289
1027795 1030620
1032493 1034173
1034917 1038170
1039963 1040150
1047810 1047994
1048614 1049742
1050494 1051237
1051754 1053505
1054147 1056352
1058104 1058348
1059643 1060390
1060936 1061436
1064419 1064724
1066092 1069806
1070436 1070814
1073393 1075322
1079724 1080614
1081268 1082221
1082886 1083327
1083866 1087001
1090166 1090319
1091315 1091641
1092962 1093203
1097616 1098394
1099281 1101989
1102909 1103769
1110851 1112172
1114640 1114719
1115810 1117900
1119719 1120780
1121610 1122458
1126157 1128953
1129616 1130221
1131482 1131646
1148269 1148840
1151033 1154389
1155110 1156181
1156704 1156968
1161912 1170660
1171340 1172287
1173838 1174039
1181729 1183485
1184011 1186739
1190114 1190411
1195659 1195842
1196634 1197305
1198378 1198877
1201600 1202615
1205558 1205741
1210334 1212963
1214995 1216583
1217281 1219102
1219755 1221531
1223970 1225153
1228686 1229406
1230104 1230299
1230866 1232504
1234054 1234304
1234882 1236148
1236656 1236798
1237392 1238648
1239415 1241174
1241922 1243895
1245710 1246540
1249606 1249870
1252928 1255197
1257356 1259122
1263067 1263389
1265030 1265838
1268845 1270189
1270708 1271206
1272972 1274835
1276511 1277872
1279727 1280502
1281422 1281498
1282230 1282751
1284340 1285264
1289019 1289825
1290400 1291270
1291861 1292778
1294781 1294888
1299474 1301066
1302121 1307302
1309237 1309751
1310351 1310570
1314113 1316515
1319761 1319935
1322452 1322602
1323897 1324157
1324727 1325060
1325695 1325815
1330209 1330468
1333533 1334918
1340280 1340704
1341308 1349936
1352286 1352734
1355732 1357534
1358093 1361801
1363171 1364058
1369646 1370171
1371577 1371707
1376283 1378142
1380664 1381200
1381757 1382024
1382526 1383466
1388951 1389086
1391333 1391790
1392875 1393001
1395642 1396713
1397217 1399356
1400116 1400735
1401396 1401634
1402230 1404610
1411061 1412058
1412595 1419683
1420324 1421812
1422314 1422455
1424212 1425223
1428455 1428730
1429716 1432486
1433466 1433596
1438304 1440438
1442171 1442814
1444834 1444990
1445583 1445821
1447498 1447772
1448316 1449835
1450421 1450725
1452702 1453930
1455591 1459023
1459557 1460770
1461883 1462523
1467601 1471146
1476318 1476405
1478877 1487587
1490610 1490718
1491459 1492290
1494681 1495903
1498263 1498351
1507057 1507284
1508868 1511688
1512311 1515709
1516954 1519342
1525099 1526126
1529993 1531051
1531642 1534299
1534902 1535202
1536101 1537446
1538086 1539508
1541187 1547318
1547911 1548129
1548871 1550862
1552778 1554546
1555412 1556145
1557828 1558803
1562104 1566414
1566966 1571856
1574264 1574820
1576629 1577097
1577794 1581020
1581521 1581773
1582397 1583415
1585584 1586522
1590146 1590355
1590965 1592475
1593036 1594520
1596532 1597611
1600303 1600559
1602066 1612803
1613822 1618481
1619799 1621647
1622988 1623138
1625550 1627603
1631085 1631607
1632124 1632715
1633275 1633576
1634225 1634842
1635909 1636826
1637373 1637489
1638097 1639481
1641531 1641777
1644252 1644457
1645074 1645129
1646201 1648802
1649305 1649839
1650879 1652714
1654260 1654835
1655366 1655593
1658607 1658879
1660754 1661580
1663401 1665320
1666564 1666830
1667659 1671318
1672456 1676452
1682961 1684820
1687215 1687585
1688218 1693806
1696096 1696295
1697921 1698615
1699689 1701615
1702463 1702532
1703162 1704680
1705304 1707337
1709546 1709779
1712581 1712795
1713549 1714407
1714955 1715011
1715799 1716135
1719901 1721169
1725070 1728229
1730125 1731205
1733634 1734620
1737298 1737406
1739137 1742043
1743371 1743913
1744600 1744845
1745786 1747087
1750339 1750799
1751437 1757818
1758362 1758621
1760710 1760987
1765181 1766174
1767009 1767082
1767883 1772621
1773427 1774726
1778705 1781394
1783407 1783774
1784441 1786796
1787344 1790207
1791186 1791418
1800046 1803364
1805102 1805173
1812684 1812925
1813998 1814468
1819271 1819536
1822110 1822612
1823616 1823805
1825704 1825984
1828140 1830102
1832465 1832954
1833626 1833801
1840497 1844800
1845622 1846660
1847170 1847352
1851109 1851202
1852135 1853850
1859418 1865058
1866229 1868704
1871985 1872355
1872970 1874342
1878639 1879560
1880469 1882540
1884577 1887189
1894483 1896346
1896960 1898113
1898977 1900821
1907904 1908088
1910041 1910384
1912145 1912411
1913169 1915429
1917814 1920447
1922057 1931886
1932580 1933675
1940550 1945118
1946583 1948840
1949449 1949719
1954249 1955156
1957354 1957925
1960018 1960416
1967291 1971794
1972808 1973186
1973830 1976941
1977490 1978390
1979004 1981996
1982810 1983894
1986667 1986869
1990835 1992154
1995944 1998249
2000008 2001431
2009171 2009400
2011472 2013167
2014877 2015145
2018543 2021767
2023841 2024951
2033964 2034205
2034928 2036485
2038262 2038591
2039249 2040116
2045410 2047275
2047790 2048193
2048701 2049295
2051017 2064175
2066688 2066881
2067824 2068123
2069497 2071718
2072416 2074054
2074717 2077147
2082128 2083116
2086441 2087618
2104887 2105776
2106402 2108580
2109528 2109580
2110992 2111175
2114272 2114707
2119150 2121237
2124431 2124619
2126420 2126684
2129569 2130422
2135481 2136543
2139752 2140349
2141797 2143067
2143891 2150616
2151341 2151615
2154310 2154605
2155993 2156235
2163639 2168305
2168863 2168968
2169679 2172612
2173135 2173836
2174388 2174437
2175523 2176247
2179517 2179757
2187407 2187868
2189774 2191780
2192364 2192770
2193340 2193830
2196210 2196514
2198162 2200311
2200939 2201795
2211258 2211310
2217042 2217341
2219188 2220053
2220613 2220864
2221476 2222911
2224826 2225138
2227590 2229709
2231904 2233902
2236338 2236579
2238308 2243508
2244799 2245326
2245849 2249575
2253023 2254941
2259110 2259718
2261331 2261800
2264423 2265505
2267776 2269123
2270300 2270876
2274179 2274925
2276347 2276926
2277987 2279860
2280550 2280680
2281229 2282530
2285435 2286379
2287457 2290756
2294491 2295498
2296404 2298847
2300707 2303204
2304157 2308408
2308979 2310831
2312349 2315186
2320021 2320325
2321107 2321163
2325179 2325378
2327087 2329984
2330593 2335398
2336112 2336680
2337766 2339508
2343729 2344772
2345445 2345643
2346653 2346882
2347679 2348490
2351117 2357249
2357779 2360952
2362944 2363933
2364717 2364873
2365391 2367747
2370157 2371397
2372386 2372623
2373858 2374211
2379197 2385584
2390722 2390922
2396804 2398177
2398968 2401389
2405947 2407855
2409772 2414126
2414754 2415490
2419436 2421499
2422851 2431530
2432059 2433559
2434203 2436511
2438163 2438441
2441339 2443626
2444500 2444814
2445650 2446245
2447695 2448127
2448646 2449119
2449840 2451046
2453174 2453507
2455070 2455299
2459126 2460454
2462111 2463369
2465662 2469249
2469844 2470443
2470964 2473095
2473667 2480452
2481005 2481518
2484356 2484561
2486418 2491421
2493243 2493481
2494260 2494576
2495117 2495183
2498934 2500473
2502963 2504561
2506494 2507648
2517351 2522194
2523604 2526075
2527581 2528155
2531146 2532526
2538638 2542528
2543117 2546328
2549145 2549357
2550099 2550876
2554694 2554907
2555430 2558570
2559119 2559333
2562552 2562960
2565521 2567720
2569110 2569194
2570937 2571674
2572175 2574421
2576614 2576894
2579154 2580686
2583865 2586729
2590837 2590910
2603826 2606119
2606634 2616037
2617121 2622656
2631921 2633175
2634465 2634639
2635410 2638158
2638732 2638799
2639359 2642333
2643971 2644307
2645975 2648034
2648996 2649625
2650252 2653750
2654283 2655159
2656086 2656495
2658610 2660501
2662349 2663169
2664430 2664516
2668440 2669686
2674543 2675930
2676483 2679144
2682034 2685754
2688074 2691749
2692670 2692753
2696994 2698086
2699172 2699844
2704175 2705150
2706431 2706745
2707360 2707762
2710840 2711236
2715295 2715632
2717569 2719229
2724369 2724596
2725122 2726237
2729657 2731701
2734880 2737238
2739996 2740136
2740971 2742012
2743576 2744786
2745308 2745447
2747405 2747832
2748491 2748567
2749228 2752108
2752633 2753199
2755838 2756778
2760098 2760740
2761315 2762927
2763823 2765090
2766072 2766277
2767754 2770633
2771322 2776458
2783974 2789906
2790498 2795525
2796316 2796884
2797694 2801445
2802044 2802975
2804632 2804851
2810696 2815493
2818430 2818533
2820001 2820053
2824577 2826626
2827475 2830173
2832880 2833009
2833625 2834629
2835199 2837059
2837857 2839337
2842181 2842315
2845734 2846838
2847717 2850977
2851711 2852070
2853101 2853270
2855015 2859340
2859875 2859965
2860802 2862751
2863261 2863424
2865398 2866663
2870671 2872602
2873142 2873298
2875437 2875728
2876323 2876476
2879057 2879298
2879848 2880046
2881328 2883349
2886393 2887332
2887914 2888167
2888702 2889194
2893540 2896731
2898793 2899010
2900292 2906696
2907324 2908766
2910512 2910763
2912310 2912682
2913347 2913521
2914986 2915051
2918158 2918273
2920262 2923607
2929816 2930572
2931358 2931802
2939160 2945234
2948601 2948845
2949894 2951977
2952626 2953030
2953563 2954866
2956067 2958414
2958943 2959712
2960223 2960924
2963047 2964925
2965939 2966853
2968709 2968911
2969527 2970823
2974803 2979354
2980351 2980478
2985599 2986055
2987118 2989464
2990359 2995511
2996197 2997348
2998672 2998906
3001775 3005512
3006047 3007803
3011322 3015708
3016209 3016378
3017081 3017552
3018822 3022565
3030469 3032275
3035418 3035838
3037554 3040614
3044179 3046276
3048146 3049484
3050589 3051044
3052634 3052757
3053965 3054459
3056911 3058728
3061729 3068196
3070355 3070602
3073197 3073453
3081754 3081960
3083793 3086257
3088202 3091089
3096623 3097039
3098550 3099541
3100507 3101773
3102819 3107244
3109057 3110544
3112602 3112849
3116417 3119033
3120003 3120100
3120894 3121198
3122018 3123130
3124459 3125239
3126919 3127831
3128997 3132232
3133724 3134053
3134777 3136601
3138309 3138520
3139257 3140405
3143476 3143773
3144946 3145321
3147760 3148056
3149805 3152214
3153758 3157841
3161598 3161723
3163103 3163645
3164574 3168480
3169062 3169761
3171885 3172231
3175509 3176257
3179298 3179710
3180263 3184995
3187373 3191189
3191814 3192518
3193484 3195402
3196053 3199759
3200453 3202066
3207165 3207529
3209464 3209687
3213244 3214633
3219041 3219641
3229665 3229923
3239027 3239457
3240159 3242836
3245801 3247177
3249627 3250323
3251992 3253297
3253850 3254504
3255690 3255903
3258179 3258932
3259790 3261586
3262105 3262560
3265883 3266638
3267234 3267897
3269729 3269987
3271650 3272236
3273739 3274983
3275640 3276394
3277914 3277968
3278797 3279480
3280545 3280629
3282755 3283874
3286698 3291951
3292540 3294767
3297944 3299081
3299773 3300212
3302416 3302605
3307504 3307706
3309357 3312359
3313417 3314608
3317645 3319763
3320513 3321470
3322035 3328394
3330370 3331621
3333564 3333836
3337132 3337188
3338504 3339847
3345587 3346567
3347102 3347312
3349125 3349361
3350151 3350683
3354095 3356217
3357342 3357527
3359933 3360033
3363650 3363980
3367290 3370259
3372399 3372816
3373351 3373562
3377035 3377634
3379229 3380146
3387416 3388059
3388657 3389808
3390646 3391333
3392071 3392579
3398586 3399165
3403054 3403430
3405850 3406271
3409577 3413687
3419435 3419553
3423763 3424029
3427179 3427347
3427905 3428476
3428987 3430170
3431193 3431306
3432077 3432234
3434255 3434577
3435180 3438940
3441406 3442019
3444225 3446512
3449189 3449405
3452814 3453105
3454348 3455955
3456485 3456803
3459910 3469562
3470668 3470847
3476788 3477223
3478045 3478167
3479441 3482756
3485457 3485665
3486169 3486506
3489876 3489950
3491518 3492154
3492821 3496316
3501618 3502273
3502994 3503276
3503806 3504134
3508501 3508657
3512276 3512952
3513865 3514867
3515478 3518648
3520409 3522794
3527283 3530601
3534138 3534397
3539175 3541129
3541781 3542102
3543832 3548164
3548779 3549608
3550285 3555277
3557999 3558075
3559490 3560999
3562738 3567764
3569139 3571152
3574915 3575889
3576775 3577340
3578549 3580589
3582032 3582290
3582912 3583159
3583973 3584189
3584716 3585522
3587114 3587460
3589326 3589652
3590248 3590774
3591609 3593758
3594277 3594407
3599165 3601163
3601779 3602593
3605418 3610976
3611495 3612609
3615210 3616723
3620640 3620920
3621600 3622088
3623774 3624268
3625236 3628557
3630067 3630179
3630913 3633421
3633985 3634626
3635148 3635828
3646336 3646440
3649655 3649744
3653274 3653741
3655304 3657219
3661178 3661420
3667131 3669319
3669825 3671145
3673722 3673979
3674980 3677298
3677827 3677954
3678562 3684809
3685386 3686034
3686821 3687828
3688338 3690718
3692514 3694493
3696880 3697929
3700789 3702153
3704699 3707457
3708153 3708289
3708933 3709399
3710131 3710996
3713092 3713285
3715580 3715726
3720086 3720370
3723164 3723383
3724747 3728577
3731824 3732908
3734206 3735925
3738192 3742823
3743825 3743907
3745046 3745305
3745959 3747914
3748706 3749542
3750216 3750397
3753435 3753573
3757065 3757256
3757932 3758220
3760887 3761107
3761848 3764137
3765750 3768761
3769517 3772971
3773741 3774710
3776319 3778883
3782327 3782627
3784602 3784763
3785454 3785536
3787461 3787602
3801166 3801243
3803137 3803693
3804707 3806715
3807763 3808176
3808773 3809497
3818633 3818854
3819731 3819886
3820595 3824166
3827778 3831006
3833748 3836592
3838959 3839201
3839825 3842964
3844400 3846635
3848733 3849025
3849891 3849958
3850937 3852720
3853289 3853454
3855628 3856635
3857521 3858657
3859386 3859691
3860270 3860987
3861855 3864769
3865292 3867871
3869122 3870816
3871578 3872459
3873065 3876840
3882986 3883084
3885728 3885887
3887624 3889431
3891737 3892383
3895037 3896708
3897489 3898929
3899584 3903222
3907030 3909788
3912033 3913523
3916587 3918451
3918976 3920394
3923404 3924849
3925498 3927037
3929436 3930895
3931891 3932080
3932696 3933394
3935508 3935908
3942540 3944972
3946108 3946335
3947476 3947610
3948390 3950804
3951376 3951600
3952238 3952820
3957293 3958454
3959091 3963693
3964335 3970304
3972583 3972677
3973465 3976321
3977967 3978667
3980317 3982822
3983829 3984038
3985876 3985999
3993823 3994657
3995406 3997119
4001185 4003457
4009459 4010396
4012462 4012570
4015113 4019829
4022616 4024475
4027342 4027606
4028228 4028477
4031740 4031971
4033381 4034197
4035347 4037125
4037957 4042227
4043242 4044353
4049881 4051434
4054427 4055593
4063960 4064795
4065582 4066869
4068094 4068890
4072852 4074741
4075678 4077664
4082175 4082982
4087619 4087731
4090887 4092013
4096930 4097785
4101159 4106538
4111307 4112166
4112721 4113002
4113757 4114929
4119186 4126371
4126928 4127227
4129817 4130175
4135271 4137142
4139369 4140051
4140680 4140813
4156261 4156544
4157812 4158173
4159045 4160561
4161065 4161262
4161887 4162083
4162603 4164827
4165870 4166204
4170835 4171101
4172473 4174458
4175033 4177128
4177823 4180400
4181442 4184395
4188653 4188942
4190251 4190488
4194621 4194861
4195492 4196448
4197920 4198997
4199621 4200631
4201195 4202103
4202717 4206776
4207283 4209451
4213103 4213900
4216116 4216649
4218803 4220136
4221844 4222762
4223597 4225165
4225716 4229310
4231701 4233758
4234724 4234976
4237807 4238468
4239141 4240036
4240978 4242217
4246920 4247454
4248990 4249062
4252857 4254600
4257637 4258202
4258849 4258929
4259790 4260840
4261470 4264898
4265408 4265721
4267035 4269962
4273129 4277513
4278604 4279866
4280959 4281086
4283236 4285479
4287047 4287765
4288874 4296747
4298173 4298396
4299333 4302204
4303460 4305738
4306274 4306349
4306891 4308108
4310186 4311658
4312737 4316799
4318635 4327931
4328501 4328856
4330983 4334560
4335086 4336214
4337739 4342641
4344162 4346396
4349758 4349994
4350792 4351200
4352040 4353596
4354280 4356253
4357058 4357666
4361545 4368746
4369280 4371355
4372032 4373551
4375601 4375894
4377203 4377804
4379329 4379479
4382387 4384510
4387736 4393369
4394083 4395200
4395842 4400202
4401152 4401876
4403131 4405332
4412107 4412254
4414872 4415140
4418154 4419233
4422376 4423824
4429422 4431910
4432496 4435060
4436028 4436962
4439018 4441264
4443549 4451483
4452111 4452554
4453421 4458825
4464626 4466576
4468462 4470060
4470584 4471379
4471946 4472172
4477880 4480847
4485381 4497035
4498201 4498405
4499444 4502579
4503672 4503943
4506570 4506704
4510240 4516269
4516940 4517760
4519065 4523523
4524488 4525786
4526640 4527790
4528497 4530549
4536328 4537488
4540015 4542795
4543826 4546017
4548776 4549309
4557209 4558985
4561295 4561504
4564361 4564800
4565301 4565946
4567448 4568239
4568783 4569233
4572526 4572999
4573706 4578612
4579659 4579943
4581642 4583014
4584643 4584774
4585617 4586128
4587588 4588511
4589015 4590045
4590771 4591332
4595777 4596762
4597475 4598557
4602109 4603581
4606939 4610665
4612029 4612847
4613501 4613872
4615451 4617389
4626410 4626997
4627671 4629098
4629630 4632660
4637186 4641652
Ecoli_0917_Taxon018_
1 783
2380 3533
11093 11181
11793 12832
13388 18326
19160 19707
21756 23195
26029 28127
29367 35671
37923 38703
39310 42799
45191 45564
48478 50901
52851 53218
57529 59743
60787 63102
63788 63919
65373 66063
70351 71207
71946 74275
78465 81408
83697 84935
86084 87861
89543 90334
91001 91992
92646 94719
97368 99519
100361 104775
111905 117727
123967 124063
134749 135346
139506 139604
143606 144049
150884 153276
153787 157265
158041 158267
162994 163537
166646 170299
171107 175037
176485 177820
181156 182447
184966 190050
198400 199924
202554 204579
205231 206194
209096 212900
213794 215234
215762 216302
217492 217746
218336 219213
222833 223328
225624 227009
227575 227867
228480 233746
234348 234674
238017 239504
241549 243165
245114 245315
250819 251523
252842 255308
257947 258687
259592 260839
267837 268535
270070 271069
272269 275069
276517 276763
278167 278522
279146 279918
280718 283191
284455 284530
286316 286661
287163 287344
287983 288855
290865 291057
291571 293385
294057 294418
302030 303211
309010 310276
312046 312707
315117 316459
318583 320742
323070 323145
323869 324250
329083 329334
329964 330350
331875 331955
332602 333167
333924 339310
340011 340618
341705 342667
343350 349879
352336 357745
358911 360947
365976 367207
368042 369814
370394 370968
371837 376804
378413 380525
381194 381723
382260 383521
384028 384142
387939 388087
392065 392884
393534 394256
395412 396183
396858 397554
398321 399837
401235 405760
409134 410304
412875 412981
413676 413975
418139 418331
419033 424500
428721 428917
429542 430920
433607 440859
441774 448397
449505 453011
453662 454232
454749 456289
456948 459089
459824 460987
461585 463876
468920 469562
470780 472291
473306 475190
475745 476026
477495 480053
480920 481883
484862 485661
490608 492347
495165 499917
500914 504098
504687 507722
509294 512499
515226 515963
517625 517952
519884 520358
520911 521287
523935 524443
525822 530410
531119 533718
534232 534707
535211 535519
536154 538641
540682 542779
543403 548647
552105 552396
555557 556058
557250 558328
558833 559064
559633 561817
563198 563462
564011 565650
566870 570359
571840 572097
573962 580325
580931 581956
583439 588026
590334 591341
591937 593919
597081 599328
599885 609227
611181 611351
613615 614383
616287 616650
618850 619736
626246 626469
628126 628414
634080 638566
639204 639428
643194 643328
643862 645177
645832 646016
648926 654319
655396 655702
656652 657310
657847 659809
661468 662460
668084 670685
672353 673564
675075 675804
676544 676758
677758 678021
679848 680916
683874 684847
685404 691347
694949 696781
698881 700196
700879 701171
702037 702104
703745 704866
705700 706541
707774 709889
710521 713901
720117 720684
723724 725111
729582 730302
730844 733637
734462 734677
735332 735593
736872 737453
738995 741778
742624 744016
746737 747338
748374 748533
749066 749547
750150 750227
751839 752135
754212 754361
756903 760551
762916 763322
763871 766775
768842 769120
770918 774916
776174 776342
776873 777390
777921 778398
779269 780208
781307 782031
785960 786498
787111 789004
789561 789638
790990 793603
795142 799026
799605 803852
805268 805350
806041 806202
806866 809533
810153 810803
811350 812500
814292 816398
817833 818014
829697 829917
830665 836113
837231 837369
838020 839588
840407 840588
842890 843275
845499 845758
846320 848220
849021 849139
853241 854319
856213 857140
858426 858661
859494 859810
860403 862663
866581 879278
880733 882032
882745 883751
886084 887626
888558 890193
890771 891930
894795 894931
895575 896244
912850 912977
915643 918659
919182 919559
924260 927727
928643 931453
932038 933712
937373 938109
938945 941149
941738 944945
945468 952735
953259 955157
957383 957857
958791 958921
960625 960737
963821 964014
965176 966625
967382 969204
969884 973981
974899 975171
976655 978095
983772 984064
986304 987684
991027 991316
991975 993839
994402 996527
1000030 1000311
1001786 1001931
1003563 1004691
1005713 1005905
1008514 1009205
1012355 1012741
1016397 1019121
1022339 1022416
1024523 1024764
1025324 1025508
1027645 1027842
1028573 1030021
1032729 1032805
1033632 1035427
1042640 1043041
1045210 1047959
1049675 1050486
1051355 1051629
1053776 1059595
1063054 1063521
1064803 1068278
1069903 1070395
1071094 1071270
1079296 1080218
1082922 1085313
1085912 1086570
1087098 1087396
1089915 1096229
1097060 1097232
1099386 1100163
1100854 1103601
1104735 1105347
1106739 1107515
1110989 1111363
1114536 1115322
1116093 1118690
1119957 1120136
1123700 1123749
1126061 1128968
1137699 1140688
1141399 1142798
1144292 1144507
1145541 1145886
1147099 1149398
1150658 1151164
1155231 1155624
1157579 1159611
1164301 1167720
1168358 1169868
1170516 1177912
1180638 1180787
1183453 1183997
1184533 1192281
1193471 1194382
1194913 1199605
1201083 1202693
1203671 1203771
1204293 1204851
1205901 1206142
1207818 1208773
1210354 1212743
1215235 1215703
1218639 1218904
1220283 1224605
1227986 1233462
1235919 1236474
1237276 1239465
1240071 1242952
1247742 1247866
1249808 1249900
1252301 1252577
1253202 1257012
1257747 1259029
1259542 1260722
1261315 1261371
1261882 1262827
1263747 1266843
1268730 1269670
1271285 1271495
1272442 1273544
1274334 1275810
1276484 1276884
1277573 1279631
1280434 1281550
1285278 1286195
1286698 1286752
1289051 1292513
1294037 1297678
1300200 1300854
1301372 1304429
1305719 1305866
1306758 1307504
1311398 1313203
1315523 1315911
1319692 1324440
1324984 1325954
1330943 1332926
1335640 1336319
1337159 1338341
1342363 1342898
1346211 1347868
1352318 1359746
1360881 1369122
1370003 1370659
1372522 1375107
1376088 1378509
1379574 1379696
1382141 1382343
1382972 1383129
1384406 1384727
1386084 1387445
1387999 1388316
1389065 1389977
1390608 1393184
1395698 1398489
1399388 1400727
1401412 1401758
1402557 1402918
1403443 1405305
1407876 1408272
1409275 1410470
1411333 1412798
1413491 1415047
1415719 1418311
1421261 1421723
1426316 1426424
1426934 1427098
1427636 1428402
1429075 1429206
1433395 1435522
1440763 1441219
1441744 1441955
1442692 1443087
1443940 1446128
1446911 1447208
1448381 1453140
1461016 1462439
1463139 1466095
1466642 1467080
1468283 1470344
1474048 1474387
1474918 1477080
1477955 1478202
1478902 1480160
1481545 1482419
1486231 1486409
1489031 1489474
1491263 1492254
1495478 1495879
1496575 1499615
1505542 1505839
1506733 1508301
1508844 1509050
1509557 1509619
1510964 1515081
1515626 1516811
1517707 1518446
1519110 1521872
1525712 1525841
1528269 1531976
1532631 1532819
1534529 1535702
1536939 1537520
1538047 1538170
1538700 1539127
1540315 1541572
1542413 1543061
1546725 1550090
1552085 1552295
1553898 1554866
1555644 1558429
1559516 1567576
1570018 1571549
1572082 1572825
1575096 1575503
1577783 1578034
1579582 1581336
1582110 1582363
1584674 1584757
1588564 1593760
1601733 1602014
1603527 1604132
1605305 1605939
1606644 1609719
1610326 1610453
1610964 1611350
1616816 1617696
1618882 1619046
1620872 1621600
1622195 1623612
1625879 1626138
1628375 1629780
1631092 1633788
1638047 1641136
1641844 1642203
1642744 1643434
1644058 1644999
1646996 1648274
1650640 1652479
1653108 1653250
1653922 1658389
1660825 1661767
1663498 1667854
1669372 1669669
1670306 1671373
1672531 1672646
1673305 1675137
1675753 1676245
1677283 1677457
1678122 1679414
1680041 1681938
1686555 1687336
1691221 1693430
1697044 1700568
1701455 1702102
1702637 1702890
1704511 1706911
1709327 1710589
1711099 1711824
1714193 1714337
1717194 1717284
1720165 1721883
1723803 1726665
1730461 1733047
1733642 1734873
1736957 1738547
1741880 1742070
1745170 1745305
1746505 1746581
1748797 1752467
1754201 1757267
1759928 1761346
1767171 1771977
1775465 1776031
1776724 1778570
1780206 1783572
1785434 1785554
1788540 1791129
1798991 1802541
1803963 1804992
1806255 1807058
1812630 1813230
1821127 1821355
1825732 1831105
1831795 1832940
1833528 1834170
1835386 1835589
1838425 1840716
1841262 1842309
1843441 1845599
1846277 1846867
1853619 1855029
1855712 1855841
1857561 1858580
1860073 1860372
1861043 1862194
1863152 1864467
1866208 1870302
1873145 1874609
1877443 1879468
1880641 1882942
1884059 1884828
1886579 1886629
1887161 1890206
1892434 1892994
1893740 1895603
1896243 1897344
1902830 1904498
1908188 1908770
1909505 1911147
1912339 1915783
1917399 1920590
1921176 1921824
1926474 1929577
1931907 1932194
1932767 1934718
1937052 1937388
1937997 1938536
1939095 1941738
1943656 1947701
1950345 1950519
1954612 1954679
1959278 1960187
1960774 1961187
1963538 1963718
1967124 1967236
1969730 1969866
1971097 1974920
1975510 1976565
1978922 1979390
1980685 1981214
1989896 1990067
1993039 1998821
1999895 1999967
2001142 2002321
2004075 2004689
2007743 2009256
2010704 2015401
2019440 2021694
2023084 2023386
2026065 2028252
2029168 2029785
2030352 2030857
2031471 2032540
2033504 2034389
2035897 2036110
2036993 2037974
2043277 2043845
2044476 2044652
2047493 2048567
2052117 2057435
2058278 2058474
2059510 2061704
2066091 2068059
2069087 2070967
2073954 2077114
2077754 2078859
2079744 2080835
2082338 2082610
2095016 2099300
2100952 2101326
2102614 2104809
2108593 2109232
2112770 2112999
2113670 2116169
2121658 2123556
2128243 2128888
2129424 2129669
2137141 2137273
2138705 2139216
2139764 2142930
2145832 2145890
2146405 2146699
2149221 2151181
2152817 2152883
2153440 2154676
2155862 2156534
2158735 2160852
2161773 2163632
2165448 2170656
2171468 2175214
2177740 2178013
2180848 2183044
2184598 2184857
2185421 2189675
2191707 2192765
2193355 2194000
2194641 2203010
2205220 2205737
2212268 2214681
2215337 2216946
2217478 2219653
2220747 2222511
2225931 2226087
2228398 2228990
2229852 2230617
2231909 2233116
2233857 2234066
2239367 2241221
2243922 2244624
2245161 2245359
2246856 2250648
2253138 2254209
2263817 2269009
2270479 2271305
2272020 2275802
2278555 2279312
2286430 2287500
2288239 2291395
2293920 2294400
2296098 2298994
2300048 2300545
2303242 2306514
2307388 2308512
2309279 2309575
2310124 2310254
2310944 2311116
2313878 2314457
2314981 2315301
2317557 2319305
2319928 2320996
2321681 2322069
2323955 2325459
2327077 2327204
2327819 2328232
2329573 2330986
2332410 2333561
2334317 2335763
2338316 2339152
2341471 2341749
2343827 2344426
2349810 2349859
2351526 2352499
2353087 2357630
2359004 2359509
2361511 2362088
2370037 2370598
2372473 2373725
2377726 2378405
2379375 2380670
2381265 2383716
2384352 2392763
2393275 2394782
2395410 2395475
2396035 2396286
2396898 2397170
2398985 2399296
2400660 2402174
2405878 2407226
2409851 2411660
2414683 2414890
2415746 2415990
2417820 2421252
2421835 2425740
2426693 2426905
2428980 2431652
2432466 2433689
2434275 2436268
2437067 2442234
2444384 2445462
2447468 2448828
2455099 2455288
2457886 2463682
2464196 2465414
2466009 2468020
2468792 2472576
2478329 2479812
2481224 2481276
2485734 2486549
2487305 2497558
2498200 2502266
2504886 2507179
2508402 2508676
2509298 2512850
2513626 2513823
2514371 2516087
2521062 2521895
2522681 2522980
2524887 2526529
2530786 2531047
2539584 2540968
2544949 2547213
2547893 2548436
2550390 2558257
2561207 2561562
2563837 2564168
2566193 2567697
2570549 2571059
2572871 2574264
2574895 2575927
2576804 2577537
2578207 2578579
2579104 2579204
2583197 2583924
2584443 2587938
2589358 2589938
2592117 2594421
2595147 2595445
2598758 2599111
2601422 2605798
2606389 2610032
2614986 2615146
2616454 2616974
2618096 2619102
2623207 2623513
2624182 2629742
2631331 2632779
2633404 2635131
2635648 2639784
2640422 2643013
2646313 2646532
2648883 2649110
2650989 2653306
2654342 2657367
2662219 2662456
2668326 2669841
2671543 2672206
2672817 2674179
2674897 2675613
2678393 2679847
2680420 2680763
2681366 2683408
2684974 2685683
2688252 2689938
2691317 2692073
2692872 2697210
2697819 2698905
2699910 2700388
2701021 2703809
2706996 2709064
2710135 2710550
2711747 2713173
2715389 2715929
2717189 2719583
2720207 2720704
2721925 2722596
2724293 2725473
2729607 2736043
2738769 2742935
2743452 2743634
2748253 2748459
2750407 2751993
2752744 2754440
2754959 2755099
2755659 2759398
2763324 2765584
2766672 2768694
2769398 2770505
2771268 2771533
2772180 2772631
2773237 2774530
2776906 2778120
2778749 2780363
2781641 2784876
2785631 2785702
2786712 2787340
2791442 2793169
2794138 2800035
2805340 2805576
2808467 2808775
2812199 2812499
2813754 2816782
2823722 2824876
2825429 2827263
2828220 2829257
2829817 2830828
2832183 2832442
2833887 2833985
2840389 2841404
2843578 2843728
2844549 2845002
2848123 2852197
2854815 2857416
2857963 2858079
2860920 2866691
2869200 2869392
2869895 2870429
2873103 2873304
2874137 2874444
2875525 2877301
2877861 2882524
2883141 2884154
2885132 2885384
2886439 2887420
2891762 2892379
2896572 2897042
2897744 2898247
2899065 2902938
2905510 2908175
2914496 2918807
2923053 2923122
2927790 2927927
2928467 2929108
2929862 2933636
2936389 2939899
2942334 2944944
2950311 2950615
2951895 2952492
2953359 2953654
2954944 2959173
2962733 2963271
2965190 2965435
2968202 2971389
2973556 2973724
2977591 2978146
2980149 2980284
2981594 2982389
2988449 2989635
2990245 2990501
2991009 2991468
2992044 2993450
2994113 2995010
2995524 2997084
2999275 2999839
3000449 3000658
3001256 3002535
3003038 3008407
3009031 3009283
3013707 3014175
3014902 3015469
3017734 3019246
3029725 3031466
3032381 3032439
3034175 3034559
3037708 3038026
3038552 3040221
3042033 3043045
3045408 3045584
3048800 3048983
3049717 3050574
3055602 3055902
3059753 3059980
3060911 3063761
3066239 3068999
3073577 3074537
3075563 3075789
3077641 3077874
3079302 3079457
3082465 3085379
3085976 3090026
3090827 3091832
3092453 3092541
3093173 3094801
3096635 3098782
3100086 3100194
3100744 3102454
3111787 3118636
3127591 3127812
3130443 3131420
3133106 3136859
3140715 3143098
3143863 3146333
3148292 3148567
3149184 3149686
3151609 3152239
3152963 3153119
3154050 3155062
3155627 3156738
3158064 3158450
3159507 3160731
3162721 3163178
3166995 3168280
3169465 3170245
3171736 3175192
3180021 3182362
3183132 3187632
3189167 3189408
3190069 3190177
3195817 3196339
3196867 3197929
3198610 3198914
3200040 3204548
3205291 3206213
3208780 3209047
3210732 3211861
3212662 3212774
3215144 3218438
3219097 3219227
3220120 3221158
3221943 3223979
3224573 3226046
3231855 3237999
3238665 3239395
3241567 3244449
3244977 3245199
3245838 3248201
3249786 3250931
3252062 3254948
3257414 3257628
3261298 3261506
3265539 3266954
3268285 3270400
3274459 3274637
3276398 3279000
3280234 3280452
3282238 3283798
3285801 3286187
3291933 3295620
3296405 3298146
3299354 3299430
3302004 3303106
3304057 3305683
3308412 3309006
3312779 3313836
3315295 3315822
3316626 3317785
3318330 3320802
3322320 3325612
3326235 3326342
3326887 3328817
3329396 3330828
3331682 3331832
3332832 3332920
3334191 3335074
3338475 3343725
3344888 3347200
3348590 3349530
3351183 3352804
3354006 3354148
3355671 3355922
3356500 3357217
3359401 3360700
3361830 3365015
3366737 3368529
3370866 3371904
3372472 3372668
3374221 3374844
3375909 3377991
3380287 3381365
3382289 3388485
3390368 3390730
3391927 3392543
3396681 3397977
3398485 3398793
3399444 3399730
3400393 3400690
3401252 3403228
3408511 3408633
3409733 3410299
3411174 3416966
3418517 3419464
3420144 3420227
3423707 3433553
3434221 3435207
3437390 3438310
3440060 3442621
3443485 3445814
3448611 3449254
3450367 3450446
3454143 3455227
3455867 3456070
3458756 3460416
3461151 3461268
3466048 3468145
3468657 3468923
3469514 3473875
3474876 3475913
3476415 3477160
3477674 3478973
3480184 3484164
3484667 3484790
3492008 3494532
3495134 3499927
3500485 3500638
3501140 3503058
3504907 3505174
3509020 3509536
3511667 3514479
3518025 3519257
3522046 3522245
3526080 3529868
3530994 3532356
3533039 3534952
3539758 3540310
3541062 3547083
3547626 3549963
3551490 3552534
3554248 3554430
3558017 3558978
3560184 3560595
3563927 3564136
3564828 3567597
3570050 3571888
3572726 3573205
3573918 3576397
3577103 3577391
3578360 3578487
3579172 3580012
3580547 3581248
3583526 3584163
3587117 3588061
3588814 3590538
3592081 3592304
3593053 3593363
3598148 3599645
3602024 3602566
3604476 3605660
3606961 3610437
3611213 3612061
3612825 3616847
3619372 3620071
3620711 3622564
3623685 3625069
3626075 3631028
3634041 3634996
3637426 3639517
3640162 3640344
3642396 3642511
3647172 3647373
3652485 3653074
3654371 3655698
3656872 3657055
3657863 3658088
3658742 3658913
3660327 3663667
3664855 3665160
3666584 3667140
3668037 3669694
3670276 3672183
3677949 3679921
3680426 3680713
3682994 3685662
3687620 3690054
3692530 3694965
3695485 3696679
3697484 3699145
3701347 3707198
3709251 3711256
3713270 3714097
3715450 3715668
3717380 3718542
3719228 3719296
3727094 3727557
3728084 3729721
3730672 3734025
3734674 3736220
3739445 3740811
3745285 3748501
3749221 3749372
3750965 3751261
3752698 3754876
3758392 3758470
3759117 3759913
3760885 3761415
3762477 3763867
3764531 3765070
3767629 3769523
3770273 3774245
3776043 3776096
3783143 3783342
3784064 3790882
3794262 3796309
3800679 3804211
3804723 3807952
3808567 3809521
3811394 3812436
3814280 3817032
3820224 3820375
3821255 3822327
3822831 3823370
3823880 3824107
3824908 3825346
3825928 3827385
3828283 3829033
3829741 3831377
3832837 3833127
3836033 3837928
3838560 3838633
3839276 3840223
3843932 3846219
3847792 3850137
3851358 3853319
3859265 3859557
3862081 3863865
3868464 3870711
3873555 3873789
3874618 3874926
3877496 3881023
3885202 3885732
3888635 3890061
3892434 3893135
3895247 3897119
3903708 3904346
3906151 3907972
3909207 3913497
3915894 3917446
3918390 3918984
3920038 3920289
3921334 3922895
3923512 3923740
3926051 3927600
3930034 3935271
3940349 3940420
3941448 3941889
3942938 3943619
3944131 3945956
3946490 3946894
3949933 3950098
3955613 3955857
3958902 3959106
3959664 3961496
3962602 3962874
3964700 3965121
3965742 3968419
3968991 3970889
3972596 3972992
3978947 3980485
3984342 3986195
3992925 3993096
3994093 3994937
3995675 3996569
4002316 4002825
4006291 4006387
4007737 4008008
4010316 4010479
4014386 4015167
4018072 4019133
4024507 4025542
4027100 4027574
4034344 4034427
4035792 4037705
4038429 4038864
4039426 4040431
4041079 4041401
4046025 4046508
4047134 4047193
4048912 4049173
4049687 4052386
4053169 4061787
4066749 4067106
4069431 4069583
4071814 4071959
4073831 4076794
4077539 4079284
4079960 4080100
4080627 4081470
4085389 4085672
4086778 4086943
4088458 4090713
4091462 4091700
4093099 4094989
4095570 4097103
4098811 4102156
4102728 4102847
4106664 4108783
4112287 4116735
4117359 4117743
4119789 4122479
4123058 4124261
4125719 4125783
4126564 4128240
4129085 4130944
4132029 4138022
4142171 4144228
4149201 4153134
4154647 4155678
4156189 4157625
4159230 4159530
4160778 4162046
4164278 4166636
4167367 4167794
4170003 4171491
4174132 4178091
4178729 4179872
4180593 4181092
4182985 4184054
4186377 4187087
4192949 4194707
4195478 4195575
4196086 4198584
4201708 4202021
4202832 4202946
4203646 4204545
4206019 4206432
4206997 4212151
4212904 4213508
4214013 4214795
4220445 4220706
4222275 4223274
4223831 4223901
4228712 4231813
4246084 4246241
4248035 4248216
4251250 4252615
4253660 4255382
4258325 4262673
4264241 4266323
4268563 4269400
4270664 4271317
4272860 4273432
4279489 4280783
4281562 4282596
4284708 4288434
4289014 4289526
4292340 4294578
4295153 4295836
4296689 4297890
4301835 4307029
4309579 4310591
4313116 4313941
4316444 4316705
4318559 4319080
4320707 4324650
4325730 4326188
4328722 4329084
4331554 4335443
4336154 4336467
4340722 4340861
4342305 4345764
4346518 4347175
4349796 4349939
4353256 4353562
4354211 4355075
4356302 4356510
4359739 4362561
4363422 4363950
4364711 4365563
4366781 4367018
4370693 4371351
4371856 4372878
4373640 4373929
4378288 4378738
4382450 4382992
4383940 4384363
4387653 4388591
4389174 4390310
4397238 4397327
4402045 4405378
4407830 4408027
4409853 4413013
4417898 4420281
4422493 4423346
4424823 4426595
4428559 4430718
4432316 4434264
4434782 4438417
4445598 4445783
4447054 4447213
4447750 4448284
4452924 4459786
4460675 4460776
4462955 4463124
4463928 4464241
4467836 4468401
4468998 4471393
4473856 4476401
4479154 4481566
4482097 4485562
4487504 4488586
4489552 4491385
4492237 4493175
4494307 4496501
4497097 4498018
4498886 4499265
4499860 4501902
4503151 4503786
4511525 4511677
4512758 4515883
4518301 4519050
4519702 4520702
4525384 4526238
4526854 4528030
4528606 4530427
4531272 4532062
4536374 4536473
4536995 4537858
4539544 4539927
4540431 4540692
4542557 4542765
4543942 4545174
4545704 4547777
4548340 4549906
4550704 4553820
4556063 4556936
4558475 4559178
4560859 4562971
4563702 4565126
4567515 4567652
4569476 4570212
4572348 4572646
4573555 4574181
4575861 4575932
4576572 4580398
4581119 4581930
4582596 4585236
4586164 4586640
4588303 4589719
4590470 4590673
4592349 4593799
4601519 4602607
4603600 4605525
4606198 4608615
4611687 4613458
4616957 4617244
4625990 4626278
4627229 4627752
4628391 4628852
4629645 4630879
4632121 4632241
4634162 4637229
4639228 4639424
