Ecoli_0920_Ancestor_
1 89
2635 2839
10760 11146
12451 12957
13998 14283
15727 15971
17333 17615
24716 25694
31932 32246
35029 35126
37938 38156
38868 39629
40866 41287
41848 42193
43762 44570
45814 46054
46589 46682
47363 48054
52049 52147
54717 55125
59592 59651
61115 61189
62670 63174
64303 64615
65403 66033
66834 66949
68149 68481
70346 70415
74025 74246
75706 76263
77945 78132
81970 83580
86440 86556
87897 88222
90762 93039
96272 96826
102429 102681
103247 103362
105120 105197
110533 110649
114876 115149
116286 116376
119016 119468
122559 123136
123946 124358
130444 131024
131919 132361
134029 135080
136788 136856
141234 141475
144387 144672
146629 147442
152791 153191
159001 159094
160748 161235
163193 163260
165313 165589
167326 167433
180660 180772
184467 184584
186062 186135
190029 190515
193249 193576
194152 194645
198286 199330
202802 203171
208442 208651
210468 210593
213141 215004
219262 219604
221517 221592
226861 227121
228050 228154
235824 236003
242345 242638
244407 244489
246357 246557
247151 247632
250732 251135
258802 258852
265339 265600
272334 273011
279460 279646
281598 282324
284515 285674
286623 286770
289563 289862
294649 294852
295501 295619
300573 300728
301544 301760
302511 302731
311136 311591
313066 313259
318229 318506
333062 333345
337968 338083
339340 339696
340341 340714
348556 348749
349993 350252
351969 352110
354174 354393
355051 355372
359112 360838
364493 364711
366096 366183
369110 369401
370359 370613
371146 371323
372405 373650
374913 375314
377386 382862
383907 384186
386437 386756
391236 391319
394914 395250
401912 402436
406159 406804
410140 410528
412216 412268
414200 414767
417235 417312
418969 424002
427684 428350
428905 429031
433470 433634
434331 434801
436222 436458
437837 438451
440353 441022
443110 443444
448658 448732
456559 456865
462892 463177
463990 464165
468412 468634
470732 471457
474185 474261
476916 477391
478926 479025
485181 485662
489223 489457
490286 490366
494094 494373
495250 495485
496294 496525
502979 504007
507793 508105
510704 510844
511833 511997
515225 515522
526557 527283
527852 528230
530465 530538
533695 533831
535321 536424
537456 537564
540017 540461
546797 547064
548756 548926
549646 555408
556407 556460
558029 558802
560455 560985
562114 562456
563387 563485
564807 566143
570685 570971
571845 572124
575798 575853
577234 577455
581023 581101
581965 582344
585583 585838
587524 587622
588136 588245
589834 590017
592149 592211
597673 598273
601438 602322
603136 603218
604214 604524
605383 605546
606047 606466
610103 610211
610920 611938
612616 613149
614153 614387
620985 621199
624337 625090
636271 636377
638212 638294
644010 649183
655947 656257
656970 657077
663660 664374
665614 665761
668819 668882
670909 671467
673641 674489
675030 675223
685749 685928
686793 687096
692116 692272
694148 694529
696056 696402
697339 697440
703439 703779
704665 704969
708216 708875
709468 709681
715395 716049
717980 718072
718870 719015
721658 722056
723371 723421
723927 724561
725733 725854
734111 734477
736719 737622
738157 738357
741355 741980
742494 742817
744435 745104
747537 748611
751036 751167
753522 753613
756556 756884
758020 758289
762059 762255
763621 764190
768725 768842
774153 774966
777657 777829
779958 780089
781171 781595
783006 783551
788357 788969
789665 789780
792964 793578
795017 795266
796295 796527
799722 799779
802760 803453
809033 809094
810647 811152
811967 812822
815236 815649
816310 816415
817148 817294
817806 818051
821372 821733
824050 824563
825135 827156
827742 828623
829430 829481
831042 831197
832049 832584
835040 835211
835745 835985
837006 837240
838140 838385
839257 840137
843251 843623
844972 845174
849161 849455
851319 851464
852209 852339
853147 853463
855971 856354
857632 857899
861675 861781
869104 869430
873618 873682
875731 876669
881464 881535
883246 883437
883970 884197
897601 897828
899262 899336
899989 900294
901107 901273
903026 903268
904915 905733
913374 913441
914604 915573
917204 917490
919087 919325
920325 920702
921646 922178
923366 923646
924999 925497
927173 927469
936401 936726
937667 939240
940514 940586
943079 943215
946897 947570
949329 949575
953064 953291
954246 954342
955808 956109
957791 957968
960635 961017
962959 963600
964163 964391
965314 966075
968002 969264
969820 971193
972411 972674
974692 974811
982322 982815
986053 986774
991716 991781
993378 993554
994385 994611
996690 997030
1003048 1003161
1006386 1008631
1009288 1009722
1015004 1015190
1015789 1016094
1018248 1019505
1022089 1022394
1025976 1026036
1027459 1027675
1029976 1030508
1035513 1036154
1037019 1037586
1039158 1039308
1041343 1041795
1043752 1043802
1044364 1044627
1048118 1048251
1049439 1050010
1056706 1056907
1058492 1059028
1060499 1060604
1061389 1061446
1062925 1064030
1068538 1068838
1072139 1072711
1073214 1073519
1080466 1080614
1086435 1086518
1087568 1087739
1090188 1090709
1091574 1091725
1096771 1097049
1097616 1098300
1099776 1099968
1102651 1103573
1106335 1107047
1109261 1109316
1112008 1112135
1113877 1114156
1119719 1120365
1121696 1122405
1123101 1123493
1125622 1125714
1131788 1131857
1132883 1133626
1135033 1135457
1147286 1147693
1150762 1151233
1152148 1152210
1157790 1158221
1160125 1160391
1161190 1167507
1168622 1168824
1169600 1169807
1173177 1173264
1174220 1174647
1178429 1178792
1180773 1181228
1183126 1183217
1184909 1185791
1198370 1198898
1204527 1205765
1206411 1206781
1207819 1207950
1208582 1209887
1210614 1211196
1213123 1213881
1215696 1215860
1218555 1218885
1220100 1220150
1223506 1225153
1226012 1227346
1228117 1229021
1230289 1230561
1231173 1231389
1238307 1238387
1242973 1243260
1244640 1244817
1246170 1246523
1252274 1252364
1252979 1253080
1260050 1260227
1264752 1265033
1269462 1269971
1270928 1271054
1274126 1274189
1282660 1283549
1292265 1292340
1295423 1295871
1298274 1298723
1305571 1306115
1311804 1311988
1312748 1313289
1316410 1316521
1320035 1320180
1324257 1324740
1326821 1326901
1327621 1327746
1328247 1328468
1329093 1329203
1334608 1335318
1337369 1338706
1341927 1342129
1342670 1342879
1347050 1347348
1351114 1352038
1354939 1354989
1360776 1361151
1364984 1365054
1367554 1367687
1372798 1372863
1373673 1373998
1376283 1376640
1380868 1381164
1381767 1382062
1392233 1392777
1393576 1394329
1397727 1397815
1403207 1404741
1405806 1406667
1408442 1408579
1409515 1409691
1412976 1413158
1414509 1414996
1416526 1417385
1419209 1419377
1422620 1422834
1428365 1428675
1440904 1441033
1443983 1444762
1448014 1449101
1451837 1451925
1456154 1456280
1458552 1458797
1459514 1460817
1465575 1465987
1467639 1467711
1469727 1470724
1476873 1476997
1478147 1478270
1479787 1479866
1482025 1482137
1483674 1485110
1492466 1492684
1495106 1495423
1505610 1505887
1509144 1509326
1514333 1514530
1517692 1518429
1528816 1529125
1532976 1533178
1538524 1539343
1540395 1542007
1542576 1543506
1544726 1545120
1546639 1546799
1553272 1553327
1555682 1555866
1560977 1561089
1565259 1565838
1567797 1567931
1572377 1572661
1574672 1575477
1580789 1581020
1586540 1587051
1593209 1594334
1596428 1596773
1597309 1597894
1602954 1603176
1604906 1605221
1608319 1608928
1611735 1612532
1614542 1614778
1616583 1616980
1621244 1621614
1627291 1627915
1628430 1628503
1633607 1633690
1634942 1635432
1637864 1638193
1639132 1639421
1641984 1644475
1652152 1652474
1655693 1655871
1657821 1658362
1660025 1660324
1662647 1662841
1665125 1665378
1666205 1666433
1672538 1672809
1673709 1673862
1674469 1674599
1683716 1683869
1690433 1691055
1694485 1694578
1697366 1697554
1704221 1704596
1706612 1706839
1711799 1711874
1713449 1713778
1715905 1716001
1720801 1720899
1724413 1725553
1726634 1726798
1727649 1727949
1730178 1730257
1731710 1731902
1734063 1734254
1754196 1754783
1763715 1764139
1765496 1766193
1767059 1767112
1771955 1773727
1783160 1783358
1784479 1784748
1785519 1785736
1786253 1786354
1787397 1788376
1789563 1789925
1795637 1795774
1798299 1798997
1800698 1800900
1812713 1812965
1820757 1821066
1826532 1827029
1829286 1829862
1831487 1831742
1833694 1833801
1835920 1836808
1841365 1841749
1842937 1843444
1850616 1851202
1855849 1856222
1859267 1864643
1867339 1867718
1868456 1868669
1869960 1870013
1872994 1873221
1875034 1875418
1877266 1877657
1878390 1879113
1880912 1880985
1884404 1884639
1885313 1885398
1886003 1886335
1891358 1892096
1895055 1895249
1897389 1897443
1900939 1901248
1904651 1905209
1913979 1914123
1918283 1918333
1918965 1919403
1925443 1925661
1928406 1928496
1929121 1929423
1931943 1932574
1933958 1934534
1935520 1935662
1936828 1936940
1937942 1938119
1938883 1939216
1943779 1944011
1945561 1945775
1946672 1946881
1948971 1949345
1950046 1950292
1952123 1952478
1953025 1953185
1954059 1954130
1956940 1957603
1958526 1958746
1960187 1960416
1961416 1961927
1965335 1965575
1969030 1969252
1972659 1973244
1975609 1975958
1979866 1979918
1981277 1981531
1984401 1985359
1986969 1987582
1993465 1993744
1997220 1997591
2001141 2001431
2005132 2005353
2011472 2011550
2017077 2017266
2018854 2019210
2027154 2027726
2029466 2030271
2031060 2031186
2031839 2031896
2032713 2033221
2033746 2033813
2035391 2035867
2042556 2043008
2047945 2048019
2050802 2050853
2051581 2051632
2057079 2057808
2061933 2061993
2065818 2067021
2069389 2070322
2074738 2076556
2078363 2078742
2086452 2087301
2089497 2089815
2091435 2092185
2093576 2095460
2097799 2097875
2101427 2101557
2115681 2115981
2124441 2124612
2139591 2139919
2146314 2146786
2149226 2149498
2152628 2152875
2154367 2154611
2155176 2155270
2157702 2157957
2160463 2160748
2162673 2163250
2164024 2164142
2164866 2165285
2167020 2167745
2168727 2169035
2170046 2170712
2174451 2174667
2175796 2175999
2178862 2179150
2181193 2181525
2187239 2187505
2188567 2188803
2190278 2190506
2193309 2193677
2195272 2195563
2196243 2196339
2196974 2197952
2198458 2198926
2203799 2204015
2204776 2204856
2208702 2209451
2212456 2214024
2219462 2220031
2220787 2221304
2222398 2222580
2227590 2227799
2231309 2231561
2232132 2232869
2234501 2234563
2237426 2237592
2239060 2239338
2247449 2247732
2249866 2250134
2251976 2253650
2256403 2256532
2258858 2259391
2261337 2261617
2272116 2272197
2285300 2286220
2286771 2286960
2288483 2288738
2291823 2292194
2293644 2294391
2296556 2296613
2297171 2297395
2300525 2301786
2307882 2307938
2311790 2312011
2313036 2313301
2319667 2319894
2323388 2323975
2325158 2325592
2326619 2328673
2329578 2329984
2333704 2333927
2337413 2337874
2338778 2339492
2341036 2341267
2344589 2344691
2345478 2345643
2348386 2349045
2350499 2350683
2355715 2356324
2357307 2357614
2359522 2359800
2365736 2365930
2367353 2367583
2369075 2369266
2371829 2372253
2379478 2379695
2383433 2383510
2384219 2384370
2389511 2389680
2392762 2392930
2393941 2394067
2395552 2395924
2397461 2397623
2398333 2399276
2400927 2401256
2401892 2402324
2404912 2405383
2406779 2406936
2408374 2408927
2411165 2411404
2412320 2412691
2413207 2413610
2414740 2414860
2418630 2420555
2422796 2423282
2423795 2424033
2424596 2424877
2428256 2428410
2429969 2430565
2434225 2434285
2434909 2435201
2437875 2438063
2442565 2442615
2445650 2445972
2447241 2447533
2450599 2450695
2456177 2456496
2459995 2460266
2461132 2461526
2464633 2464792
2466328 2466394
2469772 2470109
2476083 2476288
2479937 2480270
2484646 2485048
2487617 2489146
2494268 2495019
2496325 2496580
2498205 2499206
2504215 2504972
2507732 2508756
2514569 2514855
2519515 2519705
2520511 2522097
2523649 2524936
2525454 2525646
2529060 2529381
2531403 2531732
2532361 2532613
2535336 2535939
2538034 2538437
2541036 2541421
2542803 2543907
2551102 2551278
2552872 2553758
2555797 2556266
2560818 2561486
2567959 2568469
2575967 2576143
2579540 2579694
2582869 2583047
2586423 2586719
2592160 2592963
2595260 2595365
2596110 2596375
2596967 2597695
2599224 2599554
2601665 2602586
2605106 2606149
2609504 2610125
2614227 2614305
2622117 2622422
2624606 2624950
2628776 2629102
2632959 2633210
2642146 2642233
2646875 2647061
2653154 2653281
2654669 2655015
2656329 2656543
2657865 2658174
2662760 2663410
2665876 2666064
2666964 2667235
2670282 2670390
2673174 2673421
2675508 2675639
2677304 2677525
2678821 2679069
2679804 2680126
2680967 2681041
2685520 2686224
2687358 2687546
2694257 2694482
2697229 2697496
2706621 2706723
2709644 2710197
2718454 2718595
2725720 2725812
2726936 2727939
2737887 2737967
2741388 2741716
2745668 2746140
2747063 2747316
2752843 2753241
2753932 2754713
2761727 2762118
2764366 2764513
2772265 2772586
2773161 2773400
2774425 2774555
2779396 2779613
2783902 2784821
2786605 2786977
2788909 2789176
2789762 2790238
2792148 2792353
2796727 2796884
2797794 2798139
2799690 2799999
2802895 2803610
2806380 2807048
2808024 2808627
2810071 2810273
2812857 2813011
2813514 2813687
2815149 2815229
2816105 2816413
2817273 2817521
2819125 2819464
2821772 2821909
2823445 2823579
2826941 2828061
2831452 2832150
2833625 2833740
2835195 2835290
2840153 2841352
2842231 2842712
2844662 2845001
2847321 2848615
2849784 2849918
2850471 2850714
2857224 2857532
2859877 2860109
2867037 2868248
2868988 2869291
2877310 2877554
2882397 2882652
2885788 2885860
2887132 2887315
2890173 2890347
2894732 2895073
2896193 2896375
2908879 2909520
2910225 2910429
2911390 2911608
2913860 2914170
2916784 2917614
2923649 2923896
2924407 2924558
2926108 2926353
2931586 2931741
2935181 2935829
2936343 2936522
2938394 2938626
2939355 2939792
2940571 2940675
2944284 2944385
2946386 2946686
2947605 2947875
2951529 2951684
2954011 2954434
2956049 2956880
2957421 2957755
2958691 2958861
2963108 2963344
2965679 2965872
2967938 2968040
2970979 2971441
2975689 2975855
2976745 2976977
2987236 2987658
2988582 2988659
2990386 2990467
2992683 2992739
2996810 2996870
2997657 2997928
2999631 2999910
3001063 3001493
3002948 3003511
3004460 3006002
3010309 3010552
3013186 3013668
3019101 3020093
3023219 3023772
3024552 3024744
3038536 3039015
3039801 3039989
3042215 3042589
3047965 3048040
3051665 3051840
3056912 3057059
3058063 3058743
3060695 3060906
3061820 3062348
3066528 3066977
3068015 3068128
3068958 3069127
3070102 3070979
3075088 3075288
3075886 3076057
3081613 3082500
3085494 3085652
3086683 3086807
3090278 3090488
3091295 3091528
3092949 3094180
3099623 3099850
3100532 3100659
3102819 3103180
3106889 3107204
3110174 3110341
3110983 3111130
3112001 3112303
3114843 3115474
3116933 3117172
3120484 3120618
3121902 3122623
3124488 3124804
3125699 3125803
3129167 3131202
3134272 3135081
3138812 3139504
3141065 3141305
3142246 3142545
3143577 3143628
3145771 3146355
3147289 3148051
3149187 3150246
3150885 3151579
3154021 3154198
3154712 3155038
3156428 3157856
3161915 3162177
3163125 3163645
3164574 3167176
3168301 3168488
3170867 3171491
3173474 3173721
3176371 3177348
3180267 3180382
3182641 3183097
3183918 3184211
3184780 3185051
3188620 3189184
3193661 3194645
3199256 3199972
3200903 3201319
3202229 3202810
3206777 3206941
3209464 3209736
3210582 3210796
3217945 3218094
3219143 3219461
3220543 3220801
3222052 3222114
3223115 3225213
3227028 3227287
3231390 3231974
3232758 3233009
3236130 3236365
3237359 3237517
3239527 3239786
3240496 3243709
3244328 3244650
3256731 3256801
3261308 3262498
3263451 3263585
3265465 3266153
3267249 3267509
3273862 3274162
3274890 3275425
3276908 3277411
3282464 3282655
3285422 3286079
3288602 3289381
3290251 3291323
3293397 3294162
3297665 3298245
3303745 3305768
3308208 3308678
3310085 3310357
3312001 3312359
3313457 3313615
3315845 3316273
3320523 3321099
3325567 3325725
3327697 3328417
3330775 3331446
3333981 3334365
3335689 3335890
3339624 3340373
3341000 3341093
3341681 3341889
3344297 3344496
3346139 3346671
3348760 3349007
3350548 3350795
3352370 3352589
3353451 3353652
3359170 3359248
3363617 3364093
3364720 3365885
3368708 3368794
3385281 3385754
3389578 3389741
3397651 3397839
3398586 3398783
3409940 3410242
3420108 3421562
3422111 3422213
3424512 3424872
3425475 3425576
3426367 3426545
3428157 3428324
3429141 3429191
3430416 3430654
3436567 3436631
3438659 3438940
3440795 3440853
3443036 3443198
3445683 3446197
3450846 3451962
3452519 3452669
3456811 3456861
3458171 3458614
3465409 3466054
3467585 3467859
3468531 3468719
3474503 3475722
3476932 3477043
3481116 3481422
3487861 3488303
3493295 3493821
3495391 3496461
3497230 3497823
3498860 3498937
3505950 3506008
3510394 3510489
3515520 3515610
3519736 3521187
3524126 3524433
3528361 3529157
3532938 3533273
3540496 3540920
3542507 3543232
3544792 3545091
3545998 3546247
3554389 3554500
3556632 3556800
3558456 3559318
3560914 3561052
3570136 3570288
3571460 3571618
3575276 3575571
3580295 3580619
3589197 3590140
3598002 3598564
3599992 3600133
3603149 3604108
3608851 3609055
3610310 3610564
3611650 3612127
3617935 3618643
3621926 3622216
3623991 3624079
3625982 3626169
3632710 3632797
3635615 3635664
3644641 3644918
3646716 3646961
3648383 3648804
3655385 3655557
3656480 3656752
3660973 3662019
3663613 3663813
3664459 3664882
3669857 3670054
3673114 3673422
3674479 3674709
3677618 3677705
3679981 3680104
3683658 3683750
3692392 3692815
3693838 3694088
3694844 3694906
3700483 3700533
3704276 3704599
3713086 3713381
3714013 3714294
3714889 3715026
3717635 3718144
3718939 3719087
3721428 3721657
3729093 3729752
3739277 3739870
3741519 3741783
3743597 3744336
3750242 3750304
3751595 3752131
3762852 3763191
3765577 3765820
3767191 3767610
3768131 3768337
3770165 3771024
3776853 3777065
3778869 3778924
3780468 3780801
3783761 3783862
3786952 3787246
3789515 3790077
3790937 3791243
3791786 3792449
3794435 3794726
3802177 3802415
3804690 3804934
3806091 3806695
3808811 3809658
3810606 3810801
3819249 3819631
3820635 3820859
3822045 3822340
3823776 3824198
3830649 3831007
3832239 3832392
3835184 3835578
3836375 3836583
3837490 3838387
3840389 3840767
3844673 3844776
3846592 3846647
3849693 3849958
3851970 3852443
3853086 3853171
3855851 3857784
3858539 3858657
3859321 3859587
3860358 3861167
3862975 3863136
3864664 3864846
3866261 3866325
3871331 3871599
3872119 3872210
3876327 3876602
3877646 3878156
3878874 3879587
3880852 3880997
3881521 3881644
3885133 3885210
3887148 3887451
3889333 3889431
3893030 3893439
3894093 3894164
3895024 3895291
3896833 3897071
3899631 3900065
3901852 3903584
3905145 3905377
3907398 3907849
3910344 3910568
3912020 3912422
3914360 3914572
3916750 3917003
3918976 3919421
3921223 3921540
3922520 3922689
3926588 3926653
3928344 3928985
3929619 3931173
3931793 3932051
3933048 3933406
3935278 3935808
3937013 3937319
3938421 3938604
3940470 3940676
3941387 3941501
3946609 3946681
3958016 3958179
3960149 3960299
3963425 3964224
3964970 3965483
3966712 3967273
3967807 3967885
3981026 3982738
3983808 3984022
3985866 3986000
3992966 3993315
3994661 3994842
3997469 3998202
3999570 4000394
4001317 4002678
4004449 4004827
4009014 4010751
4011417 4011950
4013766 4013899
4015570 4016406
4017584 4017725
4020455 4020509
4021914 4023934
4027408 4028152
4029578 4029902
4032362 4032484
4034746 4034800
4036722 4037056
4039364 4039444
4041272 4041517
4042114 4043091
4045138 4046356
4048241 4048681
4049981 4050600
4052798 4053495
4054349 4054810
4056093 4056550
4057174 4057605
4059737 4059821
4060494 4060883
4062420 4062682
4064274 4064981
4065589 4066021
4068777 4069663
4074805 4074881
4076437 4076701
4080164 4080233
4081262 4081439
4082855 4083083
4084428 4084959
4092199 4092275
4093349 4093684
4111795 4112984
4115082 4115634
4119312 4120176
4121425 4121632
4127336 4127470
4128096 4128444
4129552 4129720
4131355 4131616
4132224 4133491
4134493 4134875
4137862 4138138
4142841 4143515
4149026 4149086
4151373 4151477
4153478 4153761
4156692 4156745
4160150 4160212
4161010 4161247
4166277 4166336
4167148 4167227
4168957 4169459
4172473 4172665
4174123 4174376
4175281 4175834
4182891 4183711
4187971 4188703
4191025 4191103
4192873 4193169
4197931 4198997
4208313 4209445
4214040 4214275
4215895 4216649
4218788 4219036
4221246 4221357
4232650 4233387
4239097 4239399
4240994 4241137
4244408 4245071
4245713 4245931
4246674 4246820
4247387 4247454
4250023 4251080
4254425 4254683
4257295 4257537
4258236 4258397
4260051 4260346
4262206 4262491
4263328 4263720
4273258 4275476
4279592 4279820
4280600 4280822
4281380 4281902
4285329 4285409
4291180 4291671
4296371 4296526
4297974 4298027
4299231 4300264
4302202 4302661
4304649 4304769
4306274 4307069
4309934 4309993
4310776 4311529
4312301 4312644
4313900 4314059
4315310 4316962
4317652 4317833
4318438 4320159
4322244 4322303
4325344 4325454
4329965 4330335
4331415 4331666
4332227 4332797
4334174 4334921
4338233 4338488
4340754 4340855
4346948 4347143
4348902 4349224
4352371 4352465
4353231 4353281
4355461 4355844
4361954 4367484
4369649 4370048
4370732 4370911
4378287 4378426
4383173 4384510
4389012 4389129
4390386 4390887
4392220 4392404
4393108 4393371
4395182 4395644
4397779 4398084
4403398 4403986
4406898 4407130
4408178 4408265
4409293 4409554
4411497 4411788
4419938 4420195
4422626 4423130
4426623 4426698
4428133 4428938
4436302 4436368
4439114 4439749
4442848 4443141
4447550 4448092
4449239 4449463
4450334 4450676
4456085 4456585
4459112 4460116
4467787 4467915
4468814 4469050
4471074 4471293
4474992 4475230
4476400 4476958
4480723 4480901
4482685 4482737
4491257 4491492
4494802 4496225
4496977 4497252
4498212 4498773
4500955 4501281
4503049 4503297
4504676 4505610
4507644 4507731
4508679 4509098
4513946 4514577
4520357 4520921
4523585 4524054
4525221 4525786
4531605 4532150
4535955 4537506
4538614 4539350
4540015 4541693
4547781 4547843
4551730 4551813
4552535 4552989
4553981 4554190
4555563 4555811
4557671 4558308
4561885 4562162
4567881 4568239
4570663 4571457
4577391 4577483
4578099 4578213
4580344 4580879
4581901 4582231
4588056 4588270
4589619 4590045
4591206 4591388
4594353 4594862
4599342 4599681
4603163 4603337
4608243 4608766
4614714 4615179
4616452 4616566
4618273 4618328
4619179 4619596
4623102 4623808
4626251 4626997
4628642 4628959
4630344 4630550
4631197 4631530
4636089 4636857
4638375 4639061
4640329 4640841
4641520 4641652
