Escherichia_coli_O157_H7_0950
5838 7492
13400 14008
25285 25446
27455 27599
38913 39531
40912 41137
46094 46400
53135 53259
60836 61853
62950 63269
103886 104070
110154 110567
117142 117342
120584 121088
135746 136129
168945 169499
172547 172619
177431 177751
188117 188250
190968 191421
193052 193181
193725 195075
196482 197110
198567 198832
215179 215315
237908 238223
241638 241799
247058 247562
256373 256856
260731 261431
263649 263931
290090 290392
299492 299637
306562 306693
308019 308535
316465 316783
324890 325090
334249 334475
335045 338326
350941 351157
353555 353616
362908 363054
364819 364959
370416 370745
378842 379049
390627 390925
398137 398624
399901 400031
401233 401520
402916 403197
412339 412515
417633 417894
438479 438684
441518 441681
457945 458111
459494 459634
461302 461541
477666 478006
495678 495774
501307 501476
506377 506560
516406 516632
528241 528615
532903 534128
543868 544026
549784 550088
553705 553868
556996 557246
578867 578935
591155 591207
608862 609102
622325 622601
626434 626747
635468 635553
641013 641558
646490 646707
649695 649851
651401 651707
663787 664083
677174 677459
678663 678780
687401 688091
704876 705188
713290 713344
726526 726799
733668 734495
746810 747090
748037 748301
750332 750677
755096 755405
769081 769254
772831 773391
818626 818698
839773 839900
851497 851808
876243 876459
883875 884225
888909 889102
893243 893532
908355 908516
913795 914112
947553 947695
948434 949321
957743 958147
963355 963673
968069 968389
976516 976710
979996 980632
1006818 1007040
1008335 1008481
1009010 1009238
1013255 1013552
1025920 1026080
1029946 1030016
1048430 1048672
1078797 1078882
1082040 1082115
1089860 1089989
1099638 1099758
1105359 1105695
1116095 1116308
1132628 1133858
1148643 1148875
1150780 1150968
1167317 1167561
1181156 1181211
1198524 1198962
1207260 1207485
1210867 1210936
1215062 1215159
1241878 1242058
1256534 1256589
1274212 1274284
1275255 1275494
1309783 1310165
1332019 1332356
1360031 1360191
1379135 1379530
1397274 1397594
1415911 1416184
1427195 1427511
1430547 1431099
1432514 1432731
1444152 1444318
1454667 1454750
1461115 1461170
1478850 1479217
1486903 1487428
1502055 1502418
1504716 1504861
1506205 1506664
1518455 1518890
1521920 1522105
1523556 1523620
1529140 1529232
1549603 1549705
1558452 1558656
1566184 1566276
1576715 1576881
1585672 1585821
1590858 1591258
1594082 1594212
1606566 1606943
1610780 1610842
1618825 1618892
1631608 1631670
1657384 1657888
1661847 1662162
1684916 1685213
1723760 1724029
1727856 1728297
1738523 1738781
1740192 1740359
1742583 1742717
1752233 1752643
1754458 1754664
1767842 1768234
1771558 1771846
1786493 1786612
1793072 1793367
1794268 1794326
1840083 1840382
1843252 1843372
1846968 1847082
1851443 1851688
1854013 1854303
1865632 1865824
1892412 1892963
1939215 1939487
1941894 1942124
1964802 1965019
1967382 1967513
1969475 1969794
1971873 1972038
1981715 1981979
1989689 1989837
1998593 1999004
2006408 2006733
2009707 2009929
2024119 2024222
2025821 2026026
2049881 2050092
2051236 2051490
2060720 2060949
2069295 2069575
2080225 2080284
2087843 2087944
2114468 2114801
2116847 2118418
2135647 2135987
2155739 2156006
2162577 2162744
2173059 2173319
2175069 2175510
2204622 2204701
2243279 2243418
2245723 2245873
2274780 2274919
2276649 2276842
2279161 2280279
2280961 2281368
2288477 2288627
2292857 2292926
2293871 2294156
2296335 2296569
2333105 2333568
2338833 2338889
2343167 2343319
2351997 2352455
2357447 2357931
2359907 2360083
2366493 2366832
2373750 2373827
2377107 2377403
2379732 2379860
2383438 2384157
2399728 2400012
2401861 2402353
2408999 2409302
2415854 2416389
2442655 2442885
2448856 2448970
2455001 2455330
2459747 2460606
2466643 2466832
2471497 2471614
2494579 2495051
2499111 2499338
2511361 2511533
2513735 2514030
2542206 2542376
2555076 2555128
2559807 2560345
2563363 2563514
2570133 2570245
2572736 2573040
2581072 2581705
2589974 2590296
2591579 2591954
2603146 2603933
2628379 2628544
2648032 2648423
2649064 2649330
2657108 2657189
2659935 2660047
2671135 2671465
2684925 2685035
2701037 2701248
2703667 2703919
2707142 2707563
2721940 2722021
2724887 2725083
2730955 2731034
2741411 2742075
2755679 2755980
2780832 2781033
2792470 2792583
2796057 2796203
2810695 2810969
2812109 2812401
2814858 2814962
2817095 2817202
2828789 2829012
2846120 2846318
2863482 2863700
2895438 2895595
2904230 2904724
2916032 2916256
2919177 2919428
2933640 2933778
2946228 2946285
2954634 2954691
2975209 2975469
2982560 2983153
2984584 2984673
2987704 2987936
3003422 3003668
3027537 3027710
3038891 3039132
3058157 3058372
3067506 3068065
3089801 3090282
3092522 3092782
3094022 3094269
3106943 3107637
3119985 3120289
3124671 3124734
3127967 3128061
3133343 3133683
3135024 3135246
3147672 3147899
3153858 3154091
3155231 3155311
3160532 3160597
3166908 3167194
3199636 3199707
3208734 3208907
3225024 3225089
3237279 3237517
3252356 3252513
3260842 3260984
3263762 3264107
3265735 3265875
3272186 3272382
3292169 3292479
3293879 3294107
3300342 3300590
3303362 3303554
3310021 3310128
3315558 3315814
3319817 3320409
3327150 3327334
3333380 3333477
3354375 3354599
3362454 3362642
3364854 3365144
3371967 3372343
3376085 3376232
3379897 3380058
3389147 3389385
3398485 3398917
3405741 3405793
3441810 3442026
3447060 3447251
3459427 3459642
3463330 3463418
3465935 3466120
3477413 3477775
3508969 3509553
3510523 3510878
3512054 3512140
3515053 3515338
3516146 3516448
3534055 3534136
3538824 3538877
3540630 3540754
3552333 3552432
3553644 3553843
3559885 3560108
3563911 3564129
3565473 3565607
3569165 3569306
3586677 3586977
3611772 3612173
3637410 3637583
3641949 3642215
3657275 3657382
3661622 3661681
3676848 3677126
3684962 3685190
3689264 3689655
3703911 3704097
3706605 3706777
3711529 3711677
3719074 3719149
3724260 3724599
3725439 3725516
3738853 3739039
3740949 3741249
3742849 3743352
3745039 3745136
3746346 3746498
3747764 3747850
3763152 3763373
3764344 3764408
3801440 3801526
3809960 3810298
3814032 3814180
3820186 3820522
3825751 3825814
3828393 3828491
3841633 3841826
3859872 3860543
3891282 3891350
3894104 3894359
3899052 3899122
3900768 3900960
3911202 3911253
3932529 3932993
3933949 3934571
3949819 3950177
3951542 3951663
3953021 3953240
3976826 3977085
3980944 3981234
3990411 3990566
3995942 3996212
4014855 4014939
4025828 4026645
4028073 4028359
4029034 4029201
4029849 4030080
4039989 4040187
4049382 4049734
4064381 4064583
4066558 4066635
4067292 4068147
4080912 4081054
4089909 4090377
4099171 4099266
4105886 4106195
4125828 4126033
4129605 4129764
4134725 4134999
4147213 4147379
4148192 4148378
4163735 4164028
4172509 4172889
4175288 4175409
4179441 4179596
4193880 4194116
4208322 4208382
4213634 4213930
4222359 4222440
4230361 4230427
4234118 4234180
4241177 4241355
4243995 4244153
4255771 4255860
4265307 4265642
4277191 4277629
4318914 4320121
4322118 4322389
4323056 4323122
4333539 4333699
4339235 4339809
4342817 4342984
4347137 4347268
4353687 4353758
4376438 4376533
4383374 4383501
4390084 4390212
4410438 4410666
4411329 4411540
4416539 4417177
4436581 4436891
4437749 4437937
4471621 4471937
4472568 4472633
4476180 4476487
4478057 4478219
4488425 4488712
4492214 4492298
4501633 4501695
4522081 4522190
4526829 4527753
4534447 4534582
4537871 4538274
4559323 4559443
4562322 4562538
4572947 4573247
4578494 4579088
4597361 4597410
4612544 4612793
4615030 4615208
4628031 4628412
4630093 4630169
4635090 4635181
4681172 4681598
4690123 4690207
4694390 4694656
4720075 4720209
4752559 4752737
4758882 4759248
4776674 4776768
4786518 4786675
4792152 4792336
4818262 4818522
4846815 4847064
4876869 4877039
4913109 4913167
4926800 4927081
4936006 4936112
4958137 4958583
4977574 4977666
4983699 4983934
4999758 4999932
5054840 5055692
5069236 5069430
5076103 5076320
5077334 5077473
5079233 5079819
5085585 5085674
5129240 5129457
5130978 5131049
5133292 5133591
5152620 5152825
5167896 5168185
5176644 5176908
5182032 5182091
5191110 5191343
5212358 5212560
5226536 5226808
5256355 5256791
5264176 5264332
5266139 5266313
5286443 5286585
5292352 5292599
5301252 5301399
5308915 5309071
5311382 5312635
5322621 5322787
5337010 5337232
5343285 5343944
5346485 5347297
5356907 5357214
5368957 5369203
5377503 5377717
5393609 5393831
5440663 5440751
5455369 5455690
5474623 5474714
5475247 5475467
5476334 5476392
