gi_556503834_ref_NC_000913.3_
223680 225738
239153 239302
257963 258570
270596 271706
279218 279825
290496 291296
391764 392908
525785 526665
566835 567979
574646 575730
608062 609296
687906 688990
729791 733167
1049883 1050490
1094300 1097141
1299554 1300638
1396099 1397183
1428050 1428216
1467965 1469295
1531766 1532876
1632615 1634967
1650898 1651493
1978558 1979165
2066230 2067245
2068996 2070218
2101804 2102888
2170229 2171373
2288974 2290059
2304390 2304502
2514328 2515562
2726119 2731430
2996416 2997637
3130201 3131285
3186151 3187371
3365611 3366695
3392225 3392308
3423314 3428853
3470219 3471139
3583533 3584140
3619400 3622776
3652091 3653175
3666260 3667381
3765522 3765767
3941534 3946769
4035226 4040745
4166354 4171706
4209703 4213109
4295837 4296060
4498236 4499456
4507514 4508624
