Ecoli_ancestor_Ancestor_
13770 40349
62373 71794
74926 82343
84081 92568
94889 96852
198333 198402
244266 246693
292119 309583
310415 323324
377762 382748
415689 425925
487075 497165
553408 557544
644102 658426
749366 808481
808989 813021
813622 828636
848886 849496
882168 882458
908397 910310
923291 926008
933222 938713
968023 969537
1007327 1016446
1121391 1128654
1161951 1167019
1221062 1239232
1400072 1401189
1403512 1403969
1404661 1407899
1419165 1428780
1437627 1449836
1450358 1450769
1451363 1452441
1453027 1453939
1454456 1461698
1593168 1605584
1606179 1615829
1750863 1757862
1764764 1767564
1768083 1773974
1781886 1789183
1859374 1864618
2070445 2074009
2074665 2075202
2277580 2278599
2285739 2285851
2319419 2325116
2418416 2420729
2487973 2495123
2495696 2505876
2506450 2511350
2518282 2521729
2523563 2528199
2550872 2551582
2593870 2607458
2648020 2660696
2937270 2945402
2946378 2947055
2947561 2948104
2948746 2956195
3054965 3061336
3126449 3126826
3129191 3131246
3159641 3171535
3193621 3214592
3231088 3238662
3290166 3291193
3319549 3332873
3492967 3493785
3494888 3495316
3496412 3511051
3539016 3550556
3551421 3552124
3552691 3576193
3849649 3864059
3892276 3905629
3906130 3911441
3962954 3967360
3978110 3978939
3981524 3982742
4015131 4021289
4024013 4026554
4046957 4071117
4101366 4108287
4161847 4180444
4180963 4184435
4184944 4186481
4187126 4199040
4208348 4208805
4274376 4275508
4299458 4300308
4310929 4311586
4313714 4326750
4327431 4337677
4357002 4394617
4430066 4435103
4484894 4505428
4536297 4537515
4540706 4544815
4637916 4641652
Ecoli_0970_Taxon015_
1 20113
161859 167936
223678 228950
257963 258570
270815 271706
274010 274912
277603 306729
313385 320042
343154 382733
383264 383738
384241 392896
461861 463904
483937 486848
566832 569459
574980 581245
605546 612444
620511 623388
688206 690179
693510 697141
964457 967071
1049883 1050490
1094298 1095432
1096568 1097837
1217817 1222955
1335965 1341595
1342319 1354708
1381908 1390979
1404821 1405848
1427153 1435862
1468138 1470424
1472096 1473993
1525802 1541051
1564042 1570573
1585576 1589016
1631899 1633269
1640618 1641971
1989005 1990673
1996648 2000231
2034585 2045910
2057526 2057656
2058356 2063656
2065787 2069617
2096789 2098960
2156740 2157238
2160802 2163542
2193709 2198510
2199159 2201224
2202355 2225438
2235446 2239020
2239587 2242605
2248872 2265131
2265787 2269347
2269936 2284848
2335978 2336434
2416773 2419446
2507011 2524160
2688557 2706419
2706974 2720748
2787873 2801565
2808974 2812143
2812680 2816774
2817783 2818196
2839604 2852329
3080880 3088768
3190284 3194746
3196439 3197466
3262918 3283066
3375727 3376754
3381035 3381365
3382067 3389243
3417466 3447906
3452217 3456537
3479544 3503270
3583483 3585641
3619132 3622807
3637469 3639547
3644269 3653118
3664796 3665150
3666289 3667513
3682463 3689741
3690346 3696175
3715755 3716298
3760605 3765772
3943321 3947795
3972561 3977271
4031500 4041202
4116978 4125861
4188903 4193469
4242181 4242404
4244712 4252304
4303233 4313969
4378194 4405929
4406507 4426139
4452752 4457231
4462991 4465796
4468168 4489787
4515478 4517688
4573872 4606314
