Ecoli_0920_Taxon005_
1 254020
254655 826258
828126 4023265
4028436 4641652
Ecoli_0955_Taxon012_
15442 16662
19851 20115
223678 225636
228881 229394
258041 258596
274010 275040
279218 279825
290510 291296
324483 325627
380922 382482
391763 392908
462373 463916
577567 578804
682022 685608
753048 753293
869490 870086
885381 885754
1282216 1283500
1284568 1285384
1404818 1405848
1428051 1428536
1432438 1434652
1468165 1470424
2065787 2067268
2068473 2069617
2174135 2175471
2189726 2189837
2697054 2699186
3080854 3081973
3201250 3202273
3219771 3220922
3375724 3376262
3423150 3423662
3426897 3427351
3497678 3499100
3583533 3583939
3619132 3619272
3621267 3622762
3652363 3652937
3694744 3694839
3762545 3764431
3764932 3765756
3767275 3767395
3941534 3943581
3974662 3975039
4038028 4041160
4115600 4117550
4309934 4311583
4400782 4401305
4641354 4641652
