Escherichia_coli_O157_H7_0960
1 806
3541 3841
7537 7674
15911 16176
16775 16993
19026 19235
21338 21414
25285 25446
32064 32424
37508 37773
39817 40081
45379 45495
52127 52539
55098 55192
61231 61514
70613 71391
72427 72566
76045 76153
77111 77213
79771 80000
88452 88805
90551 90817
93125 93944
96459 96675
102106 102204
109339 109516
110750 110816
112298 112569
115288 115543
118366 118610
136165 137028
141353 141410
142024 142100
150924 151505
159708 160670
165674 165955
169017 169552
173590 173950
187458 187973
189827 189993
192676 193380
195083 195168
211559 211901
212881 213911
215619 215824
217060 217281
221358 221538
240389 241017
251740 252062
256946 257093
263027 263445
265881 266550
267599 268090
270015 270109
270962 271099
272841 273057
278000 278210
291356 291733
292484 292671
297701 297752
302639 303002
307693 308272
320264 320976
326205 326393
327363 327587
328304 328399
331251 331638
333037 333281
336028 336452
337257 337530
341656 341750
352251 352353
358065 358371
359170 359465
360511 361013
362794 363382
365131 365300
369179 369478
373110 373615
374159 374325
375599 377362
380406 380602
382728 382899
384719 384930
386075 386312
397163 397341
406980 407173
407974 408216
412678 412817
413955 414056
420056 420107
422854 422919
425135 425282
426920 427225
429638 429825
455016 455557
456822 457017
459874 460094
462091 462257
467790 468058
468700 468880
470872 471101
472896 473083
473971 474069
474988 475136
489968 490023
492097 492468
499014 499489
504737 505398
511111 511782
514719 514810
516386 516438
517924 518574
519165 519807
531012 531607
536690 537600
538958 539025
548345 548445
549128 549426
563639 563874
564416 564634
568422 568723
570704 570998
576688 576940
579396 579705
587362 587557
591313 591543
592923 593072
598327 598713
601255 601552
612026 612229
613488 613985
614707 614986
615957 616076
617172 617391
619266 619596
622153 623071
628671 628941
630123 630253
635360 635870
638466 638598
645459 645535
647758 648114
649329 649448
654580 654969
655481 655786
660460 660884
661547 661974
667319 667537
668045 668345
671681 672301
673187 674509
675402 675675
677075 677332
677963 678311
680206 680425
682955 683171
687338 687563
694417 694661
699927 700204
708839 709102
712144 712498
713001 713319
714563 714619
718192 718338
720663 721125
728764 728876
729914 730023
732627 733361
734020 734237
737201 737321
738082 738571
739475 739708
743352 743686
745082 745144
752678 752844
760022 760294
767227 767315
769018 769285
772418 772745
773347 773504
774061 774355
778634 778827
781283 781404
790964 791488
803826 803901
808078 808366
812682 812818
814899 815272
816006 816165
818279 818473
819623 820364
830093 830360
836399 836871
839635 839979
861876 862471
867803 868131
868977 869216
875127 875242
883935 884062
888002 888810
890805 891109
903120 904446
905846 906562
907399 907519
911504 911672
913790 914190
915720 915782
917081 917357
926098 926295
932896 932983
935865 936386
937290 937352
938761 939428
948847 949002
955218 955778
959021 959072
959974 960086
965816 966294
967281 967536
969982 970372
971611 971660
972483 972793
974263 974612
977011 977245
978377 978987
979693 980204
982471 982935
983520 984333
985094 985289
985872 986165
996926 998398
1001522 1001740
1005624 1005716
1009982 1010105
1013799 1013998
1015979 1016186
1018231 1018734
1027710 1028109
1033582 1034190
1041695 1041858
1042642 1043184
1048902 1049137
1052595 1052658
1054043 1054152
1055022 1055142
1055998 1056252
1056809 1056921
1063366 1063458
1069300 1069724
1072535 1072736
1074846 1075121
1076879 1077698
1084714 1084886
1103525 1103878
1104647 1104799
1113498 1113549
1119579 1119850
1123545 1123835
1131176 1131396
1142133 1142530
1143822 1143964
1151690 1152061
1159978 1160287
1164227 1164829
1171319 1171455
1172001 1172089
1174351 1174745
1183212 1183735
1184585 1184885
1186726 1187049
1193432 1193571
1194656 1194875
1195845 1196069
1198893 1199118
1201791 1202007
1213775 1214144
1215494 1215574
1218794 1218904
1219406 1220026
1224146 1224440
1228551 1229019
1233868 1234525
1236837 1237055
1242119 1242172
1244860 1245370
1248413 1248862
1251840 1252353
1252887 1253066
1255509 1255796
1257710 1257830
1265955 1266321
1269334 1269823
1278571 1278891
1282434 1282883
1284712 1286583
1287828 1288013
1302326 1302687
1303487 1303613
1307030 1307564
1320955 1321507
1322032 1322301
1327027 1327196
1335593 1335868
1339587 1339940
1343740 1344121
1346043 1346403
1346906 1347129
1348381 1348462
1357827 1358028
1359588 1359791
1360821 1361063
1373577 1373720
1385492 1385556
1386240 1386777
1387681 1387913
1399679 1399785
1402865 1403912
1404764 1404861
1406548 1407051
1409737 1410047
1414298 1414572
1422097 1422762
1424336 1424493
1425301 1425640
1426977 1427057
1429426 1429679
1430625 1430739
1442056 1442595
1443335 1443528
1454082 1454863
1455735 1455997
1459593 1459661
1465051 1465189
1470019 1470090
1470751 1470899
1471467 1471715
1476737 1476885
1486035 1486105
1488038 1488153
1492140 1492625
1493676 1494573
1498323 1498534
1507678 1507951
1511981 1512516
1519774 1520045
1527020 1527203
1538777 1539213
1542476 1542610
1543954 1544139
1546420 1547004
1547975 1548923
1557506 1557791
1564890 1565101
1576986 1577558
1578596 1578745
1579913 1580117
1581441 1581908
1582526 1583561
1585879 1586362
1587257 1587955
1589014 1589082
1590657 1590716
1591482 1591581
1595324 1595711
1598649 1598938
1601776 1602085
1607686 1607824
1611042 1611263
1615753 1616480
1623398 1623492
1633572 1633828
1634935 1635178
1636950 1637324
1639022 1639377
1646606 1646737
1648107 1648495
1652563 1652701
1655462 1656251
1657536 1657609
1660530 1660843
1661923 1662275
1677953 1678554
1687536 1687990
1690202 1690509
1695309 1695433
1696509 1697552
1702726 1702813
1707865 1708090
1710821 1710875
1712872 1712979
1717144 1717377
1725981 1726299
1729003 1729088
1732077 1732360
1736110 1736197
1746240 1746966
1760428 1760758
1763537 1763806
1772570 1773037
1773559 1773808
1775102 1775238
1776384 1776945
1778643 1779221
1782940 1783105
1789753 1789804
1795610 1796050
1802593 1802988
1809719 1810003
1812184 1812460
1815796 1816570
1817526 1817738
1833301 1833362
1837063 1837296
1839581 1839851
1844858 1845136
1845654 1845861
1850324 1850568
1855543 1856264
1859043 1859624
1861945 1862449
1867246 1867831
1873702 1873855
1876056 1876752
1878440 1878637
1879236 1879730
1882109 1882328
1888506 1888605
1894662 1894738
1898291 1898484
1899683 1899791
1901110 1901783
1910543 1910620
1917648 1918132
1922828 1923460
1929854 1930002
1931131 1931380
1935891 1936050
1936919 1937190
1939763 1939891
1940414 1940827
1945279 1946047
1948242 1948548
1952187 1952804
1955681 1956141
1961246 1961894
1965176 1965359
1985378 1985606
1987494 1987775
1992633 1993019
1995698 1996097
1997284 1997652
2014101 2014555
2016290 2017151
2022432 2022708
2023252 2023537
2029522 2029925
2032574 2032908
2042263 2042944
2050470 2050788
2055546 2055888
2057110 2057378
2057886 2058219
2059856 2060096
2060719 2061102
2062143 2062445
2063770 2064040
2069392 2069628
2071345 2071466
2082012 2082158
2084216 2084345
2085662 2085839
2089076 2089329
2095101 2095186
2096701 2097308
2100669 2100772
2105386 2105559
2106554 2106614
2108796 2109068
2110664 2110890
2112045 2112233
2115470 2115698
2120253 2120330
2128374 2128491
2142769 2142939
2146232 2146333
2152102 2152730
2165227 2165316
2172732 2172831
2174292 2174819
2179969 2180433
2192986 2193187
2194183 2194318
2196264 2196589
2199342 2200059
2202290 2202587
2209143 2209413
2214007 2214319
2216122 2216303
2218144 2218330
2224511 2224991
2228944 2229057
2230476 2230707
2233644 2234208
2244585 2245087
2245615 2245737
2252798 2252858
2253513 2253753
2254405 2254567
2256931 2257344
2258835 2259313
2289298 2289587
2296397 2296550
2297524 2297787
2301902 2302369
2305289 2305391
2306175 2306293
2308836 2308964
2317868 2318438
2323580 2324128
2326065 2326242
2334063 2334206
2335523 2335586
2337467 2337791
2338778 2339205
2345699 2345811
2349632 2349717
2353139 2353285
2356735 2357430
2358237 2358521
2363059 2363806
2369358 2369840
2370409 2370708
2380023 2380251
2383656 2383759
2386689 2386835
2394145 2394238
2398543 2398878
2403047 2403116
2413350 2414057
2414564 2414859
2418866 2419200
2425661 2425921
2427879 2427960
2429537 2429596
2438021 2438191
2441002 2441404
2445890 2446233
2448628 2448863
2460068 2460172
2464242 2464497
2470287 2470991
2475844 2476209
2478734 2478845
2483200 2484027
2485577 2485786
2487541 2487673
2490773 2490824
2496186 2496681
2500286 2500836
2502548 2502913
2505150 2505697
2512031 2512332
2514625 2514972
2515811 2515949
2521356 2521903
2522812 2523860
2524522 2524652
2527432 2527499
2532087 2532757
2534314 2534503
2535373 2535474
2551787 2552404
2557803 2557946
2559508 2559968
2584870 2585804
2587474 2587571
2592074 2592440
2603198 2603401
2606312 2606549
2613543 2613614
2615362 2615989
2616490 2616601
2617530 2618028
2624021 2624654
2632296 2632501
2635870 2636149
2639548 2640118
2640750 2641313
2648655 2648754
2651099 2651780
2653299 2653433
2654104 2654213
2655858 2656030
2657657 2657950
2663105 2663242
2667994 2668209
2671261 2671382
2678286 2678706
2689471 2691048
2703142 2703770
2704538 2705150
2706701 2707245
2717326 2717442
2725477 2725831
2728869 2728986
2738416 2738478
2740516 2740901
2743860 2743927
2747531 2747836
2750901 2751376
2752180 2753316
2758386 2758487
2765248 2766397
2769454 2769688
2770950 2771105
2775731 2776017
2779375 2779449
2780084 2780315
2781943 2782603
2783991 2784223
2785533 2785623
2786619 2786943
2792962 2793382
2795177 2795452
2799938 2800012
2805091 2805591
2809652 2809887
2811144 2811288
2826459 2826664
2837866 2838182
2844081 2844652
2849995 2850128
2852530 2853202
2854994 2856031
2856933 2857616
2860984 2861198
2866132 2866352
2867355 2867847
2868371 2868939
2869621 2869909
2872892 2873280
2873991 2874443
2881820 2882040
2890109 2890288
2900612 2901080
2903895 2904177
2906482 2906621
2922194 2922903
2923700 2924414
2929668 2929956
2930583 2930850
2931457 2931711
2940964 2941286
2944803 2945278
2957275 2957716
2958255 2958682
2962419 2962545
2966681 2967049
2974608 2975119
2985364 2985413
2986689 2987160
2990892 2991234
2993871 2994186
2994973 2995063
2998195 2998399
3004912 3005174
3007305 3007491
3008937 3009308
3015117 3015443
3020389 3020690
3026348 3026500
3035004 3035534
3041651 3041918
3043756 3043935
3047321 3047689
3049455 3049649
3050623 3051182
3052152 3052255
3059063 3059323
3074893 3075372
3084786 3084960
3086992 3087757
3090097 3090185
3091667 3091732
3100387 3100600
3102010 3102226
3102921 3103466
3115275 3115546
3122274 3122529
3123622 3124283
3127002 3127248
3130321 3130370
3145706 3145892
3148217 3148366
3150020 3150362
3153254 3153502
3156688 3156741
3160176 3160303
3167161 3167423
3170311 3170585
3171619 3172007
3175281 3175463
3176359 3176593
3177186 3177328
3184043 3184289
3188142 3188253
3197574 3197922
3201549 3201714
3210413 3210673
3211656 3211836
3213043 3213232
3216619 3216786
3227399 3227665
3241888 3241983
3247351 3248008
3253843 3253978
3259568 3259705
3260939 3261190
3272898 3273221
3275942 3276011
3281868 3282017
3286517 3286782
3293914 3293991
3295211 3295311
3306510 3306843
3309518 3309830
3312698 3312927
3315099 3315666
3334901 3334953
3340228 3340366
3342108 3342349
3352098 3352607
3353807 3354263
3354814 3355682
3356190 3356828
3359137 3359202
3363288 3363407
3367800 3368425
3377023 3377443
3378054 3378342
3380017 3380286
3381554 3382063
3383587 3383650
3398093 3398211
3402584 3402957
3408703 3409760
3418854 3419005
3420363 3420493
3421639 3422044
3422824 3422913
3424688 3424909
3425871 3426140
3428205 3428377
3431268 3431593
3434487 3434786
3435740 3436104
3437433 3437753
3439179 3439357
3444119 3444941
3447696 3447959
3453834 3454201
3456031 3456085
3464716 3465057
3479086 3479197
3483685 3483793
3485408 3485909
3488376 3488914
3492012 3492516
3493745 3493896
3498558 3498867
3505631 3506112
3513952 3514246
3518230 3518309
3519322 3519449
3520731 3520999
3522370 3522505
3523172 3523325
3531005 3531188
3538947 3539001
3540183 3540289
3542957 3543616
3548385 3548613
3553271 3553625
3554994 3555754
3560360 3560562
3564079 3564303
3566461 3567102
3573019 3573831
3576771 3577019
3583473 3583571
3586062 3586124
3597308 3597688
3601598 3601703
3620542 3620760
3623812 3624127
3627305 3627980
3630679 3631574
3637647 3637837
3642131 3642612
3643948 3644120
3647888 3648232
3649801 3649961
3658683 3658987
3661682 3661892
3662472 3662753
3670363 3670574
3671169 3671331
3672354 3672512
3675100 3675546
3677268 3677438
3689879 3690644
3698263 3698343
3705582 3705748
3710264 3710522
3711872 3712557
3714499 3714794
3716897 3716996
3717554 3717755
3718801 3720293
3722389 3722705
3726573 3726651
3728119 3728486
3730532 3731149
3752301 3752626
3759845 3760014
3762325 3762686
3765129 3765397
3769552 3769614
3770298 3770378
3775318 3775591
3776297 3776420
3778162 3778428
3787920 3788866
3790343 3790832
3791752 3791999
3793454 3793651
3801066 3801566
3804738 3804874
3813109 3813332
3814732 3815202
3819888 3820272
3821915 3822044
3827959 3828117
3838876 3839246
3843535 3843776
3844551 3844822
3851021 3851707
3856504 3857088
3857613 3857709
3860101 3860351
3862720 3862775
3868331 3868429
3884456 3884690
3886740 3886959
3890171 3890402
3894014 3894111
3901053 3901115
3905563 3906587
3907581 3908359
3909205 3909326
3910208 3910866
3911662 3912055
3922073 3922196
3928535 3928976
3933139 3933464
3934532 3934787
3941295 3941404
3958714 3959095
3960922 3961178
3966466 3966545
3967136 3967419
3971546 3971781
3973028 3973175
3981926 3982244
3986357 3986436
3991508 3991607
3998961 3999372
4004614 4004903
4008960 4009182
4010920 4011032
4012020 4012371
4021982 4022083
4026480 4026681
4045184 4045288
4046898 4047135
4050971 4051380
4052879 4053821
4055836 4055978
4067552 4067950
4073143 4073345
4077630 4077917
4081479 4081594
4083351 4083724
4088478 4088633
4094113 4094300
4095357 4095416
4096032 4096211
4097104 4097296
4098741 4098981
4111675 4111945
4119973 4120535
4123667 4124437
4129382 4129577
4135237 4135295
4140065 4140890
4142822 4143209
4145022 4145107
4148059 4148266
4150490 4150561
4164984 4165280
4177495 4177689
4181460 4181529
4183360 4183611
4184738 4185401
4191314 4191848
4193674 4194006
4202015 4202473
4203118 4203392
4205260 4205799
4207129 4207555
4212065 4212130
4214156 4214311
4228257 4228402
4236182 4236943
4248908 4249161
4250388 4250522
4256368 4256691
4258120 4258401
4259044 4259342
4260847 4260969
4263128 4263251
4265625 4266086
4273629 4273886
4279568 4279688
4281949 4282233
4284486 4284696
4288296 4288785
4292293 4292559
4296629 4296847
4299126 4299513
4301478 4301881
4318206 4318575
4324886 4325351
4329163 4329475
4338918 4339237
4344772 4344930
4357216 4357528
4359557 4359906
4361843 4361904
4362638 4363047
4366522 4366749
4369134 4369465
4370720 4370871
4376509 4377047
4387300 4387564
4392035 4392170
4394495 4394775
4398339 4398571
4401599 4401868
4402810 4403167
4404229 4404361
4408711 4408913
4410160 4410498
4412031 4412161
4413023 4413423
4414941 4415119
4417803 4417943
4423101 4423424
4424410 4424902
4425523 4425583
4435860 4436035
4436710 4437248
4438645 4438899
4445089 4445285
4449334 4449602
4461809 4462436
4463614 4463936
4464572 4464875
4471120 4471255
4472441 4472922
4476306 4476802
4479669 4479729
4481773 4481977
4487281 4487430
4488991 4489180
4490261 4490576
4496826 4497000
4498193 4498638
4500045 4500205
4503217 4504022
4512890 4513063
4517056 4517353
4522376 4522450
4523133 4523458
4528081 4528777
4537642 4537766
4540798 4541038
4555133 4555307
4558058 4558205
4561296 4561556
4562937 4563173
4565987 4566250
4570000 4570178
4573867 4574110
4575737 4576419
4583499 4583587
4586582 4586774
4592654 4593215
4593790 4594054
4602783 4602952
4606119 4606311
4608378 4608433
4611154 4611330
4617089 4617189
4624430 4624690
4629323 4629799
4633872 4634112
4643459 4643523
4644178 4644387
4644980 4645494
4653187 4654222
4658385 4658870
4667740 4667830
4672190 4672457
4673220 4674148
4682162 4682682
4685586 4685788
4687970 4688259
4691465 4691684
4692623 4693736
4699297 4699376
4707565 4707672
4709136 4710215
4711521 4712082
4713763 4714158
4716117 4716210
4716990 4717105
4717806 4718024
4734130 4734265
4736558 4736818
4746703 4746779
4750290 4750645
4751276 4751372
4758997 4759229
4760038 4760195
4761307 4761461
4768146 4768444
4774845 4775177
4784164 4784511
4786819 4786992
4795287 4796104
4817220 4817457
4820044 4820958
4827065 4827270
4833021 4833435
4834201 4834268
4841242 4841589
4850263 4850690
4854885 4855417
4857834 4858097
4860139 4860423
4861808 4862080
4866060 4866382
4872961 4873232
4875588 4875726
4880765 4880910
4887737 4888003
4889233 4889424
4909027 4909347
4911820 4912090
4916212 4916478
4920648 4920744
4923914 4924204
4925666 4925763
4931054 4931442
4935179 4935405
4941943 4942224
4943344 4943414
4953716 4954276
4955657 4955902
4957495 4957612
4972357 4972454
4973453 4973733
4975454 4975592
4980471 4980621
4982789 4983082
4984653 4984947
4989675 4989957
4992039 4992259
4992983 4993697
4996423 4996592
4998412 4998659
5006083 5006200
5009825 5009882
5012792 5013079
5018456 5019023
5021009 5021324
5024752 5025223
5029366 5029430
5032263 5032606
5037174 5037995
5038702 5039403
5042546 5042797
5047726 5048474
5051076 5051364
5055162 5055267
5061541 5062114
5069150 5069866
5072434 5072795
5075649 5075717
5077831 5077994
5080670 5080822
5087228 5087471
5092705 5094137
5100264 5100503
5102287 5102486
5105809 5106065
5113273 5113571
5118794 5119035
5120492 5121295
5124421 5124741
5127288 5127445
5139777 5140171
5147071 5147450
5148097 5149154
5160690 5161003
5162735 5162968
5163989 5164160
5168248 5168303
5168887 5169131
5178284 5178676
5179490 5179555
5181064 5181220
5197482 5198045
5207449 5208435
5209037 5209300
5212101 5212277
5214613 5214822
5216157 5216376
5217802 5217953
5219335 5219587
5236227 5236358
5238807 5238920
5239994 5240057
5241554 5241779
5243948 5244274
5246650 5246881
5248441 5248730
5249375 5249613
5250500 5250664
5252972 5253048
5258368 5258882
5265713 5266236
5268019 5268924
5270220 5270867
5271543 5271697
5281139 5281436
5287813 5288262
5289595 5289659
5292794 5292998
5294465 5294681
5310317 5310507
5314269 5314511
5319531 5319590
5324440 5324747
5343647 5344034
5349325 5349720
5359508 5359602
5362591 5363290
5373694 5373815
5377503 5378255
5379358 5379714
5381977 5382189
5383293 5383399
5387895 5387944
5388850 5388995
5391883 5392131
5397589 5397679
5406107 5406188
5407971 5408361
5413282 5413435
5415259 5415749
5420855 5421054
5422250 5422334
5427915 5428102
5433099 5433251
5437765 5437910
5440663 5440751
5452933 5453007
5457697 5457761
5459101 5459279
5463645 5463869
5465789 5465934
5470605 5470745
5472447 5472970
5474623 5474714
5475303 5476392
5478603 5478683
