Ecoli_ancestor_Ancestor_
13770 40349
74926 82343
84081 85667
91427 92568
94889 96852
198333 198402
294371 294594
377762 382748
415689 425925
487075 497165
553408 555584
644102 647483
825032 828636
882168 882458
908397 910310
923291 926008
933222 938713
968023 969537
1121391 1128654
1161951 1167019
1224166 1225193
1229474 1239232
1400072 1401189
1403512 1403969
1404661 1407899
1419165 1428780
1437627 1449836
1450358 1450769
1451363 1452441
1453027 1453939
1454456 1460546
1593168 1605584
1606179 1615829
1750863 1757862
1768083 1773974
1859374 1864618
2070445 2074009
2074665 2075202
2285739 2285851
2418416 2420729
2487973 2488768
2495696 2505876
2506450 2511350
2518282 2518505
2520636 2521729
2523563 2524466
2550872 2551582
2593870 2601882
2605446 2605944
2648020 2660696
2937270 2945402
2946378 2947055
2947561 2948104
2956134 2956195
3054965 3061336
3126449 3126826
3129191 3131246
3164703 3166989
3168661 3171535
3193621 3194648
3208490 3214592
3290166 3291193
3319549 3332873
3492967 3493785
3496412 3496504
3540314 3550556
3551421 3552124
3552691 3561664
3568795 3576193
3849649 3861237
3892276 3902598
3978110 3978939
3981524 3982742
4015131 4021289
4046957 4058566
4063791 4071117
4101366 4108287
4161847 4180444
4180963 4184435
4184944 4186481
4187126 4199040
4208348 4208805
4274376 4275508
4299458 4300308
4310929 4311586
4313714 4316794
4319098 4319989
4332234 4332841
4361854 4394617
4430066 4435103
4484894 4505428
4536297 4537515
4540706 4544815
