Ecoli_0914_Taxon015_
1 99
1967 2221
4366 4931
5917 6319
8194 8289
12340 12674
13409 14403
15921 16041
16582 17218
17759 18258
19227 20068
20904 21559
25753 26269
27679 28131
30875 32134
32902 33381
35056 35531
36381 37453
41363 41573
42687 43130
45310 46203
50617 50677
56870 57216
60700 61332
63093 63692
65880 66075
67201 67647
75154 75433
77556 77721
80190 80683
81912 82521
84842 85008
89767 90027
91775 92013
93135 93314
94316 94719
97259 97605
98182 99519
105396 105841
107551 108331
109488 109824
113769 114052
115600 115920
116594 116895
117914 118196
119955 120218
120781 121025
122098 122896
124551 125000
126646 127074
127778 128253
129640 130009
131640 131768
139555 140650
141256 141441
142070 142376
144811 145080
147020 147411
149486 150386
152688 153764
155737 155935
161542 162155
162893 163092
164061 164717
165350 165771
167626 167892
169509 170282
171550 172026
174219 174299
176985 177119
181194 181372
182017 182120
184576 184836
186070 186681
187363 187426
189549 189649
191223 192151
193857 194424
199734 199942
203349 204177
205443 205551
206304 206593
207247 207885
210209 210995
212439 212709
214188 214816
215698 215968
219893 220072
220756 221260
223641 224971
226306 226426
227529 227643
234516 235301
237523 237674
242134 243413
246264 246676
249949 250050
252142 252578
256244 256512
258501 258577
260586 260839
261990 262303
263030 263329
266318 266379
268075 268435
269156 269287
270545 271025
273945 274710
276522 277084
279451 280031
280811 281401
283256 283383
285341 286434
287929 289895
290423 290502
291570 292471
294578 295151
296402 296675
297742 298503
301294 301426
302669 302939
303842 304565
305395 305475
307326 307568
314589 314785
315417 316311
321440 322176
324876 325247
326204 327539
328236 328387
332407 332568
335790 336041
338329 338466
342358 342648
344620 345091
345815 346911
347537 348533
349139 349257
351273 351729
352336 352408
353412 354200
356449 356726
357408 358000
360964 361088
361745 362946
366608 367114
368096 369349
371470 372119
373504 373561
374155 374385
375306 377201
378366 379576
382419 382498
387291 388085
388862 389598
392065 392603
394716 394988
396878 397302
398461 398639
399648 399792
404367 404525
405219 405512
406407 406464
407707 408330
411975 412238
414377 415323
416346 417044
418276 418331
419124 419459
421171 421847
427202 427380
429921 430138
437043 437320
438352 438685
439327 439723
447087 447963
449518 450119
451990 452859
463095 464074
465501 465671
467556 467874
468556 470057
472309 472431
473910 474146
478746 479382
481219 481907
482432 483038
485085 486147
488517 488628
489846 490547
492135 492645
494314 494665
497037 497522
500441 500813
502421 502681
504491 504741
505536 505863
508978 509838
514752 515096
515886 516639
519540 519659
520212 520992
522802 522901
523436 523730
526661 527176
529719 529941
530838 531047
532670 534342
539232 539565
543110 543403
544089 544586
546095 546306
547317 548415
550712 550948
552033 552798
554818 554912
555580 555815
557112 557164
558520 558804
560171 560419
561736 562076
562653 562998
565141 565425
567195 567943
568491 568634
570111 570349
571437 571617
572809 573211
575025 575691
578555 578810
583934 584704
585977 586355
588556 589503
590189 590959
592602 592852
593494 594034
596216 596893
597489 598319
599310 599591
600572 600773
602482 603006
603905 604577
605646 606190
607075 608634
609707 610684
611253 612400
612987 614116
617225 617546
619767 619835
620702 620775
621416 621698
623933 624092
624829 625249
625877 626469
627306 627574
629786 630825
633276 633444
634189 634589
635841 635927
638330 638566
639283 639680
644903 645165
646642 647995
649169 649417
652201 652708
654996 655244
655789 657304
658597 659011
662530 663090
665955 666173
666715 667384
668176 668504
669111 669734
675075 675473
676097 677401
678380 678771
680087 680528
682955 683431
684334 684630
685427 685673
687629 687699
688586 688680
690732 690816
691460 692186
694065 694938
697901 698032
699482 699583
700634 701768
703367 703531
704129 704246
704865 704944
705904 706861
707945 708012
712206 712276
712816 713207
713894 714112
714639 714890
717631 717840
719039 719248
720939 721273
721951 722199
722794 722952
726244 726420
730015 731180
734504 734840
735543 735617
737229 737842
738505 738993
740440 740925
742327 742755
745220 745509
748409 748959
752594 753035
753999 754079
756210 756276
759377 759497
762540 763297
764683 765221
766453 766532
767585 767791
770902 771398
773791 776427
777867 778529
779461 779954
783855 784231
787850 787945
788609 788984
790526 790680
794034 794230
797794 799274
799827 800012
800558 800867
802877 802975
805946 806666
809433 809833
810524 811511
813990 814222
815644 816109
817329 817578
819258 819720
820704 820950
821561 821787
822710 822879
827655 827854
829479 829576
831160 831465
839653 840247
840879 841175
841698 841922
843756 843889
844478 845930
848246 848461
851678 851960
856401 856618
859008 859268
861919 862272
863711 864302
865710 866084
867305 867398
868364 868649
869237 869333
871074 871202
872901 873346
875741 875964
879366 879693
886619 886780
888753 889618
893230 893480
896738 897697
902098 902660
903719 903931
905530 906250
908278 908612
911247 911570
918805 918998
919953 920255
921134 922436
927943 928355
930044 930249
930950 931769
935751 936009
936525 936687
937472 937664
942114 942414
945906 946497
947560 949665
950373 950553
955023 955181
956238 957580
958428 958500
959059 959542
960442 960776
962231 963649
969897 971266
973268 973358
974435 974793
976212 976722
977398 977673
978282 979868
980894 981097
983610 983796
984501 984802
986516 986588
987237 987759
989544 990158
990710 990812
992574 993234
993770 995229
998048 998123
1000051 1001999
1002872 1003155
1003773 1004978
1009181 1009277
1015151 1015882
1017494 1017694
1018338 1018635
1019186 1019688
1024063 1024279
1025984 1026213
1027032 1027530
1029579 1030077
1030908 1031164
1034004 1034431
1037113 1037249
1039166 1039341
1040407 1040478
1043780 1044498
1045666 1046012
1047561 1047613
1049931 1050204
1054054 1054217
1059130 1059184
1059749 1059816
1061252 1061492
1066811 1067174
1067781 1067969
1072163 1072268
1073115 1073904
1078154 1078583
1085295 1085406
1086725 1087328
1088848 1089129
1090662 1090872
1091416 1092174
1092945 1093620
1095041 1095413
1096755 1097228
1101028 1101171
1111705 1111844
1118731 1119127
1122085 1122273
1123319 1123502
1124194 1125051
1125602 1126076
1127719 1127963
1129965 1130070
1132096 1132717
1135393 1136146
1137699 1138279
1138842 1139467
1140226 1140722
1142290 1142783
1144336 1144577
1147618 1147778
1148316 1148685
1151090 1152147
1153745 1154299
1158893 1159372
1161061 1161253
1165014 1165329
1165936 1166292
1168571 1170286
1171846 1172229
1173354 1173622
1176922 1177602
1178535 1179518
1180357 1180847
1184503 1184802
1185671 1186114
1187627 1188104
1188702 1189060
1191860 1192174
1194195 1194380
1194955 1195237
1197389 1197998
1201675 1202888
1203601 1203728
1205461 1205801
1206327 1206519
1210812 1211248
1214038 1214507
1222565 1222851
1226009 1226076
1230189 1230494
1231488 1232072
1234587 1235210
1236787 1237353
1244283 1245272
1245834 1246521
1248826 1249624
1251340 1251499
1254702 1255115
1258958 1259680
1260834 1261036
1261545 1261785
1263991 1264520
1265079 1265802
1272440 1272873
1273792 1273886
1274667 1275379
1277226 1277579
1283634 1284163
1285278 1285755
1286755 1287072
1289215 1289771
1290678 1291000
1291749 1291931
1298572 1299575
1304091 1304261
1305915 1306214
1307569 1307847
1316011 1316149
1318142 1318406
1320966 1321641
1330498 1331258
1333607 1333828
1336390 1336722
1337777 1338032
1338742 1339768
1341224 1341551
1342363 1342665
1344204 1344448
1347301 1347559
1352179 1352398
1356312 1356685
1358064 1359379
1360630 1360862
1363107 1363183
1363735 1363985
1366395 1366509
1367999 1368111
1369264 1369500
1371656 1371847
1373803 1374498
1375648 1376524
1379578 1379696
1380406 1381082
1383229 1384362
1387776 1388019
1388575 1388945
1391310 1391516
1392020 1392919
1394482 1394966
1396660 1397240
1399769 1400872
1404888 1405707
1408343 1409047
1411684 1411970
1413386 1413469
1416255 1416764
1419313 1419937
1420767 1420989
1423417 1423840
1424752 1424911
1425443 1426439
1427314 1428239
1430528 1430595
1433472 1433753
1434347 1434428
1439264 1440048
1445331 1446014
1449206 1449790
1451186 1451502
1452122 1453969
1454693 1455014
1456642 1456834
1457342 1457633
1458377 1458958
1459769 1460163
1461000 1461291
1465387 1465612
1469140 1471107
1473632 1473863
1475596 1476861
1479003 1479840
1481629 1481747
1483600 1484211
1484939 1485016
1485817 1486737
1491281 1492173
1494957 1495623
1496282 1496524
1497131 1497341
1498793 1499599
1502653 1502898
1503997 1504121
1507149 1507554
1508152 1508373
1512306 1513011
1513934 1514013
1514747 1514968
1515516 1515593
1519840 1521311
1522639 1522789
1525102 1525231
1526596 1526809
1527558 1528246
1528839 1529075
1529738 1530611
1531761 1532192
1532923 1533419
1535166 1535354
1537199 1537550
1538373 1538608
1539834 1541007
1541765 1542641
1546513 1547090
1547707 1547832
1548452 1548697
1556197 1556627
1559802 1560197
1565083 1565449
1566908 1568445
1568996 1570367
1571543 1571607
1573251 1573614
1575924 1576749
1580272 1581083
1581796 1581948
1583353 1583575
1585954 1587061
1588044 1588986
1591101 1591203
1593832 1593998
1597423 1598264
1600337 1600445
1602092 1602222
1603146 1604065
1607066 1607901
1608972 1609253
1613625 1614124
1614824 1615325
1617182 1617477
1624615 1624832
1627474 1627696
1629143 1629297
1631943 1632264
1633369 1633733
1635112 1635444
1638793 1638853
1641530 1641757
1642744 1643123
1645441 1646397
1646971 1647255
1651513 1651612
1652174 1652479
1656328 1656566
1658672 1658791
1663844 1664216
1664734 1664913
1665537 1665853
1667390 1667884
1669235 1669393
1669990 1670294
1671426 1671863
1674448 1674576
1675159 1675452
1679453 1681176
1682316 1682760
1685700 1686118
1689801 1689866
1691973 1692055
1694130 1694729
1697313 1697616
1700324 1700631
1709758 1710565
1712437 1712707
1713904 1715297
1716631 1716709
1718103 1718410
1725026 1726610
1727990 1728167
1729201 1729805
1732499 1732639
1734139 1734572
1735785 1736601
1741100 1741409
1742802 1743087
1745427 1746094
1747134 1748578
1749452 1750466
1751469 1751897
1756620 1757026
1759427 1759824
1760727 1760799
1761981 1762331
1765462 1765690
1766799 1767644
1768500 1768701
1772304 1772499
1775675 1776073
1777201 1777390
1780234 1780317
1782960 1783467
1784150 1784950
1789220 1790043
1791431 1792006
1792511 1792701
1794971 1795418
1796057 1796246
1797101 1797290
1798135 1798348
1799054 1799303
1805330 1805915
1807320 1807421
1808695 1809129
1809850 1810089
1810847 1811352
1812324 1812494
1815539 1816240
1820626 1820971
1827233 1827431
1829230 1829281
1833204 1833265
1834140 1834401
1835018 1835177
1835689 1835772
1836406 1836517
1837605 1838072
1838941 1839245
1840105 1840347
1841084 1841173
1841700 1842773
1843430 1843779
1844345 1844655
1848704 1848779
1850637 1851155
1851821 1852090
1859271 1859976
1861528 1862140
1862799 1862952
1869374 1869818
1870939 1872314
1874898 1875241
1876622 1876748
1884081 1884622
1889811 1889983
1891625 1892148
1893094 1893821
1895066 1895481
1896861 1896999
1899474 1899814
1900869 1901722
1903258 1903446
1909828 1910949
1911631 1911944
1918218 1918387
1918981 1919275
1921140 1921450
1924480 1925530
1927377 1927657
1928708 1928775
1931901 1932967
1934261 1934660
1935821 1936139
1937997 1938182
1939095 1939233
1940486 1941222
1944614 1944982
1953282 1953616
1954612 1954662
1955805 1957178
1958312 1958529
1959674 1960347
1961198 1961861
1963405 1963646
1964909 1965237
1966517 1967206
1969942 1970221
1971853 1971945
1973232 1973480
1976163 1976380
1976967 1977024
1982949 1983284
1985305 1986206
1986952 1987137
1988119 1989090
1990856 1991458
1992461 1993900
1995216 1995563
1997112 1997872
1998375 1998655
2001035 2001214
2003275 2006186
2007812 2008369
2010273 2010694
2011875 2011927
2012450 2012634
2013504 2013640
2015923 2016144
2016729 2017080
2017981 2018185
2018969 2019129
2021483 2022078
2023149 2023287
2026588 2026678
2031370 2031948
2036061 2037081
2038326 2039663
2043777 2044030
2044677 2045453
2048024 2048883
2050824 2051293
2052418 2052727
2053333 2054266
2058732 2059057
2059720 2060943
2064390 2064840
2067245 2067824
2068683 2069430
2070069 2070801
2074280 2074532
2075161 2075244
2076758 2077675
2078520 2078991
2080514 2081575
2083182 2083595
2084117 2085203
2087102 2087283
2087855 2088168
2092316 2092441
2095089 2095388
2097850 2098238
2098853 2098916
2099833 2101417
2103515 2103692
2105969 2106348
2108002 2108830
2110672 2110803
2113501 2113819
2116615 2116698
2118570 2118797
2120057 2120165
2120859 2121201
2122430 2122922
2123584 2124149
2128016 2128346
2128917 2129353
2137046 2137283
2139433 2140406
2141618 2141910
2142447 2142916
2143528 2143638
2144779 2144974
2147002 2147751
2150453 2150791
2153242 2153484
2154509 2154641
2155627 2155924
2157119 2158215
2160995 2161300
2162833 2163028
2167274 2167924
2168745 2169313
2171633 2172062
2174162 2174217
2178021 2178889
2179497 2180244
2184810 2184954
2188131 2188340
2195836 2195904
2201388 2201587
2202167 2202593
2204929 2205454
2206780 2207068
2208902 2209035
2209616 2209928
2212222 2212716
2213393 2214416
2215494 2216870
2221285 2221406
2223233 2223602
2224862 2225149
2227483 2227757
2230852 2230909
2236731 2236997
2237926 2238208
2240169 2240537
2241817 2241872
2243163 2243604
2246412 2246603
2247362 2247588
2249076 2249295
2250298 2251122
2253150 2253684
2256404 2256476
2257386 2257593
2257779 2258053
2259262 2259694
2261147 2261513
2264471 2264962
2265889 2266523
2268289 2268472
2269218 2269303
2269980 2270253
2272466 2272745
2277300 2277360
2280124 2281319
2281973 2282240
2282813 2283278
2286665 2286995
2289436 2289697
2290458 2290563
2291125 2291280
2292789 2292966
2295923 2296902
2298534 2299118
2300793 2301860
2306152 2306414
2307599 2308080
2312651 2313178
2313959 2314080
2315334 2315386
2316462 2316673
2317640 2317755
2319377 2319737
2322602 2322837
2324195 2325798
2330736 2330990
2332160 2332627
2333279 2333561
2335504 2335878
2337514 2337910
2340241 2340503
2341321 2341923
2345449 2345771
2347091 2348411
2351034 2351498
2352834 2352934
2353522 2354490
2359930 2360309
2362485 2362609
2365145 2365234
2367385 2367707
2368733 2369222
2371593 2371699
2373684 2374144
2375030 2376580
2378439 2378535
2382608 2383340
2384932 2385165
2387374 2387653
2391906 2392465
2394498 2394742
2395910 2396153
2397259 2398371
2404050 2404311
2405468 2405628
2408796 2408884
2410605 2410948
2414083 2414467
2415456 2415525
2416950 2417060
2418810 2419310
2421826 2422834
2423337 2423529
2424555 2425255
2426561 2427170
2428679 2428816
2429409 2430788
2432115 2432238
2433073 2434113
2435376 2435867
2436408 2436510
2438219 2438680
2439323 2439699
2442586 2443317
2444524 2445277
2449098 2449154
2450785 2451866
2452378 2452559
2453635 2453708
2454471 2454756
2456039 2456355
2458838 2459023
2459883 2460267
2462149 2462266
2462859 2462913
2464996 2465587
2466112 2466392
2466938 2467282
2473131 2473754
2474475 2474887
2476651 2477095
2477638 2478095
2479086 2479387
2480151 2481007
2482108 2482234
2485189 2485317
2488519 2488861
2490595 2490870
2492615 2492969
2494393 2496776
2498265 2498820
2500563 2502666
2504673 2504754
2506497 2506733
2507657 2508067
2509470 2510507
2514757 2514816
2515718 2516409
2516965 2517269
2518056 2519058
2520068 2522286
2525971 2526529
2527989 2528169
2528863 2529433
2533017 2533732
2538008 2538104
2541025 2541550
2547411 2547510
2549948 2550152
2552923 2554160
2554987 2555760
2558038 2558978
2561163 2561266
2565023 2565164
2571488 2572903
2575087 2575559
2578785 2579194
2583030 2583924
2586172 2586269
2586791 2587177
2589856 2590100
2590928 2591448
2592186 2592413
2595787 2595926
2597212 2597444
2598059 2598413
2601495 2601705
2603604 2604065
2606578 2606642
2607385 2608045
2610525 2610732
2611746 2612036
2612779 2612871
2613482 2613955
2615380 2615486
2617820 2618496
2624508 2625642
2626575 2626678
2628827 2628952
2630388 2630617
2636344 2636602
2638326 2638745
2639565 2639694
2640512 2640849
2641459 2641833
2643923 2644150
2645029 2645243
2645823 2646213
2646793 2647025
2647598 2647747
2649371 2649623
2650234 2650510
2652483 2652581
2653792 2653904
2654719 2654905
2658093 2658823
2659492 2659612
2661353 2661514
2663601 2663690
2664984 2665390
2665984 2666326
2667486 2667675
2668481 2668548
2671158 2671404
2672471 2673665
2681456 2682003
2683992 2684973
2686219 2686299
2686991 2687111
2689291 2689953
2691317 2692526
2695926 2696176
2697698 2698162
2698782 2698834
2701805 2702359
2703243 2703534
2705534 2706347
2707724 2708291
2710619 2710901
2712714 2713051
2718179 2719273
2721816 2721903
2722663 2724193
2727870 2728115
2731182 2731374
2732921 2733458
2734707 2735279
2738041 2738188
2738896 2739167
2739797 2740188
2745056 2745331
2746213 2746654
2747318 2747922
2749072 2750200
2750735 2751671
2753957 2754138
2756226 2756903
2759950 2760082
2763539 2764261
2768470 2768707
2770030 2770403
2777900 2778091
2779180 2779635
2782945 2783163
2783681 2783890
2784427 2784642
2785796 2785983
2788478 2789326
2789867 2790106
2792051 2792345
2793969 2794427
2796259 2797169
2800879 2801663
2802428 2803328
2806108 2806363
2807395 2807644
2815153 2815385
2818436 2819042
2819664 2819854
2820827 2821347
2823692 2823835
2824611 2825308
2829823 2830095
2832986 2834172
2835509 2836608
2837598 2840111
2841615 2842204
2846006 2846373
2846977 2847310
2854067 2854766
2855532 2855980
2858369 2859290
2859900 2860018
2863004 2863599
2864275 2865065
2866158 2866402
2867118 2867620
2868222 2868399
2869170 2869413
2870253 2870447
2872742 2873311
2874283 2874517
2876283 2877018
2878411 2878952
2881685 2881850
2884906 2885216
2886795 2887049
2889681 2889846
2891220 2891467
2896998 2897216
2898193 2898369
2900679 2900854
2901767 2902194
2903509 2905072
2905732 2906016
2907370 2907571
2908701 2909331
2910898 2911217
2912101 2912597
2914737 2915292
2915949 2916156
2917602 2917877
2919110 2919295
2920317 2920559
2923756 2923903
2924790 2924898
2926501 2926588
2931710 2932289
2933552 2933634
2934697 2934962
2935544 2937315
2938626 2938704
2940442 2940622
2941220 2941489
2942849 2943230
2944058 2944283
2945793 2946153
2947483 2947723
2948976 2949411
2950430 2950939
2951725 2951806
2952387 2952441
2954380 2955347
2956654 2957440
2963231 2963367
2964138 2964439
2965192 2965529
2968540 2968729
2971947 2972491
2974293 2975473
2985904 2987290
2993288 2993785
2995554 2996267
2998071 2998297
3001362 3001791
3002360 3002469
3005256 3005386
3007761 3008068
3009096 3009223
3012550 3012767
3020462 3021238
3021961 3022062
3022603 3024677
3025436 3026356
3027959 3028264
3032339 3032956
3035067 3036071
3037386 3037764
3041667 3041786
3043126 3044101
3044816 3045431
3046871 3048122
3049227 3049678
3053110 3053541
3057516 3057698
3058209 3058704
3059734 3059839
3060411 3060902
3062038 3062900
3063554 3063624
3065613 3066510
3067977 3068966
3071389 3071952
3075010 3075467
3078757 3079380
3080951 3082007
3082946 3083291
3085680 3086619
3088375 3088621
3090848 3091546
3092074 3092691
3096676 3097442
3106363 3106695
3113239 3113492
3115177 3116137
3116707 3116994
3119514 3119582
3122892 3123225
3124524 3125864
3127338 3127506
3129615 3129825
3130684 3131742
3133106 3133375
3141589 3141765
3147273 3147638
3151526 3151675
3155217 3155474
3156000 3156334
3159705 3160331
3161336 3161459
3164069 3164985
3166771 3167087
3167717 3168093
3168775 3168967
3176009 3176391
3177695 3177947
3179100 3179232
3184205 3184966
3186310 3186447
3188609 3190571
3191155 3191376
3196168 3196240
3196830 3197325
3197929 3198465
3199048 3200008
3207281 3208302
3210313 3210566
3211235 3211636
3212870 3213054
3214054 3214836
3215891 3216661
3222182 3222286
3223141 3223309
3224978 3225360
3225861 3226062
3227134 3227297
3231984 3232084
3232715 3232791
3233393 3233514
3234162 3234432
3235163 3235560
3237144 3237344
3239544 3239714
3242184 3242799
3243976 3244185
3247456 3248009
3248634 3249464
3250191 3250281
3254500 3255019
3256802 3257942
3259190 3259435
3260581 3260692
3263015 3264074
3264813 3265940
3266918 3267027
3267541 3268072
3272075 3272600
3273792 3274490
3278362 3279933
3280500 3281170
3286491 3286757
3288012 3288325
3289658 3289846
3293419 3293567
3297981 3298892
3301508 3301737
3304778 3305364
3308792 3309059
3310833 3311215
3312777 3313139
3316782 3316920
3320360 3320802
3323101 3323721
3327809 3328818
3330016 3330164
3331828 3331893
3332530 3332678
3335726 3336943
3337692 3337835
3338440 3338684
3345987 3346164
3347119 3347833
3348982 3349048
3350435 3350547
3352597 3352978
3359405 3360140
3362677 3363036
3364374 3365327
3366123 3366440
3367927 3368103
3369153 3369594
3374679 3375015
3377652 3378807
3381267 3382221
3384641 3384795
3385428 3386277
3387650 3388125
3388839 3389111
3390717 3390817
3393090 3394119
3394654 3394866
3396737 3397188
3398667 3398931
3400971 3402042
3404075 3404312
3404981 3405717
3407409 3407689
3408989 3409053
3413793 3414704
3416157 3416584
3418701 3419400
3420997 3421204
3422700 3422760
3425481 3425657
3426315 3426606
3427250 3427396
3428144 3428480
3430690 3430816
3432078 3432670
3433343 3433595
3434255 3434358
3435443 3436479
3437339 3438714
3443545 3443775
3444988 3445143
3446578 3446704
3447665 3447862
3448993 3449883
3452504 3452625
3455364 3456493
3457366 3458045
3459320 3459608
3461047 3461114
3463192 3463382
3463959 3464166
3466649 3466728
3468202 3468414
3477149 3478217
3479675 3479966
3481146 3481219
3481735 3482145
3482714 3482882
3484409 3484690
3486263 3487363
3489392 3489547
3493492 3493951
3495853 3497008
3497658 3499230
3501412 3501751
3502965 3503226
3504213 3504369
3509380 3510448
3512507 3512860
3515852 3516753
3517690 3519289
3520939 3521012
3521780 3522266
3522853 3522973
3523794 3523881
3524649 3524706
3526262 3526572
3527149 3527290
3530188 3530894
3531776 3532816
3538857 3539014
3540086 3540308
3540870 3541073
3546106 3546368
3547002 3547683
3553415 3554565
3558802 3558978
3561502 3561583
3562896 3563169
3567307 3567597
3568391 3569118
3570081 3570712
3571231 3571295
3571911 3572087
3574749 3575800
3579894 3580331
3581117 3581970
3582811 3584418
3585139 3585343
3589528 3589910
3593221 3594405
3596193 3597879
3600442 3600588
3604851 3605157
3607989 3608569
3611694 3612237
3619650 3620045
3620707 3621091
3622095 3622698
3624627 3624740
3626478 3626617
3628656 3628773
3629385 3629470
3631563 3632351
3634454 3634996
3637513 3637889
3638774 3639285
3641229 3641632
3643234 3643566
3644770 3645125
3647554 3647894
3650190 3650292
3651901 3652516
3655441 3655731
3659981 3660227
3660831 3661067
3662505 3662822
3663335 3663636
3665478 3665805
3666700 3667112
3668521 3668906
3670384 3670653
3671467 3671889
3674012 3674560
3682685 3683450
3685071 3686065
3687081 3687816
3688978 3689697
3690378 3691770
3694118 3694662
3697958 3698755
3700475 3700705
3701240 3701416
3701948 3702605
3703543 3703828
3705460 3705580
3706086 3706340
3709251 3709376
3710489 3711063
3713753 3713937
3721372 3721712
3723791 3724975
3727094 3727525
3732454 3733861
3735068 3735535
3738304 3738371
3739783 3740789
3742574 3743055
3744514 3744594
3747515 3747643
3750173 3750663
3752032 3752577
3754232 3754876
3755558 3756018
3757767 3758159
3759717 3759891
3762789 3762931
3766636 3766754
3767750 3768006
3769078 3769362
3774389 3774632
3775247 3775996
3779682 3779738
3782726 3782839
3786122 3786515
3787346 3787595
3788763 3788973
3789496 3789863
3794469 3794533
3795538 3795787
3797004 3797478
3801552 3801737
3805339 3805452
3806134 3807175
3810715 3811481
3815859 3815925
3816462 3816651
3818276 3818573
3820416 3820789
3822811 3823092
3825030 3825325
3826097 3826804
3828268 3828463
3829085 3829629
3830402 3831480
3832125 3833027
3833920 3834285
3845451 3845996
3847991 3849450
3850705 3850944
3851820 3852784
3854045 3854783
3855962 3856227
3859218 3859896
3860677 3861033
3862709 3863149
3866299 3866506
3868170 3868929
3870020 3870528
3871515 3871767
3872426 3872888
3874962 3876294
3878705 3878883
3881929 3883771
3888324 3888564
3893235 3893818
3896154 3896223
3898324 3898708
3903833 3904036
3910600 3910687
3913361 3913653
3914605 3914883
3916315 3917234
3921922 3922948
3927264 3927343
3928219 3928385
3928960 3929108
3930034 3930222
3936675 3936958
3941873 3942214
3944338 3944812
3945657 3946089
3952408 3952592
3956818 3956982
3957580 3957822
3958902 3959856
3961053 3961138
3963732 3964611
3969321 3969819
3971629 3971699
3974930 3975189
3976351 3976454
3977302 3977608
3978930 3979187
3980555 3980808
3982272 3983081
3983801 3984054
3986244 3986849
3988942 3989555
3990156 3990318
3992427 3992625
3995659 3995771
3998921 3999567
4002878 4003067
4006808 4006934
4008241 4008317
4009823 4009939
4011521 4011624
4015434 4015781
4017573 4018237
4020330 4020798
4023459 4024009
4025005 4025284
4026088 4026353
4026968 4027753
4030318 4030540
4031788 4033545
4035840 4036074
4038194 4038362
4039787 4041158
4042606 4042657
4043740 4044007
4047946 4048219
4048915 4049569
4051693 4052824
4056106 4056166
4056867 4057103
4057751 4058410
4062163 4062479
4066581 4067008
4068696 4069567
4071904 4071961
4075282 4075597
4076195 4076642
4078900 4080842
4081941 4082027
4084237 4084699
4085749 4087232
4089588 4090185
4092477 4092993
4095319 4095533
4096383 4097124
4098778 4098883
4099417 4099508
4100438 4100518
4101380 4101518
4104588 4105744
4107500 4107598
4109883 4109945
4110461 4111635
4112226 4112287
4113215 4113339
4115587 4115850
4116404 4116516
4117426 4118382
4119568 4121245
4121764 4121832
4122796 4122963
4130052 4130505
4135842 4135978
4136842 4137005
4137930 4139141
4140229 4140404
4144690 4145784
4148961 4149502
4152215 4152315
4159149 4159744
4164951 4165063
4165620 4165711
4169195 4169929
4170669 4171516
4174132 4174709
4176648 4176987
4178413 4178932
4179977 4180245
4183389 4183920
4185721 4185803
4186945 4187116
4187734 4187805
4190799 4191194
4192900 4193058
4194249 4194521
4195087 4196110
4199623 4200623
4203156 4203217
4206090 4207105
4207798 4208173
4211688 4211780
4217784 4218546
4220315 4220543
4223302 4223423
4225460 4225712
4230143 4230226
4231023 4231697
4233808 4235245
4236494 4236781
4237539 4237591
4240508 4240609
4245991 4246073
4246913 4247210
4247806 4247895
4249320 4249597
4250716 4251798
4254900 4255066
4256168 4256591
4257129 4258350
4259936 4260061
4261296 4261588
4262846 4262912
4263438 4263618
4267032 4267697
4268390 4268921
4273561 4273621
4275996 4276278
4277553 4277985
4282209 4282320
4284101 4286754
4288699 4288958
4289502 4289888
4290649 4290934
4291587 4291934
4293772 4293911
4297225 4298000
4305396 4305762
4307703 4308555
4309205 4309941
4315117 4315414
4319346 4320256
4321544 4321597
4325820 4326147
4331422 4331711
4332620 4332900
4334103 4334924
4336998 4337675
4344930 4345216
4350621 4350799
4351916 4352215
4354786 4354980
4360021 4360725
4364901 4364976
4368333 4368620
4371200 4371400
4376383 4377473
4385555 4385718
4387381 4387489
4388976 4390180
4392456 4392894
4397206 4398328
4399002 4399086
4401200 4401272
4402071 4402842
4405127 4405260
4408669 4409050
4412192 4412972
4414256 4415803
4418821 4419574
4424218 4425152
4429569 4430056
4431710 4432543
4441601 4442118
4444490 4445303
4449305 4449898
4450414 4450948
4451679 4452009
4452796 4452963
4455742 4456741
4457457 4458120
4459144 4459778
4462400 4462686
4463188 4463404
4466582 4468239
4469343 4469900
4470450 4470499
4475379 4475571
4476576 4476780
4478990 4479691
4482097 4482286
4485050 4485138
4486713 4488174
4490700 4491636
4499483 4500389
4501360 4501498
4502681 4502955
4506342 4506553
4508822 4509772
4510383 4510487
4511151 4511445
4512920 4513358
4514292 4514385
4515754 4516693
4519857 4520689
4523051 4523108
4523901 4523969
4525026 4525265
4525931 4525997
4527849 4528121
4532303 4532644
4533488 4533756
4535019 4535251
4536813 4539772
4542460 4543940
4545811 4546344
4550467 4551219
4552013 4552339
4553808 4554627
4556681 4557076
4559902 4560383
4561432 4561847
4562476 4562801
4563750 4563972
4566037 4566285
4567163 4568936
4572358 4572683
4577410 4577726
4578315 4580090
4581101 4581164
4581702 4581930
4582596 4583376
4583910 4584462
4585062 4585392
4587215 4589822
4590685 4592046
4592918 4593401
4595745 4596029
4597013 4598346
4601165 4601426
4602505 4602803
4605189 4605521
4606053 4606559
4612602 4613458
4615447 4615792
4617760 4619183
4620167 4621359
4622186 4622426
4624731 4624914
4625625 4625828
4628673 4628974
4630769 4631394
4634328 4635477
4636429 4637265
4640370 4640845
4641520 4641652
