gi_556503834_ref_NC_000913.3_
5369 5436
15938 16243
19895 20132
20366 20470
23340 23414
50827 50878
108470 108548
142177 142263
147222 147277
153765 153820
185751 185818
215526 215591
223564 223624
223739 223838
224931 224982
225215 226638
227656 227819
228253 228650
232272 232339
257961 258477
270702 270755
270971 271195
271479 271662
279262 279907
290450 291304
362742 362821
374507 374570
391909 392873
402217 402269
515317 515561
547143 547232
552586 552664
566870 567757
574685 575760
580335 580469
581126 581240
586486 586590
589539 589606
608106 609252
623623 623690
643082 643132
658106 658174
659228 659307
673000 673066
676070 676145
687945 688972
693121 693173
730406 730523
732202 732459
732828 732965
733218 733382
734273 734358
734574 734733
736482 736571
744093 744157
754820 754884
788152 788225
807516 807608
834112 834175
874068 874343
925371 925420
938041 938105
1045853 1045923
1049927 1050532
1094340 1095306
1097060 1097560
1138313 1138366
1225876 1225939
1292672 1292729
1299593 1300600
1312231 1312314
1395187 1395249
1396132 1397144
1409619 1409874
1432565 1432873
1433096 1433396
1433667 1433749
1434073 1434247
1468008 1470269
1495461 1495544
1528426 1529075
1531657 1531731
1531990 1532060
1552788 1552913
1562896 1562948
1570675 1571703
1585088 1585140
1632960 1633968
1634197 1634923
1636732 1636793
1643907 1643962
1649311 1649378
1650917 1651524
1682336 1682524
1706953 1707021
1713354 1713431
1741551 1741612
1797404 1797643
1810752 1810847
1825438 1825535
1862243 1862343
1932925 1932984
1978602 1979171
2014510 2014569
2021947 2022037
2045673 2045731
2066275 2066670
2066939 2067220
2069039 2070069
2101845 2102849
2130918 2130994
2170268 2171177
2174054 2174137
2203168 2203245
2210656 2210715
2234488 2234557
2289015 2290093
2296378 2296458
2304460 2304572
2358816 2358885
2362691 2362743
2405850 2405931
2408002 2408057
2452111 2452189
2454815 2454896
2459346 2459420
2463197 2463251
2514372 2515519
2521352 2521421
2575990 2576062
2582051 2582139
2597732 2597812
2627341 2627474
2643200 2643284
2644600 2644664
2649679 2649757
2663396 2663452
2689308 2689359
2714530 2714579
2722734 2722937
2726131 2727298
2727547 2727685
2728618 2729148
2729561 2729834
2730094 2730850
2731178 2731372
2732002 2732054
2742670 2742751
2748059 2748119
2759993 2760077
2803302 2803378
2811910 2811984
2825248 2825305
2831334 2831385
2864822 2864899
2994287 2994384
2996458 2997595
3018611 3018706
3028490 3028582
3042256 3042325
3072344 3072426
3104117 3104175
3117709 3117777
3130177 3131247
3132949 3133030
3167926 3167988
3169743 3169805
3183828 3183881
3186194 3187376
3200634 3200705
3232152 3232225
3244884 3245023
3270161 3270230
3280225 3280297
3306589 3306672
3355869 3355962
3365848 3366656
3367881 3367955
3378545 3378658
3423297 3423528
3423761 3424631
3424935 3428895
3449631 3449707
3467895 3467995
3470732 3471095
3476128 3476186
3508045 3508122
3516382 3516442
3521341 3521393
3524969 3525040
3537020 3537091
3583579 3584100
3590462 3590540
3591519 3591585
3599577 3599632
3610630 3610701
3619594 3619821
3620166 3620392
3620650 3621147
3621698 3622199
3622469 3622624
3624693 3624870
3638356 3638416
3652129 3653137
3677818 3677964
3695313 3695377
3697832 3697916
3716173 3716273
3762335 3765253
3765473 3765550
3765769 3765828
3767319 3767368
3808732 3808820
3827385 3827438
3839093 3839170
3888189 3888251
3930162 3930236
3941739 3943534
3944139 3946923
3956542 3956642
3985848 3985942
4014061 4014155
4023041 4023092
4035264 4038511
4038824 4040746
4041467 4041519
4065384 4065518
4132827 4132881
4142593 4142650
4157721 4157780
4166380 4168121
4168355 4171866
4176641 4177010
4186614 4186675
4208091 4209531
4209783 4213067
4223122 4223199
4224001 4224075
4231901 4232079
4252503 4252557
4278292 4278368
4296160 4296351
4311902 4311966
4325941 4326271
4353963 4354056
4369008 4369064
4386065 4386119
4391311 4391380
4416464 4416563
4460519 4460668
4468963 4469099
4471780 4471838
4472719 4472774
4481473 4481593
4481927 4481998
4483070 4483162
4498392 4499465
4507557 4508622
4521371 4521446
4523118 4523168
4607394 4607475
4614825 4614889
