gi_556503834_ref_NC_000913.3_
16400 16623
17082 17212
20370 20673
21613 21671
29311 29409
35618 35685
37655 37746
42540 42602
42803 42894
44761 44858
47620 47679
50199 50279
54964 55216
58954 59018
66256 66365
69443 69549
76301 76393
81685 81745
82585 82681
84292 84362
87779 87878
89900 89996
100033 100372
102281 102363
103219 103339
103695 103840
104307 104382
121059 121185
125042 125135
136336 136485
147347 147457
155029 155111
155921 156015
161625 161694
162269 162458
171622 171752
172396 172482
175582 175643
199655 199728
202443 202501
203741 203821
213189 213348
213949 214091
218603 219015
223716 223809
225458 225590
225836 226312
226935 226992
228634 228986
231125 231219
235986 236047
239358 239571
244749 245016
248858 249056
252589 252639
257567 257678
257992 258577
267869 267920
269671 269724
270610 270691
271319 271720
272447 272517
272903 272988
273415 273536
279660 279932
282012 282107
282410 282524
290465 290545
290790 291304
292225 292328
294290 294373
294629 294730
297652 297817
302274 302503
323827 323899
341783 341934
346597 346733
346985 347093
349756 349826
357503 357675
369759 369839
372160 372223
374149 374210
376338 376475
377508 377557
379587 379675
389778 389874
391902 392710
394654 394707
399657 399740
401595 401793
403730 403813
407797 407847
410171 410260
416773 417007
420536 420585
422216 422272
423373 423594
433839 433900
434898 434970
436380 436468
447187 447299
452933 453044
454111 454415
455972 456171
457405 457466
461722 461943
463408 463481
466551 466607
468041 468115
469458 469511
472952 473022
476077 476141
476416 476502
479347 479507
480237 480292
482803 483060
488597 488670
493355 493436
494796 494887
497297 497620
503711 503842
506453 506571
510237 510303
511835 511939
517397 517473
520049 520202
523641 523708
526193 526255
527411 527513
536198 536353
540976 541070
542668 542734
543392 543463
552979 553062
554992 555200
555420 555610
561717 561773
563804 563892
566870 567939
569337 569417
574630 575527
578167 578327
580439 580546
580931 581059
581392 581449
583882 583952
585282 585362
587881 587939
589531 589594
601499 601551
603099 603157
608106 609252
622873 623005
623746 623866
637430 637540
638315 638435
647207 647258
650383 650514
652331 652455
653179 653275
656318 656612
659828 659920
662108 662164
662852 662916
665523 665621
666250 666317
675923 676000
676417 676556
681887 681979
682268 682430
687922 688985
690428 690811
695218 695289
697299 697378
699329 699381
705931 705985
708271 708569
709977 710059
711993 712064
713626 713723
720462 720640
730065 730310
731110 731287
732089 732862
733847 734001
734494 734803
735040 735099
736832 737277
738608 738657
740371 740439
743067 743119
748629 748726
752593 752720
753611 753665
766973 767108
770755 770848
771846 771934
774472 774567
778023 778107
781240 781298
781676 781745
782478 782563
787069 787121
792508 792578
793174 793350
794763 794893
795773 795966
796392 796454
799829 799915
800799 800971
805568 805621
806039 806160
816912 817038
823696 823794
828687 828859
830334 830526
846240 846327
848806 848879
859764 859840
872860 872961
876241 876333
876921 876990
881384 881440
883581 883662
891115 891205
897243 897340
900768 901030
910548 910672
925166 925306
927949 928017
943124 943373
954735 954830
961307 961369
964896 965064
968331 968424
971661 971808
976213 976516
977558 977610
985130 985211
990886 991121
991329 991656
996570 996795
1001685 1001749
1005334 1005469
1008637 1008705
1010216 1010354
1014229 1014399
1014631 1014805
1017444 1017505
1019411 1019806
1024617 1024740
1025873 1025948
1034034 1034085
1037482 1037597
1040707 1040775
1045016 1045129
1047147 1047239
1049892 1050477
1056376 1056449
1057279 1057427
1059824 1059913
1060574 1060638
1069903 1069989
1071076 1071130
1071622 1071677
1073177 1073253
1074886 1074952
1085234 1085290
1088548 1088633
1089500 1089691
1094276 1095404
1097060 1097151
1103851 1103928
1104147 1104551
1105826 1105919
1108229 1108290
1109225 1109397
1115790 1115853
1119337 1119403
1120129 1120216
1122518 1122653
1123643 1123762
1137425 1137533
1139453 1139803
1147909 1148170
1148975 1149039
1149857 1149939
1150209 1150413
1151239 1151386
1153839 1153934
1156213 1156450
1157731 1157809
1161886 1161944
1163586 1163674
1166843 1166894
1172231 1172406
1172782 1173052
1179745 1179866
1181313 1181508
1183784 1183859
1188578 1188730
1192307 1192394
1194545 1194624
1195946 1195999
1202167 1202324
1207960 1208021
1214541 1214692
1223128 1223228
1223867 1224156
1225742 1225793
1231815 1231989
1232666 1232754
1237689 1238059
1242868 1242937
1248910 1248976
1250493 1250565
1250982 1251080
1256153 1256356
1260292 1260383
1266662 1266743
1268642 1268741
1269128 1269390
1270207 1270357
1273947 1274008
1282815 1282887
1283943 1284036
1285186 1285244
1288408 1288558
1296067 1296177
1297946 1298017
1299593 1300632
1302493 1302554
1311230 1311279
1314065 1314133
1315399 1315468
1320575 1320645
1346641 1346763
1348523 1348634
1351632 1351714
1362721 1362799
1380084 1380164
1396157 1397158
1401754 1401805
1413417 1413469
1419580 1419654
1419899 1419950
1421113 1421195
1423280 1423400
1424456 1424535
1431978 1432085
1432636 1432900
1433353 1433534
1433928 1434316
1439137 1439216
1441591 1441703
1442655 1442733
1445644 1445715
1451602 1451660
1451923 1451995
1453317 1453412
1454133 1454209
1460620 1460678
1461459 1461557
1464582 1464655
1465312 1465395
1466523 1466756
1467581 1467648
1467977 1469144
1469416 1470307
1473255 1473336
1475385 1475465
1478204 1478276
1483272 1483358
1487675 1487757
1492143 1492220
1496202 1496326
1499819 1500021
1503846 1503945
1504544 1504595
1508993 1509082
1510086 1510176
1518129 1518237
1526766 1526816
1528145 1528242
1528352 1529075
1531804 1532545
1534407 1534501
1535799 1535854
1541137 1541216
1541936 1541994
1551695 1551806
1552312 1552505
1553655 1553722
1558641 1558762
1559278 1559543
1569339 1569409
1570309 1570392
1570769 1571152
1572179 1572420
1575511 1575577
1579994 1580050
1582937 1583030
1589144 1589304
1592649 1592752
1601792 1601890
1607841 1607914
1609206 1609292
1610374 1610543
1627382 1627746
1628177 1628232
1633142 1633968
1634171 1634893
1636208 1636304
1636732 1636793
1643669 1643761
1644955 1645016
1651002 1651313
1653977 1654115
1668922 1668985
1688984 1689037
1699797 1700187
1709769 1709892
1712128 1712278
1712606 1712676
1720658 1720750
1721764 1721922
1726280 1726357
1731638 1731748
1741506 1741556
1742818 1742899
1746376 1746443
1752715 1752814
1753109 1753349
1756863 1756934
1763460 1763510
1766212 1766462
1770328 1770382
1772839 1772910
1774075 1774268
1777662 1777821
1779415 1779547
1784530 1784608
1787538 1787591
1793450 1793513
1795909 1796150
1803596 1803645
1804812 1804998
1807807 1808025
1811707 1811792
1816095 1816261
1816492 1816587
1816926 1817044
1821029 1821154
1821873 1822319
1825857 1825978
1830713 1830807
1841278 1841464
1855005 1855206
1867966 1868033
1869068 1869169
1871228 1871324
1877741 1877835
1878094 1878172
1879920 1879998
1893993 1894062
1897053 1897188
1899699 1899795
1901288 1901399
1908585 1908730
1918855 1918913
1940289 1940355
1943492 1943620
1946070 1946155
1950032 1950153
1953293 1953388
1958728 1958830
1962532 1962609
1972482 1972706
1976388 1976460
1977144 1977272
1977944 1977993
1978601 1979171
1983401 1983470
1985087 1985144
1987198 1987276
1999751 1999848
2003252 2003358
2008221 2008334
2009005 2009182
2010109 2010181
2026446 2026496
2029716 2029769
2042564 2042647
2044360 2044554
2052556 2052610
2053484 2053560
2058708 2058816
2064295 2064393
2066215 2067200
2069017 2070013
2072468 2072633
2073051 2073130
2076668 2076757
2082609 2082699
2094833 2094899
2095577 2095880
2097054 2097129
2100794 2100862
2102012 2102866
2104235 2104423
2116990 2117082
2119838 2119895
2120571 2120658
2125725 2125785
2131939 2132019
2132670 2133008
2133892 2133977
2140716 2140771
2149371 2149534
2151761 2151825
2158869 2158929
2162547 2162643
2165375 2165445
2167537 2167590
2170268 2171329
2176154 2176381
2178314 2178458
2179511 2179586
2180133 2180259
2182998 2183096
2186212 2186305
2188696 2188808
2190339 2190460
2199363 2199417
2201361 2201421
2204912 2204972
2213553 2213628
2215730 2215783
2221608 2221758
2222088 2222183
2223076 2223160
2225849 2225937
2227129 2227216
2227944 2228002
2229283 2229340
2238161 2238217
2239363 2239487
2246314 2246379
2257652 2257747
2259121 2259333
2269084 2269143
2272330 2272395
2273725 2273901
2274438 2274508
2275289 2275362
2278569 2278857
2283198 2283378
2285520 2285577
2289041 2290081
2293190 2293278
2296053 2296116
2302656 2302717
2303948 2304029
2304499 2304600
2304848 2304913
2305276 2305417
2310773 2310886
2312030 2312114
2317984 2318039
2320229 2320393
2324450 2324583
2326575 2326697
2339667 2339752
2342470 2342526
2346586 2346722
2353634 2353829
2360596 2360646
2362222 2362310
2368851 2368933
2378501 2378567
2381717 2381771
2395647 2395835
2402861 2402953
2407444 2407517
2413427 2413795
2420286 2420386
2423517 2423594
2440678 2440777
2441911 2441965
2444701 2444793
2446816 2446903
2451158 2451393
2451898 2451968
2455868 2456092
2458957 2459085
2459835 2459927
2466888 2466984
2468529 2468606
2470898 2471075
2471353 2471452
2472541 2472623
2474025 2474184
2474866 2474943
2480351 2480413
2481437 2481514
2483447 2483525
2484367 2484436
2485502 2485571
2500613 2500716
2501644 2501801
2502208 2502305
2503866 2503954
2504251 2504756
2512316 2512372
2513733 2513816
2514286 2515604
2516477 2516554
2521352 2521540
2529189 2529326
2531396 2531490
2536296 2536371
2547268 2547323
2552522 2552745
2560982 2561031
2563741 2563811
2564249 2564449
2570412 2570538
2578453 2578653
2583304 2583635
2592201 2592252
2595963 2596120
2596369 2596420
2600539 2600662
2602640 2602712
2603324 2603424
2604283 2604350
2621185 2621281
2624067 2624165
2627021 2627088
2627513 2627590
2633039 2633145
2636988 2637069
2640859 2641035
2647280 2647346
2651771 2651831
2652072 2652154
2656410 2656496
2657641 2657709
2661054 2661178
2670380 2670441
2673533 2673607
2674410 2674481
2675609 2675670
2677579 2677629
2680044 2680103
2686799 2686855
2688429 2688515
2691681 2691812
2704747 2704796
2707717 2708001
2715077 2715144
2716587 2716683
2717391 2717457
2723009 2723143
2724279 2724352
2726293 2727925
2730272 2730850
2731156 2731494
2732204 2732269
2744387 2744470
2750949 2751040
2756098 2756209
2759990 2760043
2762776 2762856
2766249 2766482
2767270 2767350
2768613 2768686
2772315 2772367
2780708 2780786
2781685 2781821
2783346 2783437
2785976 2786231
2786522 2786705
2794204 2794309
2798257 2798404
2803149 2803311
2804483 2804637
2807154 2807295
2809729 2809793
2812531 2812602
2812938 2813020
2814372 2814423
2816868 2816950
2849690 2849760
2850349 2850548
2851741 2851985
2861002 2861139
2868056 2868143
2870074 2870169
2872158 2872263
2874474 2874740
2877673 2877772
2878449 2878503
2881264 2881379
2881760 2881849
2894553 2894767
2899434 2899703
2901354 2901418
2902133 2902205
2905054 2905143
2912735 2912792
2917409 2917479
2919726 2919787
2924849 2924950
2925476 2925568
2926478 2926760
2940377 2940452
2940925 2940975
2946660 2946737
2947716 2948070
2953060 2953164
2958096 2958149
2962387 2962538
2963678 2963764
2964257 2964419
2969704 2969801
2972637 2972700
2983393 2983469
2984061 2984172
2988616 2989084
2993085 2993197
2996458 2997595
3005806 3005891
3007824 3007890
3013619 3013687
3016255 3016369
3016917 3016998
3021271 3021362
3027170 3027415
3028938 3028998
3033711 3033781
3035523 3035673
3044650 3044713
3053582 3053648
3060167 3060258
3063302 3063504
3064206 3064266
3085776 3085849
3089137 3089209
3091253 3091357
3100263 3100338
3104737 3104837
3107592 3107656
3112790 3112950
3114339 3114413
3115794 3115864
3117475 3117684
3119787 3120121
3128713 3128831
3130313 3131261
3138302 3138375
3139701 3139793
3145858 3146303
3149336 3149458
3149985 3150062
3154278 3154521
3158542 3158666
3168019 3168136
3176644 3176744
3177310 3177509
3179784 3179910
3181570 3181670
3183800 3183889
3186194 3187196
3189152 3189230
3191262 3191369
3202377 3202454
3206481 3206550
3206771 3207092
3209301 3209458
3210921 3211153
3212645 3212719
3216962 3217079
3219974 3220073
3222463 3222716
3229562 3229642
3232387 3232511
3236150 3236595
3241689 3242043
3242798 3242892
3244554 3244798
3256005 3256064
3257724 3257825
3262226 3262311
3263735 3263841
3266254 3266325
3271545 3271667
3294945 3295058
3306868 3307013
3314214 3314349
3326958 3327061
3340469 3340801
3343111 3343195
3347386 3347445
3349650 3349714
3353241 3353340
3354523 3354644
3357153 3357265
3360446 3360684
3364709 3364795
3365797 3366693
3375787 3375872
3383815 3383898
3387741 3387838
3389530 3389595
3405167 3405499
3408017 3408120
3411947 3412117
3415639 3415696
3418738 3418794
3419081 3419384
3421116 3421306
3421780 3421845
3423761 3428899
3430763 3430852
3433291 3433368
3437244 3437393
3438517 3438758
3444783 3444855
3445794 3445920
3448910 3448986
3456492 3456575
3460348 3460401
3463297 3463395
3463859 3463920
3480879 3480975
3481780 3481908
3488736 3488993
3493930 3494048
3502239 3502304
3504536 3504651
3506961 3507239
3508073 3508133
3553735 3553903
3556241 3556374
3563492 3563552
3568476 3568539
3571837 3571888
3579685 3579770
3583526 3584100
3586797 3586865
3595490 3595692
3604346 3604409
3611265 3611345
3620107 3620229
3620969 3621178
3621754 3622287
3624425 3624481
3624721 3624933
3625152 3625413
3634448 3634586
3646004 3646170
3647047 3647237
3647491 3647573
3651492 3651685
3651962 3653107
3655872 3655935
3656144 3656250
3658935 3659033
3659724 3659885
3662143 3662425
3662633 3663110
3666304 3667426
3679645 3679730
3680857 3680983
3682242 3682310
3682974 3683035
3685938 3685996
3689237 3689329
3689547 3689644
3695199 3695314
3706150 3706284
3707117 3707209
3710209 3710301
3711290 3711399
3719173 3719372
3722978 3723165
3725521 3725653
3731690 3731965
3739197 3739311
3740016 3740072
3742575 3742634
3746402 3746457
3747607 3747797
3748704 3748869
3756021 3756170
3760185 3760237
3762363 3764050
3764293 3765204
3767319 3767368
3770082 3770140
3772332 3772387
3776155 3776244
3777668 3777719
3784854 3784941
3787424 3787695
3805309 3805426
3806779 3806838
3816095 3816175
3817193 3817265
3826114 3826257
3829259 3829359
3846152 3846274
3852392 3852457
3857525 3857681
3863769 3863844
3865431 3865552
3868278 3868337
3869736 3869871
3875767 3875817
3880691 3880811
3889610 3889667
3896637 3896690
3898518 3898636
3898908 3899022
3899263 3899314
3900078 3900134
3900807 3900904
3901306 3901387
3902015 3902068
3912044 3912201
3921055 3921104
3922969 3923075
3928930 3929059
3929400 3929550
3930256 3930357
3938220 3938269
3941754 3941973
3942201 3943134
3943394 3943903
3944157 3946490
3946797 3946950
3949511 3949575
3950523 3950881
3959564 3959647
3975949 3976026
3976444 3976678
3977647 3977721
3978084 3978246
3978752 3979028
3991373 3991457
3995729 3996031
3997755 3997849
4001568 4001747
4006025 4006156
4012096 4012201
4021114 4021792
4024284 4024446
4027425 4027528
4034859 4034917
4035278 4037693
4037968 4040508
4044075 4044157
4049442 4049523
4061802 4061855
4065610 4065756
4067226 4067342
4069541 4069595
4073315 4073483
4077141 4077197
4084041 4084133
4087633 4087779
4088806 4088885
4089836 4089919
4095420 4095548
4095959 4096056
4103963 4104020
4104724 4104804
4106650 4106873
4108186 4108279
4108880 4109031
4109623 4109688
4117606 4117669
4119605 4119702
4122489 4122551
4124392 4124464
4127239 4127312
4134703 4134819
4139316 4139555
4143125 4143190
4147437 4147517
4152543 4152764
4153061 4153195
4153441 4153566
4154743 4154906
4164422 4164471
4166300 4168380
4168620 4171664
4172692 4172883
4176142 4176837
4179304 4179518
4180729 4180793
4182087 4182146
4185514 4185595
4186203 4186274
4195132 4195202
4197987 4198050
4200416 4200477
4207942 4208080
4208345 4213067
4218647 4219021
4225189 4225267
4225936 4226003
4228429 4228497
4233587 4233670
4235193 4235287
4248930 4249084
4252040 4252234
4255303 4255649
4256061 4256147
4266234 4266402
4267826 4267980
4278789 4278890
4280720 4280806
4281029 4281118
4286051 4286185
4288317 4288392
4290051 4290100
4295894 4296282
4307042 4307181
4311505 4311613
4312758 4313117
4314287 4314341
4325877 4325988
4327245 4327347
4334378 4334442
4341293 4341507
4344476 4344533
4347810 4347955
4349094 4349145
4351002 4351106
4356071 4356156
4357451 4357568
4359677 4359781
4365665 4365752
4368579 4368657
4370333 4370392
4376315 4376504
4376733 4376863
4377577 4377670
4380465 4380536
4381952 4382046
4388165 4388228
4389049 4389152
4394715 4394782
4403147 4403206
4407291 4407452
4410188 4410260
4422846 4422911
4428576 4428721
4437529 4437674
4438368 4438435
4443018 4443082
4445248 4445334
4446396 4446491
4447724 4447780
4448328 4448392
4450635 4450691
4455068 4455142
4458745 4458832
4459343 4459432
4460569 4460625
4463400 4463498
4465456 4465751
4470151 4470243
4473750 4473803
4476845 4476925
4477992 4478045
4479590 4479670
4481936 4482033
4485033 4485109
4486280 4486419
4488920 4488995
4493068 4493177
4498234 4499435
4507557 4508582
4514895 4515024
4517335 4517512
4529773 4529862
4532639 4532796
4535570 4535624
4537866 4537957
4542848 4542935
4551520 4551595
4553038 4553157
4555912 4555977
4562434 4562510
4566117 4566242
4573906 4573974
4587833 4587925
4590042 4590112
4590735 4590893
4596049 4596128
4602455 4602555
4612449 4612556
4613392 4613461
4616720 4616879
4623663 4623720
4624335 4624405
4630973 4631216
4638146 4638204
