Escherichia_coli_O157_H7_EDL933_0995
13930 14103
19112 19204
23436 23809
29462 30043
37116 37297
57314 57396
63546 63722
67831 68001
99037 99215
101852 102262
117746 118148
137203 138344
169671 170397
205179 205857
215669 215818
220571 220878
236794 236870
260263 260492
280762 280910
294418 294575
296117 296245
311651 311827
329035 329209
358898 359015
371264 371690
372335 376042
425367 430516
445135 445769
458717 459072
461848 462230
462911 463666
467993 469771
470297 473191
487938 488031
488555 490051
493007 493485
512628 512732
516507 519967
532677 532829
550570 550877
554326 554488
570087 570147
586409 586914
598840 599539
604656 604821
612195 617419
654761 654905
672607 672876
703283 703438
708648 713859
727377 727454
736673 737052
762640 762742
769320 769519
780529 780614
793856 794013
811448 811889
816432 816492
823970 824148
841035 841290
859194 859637
860377 862878
864526 864789
872693 872956
874823 875002
927139 927261
929571 930056
930679 931540
933278 933505
940518 943963
966505 966730
1011930 1012219
1014107 1014243
1021077 1021218
1021856 1021956
1037488 1037609
1040094 1040212
1052227 1052513
1078903 1079116
1086615 1086778
1108630 1108753
1118025 1118524
1144360 1144897
1146122 1146410
1161150 1161201
1164242 1164507
1177446 1177680
1192679 1192799
1194320 1194475
1200094 1200176
1202118 1202615
1213189 1213474
1218253 1218423
1220303 1220528
1225309 1225535
1257992 1258041
1258647 1258774
1259989 1260345
1264313 1264477
1270366 1270649
1284977 1290174
1294065 1294193
1304983 1305164
1361936 1362164
1366321 1366590
1375526 1375823
1408257 1408345
1414504 1415883
1443255 1443391
1457878 1458205
1490344 1490484
1549982 1550104
1555205 1555306
1566062 1566242
1569695 1570019
1570899 1571008
1573549 1573716
1576120 1579678
1584901 1585054
1587193 1587481
1594499 1595379
1603743 1604007
1605068 1605326
1624421 1624510
1629230 1629412
1635294 1635444
1678714 1678970
1708834 1709105
1748952 1749079
1778880 1779197
1808585 1808845
1810063 1810115
1835070 1835342
1856178 1856477
1888844 1888941
1917703 1918132
1932438 1932731
1940974 1941114
1946787 1946960
1948094 1948415
1957957 1958361
1959497 1959618
1960500 1960653
1962567 1969011
1970968 1971131
1998318 2003323
2016840 2017087
2023001 2023054
2023653 2023751
2039913 2040232
2041539 2041686
2042377 2042559
2045266 2045391
2051173 2051661
2067994 2068228
2087643 2087732
2090591 2090842
2096476 2096751
2098099 2098258
2099124 2099243
2108317 2108515
2133921 2134212
2143899 2144023
2158631 2159232
2167623 2167710
2199741 2199886
2202047 2203246
2209816 2210161
2220783 2220959
2224235 2224566
2229312 2229639
2262607 2262852
2263974 2264239
2277146 2277339
2284608 2284673
2304583 2304838
2306057 2306190
2317178 2317308
2348387 2348967
2352175 2352398
2359894 2360191
2408954 2409106
2416164 2416309
2440729 2440978
2479639 2479814
2492229 2492326
2494412 2495204
2500198 2500335
2504793 2504861
2510098 2511038
2515242 2515417
2515918 2517675
2518243 2525748
2526356 2526522
2527107 2528332
2530475 2530563
2531323 2532464
2538264 2540337
2541684 2542411
2543024 2543233
2546308 2546553
2555353 2555494
2563538 2563614
2577063 2579360
2580030 2580752
2584431 2585474
2585987 2587121
2589318 2589490
2590972 2591230
2608841 2609007
2651251 2651516
2653508 2653644
2655240 2655449
2675276 2675769
2682503 2682725
2697755 2697836
2699043 2699490
2700156 2700271
2702424 2702506
2704256 2706503
2710738 2710821
2720614 2720895
2731443 2733283
2736320 2737831
2742878 2743251
2744125 2749793
2750718 2751019
2751568 2753332
2755003 2755408
2756148 2757317
2758530 2760443
2761455 2767117
2768764 2772254
2790827 2791007
2806911 2807185
2809092 2809365
2816163 2816413
2829121 2829656
2837570 2838314
2842670 2842770
2851609 2851729
2853183 2853295
2863665 2863717
2871283 2871491
2872782 2872848
2884542 2884625
2888088 2888182
2889723 2889909
2902599 2902730
2915046 2915289
2925033 2925159
2926140 2926227
2934846 2934952
2945522 2945676
2948628 2948866
2952760 2953019
2956337 2956474
2960468 2968292
2975868 2976046
2978687 2978897
2979471 2979988
2998940 2999039
3005965 3006738
3009140 3009263
3017502 3017761
3021035 3021085
3061218 3061757
3069023 3069092
3082450 3082790
3084910 3085112
3096243 3096343
3116585 3117398
3127834 3128042
3129244 3129328
3134097 3134244
3166384 3166575
3188410 3188542
3189060 3189438
3190579 3191411
3193938 3194228
3196784 3197022
3198010 3214778
3229447 3229612
3246187 3248492
3255459 3256589
3257141 3258423
3259167 3259394
3260054 3260924
3261482 3276459
3276961 3281774
3286448 3286578
3307862 3308067
3337935 3338059
3349257 3350584
3351318 3351538
3361205 3361363
3380460 3386962
3388674 3394072
3394655 3395016
3395559 3396964
3397685 3400192
3401012 3401845
3402883 3403530
3405345 3405605
3406158 3406662
3407719 3407783
3408600 3412678
3426188 3426391
3463192 3463387
3484028 3484162
3486762 3488142
3488732 3489581
3492055 3493032
3504214 3504486
3513727 3513865
3529167 3529434
3550248 3550444
3551198 3551280
3559660 3560138
3560654 3560988
3569595 3569645
3570190 3570280
3578885 3579298
3580379 3580598
3598856 3612334
3613106 3614053
3616279 3618399
3619173 3619275
3619944 3621390
3621956 3622103
3622709 3623074
3624253 3624475
3625151 3630549
3631908 3631991
3632710 3633178
3634401 3635087
3642254 3642423
3644910 3645144
3646087 3648333
3650978 3653880
3654897 3658533
3659066 3677362
3680067 3680518
3681538 3682422
3685661 3686781
3694110 3696275
3696880 3696962
3700070 3701947
3720905 3721478
3722198 3722551
3723055 3723307
3739691 3739827
3747953 3748246
3749969 3750208
3771157 3771304
3775418 3776175
3785191 3785290
3795811 3795883
3796623 3797314
3797961 3798648
3799848 3800099
3802423 3803555
3806673 3806952
3812065 3812222
3813487 3815077
3816202 3819443
3821180 3821289
3822972 3823218
3825690 3825916
3830176 3830688
3852036 3852130
3854970 3855376
3856923 3857060
3867012 3867539
3872148 3872564
3874692 3877257
3877797 3879418
3880080 3880311
3880832 3881295
3882184 3887437
3888730 3891038
3893750 3894268
3895750 3898096
3901642 3903053
3905380 3905536
3917490 3917679
3932949 3933420
3940076 3940266
3954257 3954347
3972325 3972459
3977083 3977336
3990053 3990254
3992040 3992645
3993837 3995275
3995996 4000906
4001688 4004033
4005645 4005976
4006913 4007945
4008657 4008815
4009534 4009615
4010382 4010526
4011933 4015045
4016913 4019699
4020701 4022900
4023439 4028778
4031506 4034567
4037938 4038081
4039708 4040888
4041697 4047049
4047561 4049080
4051562 4053136
4053662 4053901
4054991 4055130
4056969 4058893
4059622 4060360
4060988 4062275
4062817 4063794
4064493 4074499
4075813 4075925
4076489 4077794
4078513 4079848
4080690 4080864
4100564 4100808
4121405 4121647
4127982 4128124
4134575 4134761
4142827 4142941
4144477 4144935
4159344 4159479
4162933 4163131
4163677 4163732
4182961 4184284
4184818 4185911
4186439 4186535
4191423 4194817
4197498 4197960
4198774 4198845
4201941 4202696
4204038 4207829
4217469 4218407
4219533 4219600
4221105 4221299
4227666 4227754
4238584 4238820
4245317 4245668
4262140 4262989
4270312 4270419
4271475 4271600
4272724 4274444
4277942 4281551
4282059 4282379
4284922 4291652
4292284 4295209
4295844 4296547
4297169 4303365
4304363 4306755
4307295 4307903
4319482 4319743
4324040 4324268
4336664 4336840
4342245 4342560
4358274 4358516
4364365 4364459
4375689 4376298
4377315 4378458
4379278 4384233
4386505 4386702
4398686 4398990
4401131 4405228
4406220 4407695
4408632 4412620
4414425 4418865
4419743 4421738
4423144 4424139
4426682 4426851
4429022 4431829
4433018 4441923
4444057 4444225
4446254 4446409
4446960 4450989
4468922 4469185
4471549 4473412
4496821 4496960
4506347 4507233
4508501 4510885
4511840 4512700
4513757 4513944
4514843 4515262
4515958 4519525
4520624 4522783
4523858 4524719
4525473 4526672
4527637 4532013
4533033 4534171
4577746 4577880
4579839 4580012
4603363 4603535
4607184 4607662
4612299 4612559
4615206 4615811
4619126 4619538
4635735 4636786
4638367 4638467
4639240 4640143
4641818 4641974
4642816 4642876
4656126 4656268
4662505 4662647
4697417 4697499
4701189 4701329
4721380 4722393
4723192 4723300
4725325 4725652
4727043 4728774
4735957 4736057
4747232 4747439
4787793 4787922
4839890 4839990
4849308 4849624
4855011 4855309
4863043 4863650
4879841 4879986
4882685 4884000
4884881 4885250
4887519 4887827
4910630 4911378
4934599 4934694
4945030 4945155
4947969 4948377
4961640 4961813
4970484 4970937
4998883 4999042
5017983 5018032
5020519 5020709
5023793 5024054
5038754 5038970
5042628 5042710
5063359 5063649
5084003 5084293
5090944 5093509
5095079 5095281
5125684 5125854
5133210 5133267
5136706 5136966
5147332 5147414
5151905 5152081
5166476 5166805
5177892 5178079
5182800 5183075
5187292 5187576
5188299 5188691
5194068 5194190
5195677 5195920
5205242 5205466
5214103 5214314
5222731 5222919
5224798 5225265
5232578 5232641
5237128 5237667
5262434 5263671
5268327 5268546
5270199 5270271
5279821 5280036
5304331 5310033
5314284 5314484
5330848 5331116
5395282 5396152
5428412 5428562
5445390 5445605
5449504 5449647
5452800 5453146
5455456 5456065
5471451 5472360
5483379 5483461
5506381 5506522
5508588 5508756
5511820 5511903
5532453 5532694
5535931 5536245
5540590 5540968
