Ecoli_0960_Taxon013_
1958 2179
4714 4931
10750 10809
15921 16056
16646 17192
19560 19695
31641 31945
36382 36716
46111 46203
52524 52822
61409 61627
65853 65983
68829 69190
70346 70533
75518 75650
76927 77470
80159 80683
89773 89903
94389 94722
98490 98801
102719 102953
105644 105841
107787 108731
110342 111422
113419 114052
115649 115920
119403 119880
122446 122634
127118 127422
137554 137629
143020 143307
147861 148001
159277 159630
161888 162052
164190 164526
171402 171697
172244 172420
175179 175494
178013 178206
184198 185349
187086 187179
188034 188138
191367 191740
193857 193907
197030 197096
200251 200477
203576 203862
205443 205551
206346 206547
207170 207547
209554 209831
224062 224350
227548 228065
241449 241515
243763 243856
252341 252679
258415 258551
259138 259389
272733 273025
280287 280728
282954 283026
284359 284476
285030 285142
287813 287908
296793 296934
297924 298250
309216 309429
309982 310226
315797 316044
317112 317315
318564 318862
322710 322768
325964 326152
327027 327188
328313 328598
330458 330582
343350 343417
345794 346716
354241 354300
357417 357760
362681 362946
373297 373527
374121 374178
376481 376764
387502 387702
389447 389598
392065 392176
402101 402855
414970 415323
416428 416705
419124 419173
424091 424761
427304 427380
429503 429821
433312 433536
439361 439431
456015 456311
457015 457352
458117 458580
459531 459734
463095 463551
472309 472409
476669 477003
481219 481279
485571 486147
489928 490419
492110 492266
494499 494757
497479 497552
500749 500813
508716 508920
509453 509673
520712 520992
523004 523528
529507 529633
532670 532930
538418 538489
542553 543037
548324 548415
550894 550947
554743 554912
557112 557247
568089 568391
573079 573262
576719 577038
586205 586355
588126 588662
589274 589503
591937 592038
592971 593335
596216 596545
597489 597845
604777 604938
615480 615672
622919 622997
623661 624092
625321 625834
629313 629476
630302 630405
630944 631239
633265 633413
641817 642065
647490 647577
649181 649417
650128 650334
651802 652101
654996 655196
660055 660206
661018 661140
666580 667384
669510 669581
671416 671785
673935 674130
676232 676444
680168 680528
685427 685673
687629 687821
688422 688486
690732 690825
691611 691754
692266 692472
693554 694181
696135 696208
700642 700850
702639 702777
713906 713993
718312 718510
719039 719411
724143 724440
732334 733039
736457 736668
739363 739435
742310 742429
744326 744623
746643 746825
747539 747773
753959 754908
756892 757298
760090 760648
766606 767224
768095 768161
769761 770095
778288 778525
785901 786171
796078 796215
798672 799032
799777 799889
810003 810336
815258 815804
819973 820550
827613 828013
828887 828956
834604 834750
839119 839182
849021 849285
855100 855642
862539 862595
865710 865992
868524 869376
873777 873914
883492 884164
895898 895960
906159 906240
918387 918646
919278 919586
923440 923666
930865 931013
937977 938109
941046 941149
945844 946159
953371 954043
962744 962853
964635 964813
968098 968844
969573 969785
975299 975466
978913 979159
986712 987388
990671 990812
992661 993234
1002685 1003200
1003933 1004084
1006615 1006775
1010357 1010466
1015977 1016568
1019186 1019344
1020541 1020668
1029752 1030045
1044557 1044951
1047329 1047871
1049884 1050204
1054883 1055089
1064036 1064405
1069254 1069387
1080329 1080379
1087606 1087724
1089129 1089307
1097443 1097749
1098362 1098512
1111824 1112006
1115645 1115940
1143419 1143498
1148912 1149053
1157234 1158150
1163532 1163740
1166449 1166565
1198911 1199173
1200867 1201568
1206049 1206356
1208437 1208841
1209365 1209549
1212561 1212832
1218953 1219252
1231646 1231909
1234206 1234513
1238426 1239156
1252340 1252665
1255070 1255439
1258739 1259111
1262088 1262415
1267609 1268271
1269725 1269786
1273582 1273638
1280201 1280449
1281482 1281612
1296304 1296412
1302675 1302727
1306527 1306692
1308370 1309276
1311811 1311888
1312883 1313214
1328429 1328544
1330204 1330640
1333948 1334065
1341430 1342526
1349418 1349494
1353786 1354045
1358148 1358732
1359277 1359416
1360640 1360740
1367756 1368097
1368634 1368701
1371656 1371848
1375682 1376000
1380397 1381058
1383238 1383522
1385923 1386087
1387931 1388041
1389087 1389498
1392596 1393437
1394688 1394930
1395830 1396153
1408775 1409039
1416240 1416307
1423919 1424053
1425838 1426058
1427913 1428239
1429120 1429545
1431809 1431920
1433424 1433628
1438228 1438436
1438940 1439190
1439704 1439829
1452839 1452996
1457479 1457587
1458147 1458473
1460971 1461291
1465350 1465540
1469394 1470212
1470850 1471107
1472599 1472738
1485860 1485984
1490145 1490248
1491345 1491934
1497711 1497990
1499287 1499396
1503997 1504121
1508431 1509178
1512706 1512990
1514810 1514968
1515517 1515983
1520549 1520702
1522676 1522735
1524821 1525231
1527446 1527565
1537440 1537506
1538337 1538608
1543644 1543752
1546513 1547238
1559654 1560172
1562476 1562729
1570493 1570583
1580438 1580680
1583385 1583579
1588044 1588273
1588870 1589055
1598136 1598327
1599539 1600056
1601253 1601429
1608816 1608935
1613046 1613535
1631789 1632051
1635476 1635674
1638592 1638921
1645196 1645560
1654090 1654439
1660658 1660876
1667575 1667724
1670256 1671080
1672152 1672296
1679757 1679881
1682438 1682584
1684392 1684453
1694421 1694548
1697288 1697456
1706413 1706809
1714115 1714851
1717196 1717428
1721653 1721956
1726307 1726610
1734225 1734529
1741503 1742090
1748281 1748625
1749265 1750464
1751467 1751719
1754355 1754570
1755497 1755649
1761931 1762329
1766001 1766177
1766835 1767039
1776764 1777101
1779071 1779310
1781889 1781969
1793742 1794063
1801704 1801760
1825957 1826270
1827156 1827367
1830859 1830941
1835012 1835154
1835689 1835843
1837571 1837881
1842018 1842296
1846277 1846411
1851094 1851190
1863464 1863864
1866234 1866520
1871704 1872133
1879369 1879516
1889811 1890086
1896899 1896952
1903258 1904051
1910686 1911010
1912664 1912928
1914114 1914399
1934261 1934438
1935958 1936139
1937997 1938182
1944614 1944982
1955729 1955930
1959278 1959414
1962755 1962929
1969093 1969466
1972598 1972822
1975727 1976298
1978060 1978277
1984112 1984237
1990182 1990542
2001967 2002180
2003298 2003855
2011872 2011927
2017989 2018048
2032283 2032605
2036429 2037013
2043970 2044030
2044678 2044882
2048296 2048468
2052771 2053134
2054517 2054673
2060983 2061285
2079626 2080387
2098023 2098244
2100626 2101416
2103515 2103692
2106448 2106586
2130678 2130856
2132544 2132807
2137336 2137647
2143108 2143501
2147822 2148395
2150239 2150715
2162603 2162837
2174683 2174752
2180728 2180997
2185157 2185261
2188516 2189094
2210937 2211442
2219341 2220186
2225362 2225811
2227948 2228148
2230882 2230996
2231649 2231752
2241381 2241680
2244932 2245057
2246785 2247032
2258047 2258315
2260324 2260380
2264708 2264760
2272466 2272745
2281007 2281314
2290220 2291319
2292796 2292966
2300909 2301209
2319252 2319624
2322033 2322553
2324627 2324956
2325846 2326024
2328691 2329083
2331437 2331648
2332160 2332627
2333279 2333981
2334572 2334662
2339197 2339537
2342637 2342926
2350265 2350472
2357561 2357808
2358399 2358875
2365145 2365326
2367400 2367707
2368710 2368913
2378439 2378531
2382349 2382407
2382960 2383240
2411958 2412125
2420528 2420961
2422556 2422786
2423545 2423774
2425176 2425285
2427468 2427559
2434549 2434716
2442207 2442416
2449208 2449785
2452345 2452578
2454926 2455748
2469131 2469461
2473374 2473517
2478915 2479603
2485761 2485913
2499615 2500092
2502141 2502261
2507866 2508584
2515533 2516200
2519174 2519454
2521507 2522300
2528432 2528672
2529241 2529520
2535357 2536163
2547578 2547858
2553905 2554015
2554794 2555135
2556118 2556294
2557881 2558085
2568637 2568716
2576040 2576183
2577133 2577565
2585356 2585589
2590339 2590543
2591564 2591630
2592283 2592494
2598045 2598102
2598919 2599048
2607859 2608125
2614329 2614452
2630479 2631048
2631784 2632220
2633418 2633565
2640512 2640758
2641455 2641833
2646058 2646165
2651588 2651919
2652483 2653255
2656270 2656653
2662205 2662456
2672471 2672521
2676681 2677088
2689718 2689950
2693473 2693639
2702138 2702359
2706262 2706341
2712938 2713173
2723073 2723537
2730928 2731812
2732934 2733273
2734153 2734245
2739235 2740188
2747613 2747929
2761028 2761518
2763756 2764019
2768470 2768707
2769715 2769938
2783053 2783163
2785796 2785983
2789911 2790106
2792278 2792465
2795557 2795793
2796843 2796923
2801722 2801971
2802699 2802840
2807627 2807719
2808680 2808790
2811462 2811909
2813130 2813374
2832217 2832289
2840584 2840778
2842133 2842295
2843696 2843749
2859797 2860061
2864578 2864813
2866200 2866548
2869472 2869772
2876283 2876461
2878670 2878952
2883260 2883376
2903969 2904632
2910886 2911217
2920317 2920591
2924761 2924829
2932389 2932464
2934468 2934826
2936496 2936591
2940704 2940852
2947224 2947723
2949074 2949324
2951590 2951806
2955220 2955635
2960165 2960762
2965192 2965472
2985568 2985838
2987171 2987553
3001362 3001519
3002364 3002465
3005255 3005386
3007761 3008407
3012911 3013118
3017221 3017435
3025323 3025423
3027062 3027380
3028464 3028657
3029187 3029279
3030170 3030955
3032593 3032669
3033256 3033482
3034163 3034358
3035873 3036565
3040061 3040294
3042194 3042249
3045207 3045431
3046871 3047274
3058360 3058554
3060411 3060936
3063025 3063146
3066240 3066870
3075010 3075330
3077295 3077478
3086511 3086630
3092781 3092982
3094274 3094412
3102195 3102526
3110913 3111037
3115554 3115775
3119414 3119765
3127501 3127611
3128812 3128895
3132970 3133043
3142709 3143188
3159317 3159603
3161979 3162292
3168578 3168960
3177103 3177261
3179309 3179983
3182621 3182690
3184443 3184761
3190533 3190652
3203958 3204093
3206808 3207012
3211576 3212455
3214615 3214891
3235353 3235566
3242382 3242641
3246818 3246943
3258693 3258762
3261912 3262222
3272006 3272205
3273501 3273683
3276594 3276894
3279123 3279202
3283299 3283841
3302528 3302723
3309820 3309924
3310881 3310994
3316170 3316285
3317783 3317980
3323305 3323640
3333267 3333487
3337701 3337787
3342822 3342969
3359415 3359691
3364341 3364826
3370098 3370392
3384240 3384522
3388225 3388523
3394128 3394227
3395680 3395746
3396422 3396672
3397708 3398891
3400430 3400609
3412080 3412463
3420997 3421149
3421964 3422063
3430667 3430816
3432047 3432740
3433273 3434162
3438411 3438709
3439236 3439300
3441032 3441119
3442664 3442774
3443545 3444136
3447749 3447804
3449225 3449883
3455867 3456090
3461884 3462054
3469581 3469903
3481735 3482026
3484137 3484690
3486631 3486913
3489392 3489468
3491496 3491636
3495852 3496262
3499168 3499230
3500485 3500616
3503822 3504607
3508249 3508385
3509698 3509779
3510953 3511024
3517176 3517941
3521318 3522069
3523356 3523573
3524841 3525104
3544063 3544609
3549015 3549315
3554114 3554176
3558531 3558774
3562380 3562698
3568386 3568715
3569803 3570253
3571299 3571811
3574749 3574994
3583728 3583894
3589528 3589850
3593774 3593875
3608439 3608591
3611694 3611822
3614611 3614671
3620138 3620621
3634454 3634996
3637701 3639233
3643291 3643479
3647787 3648009
3659997 3660227
3663335 3663587
3665478 3665805
3666702 3666958
3673508 3674008
3689050 3689431
3690483 3690579
3704343 3704398
3709843 3709957
3712080 3712344
3717522 3717904
3727094 3727525
3735307 3735633
3738304 3738371
3742574 3742872
3750805 3750997
3762496 3763722
3767918 3768420
3773506 3773629
3780260 3780379
3786922 3787585
3805587 3805664
3807520 3807798
3816021 3816297
3817664 3817752
3822172 3822346
3829424 3829629
3832515 3832784
3841543 3841684
3844581 3844806
3849429 3849890
3854428 3855275
3858495 3859009
3863680 3863893
3864486 3865145
3866067 3866239
3868392 3868726
3875834 3875984
3877180 3877305
3878832 3879584
3880490 3880888
3886715 3886927
3896092 3896757
3900175 3900485
3903618 3903936
3919967 3920456
3921922 3921992
3930034 3930136
3942698 3942799
3949898 3950306
3954424 3954488
3959527 3959856
3968907 3969095
3976395 3976465
3986949 3987840
3998977 3999493
4002671 4002788
4019360 4019712
4023877 4023997
4032562 4033550
4039787 4040021
4041878 4041971
4050343 4050536
4054380 4055018
4056950 4057109
4060889 4061352
4065220 4065485
4075282 4075579
4079967 4080100
4082725 4082962
4086285 4086697
4090139 4090249
4090813 4090963
4096434 4096710
4112974 4113070
4117843 4118129
4119980 4120165
4121388 4122114
4123379 4123542
4129879 4130329
4135408 4135664
4142297 4142548
4153153 4154047
4159270 4159501
4160129 4160492
4169752 4169929
4170515 4171096
4174549 4174746
4180550 4180712
4200153 4200394
4207798 4208173
4218269 4218546
4225460 4225739
4234315 4234405
4236040 4236202
4243139 4243342
4247076 4247265
4250716 4251021
4254585 4254786
4270251 4270344
4279089 4279947
4283224 4283395
4285229 4285518
4291188 4291504
4298550 4299048
4302480 4302700
4306285 4306336
4307790 4308134
4309508 4309941
4312001 4313236
4315498 4315806
4319395 4319508
4320871 4321117
4322732 4323029
4336814 4337247
4344930 4345191
4349205 4349323
4351919 4352595
4354805 4354980
4369165 4369287
4376796 4376980
4379748 4380071
4382153 4382362
4392943 4393023
4396163 4396497
4401200 4401272
4402466 4402609
4410040 4410679
4419201 4419574
4429569 4429847
4437198 4437513
4443392 4443755
4450414 4450872
4452760 4452963
4453837 4453897
4456547 4456702
4462357 4462726
4464341 4464603
4470587 4470728
4473993 4474245
4476662 4476813
4486084 4486392
4487850 4487916
4494123 4494250
4499785 4500370
4501323 4501382
4510528 4510587
4513744 4514075
4517003 4517343
4521451 4521857
4522846 4522948
4528527 4528942
4532140 4532373
4534677 4534727
4536036 4536456
4537968 4538061
4540887 4541300
4542692 4543268
4552131 4552375
4554023 4554214
4561539 4561761
4564066 4564138
4566037 4566285
4574898 4575219
4577315 4578231
4581752 4581930
4587260 4587549
4588940 4589531
4591035 4591302
4591966 4592046
4593882 4594183
4602498 4602844
4605173 4605443
4606150 4606312
4617232 4617819
4620981 4622924
4625820 4626072
4627194 4627293
4639086 4639384
4640463 4640729
4641520 4641652
Ecoli_ancestor_Ancestor_
1643 1864
3255 3544
8874 9052
13057 13352
13888 14079
15727 15971
24834 25410
28489 28711
32987 33235
41848 42169
46004 46054
47363 47783
59592 59651
65992 66085
71409 71749
75857 76263
77252 77354
82236 83247
90793 93039
95604 95810
99023 99164
102429 102681
105098 105249
109802 110002
114520 114828
116286 116352
119033 119522
122559 122686
132461 132694
134102 134257
134801 135080
137841 138044
139932 140390
147049 147412
155489 155881
160957 161235
171230 171603
173732 173814
193249 193583
198286 198358
208442 208652
210733 211056
213824 214008
221517 221639
235359 235999
239869 240110
246350 246597
257223 257656
265339 265600
269614 269732
272328 273004
281989 282190
285556 286059
289673 289862
293433 293636
294522 295097
300573 300735
302370 302460
318229 318506
328602 328977
339416 339881
348626 348719
354174 354345
356179 356468
362138 362454
369500 369998
373430 373650
377235 384186
386448 386756
387853 387911
389185 389370
390593 391319
392584 392747
401912 402168
413984 414767
418969 424812
428905 429028
433457 433634
434220 434801
438254 438451
444255 444417
460530 460827
462442 462688
464051 464164
467217 467468
471217 471448
476671 476949
494094 494370
499841 499991
500555 500665
507842 508079
510704 510837
515225 515522
521601 521745
525319 525584
527852 528230
529628 529915
533695 533854
535786 536424
540268 540461
548147 548240
548833 548926
550137 555506
557312 557500
565262 565672
577290 577772
587998 588245
597673 598025
601710 602310
610875 611863
619105 619175
630948 631277
636316 636380
640498 640906
644010 649263
657132 657262
659694 659795
660668 660770
668812 668882
670348 670837
682711 682852
685749 685974
690597 691058
694170 694529
696056 696181
697239 697527
698824 699150
704635 704969
707122 707294
708216 708875
709468 709681
714352 714866
718086 718933
719531 719592
721658 722056
727883 728095
737260 737925
738492 738833
741343 741653
744786 745104
748384 748499
758020 758289
761175 761380
773052 773140
774507 774783
783006 783284
785140 785415
803219 803882
810425 810544
825085 826273
826821 828298
840180 840276
843640 843754
845877 846141
860891 861322
869104 869430
872101 872168
876371 876669
889623 889815
896586 897519
900225 900321
904739 905054
914613 915015
916796 917296
918790 919325
923566 924419
924999 925326
927217 927469
930577 930807
937667 938903
941848 941915
942795 943017
947325 947513
952939 953103
955808 956350
965426 966352
968041 969264
969812 971289
976133 976193
978982 979110
982213 982365
985784 985953
991057 991131
996929 997030
1000954 1001276
1006386 1007562
1008408 1009215
1015810 1016055
1018993 1019505
1020551 1021001
1022089 1022418
1027772 1027908
1029221 1029302
1030476 1030547
1036699 1037335
1040841 1041049
1044364 1044627
1063403 1064132
1066353 1067084
1068538 1068838
1078054 1078297
1081903 1082221
1086197 1086982
1087582 1087719
1090188 1090319
1091574 1091707
1094940 1095089
1096320 1098435
1102684 1102982
1103509 1103573
1106937 1107047
1107818 1108409
1112022 1112077
1113498 1114156
1119719 1120363
1123843 1124411
1126157 1126327
1135166 1135457
1148517 1148963
1150904 1151186
1153665 1153741
1155769 1155909
1160125 1160535
1161912 1167507
1169655 1169807
1185367 1185924
1192900 1193041
1201830 1201950
1202679 1202977
1204605 1205118
1208582 1208681
1209483 1209887
1212780 1213265
1218537 1218831
1224148 1225153
1225898 1227346
1228117 1229109
1231113 1231389
1246053 1246320
1248638 1248795
1252928 1253103
1257317 1257537
1269858 1269971
1270928 1271032
1273438 1273503
1285480 1285793
1288169 1288455
1291835 1292186
1295704 1295799
1299923 1300120
1306998 1307117
1315241 1315528
1316411 1316521
1324257 1324608
1328247 1328468
1332985 1333109
1334608 1334918
1341496 1341827
1351040 1351241
1357392 1357511
1364984 1365057
1377463 1377588
1381765 1382024
1388840 1389053
1403207 1404741
1405846 1406032
1409515 1409791
1412908 1413158
1416904 1417086
1418382 1418581
1421674 1421812
1428365 1428675
1440904 1441383
1459557 1460496
1462227 1462362
1465077 1465322
1469845 1470724
1471998 1472249
1475663 1476078
1485635 1485915
1506011 1506281
1518037 1518097
1521805 1521962
1522807 1522908
1525698 1525829
1528204 1528850
1533014 1533069
1534969 1535202
1538698 1539390
1540905 1541100
1541781 1542007
1543788 1545093
1545984 1546076
1546606 1546799
1549840 1549940
1557828 1558042
1562145 1562352
1565650 1565874
1578227 1578513
1586656 1586814
1588862 1589536
1592174 1592243
1593209 1594334
1595809 1595932
1597711 1597894
1599859 1600179
1603237 1603574
1608025 1608949
1612043 1612164
1614253 1614778
1616636 1616829
1626387 1626720
1627426 1627887
1633477 1633721
1634942 1635389
1638061 1638171
1639132 1639224
1644011 1644152
1644942 1645129
1649928 1650008
1651058 1651294
1655693 1655871
1658080 1658362
1662670 1662786
1673695 1673885
1683379 1683618
1690511 1690842
1697096 1697554
1699727 1700001
1704171 1704239
1710598 1710755
1711799 1711874
1713878 1714236
1715906 1716001
1720114 1720262
1726200 1726797
1727649 1727949
1730178 1730257
1734043 1734896
1755580 1755652
1756661 1756726
1763947 1764141
1765496 1765658
1767059 1767112
1783160 1783424
1787941 1788176
1792835 1793834
1796377 1796429
1798339 1798526
1800698 1801393
1804821 1805008
1807641 1807751
1820866 1821089
1822097 1822334
1826785 1827048
1829286 1829787
1831567 1831635
1842875 1843191
1844135 1844252
1850616 1851569
1855793 1855959
1859417 1864679
1865605 1865860
1868582 1868661
1875258 1875493
1884404 1884636
1888925 1889017
1889897 1890236
1891358 1892242
1899633 1900097
1913716 1914123
1918283 1918333
1928320 1928599
1934151 1934534
1937549 1938321
1938885 1939216
1944639 1944746
1946798 1946881
1948971 1949349
1950046 1950292
1951282 1951339
1957170 1957603
1959198 1959428
1960187 1960416
1961818 1961927
1964110 1964201
1965220 1965575
1972659 1972863
1974450 1974626
1975609 1975950
1984401 1984480
1993564 1993731
2001222 2001431
2017055 2017266
2017919 2017985
2019006 2019210
2027294 2027726
2028676 2028819
2031091 2031186
2031839 2031896
2032713 2032842
2042559 2042792
2046343 2046609
2052813 2052936
2057079 2057501
2066756 2066881
2075285 2076562
2078363 2078530
2087002 2087149
2088829 2089406
2091966 2092199
2095068 2095369
2104680 2104772
2109201 2109481
2129566 2129846
2149299 2149408
2150366 2150613
2157702 2157909
2164871 2165320
2167457 2167657
2170391 2170505
2171158 2171261
2178854 2179140
2180770 2181404
2187239 2187364
2189643 2189930
2193309 2193669
2195272 2195453
2198837 2199040
2212638 2212968
2219736 2219888
2226046 2226316
2232132 2232275
2238407 2238497
2239088 2239372
2248512 2249131
2256295 2256532
2258747 2258865
2259491 2259879
2264431 2264936
2285847 2287357
2290612 2290716
2294038 2294245
2294876 2295145
2300571 2301786
2313036 2313270
2327478 2328051
2333728 2333951
2348766 2349045
2357307 2357614
2366991 2367619
2369096 2369266
2371829 2372180
2377209 2377509
2395552 2395924
2398333 2398853
2400927 2401256
2402146 2402324
2407737 2407948
2414740 2414860
2419217 2420555
2422103 2422466
2423887 2424005
2430315 2430617
2433373 2433577
2434225 2434285
2441242 2441826
2445650 2445972
2460207 2460266
2466328 2466383
2474000 2475444
2476075 2476288
2484342 2485035
2487957 2488899
2490985 2491264
2491833 2492073
2501217 2501331
2504305 2504972
2506989 2507641
2511921 2512639
2520680 2521685
2523604 2524529
2534475 2534563
2541036 2541140
2552872 2553093
2555475 2556265
2558364 2558541
2561297 2561435
2575967 2576072
2592185 2592496
2596107 2596375
2599327 2599551
2605456 2606141
2608043 2608168
2610600 2611002
2615365 2615508
2622117 2622302
2628734 2629102
2639849 2640050
2643398 2643534
2653213 2653586
2654665 2654846
2656366 2656543
2666117 2666402
2666984 2667082
2679794 2680118
2685520 2685917
2687353 2687546
2690974 2691307
2693852 2693905
2700718 2700993
2707611 2707930
2711288 2711435
2718671 2719100
2724284 2724570
2726940 2727340
2733894 2734170
2737878 2738067
2743169 2743345
2744003 2744207
2753932 2754269
2772265 2772586
2773161 2773400
2777840 2777920
2792148 2792288
2804324 2804535
2808027 2808109
2812180 2812322
2812857 2813011
2814739 2815049
2819186 2819464
2823445 2823579
2828262 2828358
2835155 2835307
2836234 2836449
2839085 2839337
2840340 2842523
2848714 2849301
2856796 2857532
2859877 2860109
2868988 2869291
2885278 2885688
2896256 2896383
2906351 2906412
2908220 2908798
2913078 2913263
2920874 2921067
2922279 2922796
2923993 2924169
2931556 2931675
2935786 2936275
2939354 2939775
2951529 2951791
2954172 2954434
2956055 2957075
2957845 2958414
2961488 2961661
2967936 2968300
2977077 2977179
2983398 2983616
2990315 2990464
2992341 2992621
2996760 2996826
2997657 2997928
3005833 3006340
3010329 3011153
3012225 3012369
3019101 3020093
3024558 3024752
3027457 3027699
3037554 3037644
3038536 3039015
3045408 3045661
3047965 3048483
3057988 3058673
3060899 3061038
3061820 3062341
3065573 3065983
3068069 3068128
3070102 3070255
3074821 3075287
3075836 3075994
3077814 3078098
3081626 3082373
3086683 3086807
3092814 3093093
3098870 3099459
3100556 3100659
3104820 3104944
3118066 3118205
3120484 3120618
3122403 3122623
3124478 3124804
3129937 3130132
3134793 3135001
3135505 3135755
3136269 3136394
3149404 3149561
3154044 3154152
3154712 3155038
3156340 3156406
3157536 3157856
3161915 3162105
3163103 3163645
3164574 3167672
3168265 3168391
3174497 3174564
3176371 3176689
3181086 3181747
3183927 3184211
3186612 3186776
3193661 3194666
3203316 3204781
3206032 3206873
3209464 3209728
3221908 3222114
3227028 3227287
3231390 3231974
3232519 3232658
3233882 3233982
3237898 3238185
3240998 3241339
3241876 3241943
3245399 3245581
3279031 3279326
3282464 3282656
3288651 3289020
3290204 3291211
3294700 3294763
3304944 3304994
3312221 3312339
3313744 3313922
3322058 3322364
3322977 3323127
3335961 3336102
3341412 3341581
3344283 3345199
3350581 3350789
3353498 3353614
3364748 3365101
3367579 3368364
3380214 3380268
3395486 3395890
3401602 3401873
3404885 3405069
3406002 3406301
3410754 3411039
3418695 3418958
3421255 3421562
3425890 3426205
3442119 3442488
3445788 3446160
3449137 3449464
3454658 3455745
3456774 3456835
3460631 3460687
3467250 3467498
3468531 3468661
3489724 3489776
3493244 3493744
3495400 3496461
3498860 3498937
3499932 3500263
3503345 3503496
3515478 3515593
3517253 3517689
3520997 3521114
3529257 3529575
3540496 3540920
3542933 3543475
3544983 3545097
3546028 3546247
3560759 3561052
3570136 3570263
3571460 3571618
3574236 3574827
3580338 3580447
3584029 3584189
3587220 3587735
3588297 3588619
3597570 3598143
3599992 3600133
3603416 3604092
3611645 3611891
3615338 3615505
3621019 3621231
3621960 3622706
3625991 3626169
3627951 3628060
3636761 3637433
3649655 3649758
3653331 3653456
3655072 3655557
3659791 3659939
3667138 3667364
3671218 3671526
3672158 3672417
3684564 3684645
3693872 3694207
3694844 3694906
3718939 3719734
3721428 3721595
3724812 3725094
3732478 3732960
3735162 3735704
3741519 3741783
3751622 3751685
3756054 3756200
3761848 3761917
3762462 3763191
3770694 3770831
3775000 3775546
3780468 3780801
3791772 3792132
3794589 3794726
3804350 3804620
3812279 3812516
3820709 3821043
3830156 3830714
3833460 3833547
3835454 3835626
3837456 3838000
3840389 3840795
3851970 3852108
3852737 3853011
3853897 3854105
3855805 3856413
3857300 3858657
3860368 3861193
3862275 3862481
3862993 3863136
3866261 3866325
3871331 3871565
3872279 3872461
3874481 3874778
3876675 3876794
3877576 3878156
3880921 3881626
3887154 3887451
3894093 3894165
3896860 3897071
3899665 3900065
3900594 3900792
3901852 3903175
3905131 3905377
3910276 3910636
3914360 3914572
3916674 3916869
3921223 3921294
3923420 3924224
3929664 3929786
3930598 3930895
3933048 3933154
3935608 3935808
3938703 3939002
3940470 3940676
3941387 3941623
3943227 3943314
3948739 3948987
3957391 3957539
3959565 3959860
3961328 3961491
3963326 3963498
3964970 3965483
3966712 3966871
3967807 3967885
3975132 3975324
3981195 3982848
3984625 3985109
3985866 3986027
3992959 3993315
3994259 3994588
3997469 3997833
3998766 3998867
4001301 4001530
4002142 4002678
4009262 4010792
4013766 4014085
4015113 4016406
4017542 4017725
4022616 4023934
4032362 4032462
4036722 4037056
4041272 4041473
4042656 4043091
4045624 4046200
4049981 4050472
4052163 4052319
4054552 4054810
4057532 4057605
4060802 4060866
4064183 4064795
4068769 4068973
4069506 4069726
4080265 4081045
4083057 4083331
4089560 4089686
4092723 4092983
4103164 4104284
4110480 4110615
4112815 4112984
4116780 4116833
4119312 4119403
4124690 4125174
4128142 4128444
4131070 4131273
4132224 4132687
4134493 4134789
4151373 4151443
4157268 4157492
4160983 4161301
4166043 4166713
4171631 4171680
4174099 4174376
4175481 4175834
4188567 4188703
4197931 4198997
4201206 4201357
4203102 4203302
4208306 4209445
4214040 4214323
4216419 4216649
4217243 4217300
4227858 4228123
4233044 4233387
4244088 4244550
4247387 4247454
4260222 4260346
4262206 4262491
4263616 4263777
4268036 4268094
4271942 4272240
4273489 4273692
4274502 4275476
4280578 4280822
4281375 4281814
4294648 4294940
4299500 4300264
4302202 4302643
4304869 4304941
4306274 4306391
4306945 4307057
4309728 4309823
4310791 4311529
4315850 4316750
4318708 4320159
4331415 4331666
4332227 4332797
4338125 4338463
4346948 4347041
4361954 4367484
4380973 4381250
4383257 4383634
4384257 4384458
4385253 4385361
4390372 4391061
4393108 4393296
4394386 4394532
4397780 4398084
4404622 4404975
4411016 4411409
4416251 4416391
4420945 4421232
4426623 4426698
4433129 4433179
4436302 4436368
4439523 4439749
4442848 4443134
4446736 4446840
4456668 4456861
4459380 4459695
4464172 4464508
4468814 4469085
4475920 4476082
4487002 4487589
4490751 4492694
4494802 4495051
4495590 4495842
4508856 4509154
4510233 4510499
4517476 4517777
4519613 4519693
4520357 4520624
4522813 4523034
4525569 4525786
4531605 4531664
4536341 4538047
4540415 4541320
4552496 4552800
4557237 4557571
4561967 4562185
4562974 4563164
4570772 4571514
4577391 4577483
4586708 4586838
4589684 4590045
4591201 4591388
4596373 4596505
4597782 4598325
4601014 4601538
4608245 4608756
4611763 4611893
4615244 4615577
4619345 4619656
4623574 4623808
4626499 4626696
4628642 4629077
4631197 4631797
4634274 4635571
4636118 4636413
4639045 4639391
4641520 4641652
