Salmonella_0919_Taxon020_
1 360
8023 10282
15178 17938
26182 43637
60612 65070
65596 66512
75464 89739
90495 90594
100236 107153
111382 171067
207849 218884
223278 223484
244207 244628
245189 276052
276805 280394
282392 295001
299584 301521
308846 330383
331052 332674
341156 351480
353017 363756
366883 366961
369198 380511
381231 385571
386779 388928
390507 393481
411677 419556
420905 424163
460314 472253
474698 480840
487329 494407
500270 500409
510432 511216
528757 538933
539488 555190
561840 577671
578190 578298
580887 581126
589060 595262
597305 600720
616670 619017
620281 625136
653927 654396
654933 660592
665225 678300
679802 679980
685355 698632
699220 766250
774659 774724
775814 781696
783451 784493
785078 836570
850271 850513
853809 853934
856297 861557
873858 876732
880066 880315
881012 887364
901082 901218
909714 941760
945495 945607
950791 982658
985131 1000086
1000766 1000991
1023465 1023781
1025135 1039512
1048328 1048400
1063326 1083508
1084642 1087995
1095437 1095665
1099830 1110970
1114263 1115109
1115762 1120405
1122738 1127855
1128482 1128610
1132067 1139300
1151025 1187031
1187697 1194871
1203415 1220921
1224285 1238321
1254528 1263693
1266596 1272764
1276632 1279586
1286492 1291720
1297601 1297837
1308636 1323272
1342924 1346312
1349240 1380432
1385499 1389900
1393229 1398690
1399290 1409236
1410278 1418169
1419140 1419213
1420376 1424312
1434499 1434627
1451014 1451262
1461599 1462479
1468445 1468670
1469856 1476741
1483517 1490932
1491900 1491970
1516056 1516139
1538578 1542651
1543377 1557205
1564913 1575831
1580649 1580876
1607470 1621812
1634094 1645375
1674018 1674526
1679941 1685037
1695758 1695858
1700463 1706202
1706922 1708195
1711396 1719190
1723291 1736996
1738549 1739204
1740557 1772211
1789675 1789859
1816475 1819325
1822231 1823337
1824750 1835252
1845551 1845614
1852604 1877111
1884596 1884731
1905249 1913398
1915293 1918432
1936241 1939179
1942937 1944913
1948313 1963214
1964519 1968221
1994189 1998174
2009389 2010345
2014254 2038488
2045702 2047767
2048732 2049001
2054594 2054719
2066766 2066900
2073372 2074942
2078485 2094154
2094704 2094919
2100449 2107321
2118089 2126638
2136180 2139692
2144717 2160116
2162087 2165412
2167989 2177534
2190165 2190265
2190846 2193416
2196676 2205075
2207209 2210175
2227053 2246893
2250844 2259261
2259794 2287812
2290187 2290595
2310945 2322823
2333536 2333635
2336011 2344896
2345494 2347767
2348278 2353389
2356810 2357910
2410314 2416713
2420454 2428383
2434620 2457548
2458112 2458179
2465605 2488032
2521229 2522201
2526951 2530751
2534348 2546996
2552283 2574660
2579319 2579771
2580295 2581522
2589287 2603153
2605046 2631131
2655144 2655259
2660114 2671282
2673946 2683862
2684369 2715735
2733175 2733291
2736083 2740523
2741727 2744269
2755682 2755951
2758494 2758769
2759620 2784428
2791723 2812874
2832863 2837904
2838660 2838772
2857055 2873304
2875036 2876036
2885289 2897913
2911230 2917929
2947758 2954540
2964198 2977367
2978028 2980577
2981304 2984800
2985631 2985801
3005934 3015497
3019829 3020069
3026132 3045559
3051414 3051904
3058381 3058463
3063149 3067746
3070381 3076703
3093378 3093567
3094579 3095012
3110176 3110396
3123426 3123489
3125333 3131032
3135807 3144066
3147513 3164646
3165156 3167968
3175258 3181374
3194141 3207249
3207948 3210425
3219363 3219475
3228244 3230612
3262761 3274434
3289008 3324231
3327967 3329547
3336779 3348013
3352441 3352736
3355982 3363609
3379885 3388033
3388542 3393781
3404524 3415547
3416981 3426018
3426606 3437678
3497989 3500973
3503555 3513635
3514281 3546844
3555146 3556800
3558439 3558510
3565958 3566123
3566792 3576459
3584747 3600192
3600902 3613716
3635139 3635767
3637239 3642139
3644936 3658665
3682889 3687836
3702611 3714293
3724137 3724314
3728722 3734988
3744819 3745022
3759471 3759705
3764193 3779620
3781808 3788333
3799625 3801278
3802378 3802916
3806798 3811213
3814808 3828397
3830043 3830242
3835678 3842034
3842717 3857654
3871924 3872065
3894637 3916645
3919426 3935277
3937053 3940390
3941457 3960654
3972688 3972857
4007801 4064438
4069502 4073784
4099889 4105228
4110359 4112395
4122692 4127542
4138088 4152595
4156101 4162069
4182088 4189244
4189867 4227937
4235622 4235892
4269857 4283032
4283666 4303325
4312438 4314885
4315884 4345885
4348950 4352461
4352990 4356406
4360442 4360800
4361484 4361780
4362481 4367813
4368390 4391361
4391938 4392948
4394554 4400470
4407709 4410017
4420043 4421673
4431971 4432061
4438585 4469061
4475967 4476258
4488651 4488920
4489610 4497498
4500878 4506360
4507512 4510575
4511154 4513548
4520172 4532434
4536281 4542975
4552027 4552192
4552864 4556063
4559275 4567734
4570673 4573831
4586852 4586912
4593210 4604471
4610502 4613177
4613821 4617081
4628642 4640054
4648522 4664916
4665854 4665987
4668750 4668949
4669826 4674498
4678111 4678202
4683106 4683218
4686679 4687544
4705969 4722004
4723047 4723811
4735655 4745062
4752857 4764217
4767971 4769783
4770317 4788350
4793724 4799597
4803298 4804921
4808652 4842933
4849959 4850080
4853306 4856725
Salmonella_0920_Ancestor_
1 360
1085 7509
10132 11601
12506 15078
17640 26082
43737 60018
63993 64225
64872 75661
89839 100136
107253 111282
136822 137060
161708 161785
171408 207899
218984 244628
259930 260078
280288 282041
288920 295627
296181 299696
301444 304549
315366 317500
327349 336113
337078 337922
359509 370043
376045 394550
396875 398892
400722 401951
406122 406391
419414 420295
424263 458538
459074 460214
472007 474378
475414 475563
480940 487229
493470 493694
494409 494458
495289 528657
555290 561903
571321 571484
578190 589300
595073 597414
600820 616570
618934 620181
624838 653827
661152 665749
667597 667805
678400 685255
724123 724204
731614 731847
752946 753033
755681 761050
769140 773472
794118 794377
796937 812328
812854 819868
826236 826485
827239 829914
830656 831041
831926 846099
852447 853736
881346 881573
899787 900297
906831 926902
931814 937221
937725 940400
947198 947437
950703 950785
959069 959159
982382 985206
990981 991069
997773 998017
999478 1000086
1000645 1025715
1039612 1063240
1083335 1084542
1088095 1097112
1097693 1103067
1103647 1106835
1107399 1115662
1121091 1122638
1127331 1131478
1135535 1135864
1136884 1137513
1139400 1150925
1184986 1185070
1194670 1202639
1221254 1224662
1238421 1253767
1263425 1263693
1264621 1265896
1272864 1276663
1278790 1278886
1279686 1286392
1291627 1308536
1323793 1341072
1341617 1342958
1346622 1349140
1380532 1385399
1390000 1393435
1398550 1398885
1406021 1438204
1438890 1444722
1448381 1449592
1457342 1458885
1466496 1468103
1475165 1487346
1498827 1527408
1529410 1540489
1551825 1558928
1574534 1574698
1577755 1585201
1585714 1624163
1629353 1636217
1643157 1647134
1647729 1648628
1655225 1663322
1663841 1668246
1670002 1670193
1674185 1674705
1676178 1678953
1687173 1691074
1704833 1706332
1707812 1708340
1715693 1744312
1772311 1815701
1819178 1822373
1823204 1824650
1835352 1852504
1877211 1890087
1890589 1905330
1913259 1915473
1918532 1935782
1939750 1942350
1944815 1948213
1963530 1964720
1968077 1994089
1998074 2009289
2010273 2010390
2034672 2046259
2048092 2073519
2075447 2078385
2094105 2100349
2107595 2109529
2118128 2121188
2123958 2137249
2146815 2149192
2152362 2154488
2155199 2155405
2170087 2175144
2178814 2187966
2196715 2207713
2210100 2226544
2246993 2250744
2259361 2259694
2287480 2310441
2322612 2335911
2347594 2350342
2350874 2356960
2357872 2364475
2364976 2410214
2415167 2415259
2416813 2420595
2428162 2434751
2436886 2437054
2457648 2464801
2488091 2521129
2522301 2526414
2530851 2534248
2546805 2552424
2568034 2568192
2574760 2580195
2581622 2589261
2603802 2605264
2630885 2660014
2671919 2673846
2714651 2714846
2715835 2736575
2737399 2739213
2744236 2750247
2757417 2769817
2770827 2772442
2774781 2781815
2782367 2791233
2794529 2794786
2795335 2804142
2804728 2804778
2814659 2822075
2822835 2823095
2826893 2832216
2843676 2862714
2867149 2867330
2868456 2869110
2873120 2874936
2876368 2882592
2883226 2885379
2897740 2911802
2914255 2914557
2917648 2947658
2954299 2964309
2975265 2975348
2984900 3005834
3015255 3023011
3023545 3025535
3030332 3040841
3042067 3047970
3058138 3058221
3065079 3065290
3067858 3070281
3076803 3079738
3080359 3093998
3094579 3108343
3108932 3114990
3115581 3125233
3130784 3135707
3144611 3147413
3161684 3161970
3168068 3175158
3181131 3194822
3199049 3199183
3207128 3207622
3218404 3219031
3228029 3228821
3240486 3251228
3263721 3263846
3265125 3281201
3289028 3297016
3308231 3315014
3316938 3320778
3356442 3370624
3376222 3376317
3382849 3414399
3416521 3434385
3436674 3473484
3474001 3498075
3501073 3503455
3519177 3521976
3546944 3553806
3554329 3555046
3556900 3558599
3566963 3572132
3580750 3588838
3598342 3606993
3613546 3636569
3642239 3645015
3657185 3660040
3682248 3719031
3741098 3741670
3742255 3742616
3758243 3787449
3792373 3792599
3793714 3805603
3811867 3815144
3815646 3823707
3825560 3826460
3826971 3831179
3835208 3838462
3841160 3841466
3852580 3861917
3874274 3888412
3893996 3918212
3923686 3924033
3931847 3931946
3935377 3936953
3940490 3941357
3951211 3951601
3959465 3959677
3960654 3981425
3982120 4003250
4008144 4018604
4020477 4051745
4052477 4056266
4061062 4066198
4112986 4118114
4123035 4138183
4152695 4167694
4169078 4169530
4173862 4182237
4183581 4183666
4195790 4201356
4227792 4261208
4261734 4270490
4286506 4286644
4303425 4312338
4314985 4315784
4345985 4349099
4350703 4362381
4383779 4383943
4388244 4404580
4407088 4421649
4423157 4423507
4430761 4430901
4432905 4433641
4439323 4442503
4449888 4457071
4457573 4470940
4501321 4517927
4520158 4520222
4533019 4536181
4542236 4552671
4560041 4563764
4567163 4570573
4574211 4586870
4596581 4603123
4604385 4610402
4617181 4628850
4632153 4632233
4640154 4647991
4665016 4669283
4674598 4686579
4687644 4692726
4693274 4706253
4722400 4722947
4723911 4735555
4745162 4752757
4764861 4767871
4771199 4771443
4781307 4781457
4784671 4784858
4788450 4793624
4799697 4803198
4805021 4808891
4813524 4813673
4816178 4816432
4831474 4831718
4843033 4853206
4856825 4857432
