Salmonella_0906_Taxon007_
27527 27676
93592 93643
159819 160064
207092 207167
251567 251776
346954 347135
361260 361388
476386 476755
479041 479121
486435 486508
531283 532033
719920 720100
736938 737171
804796 804887
826149 826210
881127 881188
884376 884519
1135720 1136025
1253057 1253302
1334483 1334645
1438189 1438345
1501039 1501088
1546763 1546884
1565357 1565655
1647610 1647794
1804428 1804742
1931934 1931985
1976751 1976927
2020401 2020630
2027039 2027094
2111438 2111545
2216290 2216378
2399887 2399951
2419808 2419975
2422128 2422212
2563939 2564219
2592287 2592551
2627850 2628016
2638931 2639351
2691212 2691394
2702824 2703008
2728794 2729094
2733209 2733324
2833944 2834067
2851348 2851407
2912671 2912837
2948467 2948558
3106330 3106536
3190634 3190854
3226785 3226868
3244596 3244785
3329294 3329395
3344089 3344446
3374257 3374459
3435398 3435692
3492308 3492629
3545625 3546054
3567601 3567689
3650038 3650393
3658088 3658206
3720258 3720484
3771498 3771642
3783734 3784033
3858598 3858778
3861037 3861090
3922919 3923122
4171435 4171747
4176871 4176986
4264952 4265004
4297355 4297414
4425681 4425978
4427739 4427806
4526402 4526470
4540821 4540898
4628037 4628088
4715146 4715361
4784799 4785073
4804167 4804392
4813771 4814036
Salmonella_0920_Ancestor_
59321 59534
63879 64225
65611 66496
126716 126901
184747 185037
199422 199523
209392 209584
217170 217224
244373 244592
286002 286680
289337 294452
335900 336113
337105 337318
350788 351016
424301 424368
445776 446035
507550 507671
546842 546963
574502 574780
577451 577518
586771 586887
669469 672211
830308 830557
934278 934331
968804 969003
980537 980681
999478 999808
1000766 1000859
1025116 1025636
1079609 1079789
1099756 1099977
1102275 1105034
1110052 1110870
1135535 1135822
1136884 1137144
1138835 1138893
1142641 1142697
1154378 1154458
1224393 1224508
1259269 1259624
1348322 1348653
1363447 1363632
1377563 1377765
1423605 1423899
1497379 1497808
1515717 1515923
1605967 1606324
1763293 1763513
1853164 1853490
1881374 1881465
1939221 1939527
2040812 2040908
2045783 2046265
2048346 2048727
2081254 2081420
2123226 2123357
2130673 2130855
2187666 2187966
2208867 2209079
2215037 2215203
2250502 2250749
2276330 2276610
2287370 2287746
2386975 2387039
2444437 2444566
2544458 2544641
2561775 2562020
2579319 2579840
2722827 2722948
2728323 2728443
2734953 2735402
2736118 2736574
2737751 2738069
2790075 2791233
2794669 2794786
2805613 2805685
2826988 2832222
2844151 2844434
2911219 2911272
2970006 2970178
3194306 3194827
3269518 3269691
3276148 3276263
3316938 3317408
3367246 3367571
3414155 3414406
3429967 3430249
3435407 3435591
3483254 3483516
3519177 3521385
3566963 3571894
3598409 3599372
3611529 3611774
3635218 3635668
3723109 3723362
3879239 3879505
3958534 3958677
3999800 4000013
4025621 4031210
4055540 4055773
4061313 4061405
4108645 4108736
4118102 4118173
4167127 4167307
4195856 4201366
4302981 4303350
4350975 4356547
4361301 4361680
4414874 4420062
4436076 4436343
4450209 4450336
4451530 4451660
4510400 4510504
4539212 4539292
4560041 4560510
4584687 4584757
4596627 4596841
4617106 4617461
4623122 4623215
4810612 4810663
