Ecoli_0915_Taxon016_
1 240
3974 4282
5785 6243
7945 8289
15138 15373
15921 16124
16811 16872
17802 18195
18922 20079
22122 22331
29638 29832
31669 32140
32775 33226
36354 36716
37540 38232
41343 42042
44999 45386
47216 47384
47995 48378
52890 53218
54600 54911
57227 57429
59260 59389
65030 65273
65853 65941
67238 67656
68474 68789
70200 70477
72512 73252
73900 73962
80505 81825
82370 82521
84713 84917
89475 90036
91775 91893
94192 94324
95028 95519
96071 96534
97671 97738
100542 100822
103046 103596
104295 104753
105396 106142
107019 107125
108822 108924
109724 109819
110775 111443
114740 114885
116712 116981
118104 119118
128276 128843
130101 130257
130910 131094
133500 133662
134672 134831
135524 135792
137000 137417
138840 139740
142430 142716
144607 145097
151156 151249
152753 153130
155627 156090
158852 159139
161128 161448
163951 164793
165320 166182
166923 167359
167992 168163
168676 170362
171129 171182
179632 179741
181580 182120
183354 183524
190104 191228
193858 194610
195241 195787
196516 196803
199734 201543
202574 202844
203607 203869
204426 204579
206347 206585
209111 210141
211268 212675
220750 221627
223320 225914
227780 228752
229811 229904
230948 231031
234301 234671
237191 237674
238312 238446
239890 240002
240891 242277
242825 242995
250780 250892
252065 252596
254543 254860
255463 256512
258157 258551
260369 260624
262081 263329
265370 265460
266318 266405
270503 271026
271941 273152
274278 275102
279158 279428
280764 281211
281977 282292
283256 283905
284413 284530
285904 287267
288989 289060
290117 290422
290965 291860
294182 295355
296367 296675
297955 300497
301294 301426
303487 304565
305372 305475
306070 306355
307326 307568
308302 308712
310984 311392
312395 312707
313574 313723
315391 316384
320630 320715
321440 321559
322710 322970
323524 323827
327332 327539
328271 328643
333267 333569
336144 337075
338334 339310
340133 340444
342358 342648
343504 344334
344844 345366
346254 347829
348450 348533
349104 349819
351273 351746
353097 353501
354079 354200
355781 355997
359862 359988
361670 361905
363567 363630
364637 365039
366634 366726
368042 368601
369639 369736
371048 371618
374200 374385
376482 377201
379676 379747
381558 381678
382240 382812
387502 387702
389150 389598
391964 392176
392782 392884
395943 396198
396878 397276
399694 399757
401593 402001
402653 402872
404367 404695
406413 407000
409012 409399
411082 411383
412036 412249
413882 415323
419270 419566
424857 425033
431261 431364
432676 432880
437021 437326
439331 439431
440177 440860
444065 444594
447087 447357
449399 449880
451245 451787
454582 455525
458117 458456
459531 460255
461087 461258
462108 463912
466316 466690
470119 470580
473399 473639
474700 475190
475839 476026
478108 478539
479796 480053
482336 483434
484132 484531
485279 485804
486545 486814
493623 493777
494522 495459
499571 501048
501752 501907
510083 510529
512097 513245
515184 515850
517369 519598
521049 521224
524394 524860
529401 529653
530566 530734
532439 532532
533150 533636
534954 535623
536295 537424
538213 538452
539991 540689
541723 541864
544182 544537
545062 545191
545944 545995
546690 546893
547713 548159
548747 549532
550096 551811
553748 554082
555578 556825
558128 558220
558995 559064
560484 561817
562992 563452
564951 565330
567008 568188
568942 570288
575469 575851
576731 577262
577982 579340
579958 580319
580914 581542
586149 586621
587177 587591
592602 593052
595245 595508
596038 596618
597248 597324
597894 598140
598937 599262
602651 603862
605285 605481
607123 607666
608193 608492
611739 612335
615126 616067
618788 619415
622244 622735
624564 624814
625779 627107
627995 628278
629248 629964
633084 633490
634150 634450
635411 636040
636587 636884
638390 639105
640080 640159
644015 644167
645330 645599
646176 646234
646951 647090
652976 653587
654873 654995
657591 659692
661408 663037
663815 664007
666087 666861
667380 668031
668755 668868
669451 669512
670699 671432
671950 672452
673683 673870
674645 677277
678597 678941
679692 680349
681185 681586
683059 683260
684034 684257
691747 692509
693569 694098
696135 696252
697374 698881
700658 700968
702019 702211
702881 703532
704129 704246
704789 705062
707291 708012
712192 712917
713587 714358
715522 716082
716716 717304
717972 719314
724486 724758
726585 727638
729086 730302
730978 731141
733507 733790
734450 734677
735536 735988
737148 737453
738972 739237
740159 740763
741430 741640
744830 745232
746000 746124
746807 747643
750154 750288
751839 752211
753410 753502
754212 754939
755922 756138
760055 760127
762705 762798
764107 764184
766599 767184
769558 770152
772704 774317
775110 775389
776873 777109
777921 778539
779794 780177
781071 781259
781922 781993
786051 786396
787131 787353
793588 793679
795866 796315
797415 798865
800625 801289
803535 803852
806062 806254
806875 807357
808577 808958
810003 810736
812678 813951
815488 815551
823548 823865
825761 826136
826667 826901
827613 827952
830581 831051
832972 833406
835849 836093
837258 837369
838794 839588
840881 841929
846468 847739
848337 848388
849021 849306
853378 853743
856918 857121
860468 860786
863222 863742
864445 865012
866610 866834
867383 869374
872633 873280
875070 875336
875842 876379
878751 879278
884829 885400
887134 887320
888017 888527
890115 890483
894220 895294
898182 898412
901310 901461
905036 905247
905968 908257
908934 909318
909839 911111
912191 912392
914368 914783
917739 918659
919792 920065
922043 922953
925075 925249
926262 926346
928843 928933
929725 929843
931113 931330
932038 932450
933702 935374
936320 936627
937977 938034
938720 938913
939465 939800
943594 943879
944829 944999
946959 947235
956399 956746
957706 957890
959010 959180
960553 960765
962379 962853
963510 963721
965176 965554
966674 966874
968716 968836
972161 972452
973503 973575
975323 975468
976527 979165
979797 980460
982227 983106
984766 984866
986667 987684
988841 988995
991124 991372
993056 993718
994249 994463
995184 995523
996191 996519
1000048 1002092
1003201 1005112
1006615 1006803
1008967 1009105
1011598 1011687
1012355 1012546
1014733 1015889
1016403 1016538
1017499 1017678
1018558 1019661
1021298 1021533
1029579 1030045
1030979 1031882
1034987 1035141
1037092 1038240
1040292 1040519
1041196 1041301
1044499 1045505
1049871 1050490
1053776 1054006
1055784 1055872
1056407 1057781
1060961 1061718
1063202 1063552
1068068 1068676
1069567 1069781
1072216 1073015
1074979 1075291
1076786 1076881
1078574 1078623
1080145 1080384
1083261 1083561
1084796 1084884
1085724 1086230
1087053 1087459
1093521 1093811
1094398 1095404
1096594 1097239
1101055 1101296
1109395 1109669
1113483 1113638
1114533 1114719
1116125 1116604
1118731 1118827
1121504 1122761
1123636 1123852
1124769 1125420
1128715 1129758
1131042 1131309
1133341 1134311
1135484 1136914
1137699 1137990
1138535 1138988
1139952 1140250
1144292 1144788
1145824 1145902
1147652 1148219
1148785 1149016
1150931 1150990
1151515 1152161
1156108 1156354
1158827 1159446
1162642 1162899
1164143 1164398
1165026 1165505
1168507 1168600
1171986 1172526
1174270 1175274
1176703 1176846
1181364 1181595
1184278 1185171
1186273 1186330
1186973 1187681
1188295 1188531
1189044 1189117
1189646 1189791
1190822 1191001
1191576 1192029
1192737 1193257
1196261 1196464
1196986 1197238
1198581 1199123
1200456 1200705
1201988 1202533
1203584 1204475
1207713 1208227
1209427 1209758
1214802 1215493
1217038 1217331
1218079 1219053
1223394 1224467
1227272 1227796
1228502 1229330
1231275 1231382
1233503 1233778
1235362 1235556
1237245 1237508
1238681 1238993
1241307 1241501
1245259 1245491
1248477 1248899
1249922 1250070
1250658 1250908
1253265 1253498
1255680 1255837
1259291 1259877
1261594 1262224
1265126 1265577
1267978 1270791
1272368 1272867
1275946 1276249
1276817 1277579
1278407 1279681
1281496 1281627
1284884 1285755
1289619 1289981
1290700 1291124
1291963 1293227
1294115 1294906
1296371 1296922
1300317 1300744
1302636 1302903
1305349 1305423
1305966 1307272
1312313 1312541
1314690 1314913
1315496 1315911
1318224 1318358
1320664 1321012
1322747 1323390
1325996 1326156
1326884 1326986
1328137 1328338
1329353 1329430
1333603 1334503
1335930 1336319
1337645 1338362
1339411 1339768
1340373 1342665
1344204 1344329
1346006 1346570
1347137 1347235
1349324 1349797
1358834 1359021
1360792 1361391
1362073 1362156
1362915 1363417
1370003 1370261
1372538 1372809
1374342 1374955
1376453 1376759
1377644 1378017
1378974 1379039
1379578 1379696
1385928 1386204
1387781 1388735
1390110 1390307
1391183 1392037
1393213 1393412
1394285 1395830
1397075 1397240
1401712 1401917
1402789 1403416
1404888 1404963
1406834 1406922
1407524 1407648
1409050 1410031
1410557 1411036
1412950 1413223
1416106 1416307
1418633 1418804
1420024 1420158
1421842 1422136
1423417 1423539
1424709 1424805
1425337 1426526
1428334 1428716
1432641 1433567
1435578 1436312
1438969 1439625
1442798 1443142
1444735 1445096
1447005 1447208
1449530 1449790
1450544 1451482
1453373 1454238
1454801 1455014
1455675 1455734
1457342 1457573
1458371 1458946
1460756 1461291
1463763 1465518
1466256 1466460
1468246 1468426
1469141 1470914
1471683 1471915
1478098 1478802
1479468 1479775
1481512 1481747
1483599 1483694
1484965 1485460
1491286 1491548
1496986 1497950
1498631 1498748
1502120 1502675
1503976 1504121
1507284 1507774
1508473 1508646
1509625 1509765
1510997 1511182
1515716 1516808
1517707 1517763
1518420 1519442
1520117 1520465
1522569 1522789
1523827 1524276
1524806 1525234
1525846 1526038
1526887 1527175
1528681 1528811
1529347 1530357
1534500 1534652
1537190 1537615
1538119 1538189
1542729 1543006
1543980 1544707
1545684 1546999
1549269 1549392
1552630 1552993
1553678 1554240
1555652 1555927
1557648 1558937
1559802 1560295
1562228 1563158
1565688 1565892
1566765 1567685
1568909 1569393
1570385 1570583
1572108 1572181
1576602 1576749
1577348 1577619
1578394 1578623
1580265 1580679
1581877 1582076
1584562 1584840
1586119 1586541
1587160 1587251
1588044 1588882
1593720 1594370
1598364 1598669
1602084 1602222
1605052 1605205
1606050 1606407
1607081 1608321
1609013 1609522
1612852 1613245
1613827 1614124
1614949 1616157
1616816 1617696
1619336 1619703
1622860 1622935
1624714 1625110
1625879 1626407
1628360 1629043
1629869 1630121
1631092 1631225
1632602 1633791
1634618 1634800
1635395 1635444
1637120 1637284
1638546 1638955
1640965 1641485
1642744 1643199
1646996 1647231
1647930 1648138
1650979 1651125
1654189 1654461
1655118 1655977
1656669 1657065
1662315 1662611
1664388 1664696
1668042 1670054
1676641 1677028
1677541 1677726
1680041 1680622
1681793 1682214
1683212 1683397
1685475 1685575
1686540 1687420
1688159 1688489
1691786 1692050
1696141 1696432
1699123 1699283
1700457 1700631
1701349 1701456
1702932 1704278
1706413 1706836
1707724 1707781
1708449 1708795
1709814 1709929
1714467 1714771
1716118 1717349
1718162 1718425
1720108 1720932
1722855 1723445
1728751 1729145
1730992 1731353
1732038 1732995
1733523 1733619
1737465 1738022
1741509 1742177
1745067 1745317
1746036 1746094
1747801 1748389
1751467 1752323
1755497 1755688
1759870 1760149
1760686 1760852
1763910 1764687
1765491 1766177
1766799 1767647
1768500 1768701
1769600 1770148
1772184 1772302
1773749 1774905
1775675 1776073
1776764 1777583
1779325 1779550
1780206 1780901
1782050 1782163
1782960 1783149
1790201 1791138
1795529 1795681
1801289 1802107
1805221 1805933
1809528 1809987
1810838 1811648
1812324 1812448
1813558 1813838
1819563 1819716
1820456 1821527
1822538 1823300
1827491 1827742
1829230 1830571
1831549 1832926
1833573 1833635
1834140 1834252
1834845 1835177
1838024 1838193
1838798 1839245
1840816 1842196
1844299 1844630
1845299 1845548
1850904 1851190
1851999 1852928
1854107 1855535
1859271 1859448
1860472 1861147
1862117 1862194
1863526 1863607
1866459 1866936
1868760 1869019
1869558 1869718
1871588 1872495
1873694 1873851
1876622 1876783
1881048 1881301
1881910 1882052
1882874 1882927
1883733 1884392
1887410 1887713
1888426 1888624
1889811 1889983
1891625 1892165
1893230 1893821
1895004 1895503
1896143 1896255
1896785 1897076
1903148 1903247
1903809 1903979
1907482 1908023
1908679 1908929
1910357 1911010
1911716 1911944
1917332 1918387
1918928 1919275
1922540 1922761
1923376 1924025
1924756 1925174
1926974 1928132
1933035 1933417
1934099 1934660
1935645 1936143
1938579 1938741
1939720 1939774
1940486 1941236
1944614 1944980
1948839 1949473
1956585 1956635
1961884 1962096
1964411 1965284
1966592 1966780
1969327 1969466
1970452 1970684
1971348 1971794
1973125 1973325
1974761 1975413
1978919 1978970
1979916 1981216
1982471 1982675
1983496 1983648
1985164 1985442
1987148 1987576
1988870 1988953
1989896 1990062
1994437 1994705
1996321 1996896
1999023 1999303
2001862 2002108
2004075 2004682
2007579 2007679
2009089 2009278
2010024 2011190
2013625 2014187
2014730 2014837
2018196 2018324
2022255 2022441
2025152 2025283
2026158 2026537
2029610 2029980
2032531 2032616
2034131 2034420
2035309 2035834
2037696 2037932
2040622 2040866
2044476 2044719
2046043 2046218
2048667 2048853
2052439 2052979
2059570 2059926
2061292 2062066
2063808 2064133
2065516 2065754
2066383 2067554
2069435 2070309
2071099 2072029
2073262 2073460
2076609 2077319
2078294 2078597
2079803 2080402
2081457 2082294
2085808 2086118
2090808 2091278
2093624 2094087
2095016 2095731
2097680 2098114
2098864 2098939
2103363 2104585
2105238 2105467
2108503 2109194
2112770 2112959
2113670 2114222
2116809 2117966
2118875 2119711
2121267 2121554
2122088 2123281
2124028 2124129
2124744 2125182
2127552 2127951
2130758 2130873
2132012 2132246
2133829 2133992
2134657 2134751
2135412 2135750
2138044 2138149
2139764 2140172
2140874 2141489
2142042 2142440
2145832 2146617
2148796 2149420
2150426 2151065
2155916 2156031
2156619 2157216
2158906 2159738
2161235 2162246
2164399 2165229
2165782 2166150
2166816 2166991
2168131 2168196
2169647 2170218
2171657 2172174
2173383 2173615
2175764 2176512
2178300 2178911
2179435 2180278
2181660 2181886
2182856 2183082
2185881 2186007
2187268 2188380
2189548 2189714
2191344 2191567
2195837 2195953
2196733 2197260
2197863 2198042
2198692 2199717
2200509 2200727
2206388 2207220
2208088 2208200
2210490 2211373
2216075 2216132
2217184 2217938
2218778 2219060
2221958 2222845
2225319 2225385
2227029 2227254
2229707 2229801
2235780 2236762
2237465 2237858
2239740 2240176
2240906 2241221
2242094 2242784
2244281 2244492
2246113 2246270
2246833 2247081
2252108 2252395
2252991 2253468
2261143 2262031
2265269 2266188
2267308 2267801
2268408 2268572
2274606 2274873
2277054 2277298
2286747 2287021
2287902 2288044
2289293 2289800
2293871 2294215
2296183 2296313
2296940 2297212
2300690 2301208
2303447 2303744
2304940 2305369
2307441 2307724
2310752 2311370
2314077 2314417
2314984 2315301
2316128 2316910
2321246 2321526
2322400 2322752
2325627 2327014
2330964 2331313
2334260 2334401
2336220 2336513
2339484 2339541
2342891 2343067
2344149 2344198
2344908 2345093
2347998 2348057
2351521 2351671
2352955 2353736
2354793 2355188
2355788 2355968
2356909 2357493
2359014 2359307
2362768 2362878
2363806 2364225
2367096 2367202
2370034 2370113
2371898 2372046
2375898 2376330
2378405 2378689
2382704 2383356
2385174 2385271
2387149 2387219
2387849 2388922
2397029 2397200
2397874 2398587
2400074 2400301
2402546 2403275
2403814 2403988
2408891 2410139
2411268 2411506
2412058 2412296
2414626 2415203
2415866 2416019
2417220 2417720
2418872 2419151
2420175 2420487
2421270 2421418
2422129 2422378
2424561 2424981
2428460 2429924
2433676 2433913
2435867 2436446
2437382 2438134
2438749 2438991
2443942 2444845
2446762 2447241
2448160 2448285
2451866 2452005
2452509 2453821
2456964 2457018
2457967 2458170
2458838 2459023
2464690 2465587
2466672 2466933
2469129 2469357
2470857 2471406
2471959 2472211
2473426 2473861
2476731 2478536
2480184 2480973
2481774 2482234
2491914 2491984
2492910 2492966
2494393 2494508
2495090 2495736
2498019 2498120
2499582 2499741
2500651 2501913
2503642 2504786
2505833 2506651
2507723 2507987
2511674 2511962
2514030 2515060
2518485 2518592
2520691 2521649
2522739 2522980
2523905 2524058
2525848 2526779
2527907 2528169
2528793 2528871
2530033 2530494
2532895 2533203
2534598 2534896
2536749 2539223
2539951 2540248
2544668 2544768
2550059 2550227
2551172 2551817
2552475 2554319
2556588 2556692
2557221 2557890
2560854 2561306
2563520 2564134
2569195 2569377
2571155 2573043
2577125 2577532
2583436 2583911
2584497 2584918
2586467 2586610
2587682 2587831
2589358 2589791
2590638 2591819
2592743 2593026
2593884 2594419
2595147 2595518
2596894 2596991
2598175 2598374
2599509 2600632
2601607 2602583
2605738 2606438
2606946 2607350
2608351 2608587
2610675 2610844
2616117 2616304
2620085 2620210
2620790 2621977
2626227 2626277
2628574 2629004
2629537 2629823
2630674 2630733
2632020 2632278
2633394 2633447
2634943 2635102
2637443 2637779
2641110 2642545
2643420 2644185
2645029 2645243
2645868 2646166
2646793 2647747
2649371 2649623
2650234 2650476
2651350 2651784
2652466 2653285
2655410 2655752
2658324 2658443
2662949 2663675
2667507 2667637
2668481 2669269
2670531 2671839
2673602 2673685
2675114 2677088
2682399 2682709
2684257 2685488
2686793 2687519
2688084 2688204
2688868 2688963
2689496 2689953
2697698 2697988
2699582 2700663
2701236 2702169
2703308 2703996
2704544 2704919
2705570 2705823
2709614 2709806
2710674 2710913
2712034 2712415
2712938 2713407
2718642 2719075
2722663 2722998
2729607 2729683
2730673 2730959
2732133 2732204
2735949 2736059
2737927 2738188
2738769 2738860
2741557 2742107
2745056 2745300
2746242 2746654
2747347 2747994
2749739 2751919
2753265 2753481
2754574 2754884
2756970 2757186
2757850 2758106
2759961 2760155
2760748 2760928
2765572 2765734
2767552 2768379
2771550 2771921
2776402 2776734
2777310 2777999
2779864 2780098
2783053 2783844
2784450 2784848
2787263 2788061
2790012 2790123
2795066 2795499
2796268 2796683
2797789 2798089
2799718 2800085
2801341 2801949
2804479 2804551
2807403 2807575
2810866 2811093
2816060 2816435
2817087 2817234
2818900 2819051
2822804 2822938
2824511 2824822
2825408 2825701
2828324 2829234
2829817 2830524
2834789 2835009
2839467 2841069
2841617 2842192
2846006 2846424
2848088 2849093
2854067 2854177
2856050 2856184
2857075 2857345
2857975 2859800
2864275 2864501
2866158 2866721
2869170 2870351
2871586 2871884
2874479 2874614
2876283 2876479
2878488 2878952
2880622 2880914
2881684 2881874
2883318 2883376
2884264 2884963
2886910 2886992
2888626 2889611
2890459 2890741
2892667 2892761
2893951 2894034
2895488 2895752
2899888 2900261
2901995 2902052
2902641 2902962
2904833 2905362
2905942 2906287
2907947 2909125
2910429 2910531
2913301 2913428
2914528 2914812
2916470 2916749
2920817 2921114
2922175 2922516
2923226 2923546
2928186 2928416
2933495 2934031
2935391 2935638
2936234 2936289
2936825 2937086
2938626 2938757
2940390 2940622
2943829 2943958
2947088 2947991
2950457 2950680
2951513 2951790
2952389 2952441
2955220 2955282
2955875 2956331
2956860 2957211
2959099 2959780
2963466 2963715
2964262 2966601
2967660 2967820
2968540 2969525
2971016 2971461
2972454 2973167
2974293 2974892
2975560 2975860
2976744 2976976
2978532 2979471
2980409 2980702
2981261 2981438
2983088 2983755
2986944 2987323
2988279 2988870
2993305 2994236
2995440 2995724
2997967 2998443
3000720 3001830
3004038 3004428
3005312 3005431
3007010 3007094
3007768 3008031
3009471 3009626
3012293 3012734
3013570 3013856
3014459 3014759
3016013 3016250
3018988 3019065
3020744 3021238
3022560 3022610
3023190 3023765
3024777 3024847
3025436 3025614
3028360 3028445
3033861 3034103
3041212 3041889
3043126 3043409
3046678 3047488
3048222 3050241
3050758 3051359
3060411 3060647
3062330 3062900
3063724 3064135
3065979 3066140
3068426 3068966
3070247 3072235
3073584 3074020
3074910 3077539
3080352 3082007
3082946 3083453
3083986 3084055
3089324 3089749
3090290 3090500
3091013 3092162
3094169 3094391
3096600 3096776
3099712 3099987
3102094 3103102
3104959 3105139
3105858 3106903
3107542 3108027
3110146 3110634
3111194 3111494
3113257 3113692
3114837 3115417
3117203 3117500
3118273 3118505
3122919 3123194
3124124 3124367
3125603 3125787
3126505 3126740
3127372 3128156
3128776 3128835
3130443 3130686
3132424 3132813
3136386 3136748
3140406 3140798
3144581 3144698
3145887 3146746
3151569 3151898
3154974 3155452
3156067 3156334
3156894 3157776
3159530 3159962
3162499 3162683
3164069 3164263
3166371 3166504
3172196 3172437
3178188 3178901
3180116 3180492
3182752 3184841
3186261 3186553
3187182 3187635
3190895 3191125
3192188 3192430
3192967 3193084
3194578 3194789
3196834 3198073
3199137 3199366
3211995 3212123
3214567 3214892
3215579 3216084
3216922 3217572
3220032 3220313
3222764 3223106
3227476 3228309
3229625 3230111
3231214 3231645
3233692 3233815
3238663 3239543
3242201 3242898
3244922 3245040
3245939 3246863
3250491 3251285
3254123 3254975
3255508 3255714
3257118 3257497
3258985 3259328
3259919 3260588
3261720 3261810
3262816 3262971
3266029 3266536
3269230 3269744
3270905 3270978
3275728 3275937
3278196 3278807
3282277 3282681
3285002 3285297
3286287 3287016
3288203 3288665
3289482 3289531
3294861 3295873
3298474 3298600
3300867 3300920
3302980 3303419
3306895 3307880
3308899 3309006
3309820 3310134
3310898 3311723
3312367 3313253
3315256 3315742
3316948 3317683
3318346 3318900
3320449 3320577
3321450 3321870
3322668 3323235
3325256 3325450
3327764 3328817
3329870 3330614
3337383 3337835
3338373 3338530
3342922 3343062
3345987 3346494
3350117 3350335
3352597 3352944
3354846 3354905
3355914 3356441
3361826 3362119
3365924 3366879
3367767 3368154
3371238 3372267
3372768 3373188
3374159 3374438
3377841 3377991
3378890 3379087
3379608 3381026
3382111 3382189
3383950 3384606
3385754 3385864
3387209 3387271
3387816 3387946
3391900 3392110
3392729 3392863
3393562 3395145
3396730 3396971
3397807 3397893
3405271 3405652
3408025 3408990
3411369 3411483
3413091 3413342
3414663 3414750
3415438 3415487
3416323 3416584
3417545 3417627
3418701 3418895
3419475 3419770
3423023 3423531
3424622 3424950
3425474 3425731
3426700 3427452
3429661 3429896
3432498 3433595
3434262 3434908
3436833 3436891
3438916 3439206
3440191 3440710
3441219 3442238
3444994 3445808
3446353 3446633
3447287 3447862
3452261 3452625
3455867 3456511
3457413 3458183
3462068 3462341
3463468 3463654
3465462 3465983
3473184 3473259
3474932 3475529
3476465 3476591
3477813 3478730
3479675 3479877
3480727 3480810
3486801 3487223
3489568 3490069
3491501 3491671
3492679 3492934
3493583 3493951
3496589 3497050
3497622 3498203
3499036 3499230
3501357 3502355
3503803 3504607
3509126 3509523
3510190 3510347
3515852 3516226
3517036 3517185
3517690 3518665
3520234 3520497
3521533 3521745
3522345 3524010
3525418 3525496
3526194 3527812
3528603 3528719
3531686 3532755
3533439 3534098
3538022 3538261
3538864 3538936
3539700 3541152
3546658 3547083
3547690 3547792
3551497 3552363
3553427 3554434
3555078 3555795
3557399 3557853
3558693 3558978
3560197 3560299
3561502 3561583
3562896 3563032
3563575 3563846
3565371 3565441
3569803 3570459
3576154 3576403
3578057 3578438
3581082 3582322
3583586 3584343
3585072 3585720
3588876 3589850
3591832 3591981
3592967 3593590
3594265 3594413
3595095 3596496
3597209 3598570
3600451 3600502
3604469 3605315
3611213 3612252
3613464 3613715
3615836 3615907
3616687 3616847
3618130 3618452
3619650 3620621
3621821 3622603
3624719 3625626
3626421 3626622
3627268 3627597
3630996 3631100
3632224 3632480
3635938 3636554
3639206 3639506
3643234 3643468
3647220 3647364
3648088 3648348
3650392 3651078
3651580 3652540
3654090 3654403
3654991 3655724
3656360 3656652
3659043 3659096
3659997 3660227
3660831 3661319
3662134 3662418
3666468 3667090
3670753 3670928
3673991 3674584
3677009 3677430
3678391 3679921
3680613 3680750
3681946 3682069
3685097 3685662
3686939 3687473
3688468 3689697
3690430 3690982
3691522 3691853
3692696 3693300
3694023 3694963
3695485 3695873
3697970 3699050
3700793 3702196
3705353 3705402
3706111 3706267
3708707 3709373
3715480 3715655
3717522 3717921
3718426 3718542
3719377 3719852
3720915 3721291
3722174 3722428
3738310 3739282
3739783 3740123
3742574 3742872
3745285 3745533
3747150 3747693
3749306 3749640
3751819 3752190
3753695 3753835
3755876 3756018
3756738 3758072
3759717 3759838
3762826 3762946
3764531 3764881
3766241 3766950
3768485 3768564
3769103 3769432
3770990 3771362
3772753 3774245
3774877 3776006
3777124 3777380
3780286 3780992
3781871 3782014
3782672 3782923
3786122 3786388
3786922 3788007
3789812 3790115
3791621 3792679
3796557 3796909
3801552 3802447
3804874 3806117
3807241 3807334
3809209 3809422
3812975 3813147
3814700 3814749
3816086 3816751
3820416 3820482
3821802 3823073
3826953 3827781
3829133 3829454
3832321 3832875
3833920 3834227
3835831 3835933
3837294 3837418
3838560 3838633
3839333 3840699
3845700 3845875
3850227 3850621
3854179 3854674
3856346 3856730
3857908 3858185
3860463 3860882
3862478 3863175
3863728 3864069
3867383 3867618
3869029 3869516
3870114 3870711
3874579 3874926
3875921 3876468
3877749 3877807
3880213 3880516
3881939 3882857
3883473 3883682
3888324 3888592
3891651 3892173
3893954 3894536
3895757 3896656
3898321 3898688
3900741 3901637
3905155 3905531
3906856 3907385
3910854 3911204
3914922 3915051
3915578 3917104
3919549 3920303
3923711 3923936
3926799 3926888
3927437 3927606
3929712 3930582
3933859 3935384
3937268 3937463
3938336 3939971
3942695 3944122
3944645 3944841
3947160 3947293
3948202 3948736
3949490 3949793
3950425 3950682
3954389 3954682
3955606 3955991
3960107 3960251
3962552 3963898
3965751 3965868
3968199 3968559
3969764 3970085
3970687 3970770
3972630 3972927
3974572 3975199
3976653 3976981
3978746 3979778
3980984 3981109
3983863 3983974
3984697 3985219
3986641 3986927
3987527 3988067
3988799 3988973
3992358 3992937
3993439 3993737
3995695 3997290
3999428 3999698
4000492 4000652
4001208 4001393
4002307 4003541
4005546 4005627
4006473 4006793
4007571 4007690
4008241 4008319
4009871 4010154
4013998 4014426
4015304 4016184
4019380 4019528
4020039 4020249
4024109 4024203
4025815 4026005
4026685 4027177
4029164 4029228
4030508 4030710
4031358 4031447
4037818 4038346
4040410 4041229
4041878 4042657
4043740 4044007
4045155 4045438
4050343 4051872
4054404 4055483
4059829 4061397
4062681 4062952
4066140 4067193
4069301 4069529
4071536 4071961
4072511 4073829
4075282 4075593
4077907 4078143
4078861 4078973
4080627 4080842
4081886 4082063
4084259 4084620
4087473 4088290
4090514 4090713
4091462 4092221
4094052 4094200
4095649 4096333
4099231 4099508
4100064 4100496
4101845 4102150
4105020 4105069
4107155 4107598
4108309 4108783
4110921 4113497
4114057 4116735
4117276 4117552
4121403 4121572
4123074 4124261
4127228 4127365
4130052 4130863
4131468 4131898
4135659 4136137
4136842 4137081
4140105 4140404
4144700 4145738
4152384 4152848
4154619 4155587
4157264 4157786
4158613 4159496
4160153 4160502
4161069 4161343
4162034 4162251
4164506 4165711
4166947 4167005
4169195 4169929
4171940 4172076
4174248 4174709
4175388 4176703
4178758 4179305
4179908 4180245
4181519 4181608
4183109 4183298
4185064 4185364
4187072 4187230
4187928 4188300
4190741 4191132
4191867 4192233
4193694 4194011
4201386 4201994
4204447 4205041
4206838 4207120
4209237 4209523
4211932 4212093
4213887 4214173
4214824 4215109
4219436 4220266
4223163 4223484
4226169 4226343
4228071 4228239
4229681 4229898
4230569 4231102
4231672 4232153
4232733 4232815
4233447 4233580
4234094 4234406
4240053 4240889
4244849 4245309
4245913 4246035
4247279 4248006
4251367 4251588
4254200 4254425
4255781 4256296
4257613 4257763
4258403 4259021
4259622 4260061
4260805 4261532
4263088 4263371
4264457 4264754
4267762 4268931
4272373 4272623
4273594 4273649
4274288 4274460
4277050 4278189
4280177 4280257
4284103 4284422
4285072 4285611
4288458 4289810
4290328 4290544
4291794 4291934
4293383 4293793
4295953 4296063
4297643 4300700
4301455 4302735
4305857 4306336
4307473 4308915
4310626 4310744
4311832 4312122
4315514 4315908
4317573 4318070
4319346 4319526
4323094 4323420
4324278 4324793
4325815 4326373
4332925 4333298
4334103 4335071
4337605 4338257
4342016 4342205
4343183 4343347
4347905 4348463
4349796 4349993
4351930 4352595
4353511 4353562
4354842 4355034
4356614 4356754
4358965 4359243
4360820 4361389
4361912 4362007
4363683 4363952
4366993 4367111
4372639 4372730
4373643 4373929
4375559 4376594
4377540 4377663
4378838 4379072
4380729 4381249
4386490 4386746
4387335 4387498
4390805 4391091
4391621 4391673
4393270 4393436
4394280 4394679
4396904 4398161
4401200 4402750
4403721 4404334
4405147 4405899
4406703 4406767
4408488 4409290
4409973 4410428
4413533 4414374
4415166 4416513
4418821 4420636
4421549 4421880
4422627 4423463
4424158 4424368
4425209 4425348
4427535 4428485
4429532 4430056
4430652 4431088
4436573 4438013
4439132 4439451
4440851 4440953
4442127 4442176
4448071 4448763
4452760 4453099
4457306 4457703
4458692 4459786
4460492 4461377
4462057 4462319
4463183 4463404
4464752 4464910
4467196 4467455
4468501 4469182
4469684 4469918
4473737 4474772
4475442 4475571
4476165 4476449
4477125 4477619
4479259 4479917
4487192 4488174
4490465 4490974
4492245 4492703
4493339 4493754
4499355 4500136
4501216 4501392
4503153 4503969
4504737 4504857
4508171 4509157
4511998 4512320
4513223 4513345
4518301 4518595
4519501 4522010
4522551 4522771
4525270 4525676
4527882 4528195
4531156 4531374
4534668 4534898
4536152 4536993
4537719 4537786
4540584 4541818
4548301 4549251
4552684 4553820
4554961 4556750
4557684 4557865
4558418 4558802
4559655 4560067
4561567 4562806
4567540 4567718
4569827 4570349
4573285 4573355
4577947 4578495
4579116 4580157
4581756 4582003
4582584 4583376
4584495 4584820
4587213 4587506
4590728 4592627
4593875 4594218
4595962 4596577
4598862 4599137
4601165 4601581
4602126 4602376
4603600 4604230
4605189 4605410
4606749 4607072
4612605 4613410
4615304 4615550
4616111 4616855
4619450 4619565
4620502 4621377
4625120 4625890
4627310 4627693
4630405 4630879
4634687 4635129
4636291 4637281
4637933 4638072
4638717 4639391
4641520 4641652
