gi_556503834_ref_NC_000913.3_
223680 225738
239284 239342
248218 248282
257963 258570
263959 264275
270596 272039
274010 274266
274965 275094
279217 279825
290496 291296
391764 392908
525554 526891
566835 567979
574646 575676
608062 609296
687902 688990
734203 735182
736498 737386
1049883 1050490
1094300 1095444
1096961 1097141
1223295 1223862
1269683 1270564
1284175 1284650
1287085 1287262
1299549 1300642
1396095 1397187
1466574 1466867
1467965 1469295
1531808 1532377
1632615 1635510
1650898 1651493
1978558 1979165
2066231 2067244
2068995 2070218
2101821 2102888
2170229 2171373
2288974 2290058
2304390 2304502
2470888 2471075
2514328 2515562
2726119 2729149
2729657 2731430
2776849 2777165
2778191 2778435
2996416 2997639
3130198 3131285
3186150 3187371
3365607 3366700
3392097 3392212
3423314 3428853
3583533 3584140
3619373 3622629
3624431 3625422
3652403 3652990
3666260 3667492
3762121 3766628
3767275 3767373
3941534 3941661
3943364 3946769
4035226 4040586
4094365 4094645
4166354 4171865
4176042 4177054
4208056 4213109
4296097 4296431
4326003 4326308
4392361 4392471
4498236 4499456
4507514 4508624
4614378 4614523
