Buchnera_aphidicola_Schizaphis_graminum_0965
1 593
3964 4672
7716 8017
8555 8937
15565 15774
17019 17243
17856 18037
20745 20903
21797 23021
23772 25246
27462 27636
28761 29021
30099 30779
34779 35141
38178 38427
39021 39634
40885 41420
45673 46273
51473 52251
55207 55719
56740 57096
59887 60172
69636 69720
72930 73157
77807 78611
81206 81378
86047 86258
89740 89926
92631 92750
95322 95450
96180 96797
97434 97541
103325 103800
107811 108137
117073 117340
117958 118325
121278 122302
127023 127245
134944 135215
140613 140723
149060 149273
152346 152553
154780 155073
156730 156784
158336 158556
159990 160086
161610 162065
162585 162965
165978 166293
167458 167681
172599 172886
179064 179301
180247 180601
181579 182443
183195 183350
184130 185975
188545 188601
191732 191906
194982 195333
196309 196741
197436 197676
200777 200847
204907 205572
206543 206649
208709 208758
209735 210143
211059 211271
212074 212373
213746 214131
215645 215986
219818 220126
228787 228928
237426 237641
238588 238767
239531 239667
242197 242292
243044 243233
244306 244539
248995 249429
254826 255180
259652 260217
263521 263839
268228 268512
269451 269523
273117 273198
274791 275817
277063 277115
278647 278886
282227 282330
289816 289993
293127 293396
294764 295249
296485 296604
301053 301111
303099 303566
314096 314381
318319 319234
327465 327952
329608 330316
337788 338030
339650 339879
343209 343444
344874 345145
346328 346428
347425 347634
351694 351940
352851 353037
353997 354158
356739 356960
362308 362590
364459 364824
370202 370492
380713 380925
382103 382553
396566 396828
403248 403526
406773 407026
409764 409841
416199 416434
417235 418064
419267 419519
425347 425570
429228 429391
432346 432461
436330 436618
440720 440953
442048 442130
453460 454197
457038 457147
459219 459481
468380 468530
469465 469618
479141 479421
485111 485193
485783 485838
487171 487223
487824 487967
494712 494970
495745 496329
502331 502466
503176 503435
504004 504092
505960 506760
508215 508457
509347 510716
512560 513005
517065 517182
518483 518562
519233 519608
523797 524207
525055 525482
529380 529660
547587 547649
548637 549281
552975 553194
555987 556507
557720 557907
559566 559720
567651 567733
570747 571086
572975 573523
575008 575217
576135 577220
583711 583860
584672 584774
585351 585671
586870 587068
587759 588249
596223 597008
601563 601749
604751 605325
612469 612655
613454 613517
614296 614657
615881 616250
617685 619092
619666 619797
620365 620477
621351 621431
627849 628315
633072 633261
635509 635975
638703 639062
640417 641312
642524 642578
653797 654018
655623 655852
658887 659622
661281 661791
663390 663890
667238 667311
668290 668588
670729 671204
672854 672982
677479 677717
684749 685309
689209 689545
691179 691793
694967 695247
695829 696296
697317 697578
699079 699446
700010 700217
701879 702714
703392 703662
711120 711377
712930 713282
715126 715330
719086 719220
720667 720816
723543 724174
725809 725904
727036 727690
728686 729429
733385 733609
741471 741640
746207 746835
749610 749769
750277 750909
755255 755517
756388 756564
765452 766010
767883 769137
770707 770863
772068 772657
775013 775149
775980 777115
782481 782664
794728 795523
798399 798608
799243 799680
802143 802310
805453 806299
811041 811301
814347 814523
819381 819661
823545 823837
824750 824933
832105 832194
833496 833753
840032 840284
842076 842193
845244 845326
846431 847734
848414 848706
850005 850205
852729 852959
859685 859868
860388 860634
863604 864160
866065 866240
870592 870834
873457 873682
881299 881376
884652 885426
893609 893776
895683 895916
897375 897677
899514 899700
905112 905395
913921 914686
922124 922207
929419 929613
931704 931855
935166 935653
936500 936710
938050 938131
943396 943451
946157 946995
948302 948444
949847 950189
950791 951554
952356 952569
957751 957980
961336 961654
965101 965571
966692 966961
969115 969407
973502 973573
982258 982336
986249 986590
992285 992510
993609 993878
998938 999107
1000456 1000826
1005510 1005684
1014113 1014248
1015948 1016088
1018399 1018593
1019595 1019943
1023834 1024070
1026404 1026726
1029396 1029683
1035108 1035197
1037859 1037915
1048507 1049492
1052932 1053097
1060638 1061034
1062028 1062464
1067399 1068198
1069345 1069822
1080328 1080656
1087146 1087245
1091109 1091316
1102475 1103727
1106202 1106381
1111209 1111451
1115348 1115659
1116994 1117323
1123651 1124196
1125492 1126060
1130977 1131320
1133024 1133926
1139612 1139921
1155889 1156620
1157467 1157643
1160148 1160211
1161662 1161978
1163068 1163223
1165831 1165885
1167312 1167570
1172602 1173203
1175700 1175864
1179755 1179963
1183194 1183343
1184513 1184692
1186009 1186343
1187156 1187608
1192684 1192891
1200125 1200230
1202077 1202393
1207058 1207270
1214113 1214601
1216245 1216428
1221315 1221483
1222108 1222406
1226782 1227089
1227613 1227759
1230260 1230411
1237771 1237844
1247791 1248064
1249202 1249424
1251062 1251464
1259846 1260171
1261034 1261275
1268655 1268744
1273927 1274506
1276978 1277799
1279837 1280038
1282626 1282914
1283671 1283788
1289222 1289454
1293256 1293572
1295326 1295462
1299225 1299488
1302333 1302856
1310167 1311377
1316562 1317139
1317771 1317876
1325897 1326109
1327276 1327487
1333957 1334532
1338975 1339259
1341793 1342806
1347833 1348191
1348730 1348893
1349423 1349539
1350738 1351191
1354207 1354461
1362131 1362405
1364927 1364998
1367158 1367664
1369503 1369682
1377400 1377628
1393568 1393692
1394741 1394979
1399399 1399453
1404023 1404459
1414842 1415188
1423033 1423176
1425786 1426071
1429282 1429336
1433997 1434217
1437636 1438824
1444811 1445053
1446622 1447095
1448561 1448951
1450687 1450837
1453832 1453985
1454937 1455369
1457234 1457619
1459219 1459434
1464444 1465459
1468865 1469371
1476108 1476355
1482689 1482838
1485139 1485534
1487143 1487687
1488252 1488822
1489817 1489913
1490698 1491231
1496822 1497618
1501831 1501944
1511043 1511205
1514338 1514438
1516821 1516940
1520893 1520985
1525151 1525591
1527305 1527803
1536383 1536520
1542224 1543084
1545634 1546382
1548439 1548596
1549754 1549997
1550873 1551151
1553158 1553312
1558065 1558241
1560350 1560715
1561627 1561688
1563609 1563954
1564692 1564937
1566049 1566534
1572219 1572273
1576944 1577458
1580026 1580118
1582806 1583068
1584844 1584957
1585659 1585839
1586928 1587322
1590614 1590798
1594640 1594898
1596831 1596953
1600766 1601214
1605035 1605289
1607022 1607393
1608165 1608658
1612391 1612840
1614080 1614190
1615639 1617025
1625383 1625679
1627157 1627459
1630234 1630958
1632114 1632217
1635524 1635691
1638589 1638779
1639459 1639527
1640222 1640899
1642219 1642785
1649096 1649704
1651593 1651652
1652552 1652641
1659749 1660345
1661149 1661346
1665049 1665379
1668465 1668940
1674947 1675145
1677907 1677981
1679809 1679956
1683364 1684689
1693055 1693723
1696164 1696294
1704896 1704989
1707499 1707670
1709510 1709765
1720832 1721114
1721922 1722223
1725316 1725388
1726798 1727411
1730347 1730428
1733185 1733275
1734237 1735002
1738889 1739153
1739796 1740009
1741147 1741533
1742344 1742616
1746957 1747179
1749033 1750013
1753130 1753272
1754609 1754750
1758078 1758248
1760262 1760557
1761479 1761535
1762927 1763248
1763977 1764722
1767287 1767515
1777826 1778019
1780441 1780871
1784979 1785135
1795561 1796280
1797130 1797466
1805248 1805519
1807229 1807456
1810711 1810956
1816533 1817272
1818756 1819075
1821030 1822095
1823867 1824707
1825492 1826485
1827372 1827627
1829566 1829826
1830496 1831333
1834015 1834162
1834695 1834981
1837231 1837364
1838856 1838935
1839625 1839797
1847060 1847306
1848057 1848160
1849104 1849212
1855391 1855664
1856426 1857115
1858243 1858460
1867225 1867431
1870571 1871102
1883112 1883268
1885427 1885967
1887921 1888563
1892571 1892775
