Escherichia_coli_O157_H7_EDL933_ancestor
1 294
2920 3096
4858 5196
5719 6152
37598 37760
41884 42370
43550 43869
48621 49144
50536 50718
53903 54136
57016 57510
58622 61226
61759 61955
63328 63779
77645 77997
82617 82854
85293 85503
95085 95356
96664 97203
98623 98875
100567 101108
104155 104705
105897 106497
108242 108418
113830 113898
117518 117622
123446 124140
124819 125140
126206 127022
130725 130882
132571 132861
137216 137637
139297 139493
144380 144449
145111 145353
148040 148692
156425 156500
162225 162489
165587 165701
166965 167160
168285 168366
170100 170641
171852 171905
174685 174911
178193 178778
180699 180925
183990 184192
185983 186259
187420 187952
189816 190562
191138 191567
192825 193017
197081 197247
201909 202214
202716 202959
205636 206142
208872 209034
211526 211987
214543 214770
222030 222552
224341 224717
225689 226364
226977 232372
236204 236393
237071 238007
246356 246539
250287 250468
253510 253883
262121 262384
263334 263715
269437 269759
270473 271572
272920 274221
275157 275313
276217 276582
277097 277235
278284 278756
281439 281779
285550 285869
289323 289382
291075 291438
294002 294482
295919 296033
298275 298392
300993 301608
303438 304691
311063 311287
315432 316471
319627 319682
328206 328545
331159 331403
336600 336901
337862 338118
339120 339967
341458 341604
342343 342434
343180 343263
344163 344564
345443 347703
361401 361507
363802 363881
364434 364950
365739 366047
370132 370530
371287 371422
381247 381809
384411 384648
392419 392883
393740 394105
398779 398994
399585 400337
403588 403862
405913 406070
411935 412540
417070 417222
417752 418032
419489 419748
424923 425086
432272 433301
437285 437562
439174 439990
442247 442459
447712 447974
450962 451338
452598 453246
458361 458711
463511 463606
467023 467149
467871 468143
480173 480238
490974 491470
492149 492539
494671 495093
496062 496197
497681 497884
499277 499752
502075 502223
503450 503674
508445 508552
511187 511521
512380 512489
513333 513515
516336 516786
517452 518098
521299 521804
522349 523035
524081 524172
525340 525547
527175 527347
529385 530197
535966 536019
536598 536901
540604 540850
543796 544064
550121 550475
550980 551779
555757 555995
558858 559136
560422 561638
566706 566776
571977 572180
573170 573220
573821 575106
579144 580211
582825 583360
587863 588060
591436 591761
592374 592528
596187 596504
597294 597399
606266 606418
608329 609349
610376 610944
614275 614456
615206 615868
616566 617990
618676 619590
621287 621502
622704 622920
623729 623964
626543 626940
628014 628723
631927 632129
637003 637231
637843 638197
641896 641957
643598 643735
648603 648717
649969 650125
655352 655587
657566 658185
658930 659259
659907 660691
663900 665351
666395 666684
668020 669445
669994 670810
674462 674770
679224 679678
681014 681114
683841 683979
687155 688170
689095 689777
691124 691445
694136 694981
696032 696134
699280 702444
703688 703771
710769 711604
714994 715443
717336 717738
718323 718706
720237 720310
721008 721355
722884 722940
723524 723720
727282 728086
729308 730049
730731 731067
733883 734131
736221 737023
740258 740580
742103 742377
743286 743761
746685 747177
748987 749124
749671 750143
754826 755656
760941 761114
763435 763955
766496 766685
773918 774985
776343 777143
780827 781538
782495 782569
787270 787401
788035 788117
789990 790232
793979 794041
798119 798311
801814 801921
805065 805333
807433 811516
812321 812554
813804 815187
816609 816665
820055 820588
823396 823493
831024 831587
832366 833247
833836 834299
846429 846842
849468 850425
851746 851911
856838 857499
860050 860315
862606 862814
863814 864851
869824 870397
872180 872610
874625 874760
875807 875997
879355 879479
880923 882464
887745 888350
891195 891457
893236 894085
895377 895876
896392 897725
900118 900832
910441 910755
912311 912552
913804 913978
916388 917778
918316 918407
919306 920230
923640 925572
928639 929038
932045 932702
933304 933400
940053 940527
942240 942759
944087 944296
944820 944943
948219 948421
956494 957118
962908 963907
964813 965031
966458 966727
968671 969297
970843 971319
973730 973785
977923 978646
981692 981966
982635 983436
985996 986045
989925 990157
992757 993008
993716 993876
995299 995672
997597 997986
998635 999361
1001100 1001210
1001712 1001847
1005520 1005758
1008484 1008581
1009655 1011164
1013549 1013997
1016637 1016800
1020699 1020763
1025546 1026059
1026829 1026889
1027645 1028616
1030406 1030532
1031270 1031325
1034532 1034713
1035532 1035769
1036312 1036378
1037313 1037663
1038600 1040184
1046614 1046994
1048475 1049007
1055069 1055176
1056674 1058131
1059203 1060684
1061576 1070863
1071405 1073699
1074279 1075052
1076785 1080881
1081584 1088311
1088977 1091266
1092133 1099206
1099839 1100389
1100922 1101166
1101746 1107293
1107917 1113194
1113777 1116838
1117603 1117715
1118283 1120468
1121704 1123764
1124302 1126229
1127495 1127995
1128788 1133681
1134247 1135062
1135647 1135952
1136748 1137375
1138185 1138560
1139158 1140462
1141145 1144526
1150635 1150824
1153264 1153549
1154981 1155968
1158497 1159158
1159821 1159942
1162632 1162862
1163899 1164153
1166013 1166295
1166940 1167483
1168106 1168281
1172576 1172685
1173293 1173684
1175423 1176467
1180034 1180104
1182249 1182309
1183749 1184109
1186980 1187501
1188310 1188636
1191839 1192086
1199086 1199568
1201599 1202304
1203320 1203430
1205440 1206088
1206686 1207267
1209737 1210327
1212861 1213180
1213999 1214385
1217204 1217647
1219444 1221305
1228950 1230522
1232688 1232781
1236528 1236591
1237791 1237924
1238836 1239913
1242701 1242884
1244151 1245068
1245748 1246356
1246949 1247557
1249768 1250020
1250688 1252637
1253422 1253918
1255070 1255136
1255993 1256442
1259292 1260160
1261626 1263936
1265971 1266235
1267396 1271679
1273870 1278821
1279466 1285340
1286479 1289844
1290468 1292452
1293807 1297272
1299574 1299860
1300448 1300737
1308817 1308946
1309813 1310897
1312788 1312913
1314694 1315727
1321681 1321754
1324308 1324617
1330080 1330167
1332085 1332459
1338141 1342027
1343568 1343780
1346037 1346196
1346801 1347370
1348023 1350040
1351171 1351784
1353227 1353392
1354033 1354102
1354785 1355273
1359379 1361358
1362305 1362502
1366118 1366442
1369082 1369435
1371881 1373395
1377965 1378014
1389095 1389501
1390844 1392424
1393465 1394302
1398717 1398936
1402987 1403281
1411188 1411751
1413944 1414596
1418139 1418540
1419042 1419706
1420749 1421483
1424454 1425192
1436593 1436800
1446698 1447292
1448825 1449061
1451604 1452293
1453942 1454360
1456939 1461644
1462686 1466582
1467095 1467211
1468168 1472940
1473455 1476902
1477442 1477914
1479354 1482677
1483751 1489968
1490532 1493515
1494085 1494402
1494942 1495230
1496532 1502370
1502960 1503394
1504061 1514292
1515410 1516374
1517082 1529072
1530210 1530770
1531925 1532064
1532724 1534291
1534960 1536886
1537622 1543335
1544516 1544569
1547326 1547589
1552922 1553872
1555409 1555665
1559695 1559985
1560994 1561404
1562368 1562652
1573883 1574100
1578534 1578829
1584397 1584493
1591530 1592923
1594094 1594371
1598732 1599123
1602430 1602573
1610012 1610089
1612930 1613699
1627517 1628434
1631031 1631571
1633514 1634989
1637711 1640859
1641376 1643060
1644975 1647861
1649238 1654504
1655387 1656534
1657149 1662074
1663602 1664419
1668947 1669167
1670492 1671066
1671891 1672270
1674193 1674404
1675368 1675483
1677291 1677546
1684244 1684653
1698290 1698628
1703270 1703688
1704292 1704520
1705546 1706560
1709210 1709273
1711676 1711773
1713304 1714147
1715164 1715480
1716520 1721281
1721841 1723164
1726321 1726555
1728836 1729509
1731307 1731416
1732440 1735239
1737170 1737468
1738007 1738689
1741302 1741364
1741960 1744720
1745238 1745907
1747172 1747547
1748478 1749989
1751334 1751565
1755081 1755402
1757958 1758234
1761451 1761690
1762385 1762485
1764360 1764523
1766979 1767059
1770749 1770971
1771510 1772314
1774668 1775668
1779242 1779569
1781507 1781684
1782911 1783501
1786482 1786611
1788011 1788077
1788909 1790096
1795488 1795562
1797403 1797504
1801193 1801403
1805299 1805843
1808134 1808343
1813995 1814062
1818663 1818799
1819642 1819920
1822771 1822931
1824781 1824845
1825785 1825874
1826596 1826735
1827248 1827680
1831745 1832203
1837031 1837142
1837894 1838134
1838711 1840020
1842025 1842750
1843634 1844368
1845471 1846543
1848218 1849017
1854333 1854561
1856049 1856400
1857188 1857475
1859973 1879026
1879557 1881930
1882442 1882637
1883238 1885421
1886041 1886310
1887648 1890480
1891285 1891802
1893806 1894313
1897244 1897323
1899517 1900187
1901348 1902113
1902948 1903857
1904597 1904800
1906114 1913560
1915066 1916480
1917979 1921133
1922514 1923913
1924418 1931041
1931753 1935092
1935647 1936689
1937314 1938568
1939274 1939499
1949473 1949876
1954693 1954744
1956957 1957388
1958716 1958809
1960385 1960481
1961329 1961575
1965843 1966055
1966574 1966633
1968148 1968415
1973049 1973324
1974030 1975136
1975994 1976201
1978650 1978733
1983606 1984429
1987786 1989154
1991208 1991439
1992334 1992485
1993997 1994115
1995427 1995775
1997323 1997727
1998586 1998940
2002274 2002654
2003455 2004023
2011334 2011576
2012161 2012261
2014289 2014870
2016881 2017157
2023809 2024280
2025393 2025568
2026082 2026375
2028764 2029049
2030315 2030378
2036517 2036998
2038031 2038187
2042334 2042528
2043396 2044725
2046839 2048617
2049169 2049705
2050277 2050875
2052597 2052770
2054236 2054331
2056481 2056715
2067711 2067890
2070016 2070079
2070794 2070985
2071604 2071797
2075722 2075813
2076404 2076593
2081700 2081857
2082772 2083857
2086985 2087146
2088059 2088658
2092412 2092639
2096439 2096898
2102071 2102328
2110480 2110569
2111949 2112070
2113147 2113368
2118181 2118468
2119356 2119623
2120307 2120693
2122869 2123104
2123605 2123783
2124288 2125534
2126132 2127685
2128577 2128911
2130040 2133971
2134504 2135686
2136299 2141973
2142604 2146848
2147431 2149774
2154390 2154646
2159372 2159690
2169297 2169626
2171344 2171695
2177074 2177265
2179608 2179962
2182319 2182962
2184619 2185043
2188946 2189275
2191402 2191692
2198334 2199099
2199785 2200157
2200891 2201171
2203349 2203603
2207054 2207247
2208537 2208596
2209134 2209831
2217599 2217677
2218609 2219655
2220361 2220469
2222049 2223241
2224234 2224439
2226704 2227041
2233012 2233585
2235567 2235877
2237992 2238122
2241574 2241993
2243762 2243869
2247287 2247440
2249321 2254228
2255195 2255464
2258861 2259517
2260683 2261257
2264627 2264839
2266118 2267196
2272347 2272761
2274269 2274581
2277822 2278021
2278845 2279367
2281964 2282168
2285357 2285876
2286972 2289129
2291940 2292065
2292874 2292972
2295646 2296740
2297800 2298307
2299447 2301268
2302361 2302848
2303447 2305214
2306034 2306589
2307255 2316003
2316759 2339919
2344382 2346109
2346840 2347383
2348025 2348275
2349094 2349464
2354382 2354821
2355412 2355872
2358040 2358248
2362935 2364226
2365045 2365570
2368769 2369076
2374753 2375701
2377838 2377934
2379029 2379356
2380827 2381122
2381674 2381946
2383515 2383602
2384252 2384797
2386159 2386369
2387397 2388288
2391345 2391975
2392639 2392890
2394871 2395361
2398745 2399028
2399578 2400231
2401017 2401653
2403747 2403970
2414878 2415325
2416159 2416568
2417392 2417510
2424239 2424544
2429715 2429870
2432023 2432331
2434221 2434468
2435266 2435540
2437189 2437469
2438870 2438955
2446922 2447009
2457202 2458022
2459904 2460255
2461028 2461604
2462884 2464277
2472884 2474646
2475342 2476152
2476978 2477338
2478993 2479300
2482255 2482861
2485857 2486143
2486850 2487380
2487982 2488279
2492137 2492200
2493179 2493712
2495515 2495904
2500719 2500868
2501601 2501817
2502501 2503383
2505867 2506105
2510568 2510667
2512092 2512449
2514083 2514336
2517843 2518042
2518654 2519432
2520655 2520934
2523356 2525615
2528464 2528535
2535571 2536039
2538402 2538857
2540946 2541407
2542283 2542532
2547154 2547219
2548846 2550041
2553073 2553338
2554013 2554096
2555049 2555336
2562588 2562818
2567661 2569081
2570452 2570544
2577343 2577980
2584953 2585373
2588217 2588278
2591330 2591665
2592582 2593029
2594191 2594696
2595200 2595612
2596446 2597031
2601832 2602119
2607735 2608002
2611027 2611527
2619446 2619749
2621655 2621772
2623549 2623846
2624875 2625357
2626975 2628288
2631435 2631891
2632471 2633120
2633651 2634019
2634900 2635741
2637909 2638070
2641138 2641283
2642641 2642933
2643484 2643706
2645932 2646231
2646874 2646928
2649380 2649641
2651670 2652008
2657099 2657360
2657879 2658091
2661142 2661927
2665488 2665712
2666975 2667435
2669330 2669672
2671518 2671918
2672659 2672728
2673712 2673950
2676039 2676315
2677132 2677789
2680502 2681041
2683282 2683420
2685869 2686824
2689103 2689799
2691120 2691335
2695502 2695644
2696547 2696998
2697683 2700283
2702533 2703123
2704976 2705170
2705833 2706045
2707102 2707757
2708804 2709045
2711505 2711561
2712675 2712828
2714650 2714808
2720218 2720324
2724363 2724926
2727616 2727910
2736133 2736258
2742534 2742717
2743346 2743885
2744485 2744594
2745323 2745479
2746171 2746291
2748976 2749267
2750554 2750777
2753497 2753605
2756531 2757349
2759441 2760143
2764350 2771000
2771642 2775800
2777077 2778792
2779847 2780328
2781606 2783309
2783984 2785005
2785548 2785781
2786915 2793962
2794875 2795038
2795617 2795987
2799308 2800147
2802245 2802316
2802977 2803460
2804510 2805481
2809423 2809765
2810307 2810381
2811121 2811510
2814117 2814278
2817925 2818209
2822152 2822780
2823425 2823728
2830064 2832640
2833172 2833675
2836277 2837494
2840918 2840979
2843121 2843814
2850285 2850499
2851177 2851514
2855106 2855892
2866019 2866123
2871214 2871520
2874548 2875254
2880745 2881555
2882362 2883214
2886541 2887350
2888956 2889527
2896674 2897268
2898619 2898868
2900766 2900919
2902767 2903249
2911805 2912165
2915199 2915376
2916661 2916721
2917517 2917728
2922860 2923641
2928991 2929356
2934382 2934953
2936846 2937640
2938600 2938890
2942470 2942632
2943218 2943525
2947966 2948497
2950299 2950582
2951769 2952003
2953295 2953537
2954401 2954537
2955510 2955899
2958067 2958264
2966860 2966930
2969887 2970021
2974660 2974792
2976267 2976646
2978193 2980812
2985103 2990228
2990952 2992762
2993292 2997600
2998266 2998462
2999210 2999295
3000044 3001732
3002373 3002563
3005053 3005606
3007721 3010151
3010663 3011888
3012471 3012652
3013320 3013499
3015115 3015830
3017945 3018048
3018558 3018792
3019383 3019565
3021164 3021528
3024069 3027759
3033190 3033430
3039681 3039865
3042106 3042468
3043534 3043863
3046913 3047077
3049575 3049884
3050863 3051685
3052374 3052867
3053522 3053797
3055660 3056006
3057037 3057388
3058252 3058448
3068994 3069070
3069604 3070034
3071613 3071791
3072761 3072870
3076234 3077388
3080387 3080639
3084713 3084987
3085743 3086788
3088712 3089060
3092427 3093442
3094045 3094098
3094645 3095440
3096547 3097544
3098645 3099146
3099752 3099876
3102456 3102530
3106965 3107111
3107769 3107923
3109734 3110746
3114317 3114551
3122235 3122439
3123578 3123676
3124573 3124816
3125409 3126198
3128450 3128896
3129557 3129942
3130644 3131175
3134384 3134539
3138229 3138453
3141009 3141485
3147337 3148227
3152753 3153214
3157642 3158153
3159321 3159401
3160626 3160860
3163078 3163168
3164761 3165219
3171521 3171655
3172748 3173206
3179409 3179734
3181816 3181978
3187885 3188038
3192635 3193010
3200496 3200582
3201857 3202138
3203146 3203470
3206318 3206480
3207051 3207123
3211370 3211587
3212169 3212281
3214616 3214852
3216704 3216907
3224211 3224577
3225479 3225892
3229936 3230186
3233026 3233646
3234273 3234526
3236117 3236722
3246338 3246437
3248081 3248130
3259144 3259362
3264900 3265405
3266218 3266400
3267054 3267633
3278660 3279340
3279928 3280200
3282229 3282763
3284880 3285044
3291137 3291895
3298852 3298977
3300120 3300520
3303788 3304005
3307951 3308731
3312835 3313160
3324886 3325000
3326584 3327050
3328973 3329811
3330453 3330622
3332504 3332980
3335178 3335238
3337550 3337932
3341253 3341813
3343794 3344090
3345655 3345854
3346487 3347457
3350233 3350605
3351912 3352227
3354008 3354425
3363216 3363483
3365899 3366205
3366761 3367255
3369713 3370391
3375146 3375433
3375944 3376250
3378466 3378569
3380757 3381065
3384821 3385037
3386684 3386852
3391107 3391290
3392413 3392921
3398472 3398641
3407357 3407493
3416164 3417197
3419080 3419285
3419897 3420177
3429819 3430030
3430765 3431136
3435529 3436298
3440052 3440109
3444085 3444465
3449550 3449753
3451955 3452054
3453108 3453391
3459002 3459295
3463513 3463706
3464214 3464663
3465774 3465836
3469104 3469264
3470593 3471369
3472557 3474244
3476067 3476574
3478359 3478799
3479491 3480404
3482351 3482580
3490096 3490299
3494832 3495064
3497739 3497867
3498737 3498836
3500171 3500520
3504012 3504882
3505469 3506227
3507660 3508097
3508628 3508864
3512432 3512744
3513815 3514100
3514783 3515026
3516538 3517035
3517932 3518081
3520511 3520785
3521803 3522365
3524141 3524424
3529930 3530153
3531535 3531727
3535150 3535906
3541562 3541632
3544675 3544915
3550254 3555231
3555998 3556286
3558316 3558523
3561091 3561251
3565012 3565279
3566982 3575432
3576087 3577102
3577927 3578831
3581853 3582457
3583796 3583847
3588101 3588437
3595167 3595362
3596824 3597099
3601856 3602178
3604984 3605079
3612928 3614201
3618393 3618570
3621637 3621857
3625428 3625841
3627034 3627326
3631898 3632081
3634117 3634172
3635504 3635823
3636408 3636705
3637776 3638034
3638653 3638808
3639371 3639472
3640733 3640979
3650268 3650333
3655154 3655294
3663982 3664236
3666451 3666725
3670090 3670462
3672042 3672095
3672612 3672902
3675343 3675746
3683236 3683710
3691653 3692030
3692552 3692680
3693663 3694784
3695648 3695768
3696451 3696917
3699381 3699632
3700590 3701033
3701597 3702616
3703407 3704441
3705634 3705919
3709882 3710180
3711984 3712060
3714356 3714515
3715127 3715263
3716477 3717165
3725441 3725584
3727219 3728004
3729464 3730720
3732579 3732642
3733950 3734168
3736450 3737805
3739536 3739953
3745909 3746076
3749482 3749545
3751939 3752193
3753574 3753635
3762443 3762774
3763509 3763588
3769979 3770347
3773561 3773684
3781261 3781424
3783343 3783596
3790640 3791479
3795560 3795939
3798094 3799546
3806668 3806749
3810608 3810687
3812399 3812652
3816414 3816582
3826184 3826719
3829642 3830034
3832343 3832938
3836610 3837201
3838535 3839106
3839826 3840128
3840824 3840891
3843763 3844133
3844698 3845042
3845961 3846240
3846973 3847091
3848154 3848210
3849742 3850834
3852164 3852665
3856520 3856605
3859290 3859465
3862745 3863194
3869598 3870867
3871463 3872097
3873645 3874572
3875455 3875793
3877259 3877789
3887101 3887228
3893052 3893402
3894870 3894926
3897123 3897407
3898209 3898426
3902883 3903576
3904096 3904857
3905815 3906177
3906762 3907301
3912667 3913389
3917234 3917366
3919022 3919338
3923627 3923807
3924755 3925053
3926341 3926901
3927716 3927997
3929086 3930130
3931386 3931582
3936724 3937091
3940147 3940525
3941300 3942338
3943766 3944050
3944601 3944761
3947098 3948498
3954988 3955088
3956616 3960514
3961326 3962293
3965423 3965628
3967200 3967998
3976955 3977403
3978026 3978471
3984911 3985206
3990204 3991228
3992179 3992456
3994825 3995464
3997707 3998741
4001278 4002016
4003124 4004120
4004943 4005018
4005880 4007010
4008457 4009111
4010025 4010409
4016886 4018251
4025407 4025830
4026924 4027037
4035204 4035946
4053580 4054243
4058384 4058598
4059202 4059518
4069122 4069371
4070072 4070618
4076505 4076913
4077612 4078154
4081062 4081581
4088013 4088069
4091492 4091894
4092640 4093082
4096703 4097411
4098540 4098819
4102991 4103260
4113418 4113655
4120700 4121963
4123236 4123979
4133536 4134057
4134628 4134969
4139497 4139898
4143255 4144115
4147523 4147832
4149262 4149412
4151357 4152213
4155914 4156109
4157205 4157432
4160431 4160870
4161516 4162033
4162768 4162919
4163937 4164926
4167732 4167993
4179495 4179765
4184760 4185035
4191459 4191672
4192287 4192564
4195697 4195871
4205039 4205294
4206049 4206360
4213743 4213905
4215135 4215449
4217460 4217597
4224541 4225881
4229236 4231579
4236335 4237127
4244612 4244699
4246393 4251436
4252105 4252379
4252934 4253174
4258013 4258743
4260456 4261481
4264142 4264558
4268147 4268542
4277559 4278668
4280941 4281249
4290661 4290984
4293561 4293726
4295948 4296273
4297600 4297792
4301400 4301480
4302833 4303128
4307888 4308073
4312956 4313104
4315701 4315937
4318506 4318770
4322083 4322276
4328317 4328487
4329464 4329723
4331713 4331829
4336331 4336770
4339727 4340154
4344834 4344904
4346186 4348479
4352953 4353158
4372709 4372803
4376175 4376360
4377362 4377536
4383481 4384025
4385187 4385626
4387935 4388041
4388721 4388887
4390577 4390683
4398847 4399328
4400839 4401190
4403216 4403362
4408225 4408410
4411444 4411712
4417008 4417437
4419175 4419275
4421217 4421385
4422356 4422634
4427319 4427621
4429733 4429886
4431506 4432342
4436710 4437084
4454434 4455117
4458756 4460111
4461625 4461808
4463434 4464001
4468240 4468585
4470538 4470650
4471222 4471372
4471997 4473063
4476601 4476930
4478212 4478520
4479280 4479946
4480522 4481280
4482353 4482684
4484437 4484762
4487212 4487524
4490703 4491297
4493969 4494883
4496103 4497127
4497654 4497991
4507316 4507956
4509964 4512081
4512704 4513447
4518548 4519287
4522613 4522937
4523634 4523934
4525828 4525928
4528184 4528473
4529536 4529616
4531937 4532280
4532845 4533679
4537254 4537569
4538215 4538433
4539648 4539701
4543272 4544472
4546285 4546940
4549359 4550030
4563412 4563556
4566408 4566690
4567246 4567431
4568276 4568558
4569819 4570047
4571188 4571434
4572374 4572703
4574135 4574759
4575857 4576003
4578177 4579506
4583800 4584138
4585656 4586568
4592123 4592657
4605073 4605619
4608316 4608569
4609198 4609535
4611786 4612312
4614311 4614440
4615351 4615454
4618638 4618737
4623025 4623632
4624344 4625239
4633685 4634256
4634829 4634884
4637400 4637773
4639077 4639339
4640562 4640957
4645072 4645740
4647880 4648143
4653440 4653649
4658542 4659123
4659743 4659874
4662443 4662828
4663491 4663866
4664397 4664478
4665988 4667132
4670876 4670973
4673789 4675956
4677100 4677507
4679208 4679341
4679978 4680084
4681597 4681682
4683453 4683666
4684656 4684927
4685983 4687541
4688475 4688655
4690983 4691032
4691533 4691691
4698126 4698490
4706376 4706839
4708220 4708443
4709369 4709429
4716708 4717030
4717828 4718041
4720196 4720402
4722298 4722815
4724676 4725131
4727021 4727320
4727998 4728125
4729436 4729821
4735430 4735707
4738433 4738715
4740038 4740566
4741638 4741849
4742503 4742737
4743653 4743952
4746956 4747142
4751299 4751584
4752940 4753166
4756180 4756909
4760603 4760809
4769240 4769585
4772751 4773046
4775282 4776038
4776704 4776972
4782255 4782418
4783963 4784117
4785990 4786213
4788349 4788490
4790734 4790957
4792698 4792936
4793545 4794021
4796650 4796721
4800893 4801164
4808238 4808369
4810016 4810277
4814162 4814472
4815198 4815295
4816345 4816904
4822426 4827919
4832683 4832838
4835745 4836020
4838316 4838879
4840347 4840501
4841093 4841610
4843215 4843303
4844214 4844411
4845349 4846125
4848194 4848793
4849327 4849946
4850459 4850958
4851547 4852237
4853221 4853510
4863691 4864139
4867357 4867581
4869689 4870028
4875635 4876465
4879055 4879322
4881013 4881351
4881940 4882747
4884523 4884676
4886234 4886577
4892756 4893074
4895395 4895499
4898996 4899338
4900613 4901112
4902821 4903411
4906658 4906786
4915236 4915833
4917724 4917916
4919181 4924743
4925275 4925377
4927148 4927339
4930703 4930775
4935648 4935777
4936423 4936528
4937557 4938074
4938689 4938947
4950577 4951095
4951749 4951925
4954264 4954378
4956975 4957308
4959882 4960117
4961759 4961847
4962407 4962639
4963440 4964491
4966375 4966518
4970113 4970937
4975333 4975470
4979623 4980084
4981020 4981795
4982818 4982934
4989542 4989625
4994324 4994628
5002577 5002804
5005259 5005661
5016383 5019056
5019578 5020381
5022565 5022806
5024655 5025215
5026375 5027044
5028163 5028414
5029095 5029307
5030222 5030420
5039349 5039972
5045248 5045360
5046900 5047295
5047846 5047999
5048517 5048880
5049563 5050163
5051043 5051339
5057708 5057811
5059752 5059942
5063241 5068707
5073514 5074270
5075090 5075458
5076047 5076588
5078402 5078950
5080666 5081086
5083429 5083487
5085440 5086036
5087842 5087939
5089255 5089936
5090651 5090875
5092971 5093195
5093710 5093877
5095225 5095275
5095849 5096223
5099029 5099255
5104453 5109584
5110742 5110966
5112616 5112799
5115405 5116610
5117283 5117378
5118610 5118675
5119515 5119836
5120367 5120674
5122312 5122842
5125341 5125702
5127209 5127476
5131485 5131611
5138032 5138403
5144468 5144816
5150618 5150679
5152066 5152193
5152945 5153007
5154499 5154976
5165325 5165415
5166358 5166707
5171786 5172096
5175176 5175281
5179526 5179854
5186647 5186983
5188616 5188887
5189932 5190283
5195977 5196149
5199815 5200119
5202388 5202529
5213403 5213598
5214483 5215422
5219517 5219965
5220829 5221137
5223494 5223685
5229745 5230266
5231829 5232191
5232770 5233537
5234235 5234570
5235594 5236063
5236820 5236953
5240307 5240537
5241452 5241720
5243361 5244608
5245118 5246231
5248467 5249416
5258541 5258938
5261060 5261796
5263442 5263698
5264540 5264708
5266832 5267134
5272375 5272833
5274709 5275209
5280575 5281235
5281783 5283118
5285470 5285588
5293574 5293784
5294950 5295910
5297264 5297505
5298094 5298997
5299512 5299665
5300511 5301048
5302053 5302345
5311431 5311640
5312289 5312516
5315478 5315572
5317933 5317984
5321080 5321888
5322448 5322620
5323799 5324570
5326307 5326560
5330583 5331268
5332024 5332924
5334303 5334456
5336043 5336701
5337321 5338178
5340804 5341131
5341868 5343012
5347587 5347804
5349186 5349297
5351389 5351473
5356208 5356350
5357310 5358079
5365662 5365870
5368642 5368953
5370967 5371436
5373868 5374292
5377373 5377433
5380637 5381446
5381967 5382357
5386025 5386358
5390081 5390743
5391306 5391938
5393042 5393172
5395617 5396150
5397065 5397443
5398251 5399451
5401245 5401803
5403100 5403317
5404547 5405029
5405923 5406633
5407321 5407834
5410252 5410628
5413015 5413235
5419661 5420083
5420696 5420780
5424750 5424991
5433729 5433821
5435411 5435714
5438662 5438823
5444732 5444931
5450295 5450677
5453719 5454027
5455164 5455236
5455974 5456450
5467469 5468480
5471878 5472149
5473760 5474164
5478078 5478398
5484470 5484709
5487387 5487802
5489820 5490057
5491283 5491493
5492591 5492741
5493847 5494422
5496230 5496455
5499330 5499538
5501007 5501222
5502542 5503261
5505587 5506086
5507213 5507491
5508574 5509360
5511519 5512457
5519145 5519556
5522470 5522536
5523322 5523796
5525479 5525819
5529694 5530110
5534839 5534901
5537322 5537530
5538268 5538468
5539280 5539456
5543485 5544165
5545173 5545313
