Ecoli_0920_Ancestor_
1 240
2276 3055
7573 8208
8931 9602
10647 11793
13770 14330
15165 19202
21758 22687
25753 26941
27587 29824
30700 31228
32933 34390
34904 35886
36743 37199
38131 39596
41231 42232
42811 42882
43529 44721
45292 45475
46154 46418
46966 47263
50195 50292
52252 52807
53995 56721
59539 59992
60557 61803
62379 63205
64281 64545
66185 66682
68890 69034
69997 70620
73351 74010
77136 77354
78056 78171
79484 80007
82136 83247
84671 85613
89054 89634
91392 93355
93987 94188
94898 97875
99667 99804
103290 104007
104586 106055
106574 106820
113486 113633
114519 117022
117988 118178
121775 122765
124209 124356
127930 128249
131083 133449
134094 135553
138722 142722
144349 146563
152486 155881
156858 157436
158018 158203
159716 161272
162582 162676
165313 166884
167515 168211
170158 170221
173716 174059
176430 176628
177339 178375
179155 179325
180663 180951
181873 181955
182777 182919
183636 184463
185632 187177
194347 195247
195954 196965
198286 198358
198985 199736
204376 205722
208417 208672
209555 211475
212054 212207
213141 215054
216875 217161
220429 222669
225455 225902
227164 228154
228797 231273
232788 232902
233505 233579
234786 236107
237242 237515
238642 238895
240740 241487
244579 245176
245742 246692
247463 249495
250741 251316
251963 253218
254632 254778
255299 255708
256554 258877
259577 259849
261141 261270
262669 263354
263956 265625
268153 271365
271938 272210
272815 273598
275696 275991
277788 277858
278381 281015
284979 288231
289491 291671
292272 292393
293116 294977
295495 295651
296215 296559
297263 297951
299021 299351
299872 300848
301519 302969
306549 307011
308798 309242
310037 313519
314090 314659
315224 317563
318214 318927
322118 322561
323334 323468
324301 324532
325318 326503
328151 328500
329073 331035
331725 331876
333060 333207
335422 336783
337521 338647
339279 339621
345238 345497
346513 350596
354067 356468
357040 357374
361184 363608
364121 365045
365687 366223
367530 373685
376473 376707
377224 383807
386067 387911
388521 389889
392584 393757
394511 398126
401744 402811
404420 404557
405102 406938
410038 412814
413878 415974
417316 417957
418900 424429
427354 427584
428553 429077
429580 429866
431869 433088
436222 436458
440283 440772
442434 442626
443729 447625
448407 449415
451388 452244
456005 456553
457224 457424
462003 464146
465367 465723
467242 467448
468142 468628
472865 473538
474185 474902
475512 475975
478240 479085
480450 480654
482021 482083
484506 485976
488291 488548
490459 491120
491720 493487
494094 494373
495011 496751
497782 498217
502979 505045
506062 506568
507608 508105
509962 511015
512653 513379
519346 519689
520235 520293
520926 522022
523741 524664
525233 530799
531471 532013
533208 536879
537470 537609
539808 540168
540790 540977
541665 541789
543611 543804
545333 545670
546595 547059
548145 548926
549809 556361
557243 559912
563036 563721
564821 567854
572541 572929
573594 574156
576119 576551
577234 578070
578885 579388
581037 581395
584260 584347
585121 585247
585785 586035
586554 586633
588136 588488
589898 590013
591559 591772
592838 592917
593704 595162
596471 597030
597662 599287
601136 602516
603141 604888
605450 606289
608290 614926
616281 619465
620571 622339
622947 623801
625884 626125
631377 631632
632742 633272
633822 634119
634947 635668
636202 636358
636975 638112
640697 641466
642072 642301
643318 649263
649945 650508
651105 653036
653687 658348
661684 661844
665381 666681
667472 668882
670272 670783
674245 675026
676112 677126
677705 678244
682221 683991
684542 684667
685230 687096
687655 687809
688348 688603
691779 692053
693703 694323
697178 699863
701033 701222
702232 702480
703092 703590
706236 706368
708205 708875
709468 709681
717980 719604
721900 722659
723186 723757
726783 727015
728962 729234
729791 731933
736007 738942
740183 740523
741409 743169
743754 743860
751020 751427
752171 752244
752876 753484
754616 754973
756586 756850
757649 758609
759299 760598
765634 766449
767654 767985
770311 770388
770938 771567
772982 776200
776789 778476
779323 781254
783014 783505
784378 785576
786895 787828
788818 789780
791831 794025
797170 797296
798100 799631
800190 800717
802291 803882
806486 806829
807462 807661
809812 810350
810988 813652
814861 815495
820660 821701
823275 823409
825085 828639
829282 830223
831042 833230
834904 835044
838678 840195
843273 843558
844286 846868
848031 848172
849247 849452
849983 850445
851319 852339
853025 853666
854591 855418
859714 860087
860745 861322
865754 867819
868474 869722
870920 871321
872101 873920
874708 875208
877817 878560
880333 880583
881604 882249
883094 884197
886803 887044
889583 891047
892914 893473
894700 895299
896586 896721
898307 900481
901107 901321
902988 903496
905096 905321
908039 908119
910070 910120
911652 912739
913374 915176
916090 917420
917966 919550
920459 922283
923433 924471
925029 925580
928772 929288
930577 931065
931576 931791
934152 935359
935904 939951
941866 942695
944746 946215
947090 948408
951287 953368
955808 956533
960300 963575
964829 966130
968041 971894
973957 974785
975407 975484
980367 980635
986238 986328
990069 990429
991057 991131
993009 995835
998500 998955
1000270 1000337
1000919 1003288
1004275 1004361
1006386 1007278
1007867 1010171
1012317 1012583
1014401 1014460
1014988 1015202
1028008 1030444
1031689 1032142
1033922 1034173
1034942 1036599
1047556 1048271
1050051 1051112
1051754 1052569
1054581 1055296
1056124 1057607
1058115 1058348
1059910 1059997
1060499 1061003
1062069 1062892
1064906 1065401
1068874 1069828
1070442 1070827
1072215 1075217
1076441 1076666
1077410 1077464
1078054 1079083
1079755 1080614
1081268 1082221
1082888 1083024
1083866 1084685
1085616 1086866
1087429 1089664
1090166 1090319
1091576 1091725
1092264 1093289
1094927 1097826
1099281 1101795
1103499 1103911
1106280 1106929
1110187 1112075
1112857 1114156
1115523 1115780
1116534 1117900
1118901 1119097
1119719 1120768
1126910 1127365
1128264 1128816
1129616 1129962
1130809 1132783
1137314 1137517
1138234 1140083
1143004 1143344
1144507 1146583
1148269 1148509
1150526 1151298
1152989 1155831
1157765 1158224
1160114 1168872
1169542 1169807
1172080 1172320
1173586 1174075
1181618 1183217
1184748 1186680
1187576 1187842
1188550 1190337
1191245 1191360
1192011 1192319
1193420 1194123
1195711 1197714
1198370 1198964
1199987 1200686
1201600 1202188
1209782 1213054
1214975 1215860
1216366 1216542
1217281 1218036
1218537 1218638
1221749 1222015
1224148 1229406
1230866 1231983
1234363 1234809
1235453 1235874
1237439 1241120
1241806 1243676
1244917 1245254
1246153 1246540
1248638 1248724
1249530 1249870
1251295 1251382
1252274 1252364
1253192 1255189
1258778 1258987
1259735 1259950
1261899 1262521
1263537 1265798
1266919 1269362
1270708 1271047
1271846 1272042
1272725 1276086
1276860 1277426
1281422 1281498
1282706 1283132
1284979 1285401
1286397 1289388
1290503 1290809
1291835 1292842
1293499 1293767
1295433 1295799
1299840 1301375
1302121 1302606
1303787 1305003
1305571 1307302
1309436 1309500
1310169 1310570
1311804 1311988
1313041 1314166
1315189 1316521
1319160 1320437
1320939 1322352
1322887 1323231
1326841 1327427
1331185 1331330
1333656 1334918
1335541 1336946
1339722 1340704
1341308 1342692
1343310 1343714
1344264 1345185
1346022 1346430
1347014 1349968
1350791 1352038
1353153 1353429
1358216 1361736
1362729 1363777
1368498 1368844
1371577 1371865
1374949 1375454
1376713 1378030
1379888 1380072
1380664 1381164
1382563 1383466
1384591 1385481
1386582 1387060
1390197 1390764
1391333 1392777
1396545 1396759
1398669 1398753
1402751 1405278
1406302 1406920
1407551 1407672
1414208 1415146
1415995 1419399
1421270 1421517
1422314 1422604
1424295 1426429
1429834 1431057
1433026 1433602
1434668 1435196
1437671 1437728
1438289 1440063
1442093 1445088
1447149 1447410
1448716 1449160
1450402 1450527
1451841 1451925
1459557 1460699
1461883 1462115
1463795 1464455
1465077 1465514
1467202 1467473
1470297 1470371
1470949 1471053
1473486 1474181
1474818 1476218
1477290 1478602
1479117 1479280
1482723 1485507
1487160 1490718
1491459 1491922
1492468 1494169
1494681 1496695
1498287 1498362
1500412 1501351
1510208 1510634
1512311 1514530
1521104 1521705
1523551 1523798
1524441 1525815
1527314 1528111
1528643 1530067
1531450 1532966
1534708 1535202
1536110 1537283
1539058 1539396
1540970 1545779
1548411 1549020
1549829 1552131
1552837 1554546
1557828 1559257
1562320 1564544
1565199 1566221
1567314 1569794
1578625 1579278
1579964 1581013
1583027 1583115
1583643 1583914
1588169 1589769
1590965 1592389
1593182 1594334
1594952 1595261
1596532 1597378
1599816 1600177
1601555 1601954
1602707 1604302
1605275 1605393
1606223 1608949
1611054 1611522
1612666 1614778
1615412 1615838
1616368 1616980
1617491 1618378
1619031 1620479
1621200 1621632
1622590 1623123
1623859 1623923
1627947 1628503
1631449 1631628
1633579 1634176
1634952 1635388
1636456 1636720
1638800 1639481
1640330 1640538
1641984 1645192
1646820 1647834
1648580 1648772
1650879 1651037
1653547 1653831
1657811 1659164
1660025 1660654
1662643 1662786
1664217 1664600
1665125 1665431
1667659 1667812
1670281 1671080
1671654 1671801
1673709 1674599
1675111 1675396
1677154 1677779
1679950 1681611
1682224 1682348
1682953 1683394
1686773 1687131
1688306 1688566
1689131 1691024
1693906 1694255
1695372 1696559
1697654 1698582
1700739 1701605
1702180 1702532
1703108 1703704
1704216 1704466
1705921 1706003
1706612 1707337
1710416 1711328
1713549 1714407
1719852 1721070
1722263 1722399
1723284 1723368
1724441 1726799
1727470 1727949
1730153 1732914
1734060 1734438
1737213 1737406
1738285 1739296
1739898 1740015
1740573 1741556
1742881 1743866
1744506 1744809
1745786 1746586
1747983 1748775
1751437 1753419
1754868 1755123
1755737 1756015
1757227 1757818
1758408 1758633
1761678 1762613
1768086 1768444
1769005 1774726
1776316 1776534
1778705 1781394
1783161 1783774
1785203 1785736
1786253 1786426
1787363 1788841
1790722 1794213
1795345 1796666
1799973 1800958
1802473 1802673
1805102 1805250
1805993 1806407
1807145 1807489
1810757 1811007
1811658 1814455
1815012 1815291
1818258 1819546
1822139 1822334
1823616 1824056
1826396 1827658
1830343 1830811
1831553 1831935
1833217 1833801
1838885 1842040
1842810 1844314
1847191 1847352
1849770 1851007
1851547 1851908
1855935 1856268
1858272 1867195
1867890 1868695
1874067 1874254
1875050 1875599
1876502 1876894
1878391 1879239
1881079 1882205
1884577 1884634
1886003 1886158
1887111 1887189
1888666 1890249
1890980 1892038
1892592 1893021
1894483 1896132
1897099 1897622
1900762 1901184
1902547 1902654
1907462 1908701
1911385 1912363
1915601 1915690
1916708 1917036
1917768 1918333
1920098 1920273
1923052 1923318
1928320 1929491
1930221 1933408
1934136 1936085
1938107 1938338
1939657 1940587
1941181 1941530
1942273 1946921
1948603 1948840
1949794 1954849
1956563 1956619
1958884 1959428
1960071 1960416
1965193 1965583
1967937 1970384
1973849 1975499
1982320 1983354
1984037 1984410
1986453 1987407
1988479 1988628
1992439 1992507
1993540 1996406
1997177 1998395
2000008 2000270
2001141 2001398
2002404 2003380
2004370 2005351
2007856 2009398
2011855 2012066
2013739 2014000
2016944 2017988
2019965 2020323
2022836 2023161
2024484 2025537
2026785 2029969
2032378 2032837
2034637 2035668
2036259 2036501
2038262 2038591
2042275 2043239
2044868 2045318
2045938 2046797
2047832 2048192
2048841 2049677
2050351 2050917
2054731 2058275
2061093 2061484
2062635 2063632
2065343 2065917
2066688 2067299
2069389 2069527
2075080 2077073
2078918 2079113
2080484 2081506
2082502 2083116
2084386 2085918
2093246 2094866
2095438 2096571
2099624 2100493
2101271 2101657
2102554 2103499
2104887 2105098
2108557 2109150
2113615 2113709
2116693 2116938
2119298 2120983
2122207 2122357
2123313 2124267
2128805 2129723
2130276 2134602
2137109 2137296
2138017 2138324
2139591 2140176
2141441 2142319
2144852 2148492
2150001 2150204
2154465 2154618
2156386 2157138
2158618 2158826
2159441 2160992
2163541 2164008
2164561 2166805
2167549 2167681
2171384 2171572
2175523 2175838
2176347 2178708
2186604 2186666
2187169 2187868
2190303 2191771
2192497 2192559
2198837 2199934
2202229 2202535
2205494 2208172
2209090 2209281
2210183 2210807
2212399 2213108
2213639 2214488
2215262 2216743
2217787 2219088
2222127 2222701
2224826 2226310
2230555 2230852
2231383 2231576
2233434 2233855
2236679 2237893
2239709 2240505
2241116 2242605
2245966 2246556
2248914 2249575
2250643 2250772
2254230 2255790
2256309 2256544
2257850 2258237
2258749 2258856
2259680 2259848
2261501 2261942
2264423 2265506
2267912 2269178
2270620 2270876
2272136 2272246
2272814 2272955
2276347 2276436
2277987 2278905
2281229 2281754
2282283 2282568
2283229 2283388
2284239 2284473
2285240 2286384
2287053 2289426
2289965 2290159
2293297 2293535
2294212 2295523
2296046 2296933
2298037 2298551
2300707 2302169
2302699 2303185
2303701 2304057
2305913 2306347
2309748 2310215
2313467 2313750
2314326 2315217
2316037 2316224
2322232 2324033
2325179 2325373
2326107 2327864
2329243 2329984
2331370 2333951
2335668 2337546
2338406 2338704
2342189 2342931
2344557 2344725
2345445 2345499
2347679 2348081
2348597 2348710
2349822 2349973
2351108 2351610
2352153 2352477
2353541 2354371
2355321 2356324
2357151 2357680
2360187 2360980
2363014 2363933
2364675 2364900
2365705 2365870
2366520 2367619
2368621 2370084
2370714 2373309
2375111 2375387
2377823 2378418
2379355 2379857
2380514 2381239
2383596 2383678
2384206 2384299
2385462 2385584
2392143 2392231
2395386 2396037
2397250 2397656
2398968 2401256
2403044 2403572
2404590 2405383
2405918 2407299
2409244 2409532
2411504 2412504
2413164 2414035
2414887 2415274
2416174 2417421
2419436 2421175
2422221 2422459
2425383 2426037
2426962 2427180
2428518 2430953
2433353 2433578
2434225 2436469
2438163 2438323
2441164 2442013
2443252 2443349
2447270 2447767
2448607 2449067
2449924 2451084
2453162 2453443
2457729 2458083
2459098 2460310
2462111 2462400
2464600 2465610
2466328 2466738
2468216 2469207
2471419 2471811
2473668 2473753
2479151 2479341
2479878 2480452
2481114 2481518
2487938 2491503
2493877 2494577
2497076 2497282
2498205 2499254
2499818 2500213
2502963 2503737
2509004 2509651
2510431 2512639
2514569 2514640
2516656 2517306
2520444 2522097
2523604 2525591
2527624 2528155
2528733 2530093
2530859 2532526
2541521 2541649
2542155 2542261
2542788 2543007
2543622 2543903
2545357 2546328
2552977 2553966
2554682 2556917
2557630 2558541
2560052 2562495
2563571 2563679
2564734 2564966
2565521 2566317
2570449 2572393
2572969 2573371
2576647 2577387
2579959 2580788
2581424 2581715
2582244 2582371
2586122 2586443
2589320 2589568
2593063 2593290
2597729 2598395
2600143 2600306
2600878 2601856
2602438 2602695
2603422 2603733
2604369 2605900
2608251 2609796
2614293 2615709
2616494 2617356
2619361 2619456
2620763 2620985
2622402 2622662
2623215 2625378
2627446 2627676
2628700 2629707
2632959 2633210
2639445 2641552
2643398 2643871
2645947 2646216
2650252 2651144
2654283 2654966
2656329 2656543
2657869 2658897
2660465 2660653
2662913 2663460
2665439 2667250
2668239 2670203
2674543 2675980
2676483 2676710
2677277 2677647
2679827 2679966
2681891 2682277
2688570 2689859
2692747 2694482
2697272 2697868
2699069 2699179
2700718 2700993
2701596 2702006
2704911 2705282
2705921 2708148
2712421 2712578
2714056 2714182
2718309 2718480
2720502 2722060
2724296 2725104
2725720 2725780
2726721 2727313
2728610 2729354
2729861 2730332
2730834 2731533
2733715 2734194
2735804 2738135
2739987 2740092
2742971 2743476
2744033 2744207
2745668 2745869
2748465 2748670
2749352 2749667
2750252 2752108
2752843 2753220
2754410 2754558
2755866 2756060
2759184 2759331
2760356 2760740
2761299 2762926
2764940 2765090
2766377 2767269
2768140 2768413
2772257 2773381
2776558 2776791
2781109 2781308
2782024 2782322
2783945 2784226
2788006 2788891
2789437 2790029
2793169 2794261
2795155 2795523
2796339 2796781
2797997 2798195
2799590 2801073
2801799 2803150
2804654 2804833
2808701 2810715
2811308 2812345
2815192 2817567
2818430 2819063
2824849 2826633
2827566 2829710
2833625 2833796
2834678 2834744
2836160 2836342
2840093 2840326
2842181 2842315
2843197 2843330
2845577 2845898
2846545 2846838
2847717 2850378
2855078 2855388
2856634 2857532
2858063 2858460
2859570 2859854
2861000 2861073
2861869 2862368
2863190 2863541
2864438 2864641
2866484 2866663
2869072 2869291
2871326 2873007
2874845 2876300
2879810 2880101
2880657 2881228
2882009 2882309
2883968 2884391
2885227 2885863
2886526 2887406
2887914 2888167
2888713 2888794
2894472 2894663
2895717 2896735
2898924 2899583
2900292 2900411
2900948 2901155
2901866 2902212
2903400 2904264
2906796 2906851
2908220 2908369
2908948 2909072
2910182 2910757
2911390 2911824
2913078 2913252
2918158 2918272
2920262 2922679
2925560 2926382
2927216 2927309
2935786 2936883
2938325 2939775
2940775 2940996
2943509 2946410
2948160 2948777
2950134 2951429
2952680 2952823
2953563 2954910
2955783 2957755
2958691 2958861
2959579 2959712
2961349 2961583
2962370 2962463
2963047 2964925
2965694 2965864
2968103 2968338
2969201 2969427
2970482 2970848
2972611 2973988
2976680 2977391
2977969 2978247
2979110 2979354
2980567 2980722
2981232 2981949
2985662 2986110
2987407 2987658
2990487 2991678
2993743 2993850
2995135 2995222
2996025 2997331
3000010 3000327
3003756 3004386
3004891 3006110
3006791 3008000
3009648 3012670
3013186 3013689
3014310 3014548
3016425 3016570
3017081 3017427
3018018 3020291
3024538 3024788
3025860 3027357
3029123 3029414
3030861 3031288
3036388 3036906
3037554 3038014
3038536 3039151
3041120 3041379
3041899 3043396
3044010 3044062
3045761 3046321
3047845 3048911
3052224 3052540
3055954 3058673
3059440 3059685
3060225 3067322
3068015 3068235
3068959 3069619
3070339 3070490
3072184 3073431
3078155 3078498
3081613 3083580
3084926 3086058
3088251 3088775
3096625 3096710
3098631 3099042
3100507 3101773
3102819 3103581
3104673 3105532
3106917 3107368
3108385 3108458
3109057 3110568
3112002 3112288
3113820 3114228
3115178 3115267
3118786 3119022
3120003 3120384
3122384 3123077
3124633 3126110
3127272 3127631
3128390 3132899
3133557 3136394
3136972 3137776
3139375 3139707
3143476 3143773
3145162 3145435
3147773 3150803
3151366 3151579
3153721 3154198
3156340 3157517
3158056 3159004
3161589 3161723
3162277 3162384
3163099 3163645
3164224 3168471
3169062 3169546
3170434 3170508
3173192 3173391
3176331 3178706
3179250 3179710
3180267 3181794
3183132 3185051
3185555 3185945
3189311 3190328
3190947 3191189
3193661 3195432
3196053 3196446
3197196 3197757
3199264 3199759
3200477 3203983
3206050 3206256
3207165 3208302
3209032 3210892
3216316 3217061
3222718 3223710
3225740 3225931
3228831 3229056
3231192 3232476
3233363 3234463
3237357 3238324
3239283 3239833
3242532 3242754
3245350 3245701
3246492 3246877
3251992 3253290
3254121 3254180
3255251 3255308
3256003 3256801
3257312 3257914
3258747 3258886
3260670 3261690
3263148 3264089
3264610 3265390
3267246 3267897
3269275 3270747
3271650 3271886
3272630 3272843
3275152 3275383
3276100 3276789
3277511 3278225
3280367 3281980
3282501 3284166
3286107 3286598
3288616 3291270
3293397 3294546
3297137 3298299
3298816 3299447
3302172 3302402
3303187 3303386
3303918 3305375
3307504 3307706
3310410 3312359
3313457 3313594
3314867 3315126
3317598 3317677
3319046 3319461
3321097 3321470
3322058 3323480
3324039 3326052
3327697 3328420
3328925 3329210
3330789 3331037
3331546 3331621
3332459 3332829
3333832 3334255
3334782 3334846
3339947 3341833
3343350 3343616
3344283 3346567
3348261 3349361
3350582 3351627
3352301 3352701
3353390 3354572
3355170 3356217
3358820 3359113
3359701 3359779
3367918 3369516
3375161 3375740
3377035 3377658
3379219 3379555
3383747 3384767
3385281 3386106
3388319 3389506
3390672 3391467
3392045 3392382
3393505 3394189
3397732 3397943
3399246 3401227
3404169 3405079
3405689 3406301
3407006 3407351
3407905 3408190
3408971 3411539
3412400 3412995
3413958 3414761
3416323 3416534
3418278 3418485
3419653 3422395
3423411 3423655
3424512 3424732
3425337 3425630
3426276 3426661
3427179 3428556
3429337 3430654
3431406 3432537
3434379 3435681
3436452 3436631
3437828 3438099
3438629 3440176
3442283 3442488
3444900 3445073
3446297 3446512
3448467 3448913
3452814 3453105
3454658 3454931
3455715 3456861
3457405 3457463
3458171 3459762
3461046 3461153
3461952 3462134
3465392 3465588
3466108 3469300
3472173 3474520
3476795 3477105
3477837 3478248
3478932 3479570
3480752 3482538
3489597 3489776
3490824 3491001
3491818 3492256
3492821 3494147
3494809 3496615
3499133 3499389
3499932 3500879
3501625 3502238
3504234 3504892
3507076 3507990
3510394 3510988
3513918 3514811
3521145 3521194
3521963 3522216
3523763 3524803
3529675 3529843
3531473 3532480
3534138 3534356
3535581 3536084
3537379 3537817
3539015 3539198
3539912 3541365
3543832 3544211
3544792 3548164
3548913 3549086
3550291 3550397
3552827 3554888
3556373 3556800
3558847 3561052
3563076 3564998
3565580 3567761
3569139 3570441
3571038 3572460
3573114 3576071
3577060 3577314
3578094 3578449
3582952 3583022
3584001 3584189
3584772 3584846
3589197 3589647
3590248 3590774
3594285 3595385
3599979 3600590
3603120 3604080
3606081 3606556
3608360 3610976
3615336 3615870
3616628 3617186
3618021 3619036
3619609 3620160
3620819 3622870
3623929 3624615
3625728 3626707
3627951 3628541
3630033 3630169
3631538 3632013
3635647 3635846
3638069 3638355
3639587 3639853
3641888 3642080
3643446 3643969
3644543 3645332
3646659 3646825
3649854 3652113
3653265 3653714
3655429 3655562
3656141 3657267
3660961 3661261
3663560 3663836
3664400 3665545
3667500 3667942
3669183 3669978
3670554 3671543
3672145 3673619
3677618 3678462
3679748 3680664
3683847 3684866
3685425 3686230
3686821 3687100
3690250 3690801
3692156 3695572
3696849 3697929
3698673 3698755
3700789 3704432
3705024 3707312
3708115 3708354
3708960 3709450
3710523 3710715
3712016 3712420
3713092 3713323
3714778 3714962
3715576 3715727
3721462 3721588
3723977 3724069
3726870 3727481
3728345 3729368
3731695 3731798
3732478 3732927
3734691 3734811
3735506 3735893
3736528 3736713
3738897 3740935
3741474 3741783
3742349 3742467
3745938 3747813
3748875 3749562
3750216 3750397
3751216 3752400
3753435 3753573
3755873 3756261
3758424 3758477
3759162 3760262
3761682 3763191
3763863 3764137
3764733 3765667
3770724 3771197
3774998 3775595
3777775 3777825
3779484 3780801
3781397 3782227
3786185 3786307
3789515 3791199
3791737 3793621
3799412 3799510
3801166 3801559
3802177 3802415
3803701 3803798
3804326 3804820
3808865 3809128
3812983 3813245
3815556 3815803
3816637 3818389
3819191 3819860
3821138 3825282
3826614 3826933
3830280 3830749
3831598 3832392
3833324 3837182
3837717 3837910
3839060 3840289
3842793 3843036
3849104 3849158
3851241 3853011
3855455 3856615
3857521 3858657
3859321 3859444
3860270 3861072
3866959 3868491
3869969 3871599
3872516 3873363
3875294 3877239
3878832 3881644
3882986 3883161
3883800 3883992
3885022 3885885
3889252 3891713
3892422 3892522
3898206 3898568
3899682 3900065
3900616 3900821
3901373 3902755
3903310 3903889
3904649 3905128
3907497 3908463
3909448 3911110
3912033 3912683
3913403 3914583
3915103 3915729
3917218 3917672
3918296 3918451
3918976 3919899
3923740 3924324
3925715 3926869
3929436 3929972
3935289 3935515
3936558 3936766
3941042 3941637
3943824 3944031
3946108 3947378
3948246 3950483
3951224 3951395
3953030 3954327
3954892 3954963
3959565 3962290
3963147 3963498
3964335 3965926
3968476 3969609
3970160 3970262
3974617 3975414
3977287 3977552
3980317 3982848
3983434 3984022
3987372 3988322
3991248 3991463
3993977 3994632
3995406 3995535
3996301 3996593
3997913 3998202
3998740 3998867
3999463 4000157
4001323 4003457
4005661 4006971
4008006 4008488
4009371 4010396
4014735 4016406
4022797 4023987
4025944 4026153
4027391 4029902
4033311 4034495
4036219 4037125
4038799 4040769
4041277 4042852
4043629 4047054
4048145 4048504
4049169 4049227
4049875 4051459
4052163 4055593
4062162 4062800
4063756 4065149
4066121 4067356
4072909 4073775
4075249 4075937
4076738 4076996
4082850 4082982
4087831 4089241
4089764 4090325
4090887 4091085
4092113 4095639
4098491 4100196
4101263 4104755
4105408 4105796
4106451 4106538
4107176 4107275
4112266 4112413
4113720 4114551
4116772 4116857
4119312 4121738
4122270 4124579
4126892 4128066
4130668 4131264
4133164 4133343
4135456 4137142
4137862 4138349
4139369 4139735
4140666 4140961
4141861 4141992
4144489 4145497
4157128 4157532
4160156 4161317
4161888 4161941
4164092 4165247
4165793 4168186
4170625 4173349
4174087 4174458
4175033 4177128
4178555 4178793
4179707 4179850
4180473 4181670
4183209 4184395
4185117 4186409
4192357 4193156
4195492 4196088
4197920 4198997
4200200 4201408
4203414 4204712
4205318 4205935
4207283 4210499
4211057 4213539
4214091 4215906
4216419 4216628
4217267 4217848
4218595 4219706
4221805 4222762
4225700 4227237
4227858 4228308
4228837 4229310
4231701 4231893
4233059 4233978
4237807 4238196
4241747 4243995
4245862 4245931
4249503 4249972
4253410 4258929
4260124 4260803
4261451 4262505
4263090 4265009
4265749 4266268
4266977 4269364
4271447 4272264
4273559 4277428
4278097 4278504
4281722 4282363
4283236 4283478
4286256 4286649
4291180 4291671
4293768 4296543
4299333 4300264
4303741 4304492
4305041 4305642
4306274 4307548
4309684 4309890
4310773 4311715
4312877 4315210
4315717 4316962
4317813 4320754
4321987 4322303
4323269 4324622
4327475 4329414
4329965 4330080
4330960 4332850
4334151 4334427
4335877 4336509
4339220 4339872
4340738 4341516
4342390 4342516
4345438 4346396
4348770 4349872
4352037 4352287
4353130 4353444
4354543 4356503
4357281 4357445
4360078 4360990
4361798 4367240
4368068 4368570
4369280 4369768
4371243 4371334
4372480 4372628
4374764 4374933
4376374 4376666
4378083 4379536
4380663 4381708
4382387 4382474
4383086 4384510
4385080 4385361
4386225 4386917
4387736 4390542
4392118 4393295
4396905 4398189
4398779 4399298
4403131 4403753
4404695 4404840
4408362 4408452
4414643 4415040
4418904 4419879
4422666 4424787
4425342 4425713
4428383 4428673
4432686 4434521
4437812 4437960
4439018 4439214
4442879 4443150
4444413 4444923
4445430 4445548
4446267 4447520
4449738 4452561
4453280 4454111
4459418 4459695
4460211 4461489
4465033 4465257
4465979 4467217
4467732 4467802
4468640 4469085
4471074 4471361
4471946 4472172
4474332 4474533
4476429 4478671
4479418 4479623
4480643 4480847
4484199 4484349
4485916 4485973
4487439 4487584
4488459 4488626
4489714 4491633
4492298 4494702
4496394 4496547
4498261 4499365
4500822 4502421
4508588 4509942
4511979 4512805
4513497 4514982
4517073 4518097
4519788 4520974
4524154 4525147
4526812 4527790
4529731 4529863
4536341 4539181
4540604 4541603
4542280 4542795
4543386 4543711
4545439 4546017
4546674 4546807
4548534 4549545
4550787 4552800
4557209 4558314
4559085 4559454
4564361 4564801
4566788 4567899
4568831 4569344
4570072 4572018
4572529 4572977
4578228 4579042
4582719 4583470
4586826 4586922
4587780 4588246
4592700 4592793
4593367 4594124
4599495 4599621
4600841 4601296
4605697 4605772
4606444 4607048
4608229 4608756
4609349 4610885
4612630 4612859
4613982 4614411
4616642 4616768
4618114 4621785
4626410 4626997
4628294 4631477
4633526 4633627
4635110 4635397
4636143 4636822
4638115 4639424
4640326 4640858
4641520 4641652
Ecoli_0916_Taxon017_
1 240
1474 2184
2730 4292
6837 6935
7785 8306
8876 9008
12295 12854
13424 15063
15787 16710
17401 17655
19160 19649
20848 22856
25819 27579
29367 30166
31654 31945
32751 34725
35286 35501
38230 38599
39310 42799
44985 46493
47976 48489
49217 49521
51674 52122
54857 55461
56075 56774
57373 57762
59254 60037
62275 62615
65971 66067
67238 67391
68736 69377
73072 73800
75477 75988
77166 77700
78640 79444
80190 80703
81912 82521
84842 84917
89543 89673
90781 91031
94260 94448
95032 96534
97853 98082
101719 102192
102723 104775
105555 106142
109795 111805
113292 114155
115675 117343
118065 118440
120874 121324
123284 125532
127247 127524
128551 129245
129905 131280
134381 134514
137304 139322
141394 141512
142441 142513
150261 150363
150966 151292
152500 153192
153771 154052
155155 157114
158041 158267
158852 159139
160153 160517
162411 162481
163846 163949
164581 166319
167626 170770
171282 172567
174100 175768
176463 177497
181159 182447
183280 183895
184584 185515
187070 192681
193414 194298
196516 197377
198540 198688
199312 200479
201091 201543
203055 204579
205443 205724
206898 207070
208330 208417
209096 211516
213368 213601
214138 214430
215871 216040
216820 217250
218176 218324
219470 219561
222429 223808
224315 225914
226492 226904
227543 228546
230826 231384
232166 233523
234301 234416
238517 238767
239601 240012
242134 243200
246306 247350
249288 250066
250932 251584
254295 254927
257954 258687
259597 260839
263045 263329
264550 265668
270050 271051
272196 272346
273842 274639
275187 275494
277650 277927
279089 279575
280914 281120
283256 284530
285162 286661
287929 290444
290965 291050
291571 291932
292568 293385
296662 297036
297954 301822
304155 304548
306070 306456
307326 307568
309681 310157
312300 312707
315117 316411
317194 317430
321440 321559
323927 324232
330001 330350
331875 333015
335452 335677
337226 339080
341652 341872
343350 346154
348633 349057
351263 351729
353097 354226
356179 359103
359862 360798
361887 361967
364637 365104
368042 369712
371837 372209
374176 374385
378013 378266
379245 379747
381353 381539
382260 383111
384869 385992
387266 388088
389396 389904
392065 392884
393534 393899
395412 396233
397109 398447
399217 400353
401004 401616
402250 402896
407519 408446
409012 409362
410011 410331
410954 411097
416346 416717
418431 418721
419702 419969
420684 421882
424861 425011
425557 428034
428863 428916
429487 429749
431262 431666
433272 434114
434991 435440
437021 437474
438649 439431
440196 441677
442297 444594
447087 448943
449505 450138
451069 452942
454749 459724
461585 462119
462738 463912
469475 469562
470200 470299
473220 473649
474331 476026
478034 479207
479796 479881
485510 485661
487418 488265
495914 496211
499719 499917
500479 500710
502712 504098
505725 507954
509265 512467
513307 514066
517614 518214
519885 520204
520928 521340
521957 523722
524294 525720
526349 526621
528395 531973
532999 533685
534254 534397
539782 539924
540710 540929
541577 541635
542300 542659
546452 546519
548518 548647
550035 550521
551079 551260
553679 554011
555578 556507
557250 558319
560094 560333
562992 563413
564651 565560
566817 568474
569367 570349
571077 571740
572667 573262
574398 576069
576679 577038
578238 580325
581278 581433
584857 585143
585826 587631
590215 590547
591937 592064
592602 595398
597605 598752
599341 600904
601912 602382
603532 607370
611206 611623
612135 613207
614097 614449
616287 617145
618780 618887
619656 619835
620542 620644
621654 622328
622919 626469
630745 631239
632606 635087
635841 635912
639409 639580
643329 643457
644439 645177
646116 646980
647631 648589
649167 651919
652463 654246
655289 655689
656484 657788
659631 660231
661240 662460
664841 665089
668084 670310
672353 672508
673132 674217
675075 675701
676221 676444
679694 680419
684305 684695
685676 686155
686915 691771
692366 696464
698691 699045
699867 700008
700811 701304
703745 704544
705711 706390
708012 708133
708861 709567
710312 710758
711467 717034
717588 718336
723845 725509
726458 726938
727440 727902
729086 730302
732616 732863
733505 733790
734462 734579
736723 738895
740817 741639
745774 746183
746807 747338
748376 749239
750269 750462
751839 752211
752762 752967
753519 754399
760055 761502
766650 766775
770944 771073
772415 772613
773624 775248
776873 778708
779925 780043
781836 781939
782717 783143
783728 783966
785877 787542
789314 789512
792292 792830
794634 797315
802159 802955
803764 803852
804497 804619
807001 807357
809058 809407
811880 812244
812979 813419
814186 815806
819572 819621
820180 821287
822324 824521
825137 826941
832327 832380
833483 833992
835849 836349
837231 837369
838404 838545
840407 840588
841242 841929
842991 843305
846670 847212
848337 848455
849021 849330
853230 854276
855398 856113
856815 857121
858426 858906
860468 862459
864034 864734
865710 867003
867988 869342
870143 873914
875077 876893
877481 878788
880089 880281
880788 881844
882450 882689
884421 884668
885253 885780
886775 887034
889913 890483
893695 894701
895232 895424
898390 899159
903704 903983
904574 904926
907837 912392
914667 914994
916095 916437
918478 918659
919261 919559
921507 922151
925259 925715
926968 927701
929543 929843
930731 931353
932358 933960
935218 936793
938671 940525
941040 941891
946306 946913
947414 948236
948776 949291
951248 951746
955667 956969
960119 962131
964821 965344
967765 968147
970435 970721
971246 973642
975976 976895
978621 978757
979378 979723
980730 980839
988630 989181
990508 991021
992920 993454
994749 995216
996097 997265
1000206 1001511
1002809 1003070
1004493 1005112
1005713 1005858
1006615 1006803
1007782 1007852
1008909 1009277
1010206 1011786
1013490 1013744
1016104 1016297
1022339 1022416
1024523 1024764
1026435 1026932
1027645 1028885
1029752 1030865
1031732 1031957
1034993 1035141
1037764 1039693
1040407 1040513
1042640 1043145
1046775 1049339
1049927 1050486
1051606 1051789
1052350 1052476
1052987 1053425
1053985 1057800
1059284 1059606
1060961 1064220
1066001 1067969
1068588 1068685
1069610 1069659
1070190 1070866
1073126 1073904
1074487 1075326
1078314 1080410
1083166 1083728
1085912 1088025
1091415 1093574
1094189 1095404
1096889 1097983
1099771 1099980
1101028 1101207
1101789 1103524
1109782 1110052
1111705 1111872
1114536 1115311
1118731 1119404
1124796 1126985
1127621 1127963
1128670 1128852
1129406 1130381
1131042 1131324
1133341 1133399
1135873 1136146
1137699 1140722
1144292 1145030
1147099 1147553
1148316 1148521
1152705 1152976
1154173 1154352
1155123 1155520
1157579 1157671
1158267 1158981
1160150 1160350
1164143 1164528
1165174 1165467
1166072 1167393
1172319 1172526
1173504 1175162
1176043 1176111
1180638 1181833
1182614 1182899
1185215 1186254
1190648 1191793
1193490 1193787
1194914 1195320
1196158 1197866
1198422 1198759
1199337 1199605
1201181 1202892
1203808 1204027
1205901 1208269
1210658 1211604
1216222 1216558
1218213 1218994
1222284 1222465
1223209 1224294
1226381 1226509
1228609 1230342
1231025 1231103
1231691 1231984
1232765 1233642
1238103 1238503
1240128 1240653
1241443 1242543
1243316 1243432
1245069 1245299
1246289 1246521
1247188 1247454
1248244 1248871
1253154 1255445
1255958 1256022
1257975 1260956
1263890 1264067
1267064 1269978
1272626 1272873
1275037 1277168
1278214 1278401
1279242 1279531
1280434 1280670
1281414 1281627
1282538 1284167
1284884 1287756
1289151 1291029
1294038 1295803
1302353 1302631
1304890 1305105
1306412 1307273
1308909 1309324
1311398 1314913
1316011 1316308
1317783 1318406
1319692 1323264
1324984 1325183
1329353 1329554
1330526 1330694
1334593 1334973
1335947 1337981
1340375 1342665
1344204 1344396
1348050 1348272
1348799 1350645
1353547 1356569
1359367 1359612
1360788 1365501
1367843 1369044
1370142 1370623
1371302 1371661
1372538 1373045
1374588 1374955
1378561 1379021
1382955 1383129
1384866 1385256
1385956 1386379
1387036 1388694
1389482 1389639
1390258 1390500
1393105 1393833
1395857 1399070
1403814 1404844
1405361 1406376
1408343 1411036
1411627 1412002
1412609 1413595
1415392 1415801
1417413 1417612
1418573 1418804
1419851 1421158
1421842 1422861
1423635 1424209
1424718 1426512
1427314 1429545
1430520 1431066
1432432 1433867
1437721 1437980
1438964 1439164
1439688 1439829
1441744 1442147
1442810 1443142
1444252 1446063
1446911 1447208
1448597 1449792
1450412 1451482
1453129 1453335
1454801 1455014
1458147 1458908
1465024 1467080
1467659 1469862
1470437 1470607
1473418 1473807
1476392 1476984
1477955 1480455
1481545 1482419
1483436 1485460
1486231 1486701
1489031 1489523
1491762 1492173
1494094 1494179
1496635 1499494
1500041 1501398
1505542 1505878
1508933 1509191
1510997 1512206
1513491 1516811
1519284 1520465
1522569 1522789
1523482 1523887
1525544 1525746
1526555 1526810
1528269 1529308
1532923 1533419
1534423 1534530
1537174 1538471
1539151 1541007
1541694 1543054
1543616 1543881
1546890 1546999
1547707 1547912
1548452 1548697
1549621 1550046
1552846 1553106
1553869 1554978
1555597 1556367
1557118 1558573
1562476 1563247
1564075 1564127
1566758 1567017
1567531 1568445
1570123 1570583
1571231 1571749
1572783 1573614
1575956 1577276
1578723 1579014
1579858 1580680
1583349 1583599
1584413 1584893
1585513 1587106
1588121 1588307
1589415 1590119
1590710 1591056
1593589 1593827
1601171 1602377
1603146 1603397
1604694 1605142
1605773 1607755
1610082 1610237
1611450 1611694
1612557 1612835
1613413 1613525
1614949 1616001
1619336 1619944
1620872 1621600
1622466 1623589
1624940 1625110
1625879 1626407
1628341 1628434
1629221 1629455
1630178 1630581
1631092 1631225
1631943 1632113
1632640 1633788
1635699 1636134
1637164 1637307
1640267 1640470
1641092 1641584
1642245 1643276
1644394 1644814
1646996 1647295
1647864 1650488
1652183 1652479
1653108 1653250
1655549 1655966
1656663 1658389
1659129 1659319
1662309 1662362
1663495 1663588
1664422 1666508
1667541 1668758
1670552 1670717
1672532 1672646
1673305 1673787
1674309 1677726
1678980 1679414
1680047 1680622
1682435 1682584
1683126 1686455
1687104 1687404
1688592 1689549
1690393 1690512
1691221 1692158
1692750 1693430
1696141 1696332
1697235 1698803
1699369 1699772
1702010 1702091
1702637 1702890
1708495 1708795
1709489 1710589
1711099 1711841
1712397 1713132
1715382 1717173
1718319 1718392
1719188 1719687
1720509 1720860
1721757 1721960
1722883 1726610
1728645 1729447
1730899 1734615
1735757 1737420
1737976 1738547
1741880 1742089
1742817 1743087
1747072 1749852
1750478 1750711
1751467 1752225
1754462 1754662
1755497 1755960
1761420 1762184
1762819 1764672
1766865 1767039
1768500 1768701
1771297 1771502
1772195 1772499
1773998 1774160
1776764 1777951
1778698 1778892
1780419 1781462
1783188 1783572
1784943 1785303
1786803 1787445
1788437 1788533
1790972 1792701
1795781 1797304
1797883 1798007
1799024 1799746
1800928 1802141
1803813 1803985
1805073 1805933
1806459 1806692
1808267 1809769
1812269 1816586
1820829 1821027
1822422 1823300
1824005 1824531
1826589 1828081
1829230 1830989
1834140 1834401
1835689 1838072
1840105 1840399
1841262 1842129
1843430 1845688
1847681 1847945
1854444 1855029
1856457 1856628
1857510 1858556
1859677 1859970
1862723 1864083
1865024 1865084
1865700 1867388
1868441 1868644
1873132 1875241
1876622 1879407
1880641 1881843
1883760 1883954
1887350 1888979
1889811 1890086
1891625 1891735
1892262 1893008
1894282 1895750
1896322 1896547
1897716 1898057
1899272 1900276
1900945 1901486
1902747 1903279
1903826 1907507
1909522 1912768
1918033 1920590
1921140 1921873
1924480 1924707
1926474 1926693
1927755 1929567
1931378 1933417
1934261 1934475
1936267 1938542
1943326 1946581
1947179 1948335
1948839 1949090
1952290 1953828
1955325 1955629
1958085 1958609
1959278 1959751
1960263 1960847
1962713 1963124
1964942 1965379
1967525 1970693
1971348 1973577
1974965 1975127
1975709 1975966
1980026 1981002
1982775 1985803
1986538 1987464
1991179 1993075
1993873 1996590
1997493 1998644
2001236 2002304
2004361 2004682
2006602 2006806
2007579 2007779
2008300 2008560
2009089 2009380
2010945 2015111
2016433 2017333
2021722 2022454
2023886 2024387
2025838 2026070
2026889 2027233
2030086 2030752
2031426 2032163
2033887 2034416
2037587 2038858
2042285 2042340
2043439 2043639
2044476 2045002
2046901 2048016
2049383 2056161
2056766 2057435
2061263 2061449
2063741 2064133
2066447 2068059
2068707 2069048
2069859 2072099
2073954 2077223
2079921 2082271
2084662 2086118
2091053 2091278
2095016 2096279
2096788 2098184
2098864 2098939
2099626 2101049
2103350 2103837
2104348 2105467
2108593 2109232
2110862 2111143
2111683 2111945
2112739 2113060
2113670 2115783
2117086 2117300
2119811 2121067
2122300 2122476
2124028 2125149
2127472 2128143
2129119 2132239
2132746 2133174
2133775 2134774
2136851 2137041
2138044 2138152
2140874 2141250
2142478 2142972
2143766 2144581
2145638 2146699
2148745 2150849
2151991 2152277
2153440 2154982
2155905 2156031
2156798 2156954
2157518 2157913
2158751 2159300
2159838 2163532
2164264 2168340
2171468 2173615
2175530 2175917
2178300 2180441
2181272 2183787
2184598 2184886
2187232 2187760
2188480 2189037
2189548 2189675
2191707 2192527
2193148 2193554
2196733 2198042
2199242 2203010
2205220 2205342
2207126 2207208
2209565 2210290
2212826 2214522
2215417 2215693
2217495 2217823
2224384 2225099
2225904 2226129
2229824 2230086
2230717 2231691
2232264 2233474
2235583 2237263
2237836 2238651
2239395 2240318
2240831 2240982
2242723 2243125
2243737 2244624
2245305 2245359
2249579 2250428
2251385 2252398
2254792 2255136
2255678 2256351
2259987 2260193
2260820 2262329
2264402 2266188
2267516 2267716
2268408 2268572
2269797 2269962
2270883 2271341
2272169 2272756
2273851 2274767
2275587 2276478
2277054 2278918
2282313 2282870
2284457 2284891
2287619 2288105
2289293 2291268
2292867 2293320
2293871 2294091
2297269 2297507
2298024 2298981
2300645 2301278
2303177 2304429
2304981 2305564
2307416 2307575
2309050 2309575
2314368 2314457
2316038 2316631
2317849 2317990
2319928 2320184
2322443 2322892
2324120 2324306
2326957 2327014
2329894 2331124
2331948 2332055
2333310 2333442
2334260 2334495
2335014 2335593
2338858 2340187
2340842 2341148
2342327 2343103
2344185 2344375
2345165 2347260
2351769 2351941
2353464 2356354
2356892 2357630
2366575 2367193
2367918 2367981
2368731 2369099
2371404 2372719
2373869 2374132
2376427 2376614
2377475 2377846
2378372 2379021
2383200 2384108
2386665 2386832
2388616 2389739
2390914 2391516
2394525 2398276
2399089 2399476
2400014 2400108
2400624 2400715
2401421 2402731
2405744 2407321
2407886 2409618
2410716 2412452
2413816 2414099
2414626 2414974
2416040 2416683
2419748 2420653
2423199 2423615
2428395 2429924
2431661 2435142
2436959 2438134
2438749 2438971
2441455 2442749
2443918 2445339
2446241 2447241
2449561 2450456
2452006 2454371
2456259 2457894
2460100 2460215
2462084 2462576
2463114 2464287
2465090 2465912
2466470 2466557
2467956 2468642
2473291 2474708
2481582 2483280
2483883 2484507
2489296 2490737
2492038 2492099
2493147 2493683
2498200 2500123
2500685 2501970
2503186 2504363
2505792 2507179
2507688 2508302
2510963 2511190
2511691 2512883
2515562 2516104
2517068 2521307
2521916 2522980
2525799 2526529
2529811 2530639
2531182 2531953
2533037 2533203
2535497 2539377
2539887 2540230
2541127 2541963
2546036 2547213
2548536 2548760
2549412 2549589
2553746 2554471
2555104 2555238
2555891 2557916
2559820 2560553
2568325 2568414
2569772 2572154
2572816 2573860
2574784 2575396
2576804 2577065
2578229 2580734
2581523 2583432
2584495 2584739
2585656 2587831
2589358 2590109
2590992 2591710
2592743 2593345
2598411 2599111
2600344 2600601
2605293 2605802
2606389 2607635
2608351 2611739
2613965 2615205
2616117 2616354
2617560 2618381
2619297 2619687
2623975 2624496
2626125 2626613
2627828 2630733
2631376 2635855
2641608 2642201
2647279 2647456
2650217 2652905
2655479 2655719
2662219 2662456
2663744 2664073
2664900 2665407
2667486 2667752
2669044 2669841
2670531 2671443
2673136 2674096
2675114 2675203
2675892 2678903
2681366 2681557
2683988 2684405
2685137 2685517
2688084 2690720
2691317 2692775
2694048 2695852
2696718 2696998
2697698 2698033
2698654 2698746
2700146 2700663
2701277 2703056
2703634 2703908
2704692 2705817
2708256 2709064
2710487 2712630
2714674 2715971
2717068 2717175
2717901 2719551
2720516 2720623
2721986 2722200
2723005 2724922
2727097 2728616
2730152 2730376
2732356 2732535
2733640 2733868
2735282 2735511
2738945 2740140
2740662 2740823
2741595 2743543
2746087 2746334
2748216 2748896
2760254 2762609
2765361 2765961
2766748 2767830
2768470 2768665
2769545 2770534
2771258 2771902
2772646 2773138
2773805 2773955
2775300 2775792
2776881 2776972
2779797 2780047
2781641 2783659
2784397 2784969
2787388 2788949
2790393 2790606
2791442 2793147
2795559 2795961
2799887 2800082
2800751 2801863
2804378 2804551
2805068 2806363
2807497 2807643
2810315 2810615
2811829 2812099
2814270 2815978
2820924 2821124
2823670 2825103
2826295 2827263
2832171 2832396
2834789 2835067
2835681 2836883
2838034 2838231
2839467 2840085
2840678 2841069
2841790 2842222
2843180 2843713
2846123 2848437
2850103 2850919
2852039 2852218
2854169 2854766
2855542 2856399
2857046 2857310
2857975 2859637
2860920 2861128
2861649 2862019
2864826 2865047
2865664 2866134
2866649 2866721
2869170 2869558
2871469 2871627
2872742 2873357
2874137 2874421
2876349 2877075
2879197 2879754
2883233 2883376
2886690 2886806
2888249 2889100
2889904 2891670
2892244 2892391
2893081 2893496
2899430 2900242
2901998 2902201
2902814 2902938
2903972 2905632
2906456 2907373
2908383 2909551
2910704 2911090
2913162 2913422
2914846 2915391
2915949 2917218
2917859 2918234
2920279 2920696
2921882 2923122
2923698 2924294
2924806 2925056
2926511 2926593
2927790 2929087
2929862 2930081
2931790 2932749
2935581 2938073
2938626 2939645
2942853 2944276
2952861 2953504
2954650 2957104
2957803 2959886
2960488 2960891
2962768 2963071
2972424 2972856
2976026 2976517
2978001 2978763
2979282 2979750
2980398 2981189
2981855 2982485
2985411 2985953
2987371 2987538
2989349 2989682
2990627 2991465
2992137 2992364
2992910 2993326
2994187 2995015
2995543 2995852
2996490 2997084
2998415 2998471
2999275 3000396
3002069 3002635
3003278 3004887
3005542 3006115
3006890 3007161
3007689 3007777
3011526 3012947
3014192 3014816
3015984 3016813
3017709 3018742
3019712 3020209
3021840 3022139
3022906 3023086
3024968 3025087
3029725 3031726
3033761 3035727
3037708 3037967
3039942 3040975
3041784 3045260
3049491 3050502
3051408 3052717
3054079 3054694
3055602 3055814
3056403 3057044
3064820 3066363
3067006 3067253
3067885 3069264
3072665 3074538
3075123 3075423
3076274 3076697
3081491 3081928
3082478 3083234
3083852 3085227
3086606 3087090
3088868 3089550
3091040 3091749
3093173 3094244
3100086 3101077
3102554 3102692
3103372 3105975
3109221 3111687
3113614 3114070
3117920 3118486
3119409 3120099
3120958 3121297
3124124 3124371
3128256 3128837
3129399 3129646
3130443 3130733
3131352 3131554
3133106 3133320
3135064 3135909
3136494 3136904
3139689 3141731
3143904 3144423
3145800 3145857
3148732 3149535
3154518 3155539
3156845 3157289
3158531 3158656
3159970 3160054
3160831 3162024
3162721 3163314
3163855 3166942
3167740 3168164
3168928 3170645
3174183 3177881
3180096 3182244
3183132 3183253
3183884 3184998
3185526 3187632
3192051 3192135
3194045 3194943
3195817 3197408
3198027 3198313
3200707 3203116
3205324 3206213
3209640 3210140
3210732 3210916
3213267 3214091
3215144 3215562
3216688 3218298
3220120 3220507
3223117 3223572
3224765 3226046
3230949 3231940
3232462 3233173
3233928 3234703
3238665 3239508
3241609 3243236
3243758 3244435
3245827 3246873
3247494 3247914
3249786 3250209
3251056 3254390
3258078 3258482
3267921 3269005
3269584 3272279
3277863 3279000
3281304 3281368
3282308 3283798
3284991 3286187
3290447 3290881
3291620 3291857
3294030 3294492
3295193 3297993
3298505 3299040
3303054 3303268
3304335 3305352
3308702 3309148
3312339 3313229
3314798 3315001
3318115 3319593
3321418 3322152
3323869 3324437
3326613 3326703
3327531 3327760
3331554 3333017
3334529 3335801
3336326 3337334
3338356 3338787
3339922 3340190
3341558 3343527
3344341 3344791
3346190 3346258
3349611 3350089
3351210 3351473
3352464 3354262
3356137 3356333
3359099 3360377
3362263 3363214
3364036 3364793
3365713 3365789
3366567 3369692
3373310 3373679
3374944 3375321
3375929 3377991
3380079 3381673
3383624 3384839
3385346 3385673
3387309 3387897
3391840 3392434
3393090 3393462
3394270 3395093
3399444 3399559
3402115 3403228
3408503 3408714
3409286 3410045
3411074 3414094
3414663 3417218
3418484 3418724
3419317 3419392
3420997 3421262
3423895 3424045
3425046 3425675
3426703 3427452
3428689 3429016
3429907 3430004
3433343 3435716
3437339 3437522
3438079 3438709
3440295 3441119
3443545 3444313
3444933 3445814
3448584 3448893
3449604 3449883
3451250 3451507
3455748 3456495
3457337 3458185
3459548 3460512
3461884 3462537
3463663 3464280
3465343 3465689
3469483 3470707
3471463 3471754
3474775 3475723
3476432 3476556
3479675 3479878
3480868 3484309
3487645 3488616
3491658 3492797
3497326 3499228
3500485 3500638
3503938 3505188
3507780 3507916
3509126 3509536
3510190 3511046
3511721 3512111
3513340 3514363
3516369 3516479
3517690 3519289
3519977 3520362
3522880 3524712
3526485 3527812
3530198 3530305
3530807 3530894
3532343 3532557
3533892 3535178
3539667 3539842
3543261 3544388
3545389 3546193
3547087 3548748
3549301 3550009
3551121 3553741
3554441 3555156
3557408 3557997
3559554 3560401
3563009 3563491
3564222 3566059
3566766 3567508
3568286 3569236
3570050 3573039
3575602 3575816
3577609 3577670
3579172 3581970
3582833 3582937
3583585 3584418
3584954 3585720
3586443 3586529
3589204 3589428
3591849 3592304
3593430 3594413
3600835 3602380
3603410 3605315
3606961 3609555
3610169 3610437
3611213 3612124
3613370 3614083
3614712 3615397
3618130 3620451
3620994 3622500
3623675 3625069
3625590 3627129
3631563 3633508
3641165 3641484
3642396 3642664
3645835 3648267
3649476 3651811
3655445 3656652
3659013 3659228
3659739 3660227
3662759 3663631
3666629 3666773
3667471 3667960
3670112 3671387
3672484 3672838
3673384 3674025
3677000 3677430
3678065 3678154
3680684 3680734
3682685 3684504
3685071 3687816
3688795 3689697
3692530 3693504
3694023 3694842
3695485 3695923
3700757 3701011
3701608 3702820
3703619 3703716
3705940 3706023
3709363 3710087
3710619 3710989
3711844 3712093
3717810 3718015
3719090 3720018
3723076 3725793
3727253 3727785
3728684 3731517
3732218 3732358
3734439 3735213
3739426 3740811
3742155 3742672
3746012 3747707
3751232 3752190
3753006 3754876
3755786 3756377
3757950 3759374
3763313 3764403
3765276 3765567
3767793 3768125
3770250 3770678
3771210 3772432
3775767 3776438
3776957 3777440
3778068 3778194
3781715 3787727
3788360 3790163
3794650 3796034
3797040 3797357
3797975 3799466
3800228 3800758
3802373 3804307
3804944 3805342
3806670 3807115
3807836 3808913
3810200 3810799
3812026 3812585
3815421 3815613
3818615 3819137
3820416 3820493
3821255 3822206
3824908 3825170
3826097 3827062
3827737 3827806
3828547 3829641
3832884 3834523
3835831 3836188
3836861 3837928
3838560 3838633
3841228 3841543
3842180 3843385
3844337 3846370
3850281 3850621
3853182 3853319
3854423 3854797
3855321 3856407
3857278 3859118
3861570 3861842
3862383 3864021
3864619 3865091
3866193 3867618
3868752 3870360
3874516 3875848
3877598 3878704
3880213 3881336
3882699 3883682
3886168 3887511
3888324 3888572
3889109 3889771
3892953 3893135
3894248 3894748
3898751 3899686
3900741 3901664
3902201 3902456
3902995 3903149
3910316 3911147
3912108 3912496
3914792 3915257
3916332 3917091
3919084 3920532
3922519 3922719
3924123 3924670
3926071 3927600
3928960 3929120
3929914 3932674
3936870 3936979
3940296 3940859
3942698 3942939
3943512 3944959
3945638 3945876
3946771 3946894
3948503 3948732
3949872 3950107
3950643 3952959
3956685 3956982
3959172 3961649
3963671 3964920
3966407 3966661
3969330 3969505
3974231 3975147
3975878 3977037
3980973 3981131
3983263 3983794
3985314 3986370
3992942 3993142
3994093 3994937
3996046 3996569
4004171 4004250
4004769 4005019
4005557 4005683
4006457 4006544
4007175 4007654
4008415 4008786
4014253 4015162
4017875 4018263
4018867 4019133
4019897 4020370
4022141 4022850
4025789 4026329
4027083 4027286
4028380 4029804
4031715 4032272
4033049 4033561
4035792 4035933
4037433 4038229
4039161 4040995
4042566 4042659
4043745 4044567
4046392 4048469
4049015 4049139
4049827 4050996
4053195 4053334
4054376 4055018
4055932 4056207
4057381 4058258
4059433 4060155
4061987 4062219
4066749 4067063
4069683 4069878
4070511 4070569
4071558 4071961
4072657 4073829
4074337 4076642
4077425 4078151
4086797 4086943
4089580 4093022
4096431 4096710
4098787 4100345
4101263 4102518
4107055 4108094
4108721 4108783
4110150 4110354
4111182 4111393
4111963 4112187
4112860 4115170
4115998 4116735
4117291 4118338
4120668 4122404
4123077 4123869
4125358 4125985
4126808 4127799
4129217 4129503
4130006 4131173
4134343 4134600
4137819 4138996
4142322 4146580
4147945 4148621
4150592 4151055
4151902 4152743
4153317 4153670
4157356 4158203
4164434 4166004
4166815 4167468
4170029 4170811
4172517 4173320
4174132 4175996
4177601 4177991
4178729 4180245
4181708 4181926
4182985 4183920
4184555 4184964
4187734 4188300
4189622 4190129
4190768 4191489
4192701 4194521
4195784 4198676
4199623 4200674
4201368 4202648
4203156 4203682
4204746 4205041
4206305 4206908
4207431 4207894
4209237 4209523
4210425 4212093
4213518 4213715
4217146 4217281
4218541 4218889
4220437 4220721
4221322 4221443
4224545 4224701
4225265 4225609
4229354 4229898
4232930 4234978
4237848 4238292
4244274 4244749
4246135 4246613
4252384 4253582
4254368 4254588
4256630 4257550
4258123 4258620
4259714 4260085
4260775 4260926
4262110 4265075
4265633 4266200
4267239 4267697
4268329 4269753
4272341 4272938
4274288 4274547
4279746 4280077
4280666 4282405
4284103 4284551
4286090 4286974
4288165 4290134
4292404 4292658
4294737 4295273
4297728 4297972
4301039 4301226
4303449 4305757
4306747 4306950
4307680 4308957
4309588 4309949
4311599 4311912
4315117 4315351
4317836 4318192
4320221 4320593
4321217 4321556
4322336 4323573
4325397 4326335
4328288 4329213
4332898 4333350
4340732 4340861
4342260 4344113
4348369 4348579
4349423 4349939
4351529 4353562
4354697 4354980
4357088 4357630
4360453 4360567
4362650 4363640
4364902 4365675
4370291 4370375
4371167 4373929
4378597 4379617
4380436 4381249
4382132 4382387
4384136 4384548
4385082 4385563
4387653 4388591
4389322 4390478
4392446 4392518
4395557 4396457
4397427 4398943
4400195 4401162
4402290 4402846
4407885 4408027
4409853 4410141
4411479 4412672
4414176 4415942
4418877 4420108
4421380 4421880
4423025 4423289
4424468 4424725
4425591 4426012
4428128 4428596
4429532 4429838
4432601 4433946
4436615 4437115
4438113 4438318
4442127 4442521
4443137 4445783
4447054 4448284
4450063 4450314
4452583 4455151
4457277 4457948
4459088 4459737
4460618 4463455
4464088 4464241
4465551 4465752
4466462 4466809
4467455 4468049
4469359 4473185
4473737 4474245
4474854 4475167
4476150 4476416
4477042 4477619
4478138 4478384
4478990 4481466
4482196 4483381
4484087 4484470
4485050 4485197
4486995 4487404
4488274 4488586
4489279 4489759
4490433 4492469
4495263 4495920
4497097 4498165
4498940 4499813
4501167 4501908
4503696 4503759
4504790 4505036
4508149 4508702
4510408 4511629
4512408 4513425
4514093 4515823
4518301 4524106
4525315 4525770
4526654 4526778
4527560 4528030
4529302 4530427
4531156 4531374
4532076 4532191
4533504 4537827
4538691 4538837
4539544 4539711
4540899 4541006
4542391 4542574
4543253 4545105
4546678 4549251
4553589 4553820
4554996 4555392
4556804 4557091
4564716 4565125
4572746 4573348
4575861 4575932
4576579 4578428
4582596 4583917
4584758 4584983
4586101 4586195
4588303 4589161
4592694 4593799
4594686 4595066
4595617 4596577
4598854 4599261
4600200 4600286
4601717 4602477
4603600 4604555
4606036 4607072
4607676 4608592
4612294 4613861
4615112 4617968
4620026 4620416
4621677 4626527
4627310 4628053
4628669 4628760
4629645 4631016
4632036 4633243
4634425 4637272
4639197 4639424
4641520 4641652
