Ecoli_0920_Ancestor_
1 50
60747 61015
82236 82414
83116 83247
91247 92493
235520 235724
239906 240090
246290 246590
294369 295091
302273 302510
328812 328981
371227 376253
377737 382776
413984 414616
419016 424406
457408 457674
467908 468075
496280 496407
550296 555327
563387 563485
644010 649257
825085 826844
923566 923647
924220 924471
937667 938675
965373 965679
968041 969199
969713 971289
1006719 1007278
1161871 1167278
1215552 1215753
1224148 1225153
1354939 1354989
1403485 1404591
1459557 1460496
1520057 1520191
1593230 1594334
1635259 1635384
1658912 1659138
1772546 1772930
1831592 1831774
1850629 1850700
1859411 1864643
2075285 2076225
2078380 2078561
2217752 2217958
2259973 2260161
2277991 2278040
2285861 2286245
2300789 2301786
2377313 2377509
2419475 2420538
2487995 2488899
2520680 2521639
2523604 2524529
2605340 2605900
2675575 2675691
2691027 2691307
2939354 2939941
2954037 2954434
2956069 2956351
2956980 2957268
2987117 2987305
2999853 2999910
3017340 3017475
3019101 3019182
3038233 3038626
3058077 3058743
3061820 3061905
3086580 3086710
3129164 3131059
3163225 3163574
3164574 3166945
3193661 3194666
3290238 3291211
3303474 3303640
3310198 3310267
3320657 3321196
3322266 3322391
3329169 3329250
3493321 3493821
3495391 3496461
3540496 3540877
3663656 3663813
3732889 3733036
3794589 3794726
3853302 3853454
3855814 3856005
3857650 3858700
3860216 3861167
3901852 3902819
3905131 3905369
3913675 3913796
3956366 3956430
3961328 3961497
3982591 3982802
4001578 4002410
4009541 4010370
4015113 4016022
4022744 4023934
4064274 4064795
4103363 4103832
4197931 4198997
4208313 4209357
4233091 4233229
4240832 4240924
4274310 4275488
4299502 4300264
4310791 4311529
4315339 4316750
4319142 4320152
4332227 4332797
4361954 4367152
4393134 4393296
4536548 4537488
4540750 4541320
4601416 4601505
4637278 4637382
Ecoli_0904_Taxon005_
168658 168924
387354 387460
450505 450689
791061 791250
800181 800277
824121 824292
962206 965785
1183393 1183694
1198745 1199161
1514204 1514275
1594164 1594332
1714045 1714137
1734628 1734820
1780543 1780768
2065861 2066116
2260114 2260319
2345544 2345611
2398441 2398490
2635069 2635349
2862233 2862421
3150558 3150679
3386819 3387072
3482630 3482711
3794454 3794591
3830388 3830626
3881706 3881922
4060692 4060820
4156299 4156396
4161122 4161732
4377690 4377852
4510019 4510108
