Buchnera_aphidicola_Baizongia_pistaciae_0965
1 55
1295 1383
9814 10351
13644 13943
15201 15420
17986 18102
19943 20215
23827 23884
25090 25169
25722 25878
30356 30620
31654 31864
34549 34666
43268 43562
44671 44733
45598 45736
46749 47108
55492 55737
57041 57289
58153 58892
59488 59782
63786 63943
66019 66200
71453 71637
77333 78240
79905 80047
80797 81279
82497 82621
88351 88510
96085 96415
98153 98889
103825 104122
110605 110744
114215 114431
114941 115235
116732 116797
119717 120016
122133 122385
125775 126727
128126 128249
132018 132142
133495 134203
134768 135156
143059 143270
144132 144781
149578 149726
150884 151968
154799 155085
156497 156959
159272 159473
164183 164572
169269 169929
173362 173949
177549 178521
185011 185506
188627 189106
192011 192310
199152 199601
200391 200550
202477 202591
204076 204641
206548 206786
208042 208364
210010 210289
213460 213650
217307 217526
218092 218311
221696 221885
224290 225415
226858 227241
229220 229539
231028 231157
232851 232952
238099 238201
240993 241254
241902 242179
242759 243318
246919 247261
260402 260829
263082 263153
264114 264578
265657 265869
267798 268359
269510 269737
277195 277571
278253 278509
280464 280650
282215 282439
285374 285551
287199 287374
290291 290485
291837 292134
292738 293096
298863 299134
299640 300379
302876 302930
303508 303595
304100 304274
306790 307084
308420 308650
315727 316018
317558 317614
318592 319021
324003 324312
325264 325508
331409 331521
332777 333299
335121 335504
337357 337657
342737 343908
347330 347424
350755 351220
353005 353179
354062 354163
359209 359339
371547 371862
372899 373358
374759 375031
377920 378579
383168 383398
385228 385495
410400 410616
415901 416177
419067 419276
422622 422708
423229 423421
424065 424376
426312 426520
428281 428384
438341 439027
440407 440907
444407 444613
445818 446060
448592 448890
450431 450596
451579 451823
453093 453153
456186 456577
458677 458874
462185 462751
464810 465266
478527 478914
480515 480695
485200 485342
489031 489336
490375 491028
492603 492768
503347 503746
505751 505929
513013 513233
516965 517309
520328 520463
521997 522221
523994 524158
525863 526010
532694 532882
535416 535923
537657 538206
543561 543847
544474 544973
549298 549782
550887 550964
553523 553846
561377 561995
563008 563363
565495 566161
569782 570011
576793 576988
578637 578841
579814 580015
582738 582994
584653 584810
588869 589007
594048 594726
596723 597668
600818 601054
604024 604838
605544 605799
606946 607142
610874 611402
614037 614158
615591 615980
