Buchnera_aphidicola_Schizaphis_graminum_0910
274972 275268
597609 597816
952646 952920
1357733 1357864
1593435 1593501
Buchnera_aphidicola_Schizaphis_graminum_ancestor
3201 3993
8345 8824
60564 78110
87338 89502
90253 92629
94048 94279
95183 95941
100348 101099
122550 123299
153568 154328
177823 178580
182687 183798
196166 196924
212551 213215
236102 236705
251286 251993
295814 296463
329337 330153
363186 363526
378159 378661
385239 385930
403841 403935
431304 432268
453899 454655
458350 458404
463707 464201
471545 480583
482050 484450
485318 487614
490862 491536
529404 529804
549367 554423
570714 570921
574370 575603
576549 578223
610752 611490
631454 632117
707398 708155
739909 740530
775825 776587
787884 788644
797782 798158
930326 931015
984613 985335
1022040 1022802
1023636 1023910
1062027 1062972
1076258 1076997
1100184 1100305
1108129 1108783
1117127 1117741
1150558 1151316
1231051 1231184
1254403 1255044
1278801 1279666
1282885 1283580
1324387 1324481
1326838 1327560
1376332 1376453
1407968 1408703
1477776 1478332
1480330 1481698
1482423 1483113
1497747 1498506
1503933 1504692
1507143 1510814
1537377 1538046
1573694 1574453
1591829 1592588
1601693 1602334
1618720 1619315
1627004 1627761
1642362 1643032
1675360 1676028
1717730 1718435
1758021 1759773
1831863 1832603
1844750 1845476
1868806 1869548
1879189 1879693
