Ecoli_0920_Ancestor_
1 84
1643 3055
4169 4260
7474 8208
17735 19035
20437 21220
22437 22687
25250 26567
29051 29252
30700 31965
32933 33265
36467 37199
40175 40298
43529 44574
45292 45475
46966 47307
50195 50979
52049 52381
54909 56721
61637 61813
64281 64545
66185 66682
68890 69034
69997 70415
73451 74010
77136 77354
78056 78171
79484 80007
81758 83807
84588 85613
86866 87003
87894 88182
88788 89212
91265 92677
93982 94188
94898 94997
95891 97241
97795 98354
99685 101535
102173 102681
103290 103603
104107 104852
106574 106820
109074 109902
113486 113693
115149 115840
116710 117115
117754 117888
118458 118966
122290 122765
125533 126107
127930 128249
130064 130344
130992 131657
132254 133449
138722 138927
140490 141014
142520 142722
144439 146563
148283 148751
152474 154189
157295 157436
158018 158203
160966 161272
162319 162676
164124 164598
166550 166884
167515 168298
170972 171902
173716 174191
174844 175638
176192 176520
177145 177239
177753 178375
180686 181008
182734 182919
185650 186503
187978 188437
194347 195252
195954 196172
199389 199736
202213 202360
202959 203118
204376 205722
206256 206668
208416 208672
209352 210368
211136 213058
219916 220513
221628 222114
224284 224548
225455 226041
227221 228154
228791 229502
230237 231356
233395 233598
235824 236107
238427 238895
239633 240640
243269 243530
245742 246839
247450 247997
248774 249495
251180 251316
251963 252529
255584 255708
257606 257839
258887 259009
261141 261270
262669 263009
264158 264522
266176 266571
268778 270937
272815 273511
275589 275991
277173 277880
279474 280473
287555 288231
289482 289839
291387 291671
292210 292397
294523 294977
295495 295651
296228 296559
297284 297951
299021 302969
303769 303885
305385 307148
308798 309242
315455 315757
317085 317272
323334 323468
325224 325538
328151 328500
329073 329570
330938 330993
335407 338647
339279 339881
341963 342214
344577 344720
345238 345497
354461 355899
356567 357704
360128 361723
362551 363144
366862 368922
371989 372176
372943 373685
374506 374596
375303 375431
375953 376707
377346 382862
384347 384785
386067 386364
387669 387911
390593 391042
392584 393012
394511 395246
402550 403041
404124 404557
405102 405917
406566 406759
409011 409583
412650 412804
413878 415149
418900 421124
421774 424242
426451 426734
427354 428280
428905 429077
429580 429866
432196 432280
432900 433088
434135 434545
436222 436458
440301 440761
442434 443010
443729 443950
445413 445631
446271 446540
447079 447679
448510 449406
451325 451748
454346 455268
457224 457464
459986 461252
462050 462688
467231 468628
474185 474986
475512 475975
477763 479066
479710 479876
482021 482083
487359 489541
490840 491616
494094 494373
495011 495137
497782 498217
499724 501104
503861 504519
505028 505137
505926 506506
507326 508105
508766 508860
509962 510177
511871 513379
514162 514742
516240 516467
519346 519701
520235 520293
520838 521121
522510 522791
523635 524664
528585 528817
529407 529787
530649 530946
531471 532013
533208 533538
535786 536428
537541 537609
538418 541070
542532 542826
545276 545670
546581 547059
548756 548926
550296 552246
552896 555679
557855 558066
558906 559912
562128 562424
563036 563721
564324 565015
567243 567854
570121 570993
572576 572929
576119 576551
584260 584347
586554 586761
591770 592211
592814 592917
594235 594758
595867 597098
597708 598154
599013 599287
601834 602079
604434 604888
605450 606289
609673 610013
611365 611917
612861 614926
616281 616614
618605 619465
621299 621474
622188 622338
622973 623530
625706 626125
630709 631598
633822 634119
634947 635191
635740 636358
637845 639057
639938 640135
640697 642425
644033 649281
649945 650508
652124 652550
653806 653934
658130 658382
660594 660890
661684 661844
663204 664733
665381 666638
667496 668285
670272 671720
673059 673516
674303 674639
677053 677126
678308 678696
679362 679557
681112 681276
681874 682604
685749 685974
687655 687809
691499 692247
695060 695186
695899 696420
697392 697851
701033 702480
703215 703590
704187 704636
708205 708303
709602 709681
717959 719561
720276 721201
725225 725529
726783 727548
728962 729234
731649 731933
734397 734960
736147 737584
739854 740523
742917 743249
745189 745353
749261 749725
752803 753943
754616 754973
756531 756884
758020 758439
762998 763067
765634 765896
767645 767985
770311 771259
773544 774470
776644 777829
779197 780661
783014 783539
784378 784670
786139 786196
786895 787846
788818 790391
795627 796624
797170 797296
798768 798863
802091 802551
803557 804031
806486 806829
807462 807661
812430 813008
813666 814199
814861 815538
820660 821701
824133 824560
825085 828639
829282 830122
831042 833228
834699 834962
837731 838578
839150 839287
839820 840009
842438 843558
847521 848172
849247 849452
849969 850436
854591 855418
856257 856623
857742 857973
864442 864599
865323 866505
870757 871246
873223 873920
874708 875208
875741 876271
877817 878130
881604 882264
884965 886240
890827 891047
892817 893473
896486 896721
899427 899640
901107 901321
902988 903865
905096 905321
910070 910120
913374 913441
915111 917104
917685 919776
920440 920706
922383 922771
923566 924250
925029 925318
930577 931065
934152 934442
935085 935359
935904 937114
937667 938795
939340 941766
942537 942695
944746 944969
945973 946215
947037 948408
952130 952890
954877 955214
965426 966105
967986 972674
973957 974389
975407 975496
976721 976989
977516 977979
978552 978963
980367 980635
985489 986687
988006 988840
990069 990224
992984 993240
995755 995828
998500 998955
1001376 1001600
1003114 1003288
1004236 1004361
1004917 1005850
1006386 1007278
1008071 1008197
1008834 1010970
1011554 1011632
1012248 1012444
1015391 1015726
1021568 1022496
1025392 1025672
1026188 1026438
1027007 1027359
1028008 1028293
1029221 1029302
1032242 1032920
1036376 1036599
1047556 1048271
1050523 1051080
1051754 1051816
1052412 1052839
1056124 1056606
1057748 1058348
1059820 1059997
1061536 1062201
1062992 1063318
1065230 1065401
1070186 1070760
1072215 1072453
1074325 1075217
1076299 1076666
1078705 1079083
1080001 1080553
1081164 1082142
1083866 1084126
1085517 1086866
1088830 1089664
1090166 1090338
1090877 1090969
1091576 1091725
1092246 1093289
1097344 1097826
1099281 1101795
1103499 1103911
1113046 1113166
1115227 1115780
1118651 1119056
1119719 1120768
1126157 1127385
1128027 1128800
1129616 1129962
1130904 1134013
1137314 1137517
1141461 1142315
1143229 1143290
1145438 1145729
1147173 1147709
1151953 1152393
1155167 1155944
1157765 1158224
1159964 1160229
1161189 1167647
1172080 1172283
1173177 1173747
1175394 1175658
1178470 1178905
1181130 1181398
1182090 1182680
1186548 1186644
1188531 1188689
1189617 1190337
1191245 1191360
1193607 1194201
1195711 1195860
1197342 1197714
1198370 1198594
1199617 1200150
1203113 1203495
1205965 1206290
1207073 1207180
1209148 1210514
1211569 1211640
1212758 1214610
1216366 1217518
1218542 1218763
1219547 1220104
1220854 1221095
1221749 1223506
1224148 1225153
1228715 1229896
1231113 1231189
1231836 1231983
1234363 1234809
1235469 1235534
1237296 1238890
1240475 1240662
1242374 1242512
1243995 1245254
1249507 1249897
1251236 1251390
1254910 1255189
1257455 1258275
1259735 1259950
1261899 1261967
1265320 1265798
1268173 1268503
1269129 1271175
1273801 1276108
1276860 1277426
1281422 1281498
1282706 1283148
1284728 1285401
1291881 1292315
1293499 1294339
1294845 1295728
1297556 1297788
1299890 1301066
1302121 1302175
1304617 1305003
1305571 1305813
1307006 1307312
1308251 1308496
1309436 1309500
1311804 1312977
1316167 1316515
1317694 1317787
1319160 1319935
1322083 1322352
1323897 1324740
1326841 1327547
1328568 1329667
1331178 1331330
1332726 1333146
1333656 1334000
1335018 1335293
1336233 1336832
1338856 1339002
1341308 1341428
1344882 1345419
1352571 1353429
1354549 1354848
1356068 1356274
1356940 1357511
1359567 1360499
1362729 1363777
1365405 1365601
1371577 1371693
1373842 1374116
1375077 1375511
1376774 1377537
1379575 1380072
1380664 1381164
1382563 1383449
1384591 1385295
1390180 1390292
1391890 1392777
1393396 1393476
1394080 1394404
1395044 1395949
1397888 1398753
1402233 1405278
1405806 1406202
1406770 1406920
1407485 1407672
1409108 1409314
1411280 1411995
1414208 1415135
1415995 1416513
1419021 1420249
1421362 1421517
1422314 1422774
1425291 1425465
1428365 1428775
1429834 1431057
1432709 1433602
1435392 1435675
1437671 1437728
1438289 1439950
1442093 1443075
1447498 1448056
1448716 1449242
1450402 1450527
1451207 1451925
1453225 1453463
1456759 1456943
1458744 1458797
1459559 1460817
1461883 1462115
1463862 1465954
1467063 1467190
1468645 1469031
1469852 1470350
1473486 1474181
1476318 1476559
1477290 1478602
1479117 1480161
1484829 1485507
1487160 1488883
1489727 1490050
1490610 1490742
1496560 1496717
1501242 1501914
1504298 1504785
1505474 1506737
1507570 1508277
1509104 1509313
1510208 1510634
1511474 1511686
1516266 1516854
1517387 1518077
1518631 1518701
1521104 1521705
1523499 1523938
1524441 1525237
1525915 1526514
1528211 1528597
1530889 1530944
1534013 1534299
1534902 1535202
1535815 1537206
1540970 1541313
1545986 1546036
1548411 1549020
1549829 1550862
1552008 1552246
1553196 1554431
1554936 1556565
1558365 1558505
1562320 1562995
1564430 1564621
1565717 1565836
1567645 1567898
1568665 1569077
1569670 1569794
1575471 1576698
1578625 1579277
1583027 1583115
1583643 1583914
1584689 1585193
1586706 1586788
1587626 1588464
1590392 1592327
1593182 1595375
1596532 1596911
1600254 1600443
1601841 1601954
1603266 1603433
1604849 1605393
1611054 1611522
1614124 1615374
1616928 1616980
1617491 1618380
1619031 1619495
1621200 1621536
1624281 1624647
1628682 1629007
1629513 1630329
1631085 1631628
1632361 1632635
1633219 1634176
1634952 1635388
1636456 1636848
1637385 1639481
1640330 1641429
1641984 1642271
1643213 1643585
1644226 1644457
1645074 1645192
1648610 1648954
1650208 1651037
1653547 1653831
1654971 1655166
1655759 1656485
1657271 1657711
1658979 1659164
1662705 1662786
1664254 1664600
1666169 1666310
1667659 1669766
1670281 1671080
1671654 1671801
1674835 1675222
1679607 1679863
1681408 1681611
1682224 1682737
1684510 1686237
1686773 1687248
1688306 1688566
1689131 1689672
1690223 1690830
1692177 1692675
1694485 1694632
1695815 1696559
1698327 1698711
1701292 1701615
1702180 1702532
1703108 1703704
1705921 1706003
1707200 1707337
1708367 1708497
1710158 1711806
1716235 1716496
1719771 1719988
1721744 1722267
1722907 1723780
1728049 1728281
1730153 1732553
1734086 1735501
1736065 1736514
1737213 1737406
1738285 1739296
1739898 1740015
1740573 1741332
1742143 1742211
1742881 1742945
1744639 1744809
1747983 1748930
1754196 1754398
1755737 1756015
1756799 1758633
1766986 1767127
1770039 1770689
1772208 1773883
1776316 1776754
1777753 1778085
1778705 1778951
1780189 1780489
1783161 1783424
1784441 1785128
1793335 1793554
1796400 1796666
1799984 1800865
1801725 1802673
1805972 1806407
1807145 1808059
1809695 1809790
1810665 1811007
1812727 1813230
1813832 1813923
1817099 1817157
1818141 1819200
1820383 1821073
1822139 1822334
1823624 1824056
1826980 1827337
1829943 1830811
1831530 1831935
1833131 1833831
1834908 1835145
1836287 1836897
1839164 1840397
1842810 1844573
1848124 1849112
1850172 1851102
1852616 1852868
1854906 1855095
1855838 1856418
1860018 1865854
1867012 1868137
1878674 1880203
1884577 1884634
1886003 1887011
1887874 1888008
1893654 1893866
1897412 1897742
1899682 1900165
1900707 1901184
1902547 1902654
1903698 1904126
1907462 1907747
1911901 1912734
1913716 1913937
1915601 1915690
1916839 1917036
1921387 1921957
1923052 1923318
1927732 1929543
1935085 1935325
1937969 1938338
1939657 1939777
1940295 1940587
1943348 1943525
1945535 1945741
1947780 1947889
1948603 1949113
1952792 1952925
1954949 1955587
1956538 1956619
1958025 1958188
1958724 1959200
1960071 1960416
1961900 1962976
1964076 1965594
1975581 1976887
1978280 1978422
1982326 1983646
1985011 1985536
1986453 1987594
1990121 1990292
1991619 1992507
1993540 1993668
1994242 1995208
1997176 1998395
2001141 2001398
2004056 2004270
2006090 2006599
2008246 2008432
2009148 2010633
2011472 2012393
2013739 2014000
2016009 2016227
2016944 2017041
2017761 2017988
2018503 2018650
2020867 2021032
2024484 2025537
2026827 2029594
2031010 2031186
2032378 2033852
2035768 2036501
2038315 2038591
2044027 2044768
2047819 2048192
2049547 2049677
2050488 2050917
2054731 2054970
2055920 2056090
2057601 2057767
2063920 2064175
2064934 2065920
2067824 2068523
2069389 2070064
2074591 2076456
2078445 2079113
2082502 2082668
2083216 2085202
2089637 2090105
2097563 2097657
2099633 2099946
2101271 2101896
2102743 2103007
2104105 2104155
2104887 2105098
2107028 2107496
2108851 2109150
2112187 2112244
2113619 2114634
2119298 2119575
2122207 2122809
2123984 2124267
2124785 2125107
2126888 2127040
2128153 2128256
2128805 2129250
2132360 2132989
2134702 2135367
2137109 2137296
2138017 2138923
2139635 2139854
2140923 2141691
2143876 2145524
2150001 2150204
2154001 2156380
2158618 2158826
2159441 2159675
2160848 2161014
2161519 2161577
2162918 2163175
2163856 2164765
2165420 2165682
2166905 2167675
2168474 2168970
2171384 2171904
2175523 2175756
2176347 2176519
2178808 2179140
2180646 2180932
2182308 2182501
2187169 2187868
2188380 2188483
2191153 2191771
2196318 2196528
2200204 2200360
2201437 2201569
2202373 2202983
2203959 2205769
2208484 2208800
2210183 2210807
2212399 2213108
2215119 2216553
2219056 2219356
2220933 2221399
2225296 2226310
2230521 2230852
2231383 2231536
2233392 2233855
2234475 2234658
2236661 2238984
2239709 2239958
2242528 2243660
2245700 2246669
2248017 2248242
2250643 2250772
2252028 2252751
2256309 2256544
2258040 2258146
2258749 2258856
2259680 2259848
2263577 2263649
2264423 2264640
2267906 2268361
2269910 2270030
2270620 2270876
2272118 2272222
2273591 2273671
2274173 2274223
2276347 2276666
2278467 2278905
2281229 2281754
2282291 2282568
2283229 2283388
2284254 2284700
2285347 2286279
2287392 2287627
2289965 2290159
2293297 2293535
2296710 2296933
2299536 2299633
2300707 2302169
2302699 2303185
2305913 2306347
2307934 2308491
2314326 2315217
2316037 2316224
2322237 2322439
2323088 2323288
2326619 2327274
2328475 2329011
2329565 2329646
2330158 2330895
2334453 2336139
2336780 2337686
2338987 2339426
2340407 2341304
2344589 2344725
2347679 2347903
2349822 2349973
2350486 2351450
2352345 2353043
2357283 2357680
2358369 2358540
2360509 2360980
2364675 2364900
2366520 2367238
2369366 2370084
2371503 2371614
2372981 2373309
2373958 2374408
2375111 2375387
2376282 2377978
2379355 2379579
2380616 2381696
2384206 2384482
2385462 2385584
2392635 2392855
2393599 2394071
2397250 2397755
2398277 2398425
2398968 2399097
2400495 2401256
2403647 2403836
2405918 2406493
2407017 2407299
2409199 2409532
2411504 2411793
2414887 2415374
2416809 2417174
2419207 2420572
2421258 2421357
2422221 2422459
2423220 2424051
2426623 2427431
2429587 2430953
2432312 2432435
2433353 2433578
2438150 2438988
2441925 2443412
2445650 2446045
2447270 2447767
2448458 2448917
2450606 2451084
2455970 2457260
2458022 2458083
2459107 2460285
2462111 2462400
2463058 2463367
2464600 2464776
2466328 2467449
2468666 2468765
2469772 2470379
2471419 2471811
2473668 2473753
2475454 2476113
2479151 2479940
2484464 2485325
2487895 2488915
2491045 2492281
2493877 2494575
2497076 2497369
2498132 2499254
2501175 2501600
2502907 2503771
2508210 2510331
2511540 2511626
2514569 2514640
2516782 2517606
2520775 2521984
2522754 2523206
2523710 2524789
2530143 2530583
2536575 2536647
2542795 2543017
2543622 2543903
2544736 2544871
2545802 2546428
2551946 2551997
2552780 2553217
2554682 2555507
2556041 2556917
2557630 2558541
2560052 2560954
2563571 2563679
2564734 2564966
2565521 2566342
2570105 2570600
2571430 2572393
2573471 2573646
2576604 2576736
2579959 2580882
2582244 2583225
2586122 2586833
2588443 2589668
2597330 2598395
2600143 2600306
2601694 2601856
2603231 2603457
2605125 2606660
2609504 2611628
2616494 2616546
2617908 2617982
2619256 2620359
2622282 2622662
2625258 2625333
2627509 2628162
2628700 2629707
2630886 2631128
2639445 2639749
2644507 2644967
2645976 2647279
2650267 2650360
2653939 2654190
2656329 2656618
2657869 2658527
2662349 2663529
2669907 2671343
2673976 2674443
2676483 2676681
2678479 2678916
2681891 2682687
2683798 2684030
2684605 2684983
2688570 2689859
2692747 2693088
2697272 2697892
2699069 2699482
2701558 2702006
2704735 2705282
2706850 2707044
2712421 2712570
2713720 2714182
2715204 2715565
2724296 2725104
2726721 2726904
2729128 2729354
2729861 2729914
2730432 2731127
2732248 2732999
2734770 2735146
2736644 2737184
2737895 2738035
2739099 2739330
2739987 2740245
2744033 2744244
2747063 2747316
2748465 2748670
2750252 2750482
2751166 2751328
2754410 2754558
2755866 2756318
2760356 2760723
2762267 2762926
2763971 2764506
2766941 2767187
2768149 2768609
2769679 2769923
2772257 2773381
2774317 2774921
2776558 2776791
2781163 2782535
2783648 2785143
2789798 2790109
2791388 2795671
2798088 2798139
2799419 2799888
2803757 2804833
2808701 2809711
2815192 2815372
2817684 2817884
2818430 2819663
2820598 2821362
2824509 2825113
2834678 2834744
2835855 2836342
2837852 2837945
2839976 2840326
2842181 2843330
2844224 2844288
2847717 2849195
2855177 2855388
2857439 2857532
2858063 2858460
2859339 2859854
2861000 2861073
2861869 2862248
2864438 2864641
2866484 2867057
2869012 2869291
2870671 2870750
2871326 2872486
2875180 2876104
2877396 2877503
2879622 2880101
2880657 2881228
2882009 2882309
2883027 2883120
2885633 2885863
2886441 2886530
2887972 2888184
2888695 2888932
2891132 2892402
2895243 2896738
2898924 2899583
2903400 2903810
2904349 2904719
2906769 2906851
2910205 2911290
2911897 2911961
2913078 2913252
2916595 2916708
2918167 2918272
2919919 2921432
2924379 2924979
2925560 2926382
2930555 2930791
2931637 2931703
2935550 2935686
2936722 2936883
2938325 2939792
2940775 2941824
2943509 2943827
2945544 2946410
2947695 2948060
2951529 2951600
2952636 2952823
2954096 2957755
2958691 2958861
2959579 2959712
2961383 2961583
2962275 2962463
2964397 2964925
2965694 2965864
2967339 2967495
2968103 2968338
2969201 2969568
2970508 2971441
2977279 2977391
2977969 2978247
2979110 2979354
2980567 2980722
2981232 2981451
2983049 2984872
2988820 2989132
2989637 2989722
2990404 2991733
2994486 2994671
2996025 2997905
3000010 3000327
3002936 3003201
3004464 3004971
3014310 3014548
3015253 3015705
3017081 3017427
3018123 3020093
3021562 3023724
3024587 3024778
3025960 3026158
3029123 3029414
3030861 3031843
3033044 3033228
3035274 3035354
3036388 3036873
3037554 3037682
3038566 3038644
3039817 3040072
3041120 3041379
3041899 3042151
3044908 3045111
3046421 3047111
3051929 3054268
3055160 3055859
3057988 3058743
3059440 3059685
3060225 3060430
3061138 3062535
3063130 3064958
3067077 3068328
3068959 3069706
3070339 3070490
3071008 3072084
3073993 3076174
3076869 3077350
3078102 3078531
3084926 3085262
3086683 3086862
3091310 3091475
3092051 3092754
3094269 3094825
3096625 3096710
3097789 3097972
3098631 3099042
3100585 3101732
3103681 3107368
3109359 3109660
3110349 3110544
3112002 3113002
3113985 3114405
3117966 3118240
3118786 3121183
3122384 3122499
3124899 3125268
3125791 3126001
3127261 3127685
3128819 3131021
3131906 3132383
3134286 3134545
3135536 3135729
3136972 3137131
3139375 3139707
3140580 3140717
3142246 3142714
3143489 3143784
3145162 3145435
3147773 3148587
3149694 3149918
3150611 3150803
3151434 3151579
3152240 3152333
3154712 3155448
3161589 3161723
3162277 3163645
3164224 3168370
3170019 3170953
3173192 3174162
3174912 3175412
3179247 3179710
3182157 3182437
3183569 3183818
3185555 3185883
3186587 3187106
3189483 3190328
3190959 3191189
3192426 3192635
3193655 3194723
3197240 3199759
3206050 3206256
3207165 3207273
3209464 3210909
3215042 3215123
3215694 3215758
3216784 3216871
3217819 3218266
3221277 3221660
3222718 3223027
3223810 3223886
3224496 3224648
3225740 3227407
3228387 3229056
3234235 3234488
3242105 3244071
3244779 3245250
3247721 3248860
3250423 3250579
3251992 3252621
3256003 3257914
3258747 3259067
3260436 3261690
3263622 3264089
3267246 3267897
3269430 3269617
3271650 3271940
3272630 3272843
3273875 3275531
3276100 3276789
3277517 3278972
3280431 3281980
3282501 3283202
3283974 3284166
3285399 3285621
3286179 3286598
3287238 3289035
3289869 3291323
3293234 3293777
3297676 3297844
3298816 3299447
3300115 3300229
3301282 3301476
3302058 3302549
3303187 3303386
3305106 3305375
3306233 3306372
3307504 3307706
3309377 3309481
3310410 3310587
3312062 3312548
3313457 3313594
3319035 3319461
3320513 3321522
3325567 3325890
3329897 3331037
3331546 3331621
3332459 3332829
3334355 3334846
3344283 3344515
3345070 3345944
3348294 3349361
3352301 3353054
3355735 3356126
3365693 3365854
3372895 3373009
3373655 3375447
3379648 3379700
3381251 3381469
3385281 3385462
3389378 3389506
3390672 3391543
3392045 3392382
3393505 3394189
3395484 3395890
3404169 3405079
3405689 3405900
3407006 3407351
3407905 3408243
3408826 3410166
3412400 3412995
3415530 3416223
3418289 3418442
3419653 3420910
3423411 3424732
3425337 3425630
3428149 3428556
3429222 3430654
3431406 3431723
3435284 3435681
3436452 3436631
3442216 3442488
3443305 3443661
3445774 3446512
3448467 3448989
3450082 3450749
3452814 3453105
3454658 3454931
3455695 3456032
3456550 3456873
3458695 3459762
3460435 3460531
3461046 3461153
3461691 3462134
3462841 3463183
3465094 3465588
3467933 3469329
3471526 3472073
3473564 3473769
3475171 3475807
3478988 3479099
3480752 3481334
3481921 3482008
3483294 3483446
3489597 3489776
3490576 3490736
3491818 3492152
3492821 3494294
3495400 3496406
3500979 3501114
3504208 3504892
3505991 3506042
3507076 3507975
3508550 3508657
3510394 3511019
3514027 3514198
3515478 3515586
3517375 3517678
3519738 3520600
3521137 3521194
3521963 3522216
3522835 3524041
3527591 3529084
3529675 3529843
3532855 3533482
3534138 3536084
3536919 3538454
3540318 3541585
3543832 3544061
3544792 3545664
3546368 3546645
3547659 3548164
3548764 3548831
3550163 3550397
3552827 3553395
3555663 3555811
3558738 3559072
3559577 3561052
3561919 3562231
3562774 3562976
3564254 3564998
3566040 3566836
3570978 3572013
3574479 3574700
3575975 3576071
3580015 3580619
3581527 3581895
3584001 3584189
3585275 3585555
3586352 3586640
3587786 3588028
3589197 3589670
3590248 3590756
3594237 3594613
3600788 3601262
3601853 3602373
3603120 3604444
3605679 3606520
3607352 3608584
3610694 3610976
3613574 3614379
3615633 3615863
3616747 3617281
3618681 3618866
3620018 3620160
3621994 3622088
3623929 3624615
3625293 3625628
3626269 3626553
3627182 3627291
3629052 3629312
3630033 3630284
3631895 3632067
3632582 3632957
3635647 3635846
3637389 3637544
3638069 3639059
3640610 3641289
3642006 3642080
3642876 3643969
3644573 3645332
3646661 3648924
3649854 3650235
3651461 3652207
3656141 3657267
3657883 3658446
3660961 3661261
3663137 3663810
3665169 3665545
3667332 3668065
3669183 3669978
3671195 3671468
3672201 3673146
3674479 3674709
3675947 3676137
3677648 3677827
3678412 3678613
3680465 3680965
3683058 3683594
3685425 3685659
3686899 3687374
3688527 3689506
3691645 3693969
3695021 3696003
3696849 3697120
3699615 3699674
3700789 3701298
3701916 3702513
3703868 3704031
3705024 3705551
3706483 3707400
3709104 3709577
3710106 3710715
3713557 3713811
3714778 3714962
3715576 3715715
3716890 3718654
3721462 3721588
3723970 3724069
3729074 3729368
3730018 3730290
3731309 3732042
3733683 3734162
3736528 3736713
3741695 3742467
3743592 3744134
3745140 3745217
3747194 3747312
3748875 3749082
3751216 3752400
3753435 3753573
3755873 3756075
3757256 3757832
3759162 3759855
3763863 3764137
3764733 3764938
3767356 3767617
3768193 3768804
3769517 3769762
3770724 3770989
3775045 3775153
3778560 3779398
3781397 3782828
3783447 3783806
3784454 3784514
3786185 3786307
3787849 3788113
3790735 3791199
3796270 3796494
3797134 3797276
3797974 3798306
3801717 3802435
3804326 3805991
3807763 3807814
3808865 3809751
3811630 3811996
3812983 3813245
3816362 3816456
3816963 3817180
3818191 3818331
3819731 3819860
3821138 3821945
3824029 3824154
3828155 3828252
3829330 3830964
3836176 3836275
3837027 3837910
3839060 3839625
3841849 3844318
3846048 3846321
3851966 3852305
3852816 3853243
3853782 3854450
3855455 3858657
3859321 3859444
3860478 3861469
3873065 3873363
3874069 3874792
3880202 3880979
3885001 3885854
3896486 3897137
3898273 3898568
3899415 3900821
3901369 3902657
3903310 3903889
3904649 3905128
3909234 3911110
3912033 3912618
3914285 3914583
3915174 3915729
3916624 3917672
3918278 3919920
3921414 3921604
3923553 3924313
3925625 3925963
3929436 3929726
3933016 3933363
3935285 3935515
3939835 3941878
3942809 3942877
3943824 3944688
3946108 3947217
3948246 3948639
3951224 3951395
3953946 3954327
3956215 3956605
3957937 3958185
3959565 3960059
3960594 3960720
3962778 3963047
3964335 3964515
3965277 3965926
3967208 3967718
3968570 3969372
3970160 3971094
3972654 3972842
3980317 3980378
3980898 3982848
3983829 3984147
3988422 3989045
3990199 3990497
3991213 3991463
3996177 3996727
3998740 3998867
4000008 4000157
4002778 4003073
4007865 4008488
4009014 4010379
4012539 4012650
4013766 4016262
4019064 4019708
4022992 4024395
4025944 4026242
4027391 4027812
4030242 4030710
4033311 4033554
4034297 4034495
4036433 4037125
4039544 4039725
4040283 4041220
4042157 4042286
4043629 4044478
4045166 4046954
4048145 4048504
4049169 4049385
4050880 4051523
4052314 4053589
4054218 4054452
4056573 4057019
4058621 4058720
4063845 4064455
4066361 4066510
4067082 4067356
4072756 4073190
4075843 4077506
4082850 4082982
4085644 4085701
4087831 4088092
4088672 4089241
4090094 4090325
4090960 4091085
4096940 4097205
4098513 4100196
4113853 4114371
4115077 4115641
4119331 4119563
4120510 4121738
4122345 4122637
4124391 4124579
4126892 4128066
4128765 4129575
4130668 4130980
4133125 4136450
4137862 4139735
4140635 4140961
4141861 4141992
4142841 4143894
4144489 4144885
4146820 4148430
4149637 4149845
4151577 4152155
4157128 4157532
4159138 4159340
4161055 4161317
4164092 4165247
4165793 4167583
4168148 4168678
4172083 4172373
4173318 4174458
4176984 4177128
4178555 4178778
4180473 4181703
4183285 4183990
4185018 4186409
4192357 4193515
4194624 4195137
4197920 4199542
4200900 4201095
4202716 4205935
4207291 4207404
4207939 4211559
4212538 4212791
4213877 4213991
4216419 4216628
4217267 4217706
4218595 4218967
4222460 4222707
4223963 4224472
4226222 4226471
4229315 4229486
4230555 4230942
4231701 4231893
4233261 4233978
4235560 4235921
4236578 4236661
4239191 4239541
4241747 4242171
4244650 4245931
4246920 4247075
4250723 4250923
4252857 4255352
4257789 4258945
4260051 4260796
4261470 4262390
4264625 4264938
4265749 4266229
4267829 4268279
4269017 4269364
4270092 4270174
4271888 4272264
4273383 4273610
4274393 4275393
4278060 4278504
4280763 4281108
4281711 4282363
4283236 4283475
4284348 4284734
4286239 4286580
4291441 4291671
4292562 4292850
4293835 4294142
4296407 4296543
4297443 4298236
4299333 4300264
4304370 4304492
4306891 4307548
4309684 4309899
4310821 4311715
4312877 4313154
4315698 4316962
4317779 4320754
4321987 4322319
4327475 4327774
4329965 4331432
4332117 4332850
4335072 4335150
4335877 4336715
4339220 4339872
4340738 4341516
4349108 4349224
4349762 4349872
4352037 4352465
4356353 4356503
4357253 4357445
4361814 4368400
4369279 4369768
4374764 4375031
4376374 4376666
4379329 4379536
4380663 4381708
4383734 4383987
4385080 4385361
4386225 4386359
4390371 4391061
4391797 4392018
4396905 4397186
4398782 4399298
4400517 4400697
4404695 4404840
4407512 4407677
4408362 4408452
4409102 4409964
4413426 4413933
4414524 4415140
4416243 4416769
4418904 4419233
4420434 4421719
4422555 4422796
4423856 4424335
4428252 4428307
4430485 4431953
4437812 4437960
4442737 4443905
4444413 4444923
4445430 4445615
4451160 4451418
4452415 4452542
4457894 4458391
4461377 4461489
4465033 4465257
4467317 4467853
4469696 4470060
4471074 4471361
4473164 4475037
4476409 4476666
4477722 4478828
4479405 4479623
4480540 4480847
4481733 4482014
4482899 4482987
4483907 4484349
4485106 4485973
4487439 4487584
4492692 4494702
4496394 4497252
4498261 4499365
4500746 4502421
4503067 4503474
4504587 4505623
4507104 4508059
4509182 4509942
4510481 4511142
4513959 4514248
4515683 4516042
4517860 4518158
4518841 4518952
4522260 4523039
4524117 4524390
4526812 4527610
4528657 4529161
4529731 4529818
4533310 4533709
4536526 4537488
4538256 4539107
4540604 4541320
4542174 4542795
4546674 4546807
4550639 4551088
4552509 4552566
4554673 4554905
4559085 4560065
4562728 4562897
4564361 4564801
4566794 4567348
4568831 4569066
4570072 4570650
4571614 4572977
4576930 4579042
4580929 4581063
4582719 4582999
4583513 4583582
4586805 4586922
4587719 4588236
4589022 4589491
4593913 4594124
4595162 4595238
4596332 4596772
4598021 4598555
4599432 4601296
4605536 4605772
4606444 4606979
4608332 4611343
4611873 4611973
4612630 4612847
4613657 4614394
4616316 4616542
4617207 4617264
4618114 4618937
4620038 4620193
4625266 4625630
4626250 4626312
4626822 4626997
4628622 4629577
4633525 4633627
4635110 4637157
4639197 4639375
4641520 4641652
Ecoli_0916_Taxon017_
1 139
3262 3535
8023 8306
11793 12854
15787 16633
17401 17548
19160 19649
20718 20961
21756 22314
24584 24766
25453 25952
29784 30233
31025 31959
32751 33242
33818 34374
38230 39210
41437 42042
43506 43946
45939 46493
47308 47387
47976 48507
49217 49795
57529 57757
59174 60186
61864 62144
67238 67476
68167 68636
73058 73269
77166 77700
80190 81154
81830 82654
84678 84917
87404 87901
91524 91992
94294 94915
95461 96081
97853 98082
99183 99338
104411 104775
105967 106142
109489 110274
113292 114155
117119 118440
120874 121329
123284 123740
125453 125565
127232 127524
128942 129048
132013 132731
133793 134514
141294 141512
147237 147927
148549 148884
153771 154052
155155 155640
158852 159139
160146 160517
161128 161448
162763 165568
166339 166405
168240 168405
169090 169503
173128 173218
175371 175570
176939 177497
181214 181286
182220 182447
183355 183524
184584 185070
187821 188091
188980 189035
195326 195787
196516 197277
198540 198688
200579 200799
203066 203878
204430 204579
205443 205724
206294 207070
208330 208421
209096 210141
211268 212721
214138 214430
216787 217174
220102 220268
221036 221493
222836 223674
224300 225914
226492 226945
227509 228541
233359 233521
234301 236277
238312 238767
239722 240012
240709 241042
246719 247214
248098 248505
249288 250066
250932 251584
252114 252291
254089 254927
256285 256462
257954 258687
260724 260839
263030 263376
270545 270900
271900 272346
273842 275106
277650 277927
279089 280013
284013 284530
285863 287063
290540 291050
292568 293162
294261 294397
296662 296944
297954 299363
301526 301847
302626 302768
304224 304444
306070 306456
307374 307584
308441 308711
312300 313276
315411 315598
316144 316411
318273 318440
319016 319471
321440 321787
325155 325340
325866 326179
328799 329334
330008 330776
331479 331596
332407 333015
335452 335677
337877 339129
343340 343928
344517 346154
348633 349057
351263 351764
354143 354226
354999 355293
356826 357543
358911 359103
364454 364582
368137 368344
371837 372209
374176 374385
375021 375151
376813 376930
378013 378266
379245 379527
380305 383454
384869 385486
387490 388088
389709 389904
391818 392884
393516 393937
397648 398678
404395 404665
406913 407000
409134 409362
410011 410331
413676 413820
415019 415771
416346 416678
417260 417486
417997 419602
422126 423121
424861 425011
425557 426712
427489 428034
428779 428916
429487 429749
431464 431666
433272 433676
439327 439400
440959 441167
442374 442667
447194 447464
448812 448943
449484 449743
451069 451435
454354 455348
457461 458307
462738 463912
464472 465529
470130 470299
477055 477643
482355 483578
485510 485661
487415 487603
495854 496842
499464 499865
500479 500710
501563 504098
505103 505157
506134 507317
507822 507954
514166 514396
516063 516304
517186 517895
523448 525555
526349 526530
527730 528295
531590 531657
533115 534231
536352 536586
539345 539487
540710 540822
541577 541635
542300 542659
543850 545139
545698 547175
547982 548647
550035 551260
555578 556507
557250 557493
560094 560487
562552 563413
564562 564860
566329 567812
571096 571325
572524 573799
574459 576069
578154 578265
581278 581433
582883 582989
587731 588026
589274 589415
590285 590796
591937 592064
594077 594627
599341 599591
602117 602382
605973 607969
609659 609906
611112 611359
614197 614548
617962 618150
618714 618968
620542 620644
621181 622234
622824 623596
624878 625527
626289 626469
627227 628815
630084 630210
630745 631239
632160 632867
634199 634589
635186 635254
638003 638413
639409 639580
640269 640589
642165 642558
644295 644696
646773 646980
647927 647995
648919 650334
655289 655519
658732 659011
661078 661368
664841 665179
669200 669390
673132 674054
675075 675430
676221 676519
680195 680419
682231 683804
684305 684709
685676 686155
687594 690056
691206 691771
693105 694002
695282 695590
698194 699045
703378 703605
704962 706148
707601 708133
710312 710758
711467 713017
717597 718336
719131 719314
719892 720046
725211 725509
726219 726938
731509 733125
734462 734579
735693 735988
736719 737775
741807 741952
744823 745009
748737 748939
750154 750462
751779 752148
753658 754628
760055 760524
766650 766775
768859 769666
770944 771536
772319 774442
777559 777821
779724 780054
781053 781939
782717 782803
783766 783966
785877 786598
789314 789365
792166 792398
802691 802955
804497 804619
806290 806350
807976 808040
809058 809407
811406 811780
812936 813196
814030 814096
821042 821287
823187 823448
825866 826941
830949 831642
832972 834025
834729 834933
835849 836355
837231 837369
840407 841929
843492 843610
845533 845664
846670 847212
848337 848455
849021 849109
854091 854276
858762 859003
860367 860786
861436 861730
862334 862691
866735 866834
869216 869342
875049 875228
875842 876026
876993 877247
881227 881700
882450 882707
883856 885858
886773 886936
888291 888888
889820 890483
893684 893955
894801 895783
898390 898648
900003 900570
901310 901475
902090 902277
903708 904009
904574 905379
907210 907746
909839 910339
912191 912392
914667 914857
916095 916325
917185 917558
918387 918668
919336 919609
920149 920726
921507 922151
926994 927244
928633 928855
929543 929843
932358 932505
933007 933122
933679 933942
937471 937799
940151 940525
942698 944349
946306 946528
947414 949347
951333 952114
953179 953263
955652 956220
958555 958936
964821 965300
966710 966826
970435 970721
971246 971401
972944 973482
974109 974286
976723 977796
979478 979723
980249 980839
982187 982521
984660 984861
986702 987247
988630 988772
989312 990062
990869 991068
992375 993473
997814 998096
1000206 1000430
1004346 1005112
1005713 1006803
1008909 1009277
1012355 1012841
1014733 1014829
1016104 1016325
1018390 1019703
1023968 1024764
1027828 1028071
1029752 1029890
1030590 1031632
1035799 1036761
1037507 1037977
1038549 1039056
1040407 1041119
1041647 1042043
1042640 1044436
1046743 1046972
1049219 1050892
1051606 1051760
1052987 1053425
1054720 1055205
1056448 1056666
1060961 1061129
1062971 1064135
1068588 1068685
1074487 1075338
1075993 1076506
1079816 1080410
1083515 1083728
1085912 1086596
1089690 1089796
1094398 1095404
1096510 1097404
1101028 1101442
1102067 1103563
1108796 1108883
1109470 1110052
1111234 1111807
1114109 1115633
1117035 1117240
1122372 1122871
1125216 1125710
1128670 1129113
1129651 1129758
1130273 1130355
1131042 1131324
1132221 1132633
1133341 1134253
1135873 1136146
1137699 1138748
1140055 1140722
1142159 1142337
1143135 1143371
1144257 1144507
1145130 1145904
1150097 1152175
1154173 1154352
1155123 1156229
1158192 1159398
1162248 1162655
1164143 1164528
1165174 1165493
1166775 1167393
1168460 1169794
1170782 1171151
1172189 1172325
1173504 1174730
1175967 1176846
1177809 1178404
1180022 1182016
1182614 1182899
1183453 1183798
1184904 1185115
1185848 1186254
1188424 1190548
1191084 1191445
1193490 1193787
1195863 1197299
1198422 1198759
1199261 1200132
1202696 1202855
1206311 1207231
1207754 1208269
1210658 1210839
1212164 1212450
1218446 1219191
1222284 1222465
1224187 1224312
1226381 1226509
1228765 1229886
1231025 1232060
1234678 1235335
1237750 1238003
1241443 1242522
1245399 1246521
1249484 1249620
1251373 1251445
1257975 1258345
1259183 1259258
1259767 1260189
1262370 1263099
1264914 1265212
1265743 1267093
1267616 1267670
1268392 1268710
1269220 1270474
1272626 1272873
1276030 1276249
1276781 1277168
1278214 1279432
1281414 1281627
1284884 1285573
1286301 1287115
1289215 1289488
1291129 1291600
1292842 1293462
1295310 1295803
1298342 1298971
1302353 1303151
1303662 1304264
1306412 1307854
1308909 1309324
1314776 1314913
1315549 1316308
1317783 1317960
1320664 1320866
1321998 1322137
1322995 1323264
1324984 1325183
1330526 1331293
1334593 1334865
1335947 1337205
1337708 1337800
1338395 1338501
1339335 1339754
1341772 1342665
1344204 1344372
1345693 1346290
1356316 1356569
1357532 1357629
1358866 1359617
1361748 1362119
1365164 1365501
1366818 1366994
1367777 1368555
1369144 1369426
1370320 1370632
1371302 1371763
1373933 1374020
1378558 1379021
1381468 1381748
1382443 1383129
1384866 1385194
1387036 1388694
1390270 1390500
1391734 1391946
1392909 1394034
1396507 1396759
1398262 1399070
1405361 1405567
1406476 1406584
1408343 1409816
1411927 1412002
1412609 1413632
1417413 1417612
1419804 1420370
1421360 1422796
1423635 1423819
1425819 1426512
1428334 1428673
1430696 1431006
1431783 1433813
1434556 1435818
1436773 1437980
1438969 1439164
1440407 1440566
1441744 1442147
1442810 1443142
1444007 1444152
1445681 1446249
1448597 1448870
1451208 1452022
1453129 1454238
1454841 1455014
1465024 1465158
1465712 1465819
1466538 1467080
1468183 1469862
1470444 1470607
1472518 1473791
1476399 1476938
1478516 1478802
1480260 1480455
1481144 1481445
1483436 1483915
1485272 1486131
1489010 1489523
1491762 1492175
1494094 1494179
1495758 1496535
1499193 1499494
1503942 1504121
1504746 1505878
1510195 1510292
1510997 1512716
1514580 1514634
1515516 1515815
1520314 1520465
1522476 1522789
1523482 1523727
1525846 1526455
1528154 1529308
1530138 1531459
1534212 1534530
1535648 1535892
1537174 1537624
1540690 1541007
1543616 1543880
1545144 1545651
1546890 1546999
1547707 1547912
1548452 1548697
1549964 1550046
1550976 1552183
1555438 1556382
1557648 1558573
1559099 1560292
1561816 1562376
1563026 1563170
1565986 1566238
1566758 1567017
1568065 1568320
1570455 1570583
1572783 1573614
1574981 1575093
1575627 1576194
1576759 1577276
1578723 1579014
1581979 1582177
1583359 1583550
1584413 1585413
1586258 1586575
1588044 1588930
1589435 1590014
1590710 1591109
1592430 1592884
1593589 1593827
1594448 1594886
1601675 1602665
1604757 1605159
1606443 1606985
1608947 1609572
1610082 1610237
1611450 1611694
1612557 1612835
1613413 1613525
1617167 1617696
1618241 1618830
1619336 1619703
1620643 1622701
1624940 1625110
1625879 1626407
1628341 1628629
1630155 1630501
1631092 1631225
1631943 1632113
1632640 1633788
1635234 1635452
1636013 1636253
1637164 1637307
1639415 1640451
1641118 1641684
1642744 1643177
1644141 1645260
1646977 1647295
1649808 1650488
1652183 1652479
1653921 1654084
1655651 1655966
1656663 1658389
1663331 1663395
1664422 1665244
1665825 1666062
1667481 1667666
1668518 1668758
1669580 1669688
1672532 1672587
1673305 1674914
1677055 1677726
1678843 1678907
1680047 1680772
1683953 1684035
1686994 1687404
1689038 1690512
1691221 1692291
1694626 1695083
1696172 1696334
1698036 1698304
1699123 1699672
1700376 1700445
1704941 1705517
1706413 1706836
1708495 1708795
1712496 1713132
1714758 1714851
1715382 1716366
1716889 1717173
1718319 1718392
1721757 1721960
1723803 1724824
1726331 1726610
1728645 1729805
1730947 1733423
1735802 1737420
1741609 1742089
1742817 1743087
1743975 1744150
1747056 1747607
1748489 1748623
1755487 1755960
1758636 1760217
1760727 1760867
1761931 1762162
1762819 1763092
1763638 1764093
1765485 1766308
1766865 1767039
1768273 1769042
1769922 1770148
1771297 1771502
1772084 1772499
1773738 1775150
1775675 1776052
1777242 1777390
1778698 1779610
1781540 1782149
1783188 1783450
1785099 1785303
1786803 1787338
1788022 1788533
1789209 1790019
1791056 1791275
1795089 1795734
1797823 1798007
1799024 1799305
1800097 1800304
1800928 1800980
1803745 1803985
1806459 1806692
1808695 1809769
1810531 1810738
1812630 1812941
1816001 1816216
1817941 1818355
1820920 1820971
1821558 1821657
1822422 1823300
1824607 1825627
1827125 1828081
1832915 1833542
1838024 1838204
1840516 1840716
1841262 1841372
1841995 1842395
1843430 1843750
1846315 1846399
1847679 1849465
1854471 1855029
1859677 1859970
1860890 1860943
1861450 1861676
1863959 1864083
1864894 1864984
1865700 1866508
1868522 1868745
1869324 1870302
1873145 1873732
1876622 1877084
1878234 1878383
1880641 1881381
1883760 1883954
1886822 1888698
1890885 1891735
1892912 1893008
1894178 1894363
1897716 1898057
1900945 1901088
1905821 1906199
1906774 1907006
1908861 1909423
1911077 1912325
1917904 1918200
1922540 1922618
1923376 1925174
1927755 1927875
1930077 1930299
1931378 1933434
1934309 1934475
1935761 1936865
1938162 1938542
1941138 1941187
1944110 1946666
1951426 1951759
1954599 1954652
1955325 1955629
1958726 1959178
1960387 1960847
1961856 1962096
1966314 1967024
1970956 1971666
1973414 1973577
1974965 1975127
1976502 1976728
1977262 1977403
1978247 1978973
1979784 1979931
1985616 1985749
1986538 1988980
1989765 1989817
1991179 1992939
1993574 1996593
2004361 2004682
2005344 2005894
2008433 2008560
2009139 2009380
2010704 2010845
2014068 2014200
2017158 2017333
2020204 2020355
2021353 2022454
2025838 2026070
2027125 2027233
2028157 2028565
2029850 2030752
2031426 2031759
2033887 2034416
2035897 2036122
2037587 2037827
2038531 2038858
2043492 2043639
2044515 2045304
2045936 2046066
2046901 2047182
2047787 2048009
2054268 2054744
2060541 2061449
2063741 2064424
2065228 2067554
2068680 2070029
2072874 2072998
2073954 2074022
2076164 2077163
2079921 2080159
2080920 2081166
2084980 2085131
2089287 2089949
2091053 2091278
2093721 2094169
2095850 2096688
2098747 2098939
2099625 2099713
2100268 2100852
2104970 2105467
2107723 2109356
2111683 2112029
2112710 2113060
2114322 2114960
2115722 2115783
2119811 2120100
2122300 2122476
2124028 2124438
2125909 2126907
2129119 2129511
2131368 2133813
2136851 2137640
2140359 2140812
2143712 2144581
2145656 2146615
2148745 2149981
2151640 2152367
2153440 2154087
2154776 2154982
2155832 2156266
2156798 2156954
2157518 2157913
2158897 2159300
2160607 2161471
2165910 2168031
2169201 2169326
2173630 2173995
2175550 2175917
2177052 2177640
2178389 2180316
2181272 2181560
2182143 2182719
2183505 2183787
2184311 2185321
2186967 2187960
2189548 2190309
2191707 2192527
2193394 2193554
2205220 2205342
2206319 2206598
2209565 2210188
2210892 2211449
2212826 2212981
2214011 2214522
2215417 2215774
2216396 2219301
2221214 2222429
2223197 2223466
2225904 2226129
2229824 2231691
2232264 2232358
2233124 2233521
2234111 2234380
2237022 2237281
2238000 2238459
2239354 2239696
2240831 2240982
2242901 2243125
2246079 2246215
2247873 2248618
2250093 2250303
2253086 2253158
2254665 2255082
2259911 2260193
2261158 2261730
2262940 2263495
2264046 2264185
2265526 2266188
2267516 2268567
2270883 2272687
2274580 2274767
2275587 2276478
2277054 2278826
2280589 2281056
2282749 2282876
2284457 2284891
2287619 2288105
2289290 2290097
2291171 2291288
2293871 2294758
2297269 2297507
2300645 2301286
2303177 2303366
2304525 2305393
2307416 2307575
2308236 2308513
2309050 2309575
2311899 2312337
2319928 2320184
2320774 2320894
2322443 2322777
2324046 2324392
2326164 2326381
2327114 2327177
2330956 2331124
2331948 2332055
2332842 2333442
2334260 2334495
2335014 2336574
2337842 2338177
2339983 2340187
2340842 2341104
2342849 2343097
2346806 2348015
2350945 2351178
2351769 2351941
2353464 2355968
2357730 2357923
2359118 2359348
2362009 2362088
2362591 2362817
2363802 2363905
2366090 2367193
2368731 2369252
2372599 2372800
2373518 2374970
2376427 2376614
2377475 2377826
2378594 2379021
2380734 2381363
2385467 2385570
2388616 2388938
2389456 2390284
2390914 2391516
2394148 2394425
2401636 2402672
2404573 2405077
2406227 2407321
2408495 2408836
2409568 2409618
2410716 2410980
2411827 2412452
2413093 2414526
2416040 2416172
2417249 2418772
2421081 2421291
2422433 2422689
2425586 2426188
2429309 2429512
2432546 2433209
2437926 2438134
2438749 2438983
2440156 2440300
2443918 2444047
2449561 2450541
2454122 2455014
2456259 2457018
2463154 2463307
2466472 2467100
2468380 2469394
2470867 2470932
2471989 2472602
2473291 2476898
2479054 2479571
2481582 2482291
2483862 2484507
2488921 2489264
2490576 2490762
2491964 2492099
2493147 2493241
2500699 2501167
2503186 2504363
2504886 2505937
2508136 2508302
2513807 2514248
2515562 2515724
2519217 2520110
2522739 2522980
2525968 2526529
2530033 2530470
2533037 2533203
2534650 2536073
2539887 2540233
2541554 2541963
2544150 2544829
2546036 2546613
2548536 2548760
2549412 2549589
2552788 2553189
2555866 2556889
2559820 2560553
2562390 2562643
2565061 2565164
2566253 2567493
2569772 2570338
2572154 2572301
2572816 2573860
2576804 2577065
2581742 2582849
2584325 2584739
2585656 2586797
2589358 2590109
2590822 2591710
2593445 2594412
2595147 2595560
2600344 2600601
2601721 2602583
2603259 2603473
2606389 2608601
2610675 2611406
2612382 2612524
2621173 2621711
2625688 2625956
2627828 2628904
2629504 2629868
2630388 2630733
2631376 2632779
2634185 2634266
2637879 2638012
2641691 2642201
2642915 2643024
2645043 2646213
2647279 2647456
2650217 2650509
2651027 2652378
2654719 2655719
2662219 2662456
2667486 2667777
2672421 2672645
2673768 2674114
2675114 2675203
2676867 2677088
2678070 2678903
2681366 2681592
2683057 2683342
2683988 2684405
2685137 2685517
2687482 2687984
2689891 2689948
2692025 2692775
2694048 2694098
2697698 2698077
2698654 2698746
2699379 2700663
2701307 2703534
2704215 2704875
2705570 2706385
2706928 2707169
2711139 2711308
2715435 2715661
2716189 2716278
2719044 2719472
2720516 2720623
2721986 2722463
2723005 2723488
2726823 2727302
2728379 2728616
2730882 2731010
2732213 2732935
2733585 2734997
2740662 2740941
2746087 2746234
2747933 2748416
2748979 2749113
2750507 2751354
2753833 2754659
2755581 2756060
2760255 2760861
2763467 2763824
2768470 2768665
2771377 2772387
2775383 2775758
2776349 2776972
2777574 2778077
2782745 2783659
2784397 2784981
2787388 2788346
2791442 2793374
2795087 2795459
2797250 2797469
2800913 2801190
2804233 2804968
2806283 2806363
2807380 2807643
2810315 2812099
2812972 2813051
2814050 2814620
2816921 2817251
2818527 2818596
2820115 2821911
2826295 2827387
2832171 2832396
2834749 2835067
2836406 2836608
2839467 2840561
2841790 2842327
2843645 2843716
2844217 2845237
2849272 2849597
2851698 2852218
2853325 2854766
2855941 2856399
2857046 2857285
2857975 2858059
2859232 2860071
2860920 2861200
2862574 2864175
2864816 2865047
2865664 2865782
2869048 2869544
2870798 2870884
2871469 2873357
2874137 2874421
2876349 2876665
2879569 2879754
2884893 2885190
2888249 2889100
2890193 2890356
2892244 2892391
2895425 2895601
2900197 2900453
2901998 2902201
2902814 2902938
2903972 2904077
2905169 2905913
2907096 2907243
2907844 2907908
2908481 2909124
2910898 2911505
2912056 2912597
2913162 2913422
2914846 2914955
2915491 2915711
2917078 2917218
2917977 2918817
2921882 2922205
2922846 2923122
2923698 2924294
2924806 2925112
2926511 2926593
2927790 2927927
2928467 2928614
2929861 2930081
2931790 2931918
2936825 2938073
2938657 2939645
2940442 2940578
2942957 2943109
2943613 2944470
2948639 2948771
2952861 2953143
2954676 2954844
2957803 2959338
2960488 2960891
2962295 2962938
2963711 2964911
2968573 2969521
2970306 2970452
2973824 2973876
2974941 2978761
2979282 2979750
2984681 2984736
2985411 2985529
2987371 2987538
2988850 2988963
2991073 2993122
2993928 2994272
2995429 2995841
2996490 2997084
2998477 2999839
3000914 3002240
3004016 3004887
3006890 3007161
3007689 3008192
3009031 3009084
3009599 3009691
3011527 3012740
3016147 3016890
3021010 3021134
3021840 3023086
3024514 3025087
3026183 3026374
3028584 3028762
3032299 3032439
3034290 3034567
3037708 3037967
3039415 3040975
3041784 3042393
3044768 3044926
3049491 3049834
3050545 3050758
3054079 3054889
3055602 3055902
3056505 3056791
3057735 3059994
3062693 3063614
3064989 3066363
3067761 3069264
3070518 3071037
3071910 3072003
3072960 3073417
3073950 3074120
3079430 3079535
3080170 3080596
3081491 3081700
3082692 3083841
3086606 3087017
3088939 3089562
3091019 3091692
3093173 3094244
3095388 3095872
3096635 3098268
3098882 3099431
3100062 3101077
3102554 3102692
3103372 3103644
3105297 3105975
3111524 3112102
3113614 3114486
3117920 3118711
3120823 3121297
3124124 3124642
3127250 3128378
3129491 3129646
3132380 3134653
3140838 3141731
3143521 3144423
3145800 3145857
3146364 3146454
3150222 3150472
3151070 3151204
3156845 3157371
3158531 3158656
3164888 3165072
3167740 3168946
3170012 3170244
3172396 3173106
3173743 3174083
3175192 3175319
3176774 3177881
3179157 3182434
3183884 3184034
3184602 3184998
3185526 3187395
3188153 3188571
3190627 3190688
3192051 3192231
3193510 3193945
3194855 3195760
3196400 3196724
3197328 3197408
3198027 3198313
3199014 3199069
3200512 3200624
3205509 3205562
3209640 3210140
3210732 3210916
3212567 3213780
3215293 3215727
3216688 3216962
3218931 3219329
3220120 3220507
3224765 3225399
3227771 3228075
3230305 3231940
3232462 3232555
3233928 3235205
3235707 3237120
3241609 3242315
3243336 3243761
3245946 3246414
3248868 3250061
3251001 3251600
3256076 3256196
3257560 3258482
3259024 3259550
3260270 3260373
3262824 3264616
3267570 3269616
3270171 3271042
3271708 3272279
3278557 3279000
3280220 3280635
3281304 3281368
3282308 3282553
3283492 3283798
3284991 3286187
3290705 3290881
3291957 3292375
3295193 3295434
3296088 3296354
3297845 3299040
3300080 3300475
3303054 3303268
3305452 3305528
3307926 3308086
3308702 3309148
3309883 3310489
3311998 3313229
3314814 3315001
3316712 3317484
3318003 3318234
3319256 3319593
3321382 3322252
3322951 3323124
3323983 3324209
3329249 3329391
3333117 3333353
3334497 3336133
3339350 3340190
3341374 3343173
3346190 3346807
3348357 3350089
3351280 3353800
3356137 3356349
3358092 3358360
3359099 3360053
3365713 3365789
3366997 3368491
3370688 3371080
3375071 3376139
3377523 3378046
3379164 3379235
3380044 3381043
3383624 3383731
3384514 3384839
3385346 3386338
3387309 3387903
3390420 3390817
3392210 3392434
3393090 3393462
3394678 3395093
3399444 3399559
3402115 3403507
3404848 3405381
3408124 3409101
3409774 3410183
3411899 3412334
3414663 3414870
3417057 3417212
3418589 3418724
3420997 3421249
3422043 3423226
3423895 3425670
3426824 3427452
3428689 3429016
3430675 3430808
3433071 3433553
3435008 3435716
3438079 3438709
3442007 3442656
3448773 3448893
3451257 3451670
3452504 3453627
3455748 3456495
3457361 3458185
3461884 3463092
3463754 3464527
3465343 3465689
3468783 3470019
3470807 3471754
3474777 3475731
3479675 3479878
3483179 3483418
3495693 3499228
3502074 3502505
3503938 3505174
3506611 3506938
3508636 3508725
3510701 3510803
3511721 3512099
3513269 3513394
3514138 3514405
3515587 3515940
3517955 3518589
3520003 3521930
3527486 3528079
3528603 3529478
3530218 3531585
3533073 3533323
3534893 3535326
3536106 3536187
3537746 3539272
3540007 3540290
3540909 3541058
3543261 3544288
3546720 3547048
3554441 3555156
3556936 3557901
3558639 3560477
3561038 3562181
3563009 3564037
3565000 3565233
3566012 3566165
3566766 3567572
3570050 3570116
3575078 3575413
3578360 3578487
3580633 3581251
3581809 3581970
3582607 3582822
3583585 3583938
3587516 3589428
3591849 3592304
3594976 3595112
3597564 3597895
3600835 3601284
3602565 3602798
3604476 3604566
3610169 3610437
3611841 3612252
3613815 3614083
3615308 3615397
3616714 3616847
3618910 3620451
3620994 3622496
3623736 3623796
3624234 3625519
3626075 3626665
3637914 3638674
3645835 3646058
3648109 3648267
3652006 3653074
3655445 3656652
3659739 3660227
3662655 3663649
3664205 3664272
3665277 3665775
3666629 3666716
3670098 3670345
3671028 3672183
3672881 3673119
3673700 3674025
3675793 3676469
3677363 3677430
3680684 3680734
3682690 3682765
3685483 3685708
3686939 3687816
3689483 3689697
3691164 3691377
3692530 3693504
3694023 3694842
3695418 3696696
3700757 3701011
3702663 3702820
3708490 3710556
3711502 3712074
3717810 3718251
3723496 3724214
3724739 3724824
3727253 3727442
3727975 3728112
3732142 3732563
3734439 3735213
3738835 3740123
3744433 3744763
3745285 3746441
3751902 3752190
3757030 3757250
3758243 3758727
3761659 3762152
3763149 3763213
3763912 3764403
3765276 3765568
3767793 3768125
3770250 3770463
3771868 3772473
3778068 3778194
3778998 3780475
3782989 3784928
3787384 3787727
3788360 3788559
3791898 3792264
3792870 3793255
3795197 3796113
3802373 3802599
3803683 3804325
3805845 3805992
3806670 3807759
3808778 3808876
3809667 3810187
3810722 3810895
3812026 3812585
3816334 3817793
3820416 3821130
3824908 3825170
3825967 3827194
3828810 3829641
3832117 3832784
3833920 3834273
3835831 3836188
3837712 3837928
3841259 3841543
3845451 3846370
3846881 3847050
3850281 3850944
3853220 3854748
3858871 3859155
3861570 3861842
3862467 3865579
3866101 3867618
3869603 3870528
3876160 3876302
3880213 3881023
3881850 3883045
3884668 3884860
3886168 3886413
3886917 3887511
3888324 3888572
3889109 3889771
3890941 3891430
3892953 3893412
3898751 3899304
3902995 3903149
3904830 3905055
3906938 3908100
3908955 3909053
3910385 3911342
3911922 3912008
3913678 3913751
3914347 3915248
3916165 3916501
3919643 3920532
3922519 3923413
3924009 3924431
3926071 3926839
3928960 3929120
3929914 3930210
3932422 3932674
3936870 3936998
3938283 3939070
3940296 3940859
3941989 3942083
3942698 3942943
3943512 3944892
3945638 3946191
3946771 3947511
3948832 3949238
3952422 3954346
3955613 3955857
3956685 3956982
3959057 3960095
3964679 3964920
3966407 3966528
3968542 3970173
3971339 3971529
3974190 3975164
3975878 3977250
3978887 3979269
3980791 3982514
3984515 3985354
3985916 3986370
3988377 3988970
3991517 3991791
3992650 3993193
3993703 3994937
3995545 3996569
3999134 3999350
4000714 4000906
4004171 4004250
4005098 4005683
4006457 4006544
4007175 4007539
4008052 4008575
4009409 4009767
4011416 4011919
4014253 4014685
4017875 4018228
4018870 4019133
4019811 4020628
4022100 4023561
4025789 4025983
4027083 4027768
4028380 4030125
4031532 4032207
4032738 4033561
4035125 4035189
4035792 4035933
4036549 4036789
4037351 4038417
4039696 4040995
4041878 4042659
4043745 4044223
4046732 4047193
4047978 4048247
4049015 4049095
4049827 4050014
4050636 4050725
4053195 4053263
4053925 4056207
4057266 4057596
4058791 4060155
4061987 4062219
4064787 4065576
4066140 4067063
4068856 4069083
4069683 4069859
4070511 4070569
4071192 4071961
4075274 4075962
4077425 4078151
4079978 4080065
4080627 4080842
4085667 4085776
4086400 4086943
4092153 4093022
4095667 4095793
4096431 4096710
4099188 4100480
4101263 4102518
4108721 4108783
4112260 4114438
4115088 4115340
4115998 4117556
4120793 4121303
4122020 4122422
4125358 4125619
4126789 4127365
4129217 4129503
4130006 4130449
4134852 4135078
4136596 4137005
4138547 4138996
4143222 4143708
4147173 4147416
4148427 4148510
4149265 4149652
4150592 4151055
4151830 4152743
4154919 4155217
4156447 4156904
4157424 4158203
4163006 4163275
4165125 4166004
4166845 4167468
4169195 4169383
4172517 4173283
4176096 4177056
4178729 4179305
4180024 4180245
4181708 4181926
4182564 4182721
4183374 4183974
4184555 4184679
4187027 4187213
4187734 4188300
4188947 4189531
4190768 4191489
4192701 4192813
4193424 4194521
4196733 4196994
4201721 4201836
4202441 4202648
4203156 4203682
4204753 4205041
4206223 4206738
4207352 4209523
4211209 4211444
4216605 4217281
4217796 4218011
4218740 4218889
4220437 4220721
4223926 4224027
4224545 4224701
4225417 4225609
4226334 4227554
4228071 4229823
4231436 4232019
4233035 4234335
4235200 4235499
4244505 4244807
4246135 4246322
4251364 4251611
4252384 4252518
4253454 4253582
4254145 4255681
4256661 4258620
4259988 4260043
4260775 4261109
4262357 4263371
4264457 4265075
4267239 4267697
4268329 4268931
4271027 4271329
4274288 4274547
4277062 4278324
4282938 4283411
4284103 4284949
4285617 4286754
4288196 4289293
4290444 4290773
4295464 4296023
4297728 4297972
4301039 4301226
4301993 4302735
4303240 4304253
4305523 4305757
4306396 4308048
4308614 4308957
4309588 4310021
4310687 4310839
4311367 4311912
4315117 4315414
4317696 4318192
4319493 4321613
4324751 4325345
4326095 4326335
4330248 4330482
4332257 4332798
4337197 4338378
4340732 4340861
4342260 4342600
4343749 4345216
4348369 4350956
4352406 4354156
4354697 4354980
4356118 4356360
4357206 4357409
4360453 4360567
4361302 4362007
4362650 4363685
4364762 4365349
4366256 4366893
4368690 4368871
4377746 4378057
4378613 4378750
4379329 4381481
4382092 4382194
4384136 4386428
4387405 4387925
4388444 4388591
4393839 4393951
4394632 4394850
4395857 4396492
4397427 4398830
4400195 4401114
4402314 4402826
4405086 4405154
4406258 4407314
4409853 4410118
4412429 4413465
4414165 4414612
4415166 4415941
4418904 4419832
4421380 4421921
4422593 4423289
4424807 4425109
4427490 4427556
4428128 4428608
4429532 4429838
4432462 4432786
4433368 4433509
4434950 4437132
4442296 4442521
4444241 4445783
4446832 4446954
4448082 4448284
4449790 4450314
4451877 4452082
4457277 4457983
4459458 4459639
4460618 4460776
4462829 4463030
4463552 4464241
4467455 4468250
4469359 4470346
4471249 4471368
4472815 4472882
4473737 4474245
4474854 4475167
4475671 4476416
4477042 4477619
4478138 4478384
4478990 4480071
4480857 4481466
4483150 4483571
4486713 4488679
4491491 4491999
4492569 4492706
4498999 4499813
4501628 4501908
4503151 4503759
4507706 4509006
4510408 4511191
4512408 4512658
4513207 4513635
4515724 4515804
4516429 4516567
4517325 4517601
4518301 4518565
4520205 4520702
4522910 4523054
4524017 4524435
4525202 4525770
4526682 4526778
4527471 4528030
4531156 4531374
4532076 4532191
4533504 4534776
4535778 4536369
4536874 4537048
4537710 4537827
4538937 4539711
4540899 4541006
4541603 4541840
4542391 4542574
4544065 4544406
4546495 4548586
4549148 4549480
4550006 4550090
4551094 4551420
4553402 4553820
4554461 4554896
4556379 4556704
4559261 4559617
4562101 4562302
4567953 4568486
4569899 4570249
4571762 4571818
4572746 4572795
4576579 4577034
4579656 4580157
4587749 4588528
4589261 4589637
4592746 4592818
4593501 4593799
4596076 4596128
4597411 4598167
4599000 4599266
4599813 4600210
4601717 4603539
4604092 4604555
4606036 4606149
4612852 4613398
4614795 4615265
4616957 4617968
4618832 4618967
4623033 4624220
4625686 4625743
4627310 4627815
4628669 4628760
4629645 4629926
4632036 4633243
4633762 4635250
4639197 4639389
4641520 4641652
