gi_556503834_ref_NC_000913.3_
223702 225738
228675 228928
257985 258599
270616 271684
274032 275072
279305 279855
290518 291324
340024 340115
381337 381884
391785 392890
566848 567958
574663 575713
608084 609274
687924 688972
729813 731580
732354 733176
734225 735021
737203 738595
781223 781767
1049982 1050468
1094322 1095422
1097038 1097325
1269705 1270468
1286963 1287071
1299947 1300620
1396116 1397166
1428175 1428346
1432315 1434659
1467986 1469295
1528404 1529097
1532194 1532829
1635916 1636292
1650920 1651471
1978645 1979193
2066253 2067222
2069017 2070196
2101823 2102871
2170246 2171351
2288996 2290036
2304590 2304709
2514350 2515540
2521128 2521443
2726346 2731226
2996438 2997614
3130220 3131269
3186172 3187349
3366131 3366677
3423336 3428917
3470241 3471117
3583504 3584122
3620145 3620472
3621267 3622646
3624605 3625400
3652107 3653159
3666282 3667410
3762413 3764876
3941670 3946872
4035242 4040723
4166376 4168137
4168698 4171888
4207920 4208000
4209703 4213089
4295912 4295964
4498883 4499435
4507535 4508602
