Ecoli_0995_Taxon020_
15442 114364
126506 204623
223680 258570
270596 382535
391764 392908
405655 406520
525785 539204
566835 567979
574646 688990
708679 734147
734807 763297
853658 853907
864078 864319
911281 1095444
1096961 1097141
1194815 1234678
1392932 1394016
1415059 1421968
1427948 1428216
1432368 1434681
1466801 1469292
1528239 1571846
1650898 1651493
1926330 1936773
1978558 1992526
2066230 2067245
2068996 2102888
2182742 2183886
2288974 2290058
2308560 2421373
2451986 2503030
2514328 2546035
2671485 2996360
2997067 2997639
3049491 3049752
3130201 3187371
3372545 3372597
3376845 3394070
3450689 3451666
3455402 3468452
3478174 3484426
3497678 3622451
3624321 3625422
3652091 3653175
3666260 3694616
3764364 3765767
3767197 3767520
3941534 3946894
4035226 4040745
4102487 4107706
4112287 4117764
4171789 4213109
4296210 4296433
4498242 4499456
4507519 4508624
4637220 4641652
