Escherichia_coli_O157_H7_EDL933_ancestor
1 2371
5441 7131
9547 11095
11752 13836
14352 14724
17986 18394
19456 19566
23402 24074
24657 24886
27131 30044
31677 32209
32932 33700
34574 34744
37387 37794
41101 44925
47943 48585
55260 55526
58212 61120
61665 62311
63040 63758
65216 65378
66662 66752
68429 69277
73636 74156
76123 76388
80811 81515
85146 87063
92080 92610
93350 93420
94302 94985
98266 98540
107740 111018
115177 117129
118312 118937
121277 121445
123650 130077
132532 133443
134089 135052
135821 137637
138586 138720
139763 143580
149930 153773
158150 161487
163065 166031
166568 168186
171032 171309
172489 173287
175041 175140
179037 180369
181378 183836
185829 186224
187436 187641
189468 191396
194092 195695
196291 197478
201202 203347
205197 207278
215522 216916
219166 219286
226961 234568
239131 239885
240457 240948
245071 248255
249540 253859
257534 258103
262042 262174
262743 263669
265469 265564
266094 269759
272694 274009
274588 274807
276217 277371
278007 278207
278846 279057
288370 290391
291058 291474
293911 294429
295737 296033
300774 300923
302036 302198
303621 305048
307234 307315
307900 308420
311900 312134
312644 312863
314473 316316
317158 319682
324977 326482
327918 330184
335461 337154
337931 338187
340274 340865
341458 341639
345115 348939
349971 350158
351558 351679
355775 356815
361224 365371
366135 370032
371343 373080
374968 376173
378616 379293
379994 382229
382806 383175
384154 384348
385507 385691
386844 387148
387660 387942
389921 391572
397213 398802
401770 404970
405653 406050
410462 411172
414381 418241
418844 420665
422507 423080
423938 425639
427251 427987
429588 430386
431125 431723
435630 439302
440090 440503
441033 442976
443597 445376
446580 447074
450641 451266
451776 452482
456731 457914
458456 458613
460093 460352
461007 461693
462260 462319
465842 468838
469689 469954
471191 471583
474006 476653
477421 477656
478158 478455
479040 480690
482321 482531
485847 487532
494267 495563
497010 497724
507788 507983
508612 509641
510330 513248
513840 518887
521354 524053
526699 526958
528762 533598
535335 536862
537971 538149
541978 542250
546407 548045
549662 551779
553953 554874
560084 562305
563298 565347
565980 571119
574223 577387
578755 587186
588698 589684
590189 593080
595279 597904
601381 601517
602057 602380
603954 604886
616587 618177
621464 621766
623081 623251
624265 624716
627758 630446
639110 639516
640410 640813
641992 642472
643010 643740
647936 650590
652451 654800
658705 659311
661359 661689
662914 663753
664382 666684
668662 672805
673736 674362
675939 676221
677513 679475
684946 686165
692813 692990
695170 695572
697279 697937
698559 702742
708094 710901
721501 722482
725536 725744
728012 728095
729872 730631
732245 732677
733437 735346
736231 737098
738908 744519
746028 746974
748438 749124
754158 759227
761375 761542
763392 764557
765362 767888
768653 768907
771891 775728
776281 776716
777241 777848
778361 778664
779357 783812
793736 795123
795838 796119
796944 798253
800366 801714
803198 803747
804589 806231
807901 808844
809428 812221
812786 812836
814228 815187
822088 823237
825506 826139
828387 828522
829027 829807
834860 835941
836678 838062
838996 839591
842411 843229
844590 847355
849956 854113
854766 857565
859568 862489
865764 867676
868668 872862
877620 880828
882043 884201
885068 886130
888671 890822
891443 893276
894306 894600
896392 898335
900118 901323
907049 907479
908534 908842
911340 913244
913753 913978
917056 918570
919993 920119
920755 921224
923768 924624
926234 932714
933304 933508
934089 935969
936780 937015
943332 943432
943996 944089
946807 947708
949751 952892
957466 957687
959025 960043
963970 966577
972272 972860
982632 983244
984218 985051
988330 989307
990030 991929
992738 993108
993731 993992
994620 1002454
1003000 1003479
1004092 1004201
1005520 1006127
1007526 1008609
1010389 1010443
1011202 1018217
1024971 1026303
1026829 1026889
1027612 1029137
1032058 1032508
1033493 1035769
1036295 1038051
1039346 1039870
1040735 1041069
1041583 1043402
1045784 1046994
1048046 1052480
1053114 1055402
1056648 1060382
1062186 1074604
1075177 1078455
1079005 1082761
1083287 1083419
1084243 1084962
1085823 1087080
1087699 1088235
1088996 1090737
1091408 1091570
1093018 1095382
1095910 1106784
1107989 1108081
1109728 1110204
1110708 1111105
1111653 1130066
1130967 1142751
1143401 1144547
1145121 1146341
1147395 1147647
1150778 1153916
1157412 1157492
1159707 1161218
1161898 1163371
1163896 1165029
1165714 1166828
1167775 1168006
1170642 1175368
1178527 1178870
1180909 1181565
1182090 1182326
1183032 1183260
1188406 1188636
1189184 1190996
1191839 1195250
1197164 1197337
1198439 1199903
1202001 1202302
1204976 1205378
1210154 1210772
1212279 1215679
1217134 1217808
1219063 1221998
1222676 1223227
1223902 1224881
1225398 1226106
1226638 1227801
1232256 1233154
1234349 1234424
1237611 1239490
1241088 1246557
1247445 1249045
1249695 1250434
1250966 1255615
1256710 1256903
1259266 1260122
1262068 1263804
1266983 1271980
1274266 1278641
1279158 1287600
1288131 1289817
1290468 1292908
1293884 1298441
1299237 1303389
1305914 1306108
1308873 1309137
1309841 1311040
1311706 1313182
1314137 1316488
1317398 1318858
1319541 1321004
1325501 1325749
1328355 1328595
1329891 1332228
1335575 1336416
1338217 1341983
1342742 1344176
1346837 1350532
1352464 1352609
1353167 1353566
1356127 1356505
1357169 1361701
1362306 1362887
1363659 1364317
1367177 1368250
1373122 1373237
1374135 1374281
1375041 1377092
1377745 1378907
1379957 1381840
1382665 1382892
1383400 1385189
1387446 1389501
1392103 1393690
1394264 1400697
1401233 1401820
1404123 1404295
1404905 1406590
1407433 1409109
1409648 1410253
1410754 1414781
1416533 1416722
1418034 1422041
1423947 1425111
1427757 1428503
1430832 1431024
1433747 1433842
1434507 1434870
1435580 1436186
1439583 1441213
1441756 1442215
1443336 1444681
1445199 1445944
1446636 1446840
1447909 1448726
1449388 1450301
1451413 1458522
1459183 1463600
1465883 1474910
1476118 1477941
1478552 1479793
1480347 1480400
1480918 1486236
1487023 1489051
1489588 1489894
1490864 1495023
1495626 1497682
1498349 1501273
1501891 1502302
1502937 1509850
1510362 1514348
1515801 1515963
1516745 1528361
1529717 1537274
1537901 1538517
1539113 1545516
1546017 1548284
1549891 1550516
1551188 1554139
1555409 1555709
1556463 1558401
1560994 1563678
1565092 1565237
1567970 1568070
1570412 1570693
1571839 1571939
1576127 1578581
1582675 1583864
1584457 1585205
1586673 1586806
1587330 1587522
1588373 1591064
1592644 1593160
1596537 1596621
1601633 1602588
1603169 1604058
1604572 1604735
1605356 1606703
1608710 1610236
1612255 1615653
1617665 1618814
1620683 1624171
1630595 1631238
1632691 1634087
1634632 1636520
1637396 1647837
1648746 1656525
1657129 1662687
1663317 1667293
1669921 1673647
1675007 1676552
1680075 1680903
1681697 1683651
1684604 1686896
1687707 1689088
1690264 1690384
1701288 1704049
1705589 1707256
1709754 1710877
1714940 1716239
1717027 1721268
1722075 1724675
1725203 1725264
1728058 1731618
1732170 1738767
1740550 1740855
1741997 1744956
1747875 1749989
1750532 1750897
1752147 1752391
1753669 1755124
1756201 1759406
1760368 1763747
1765753 1766249
1769546 1770141
1770749 1772131
1774984 1777317
1779061 1786011
1787625 1788148
1790836 1792083
1796166 1796777
1797345 1797613
1798978 1799947
1805694 1805843
1807539 1807753
1808323 1809196
1813187 1817283
1818597 1820620
1823988 1824661
1825440 1826344
1829579 1830687
1831466 1831844
1832511 1832647
1833722 1834638
1835796 1835915
1841196 1841496
1842255 1844474
1845144 1845687
1846334 1849829
1850707 1851143
1852971 1854565
1855935 1858837
1859412 1886583
1888232 1890615
1891295 1891802
1893830 1894355
1896919 1898375
1899103 1900725
1901547 1904800
1905883 1917529
1918059 1921858
1922514 1922941
1924607 1935056
1936237 1938818
1942546 1942610
1943186 1943451
1944256 1945356
1947091 1947224
1948149 1949626
1953179 1953470
1955969 1957356
1964807 1964909
1967035 1967242
1968545 1968612
1970799 1972547
1978572 1979217
1985235 1985608
1990855 1991141
1993239 1996571
1997592 1997641
1998394 2000863
2002195 2003096
2003790 2008265
2011013 2012242
2013960 2014829
2024209 2024467
2025032 2025425
2030904 2035198
2039522 2041678
2042512 2045935
2046839 2047835
2048448 2050698
2053079 2053730
2056356 2057736
2058403 2058889
2062158 2066676
2070177 2070427
2070937 2073615
2074163 2076713
2077700 2078189
2078811 2079902
2080413 2082670
2084533 2084879
2085480 2086230
2086985 2087293
2089264 2089809
2092272 2092581
2093183 2094225
2095371 2098820
2106134 2106348
2110031 2111803
2112793 2113047
2114068 2114139
2116846 2117661
2120141 2121587
2124858 2127685
2128716 2128911
2129895 2132363
2133043 2133684
2134560 2150975
2155619 2157290
2157823 2158527
2159218 2160469
2164189 2164938
2165549 2166119
2168691 2172393
2175937 2176225
2177193 2177491
2178950 2180119
2189798 2189894
2193368 2196944
2197445 2201805
2202412 2204885
2207084 2207793
2208537 2210217
2210824 2216914
2218608 2219871
2222569 2222675
2223281 2224663
2226874 2227260
2227906 2228136
2229177 2229497
2233700 2233870
2235188 2239070
2241534 2242364
2242984 2247145
2248219 2248364
2249453 2254257
2255180 2260361
2263182 2263505
2264626 2265069
2265846 2267603
2268350 2268994
2270371 2270721
2271934 2274615
2281964 2284443
2286741 2290051
2290857 2291137
2295062 2296740
2297800 2301268
2301924 2339021
2339545 2341129
2343687 2343912
2344782 2345736
2346766 2347334
2348025 2348806
2352387 2353754
2354424 2354807
2355399 2356063
2359418 2359637
2360188 2360474
2367117 2367438
2368421 2369914
2371410 2371678
2377629 2377738
2386469 2388486
2393879 2395610
2397054 2398017
2399917 2401881
2406995 2407244
2407921 2408503
2409110 2409235
2412819 2413022
2413755 2417292
2421455 2421594
2426766 2429304
2430402 2430927
2431558 2431801
2432776 2434041
2434768 2435010
2438603 2439410
2442221 2443106
2444987 2445942
2446906 2448150
2449978 2450241
2456440 2457254
2457987 2459000
2466596 2467621
2472361 2478043
2483618 2483804
2488628 2489976
2490482 2497282
2497947 2503867
2505634 2506353
2514282 2517511
2519200 2521799
2524425 2524887
2526813 2528061
2528775 2531601
2532961 2534008
2535223 2536521
2537409 2537616
2538669 2539685
2541869 2542140
2543877 2546555
2548846 2552490
2554825 2559699
2560833 2561679
2562311 2569423
2570186 2570352
2571131 2573566
2574266 2574482
2576029 2576214
2578823 2579742
2581302 2581809
2583624 2583904
2585271 2586306
2589151 2591045
2592262 2592386
2593443 2593562
2597232 2597319
2601615 2602592
2603270 2603561
2604169 2604237
2605702 2611757
2612485 2613326
2614722 2614909
2615582 2616343
2616988 2617653
2621280 2621570
2622382 2623045
2623572 2631759
2633878 2634017
2636785 2637246
2637793 2640551
2641138 2643277
2644180 2644646
2645404 2646223
2646836 2647976
2648638 2648789
2650857 2652128
2653307 2656569
2659033 2659593
2661825 2662623
2664234 2664698
2665460 2665902
2668567 2670132
2671697 2672067
2672659 2672998
2673885 2674840
2675347 2676580
2677132 2678861
2683516 2684205
2685013 2687922
2688835 2692648
2693764 2695513
2698027 2698926
2703316 2707446
2709615 2710512
2711326 2711561
2712680 2717484
2718781 2719018
2719981 2720267
2721430 2722183
2722963 2723809
2725127 2725251
2726233 2726523
2727279 2729300
2730390 2731639
2734859 2735601
2737188 2737545
2745709 2748989
2749512 2749837
2750554 2751025
2758647 2762488
2763584 2763813
2764407 2778907
2779519 2781386
2781932 2785005
2785548 2785781
2786441 2793605
2794106 2795044
2796244 2796970
2797677 2800270
2800909 2801579
2802290 2804902
2805749 2806026
2812586 2815115
2817399 2818257
2819612 2821195
2822174 2822769
2823812 2823956
2825720 2825956
2827550 2827784
2828571 2837692
2839887 2842801
2843932 2844557
2845398 2848047
2848896 2850063
2854141 2859336
2859974 2860103
2861925 2865310
2866192 2866252
2867024 2870540
2872997 2873429
2874084 2875284
2887119 2887687
2888223 2889166
2891158 2891367
2893315 2898131
2898968 2899312
2899857 2900022
2900532 2901198
2901717 2901909
2902523 2904138
2905769 2906980
2909033 2909340
2910989 2911196
2912165 2912513
2913286 2913612
2916653 2917178
2920035 2921917
2927441 2933033
2935053 2935577
2939934 2941659
2946158 2949786
2950299 2951136
2953158 2953906
2957363 2964290
2965643 2968522
2969686 2969896
2970478 2973808
2979181 2980306
2982321 2982625
2983438 2984528
2985143 2988115
2988643 2992762
2993292 2999112
2999729 3001856
3002377 3004654
3005219 3013680
3015576 3017197
3017741 3018871
3019546 3020989
3024232 3027931
3031692 3034107
3034825 3039053
3039642 3041368
3044655 3048819
3050522 3050738
3051254 3053058
3054636 3054729
3056017 3056539
3060089 3060581
3063077 3063731
3070672 3071968
3072761 3076913
3079703 3079802
3082349 3089060
3089665 3090312
3091937 3093443
3094045 3095432
3096183 3097643
3098360 3099146
3104500 3105666
3107270 3109620
3111672 3112178
3116873 3117597
3121446 3122051
3125077 3125309
3126298 3126431
3126987 3127597
3130905 3131067
3133313 3133973
3137775 3143072
3143598 3144017
3146296 3148263
3148862 3149143
3151375 3151964
3155405 3155892
3158680 3159240
3160009 3160454
3162917 3168393
3169428 3169942
3172117 3176152
3184751 3185711
3189201 3189476
3194447 3194835
3195687 3197039
3197572 3198068
3198658 3202818
3205195 3205549
3211000 3217383
3217945 3218296
3218979 3220726
3222591 3222825
3224200 3226670
3227715 3228962
3230625 3234944
3242758 3243975
3244582 3245609
3246167 3248360
3252499 3253052
3255862 3258563
3259109 3259679
3262998 3263240
3267304 3267696
3268722 3271220
3273587 3274590
3278660 3279323
3279868 3282329
3283384 3283662
3287434 3290379
3291110 3292703
3294159 3294959
3296246 3297690
3298436 3299151
3299822 3301828
3302346 3302559
3303232 3305626
3306969 3307243
3309971 3310295
3310908 3313911
3315481 3316536
3317177 3317316
3319156 3319405
3321465 3323559
3324674 3325148
3325841 3327059
3327738 3331278
3335131 3335327
3336662 3336841
3337847 3338100
3338606 3338786
3340804 3344240
3345773 3352375
3353286 3353908
3360326 3360922
3361450 3362300
3365566 3367974
3373794 3375911
3376684 3377936
3382142 3382606
3383135 3383218
3389493 3391316
3392014 3393935
3394623 3395274
3399476 3399604
3404295 3404462
3410113 3410385
3411725 3414187
3414877 3415167
3419682 3421005
3423215 3423522
3424110 3425332
3426346 3429046
3429636 3437125
3444963 3445796
3447929 3448838
3453783 3456070
3457060 3457324
3458457 3459121
3459795 3461778
3471524 3471838
3473956 3474503
3475024 3475209
3483687 3485576
3488920 3490312
3494881 3497110
3498352 3498888
3499523 3500018
3501108 3501586
3503338 3506950
3508727 3509157
3513796 3514205
3519809 3520288
3520820 3522575
3523276 3525395
3527421 3528415
3529525 3530153
3531437 3534260
3537105 3537586
3544336 3545581
3548516 3555244
3565518 3565983
3567187 3575410
3576348 3577683
3578186 3579466
3580023 3581556
3583557 3587387
3588104 3588589
3593937 3596046
3596824 3597328
3597953 3600386
3601602 3601701
3605024 3611630
3612603 3615754
3616941 3622816
3625941 3627469
3628270 3628733
3629635 3632534
3636408 3636720
3638908 3639583
3640214 3640566
3648856 3651128
3651760 3651853
3653492 3655085
3655962 3656180
3657399 3659078
3659671 3660357
3660881 3662723
3664350 3665670
3666831 3667663
3668280 3670875
3672512 3672945
3676458 3676655
3677345 3677406
3679712 3682077
3682606 3683136
3684030 3685662
3690676 3690921
3692147 3692206
3694134 3694877
3695451 3698529
3699103 3699335
3701313 3701559
3703402 3704310
3704897 3705888
3708073 3709339
3709882 3710171
3711436 3722194
3723286 3725354
3727722 3728270
3729006 3734582
3737542 3738025
3741645 3742266
3744181 3746076
3747358 3748421
3748967 3749783
3750521 3751217
3757370 3757807
3759068 3759956
3761081 3767704
3768238 3773045
3774080 3774606
3775378 3778498
3780091 3780522
3782716 3786020
3787770 3788037
3788559 3794951
3796244 3796331
3798160 3800171
3800772 3801121
3802016 3802073
3805298 3809811
3814433 3814817
3817500 3824161
3826007 3828013
3829642 3829855
3835914 3836433
3837030 3837348
3838956 3840128
3840824 3841267
3842447 3842644
3845895 3847119
3847775 3849999
3853013 3853206
3854393 3854706
3855341 3864598
3865350 3865609
3873362 3874038
3883208 3885480
3886141 3886232
3886793 3887781
3894494 3895963
3897712 3897988
3903440 3904901
3906781 3907387
3909411 3912187
3914924 3917091
3925052 3925410
3931241 3933434
3934174 3934402
3935539 3935771
3940116 3942693
3943213 3946037
3949700 3950366
3951098 3951743
3952528 3956184
3956958 3960674
3961902 3962363
3962875 3963018
3965323 3965602
3969899 3971503
3972087 3972662
3973492 3974613
3976779 3976871
3977401 3977613
3979428 3981362
3981979 3982970
3983869 3987647
3992024 3995744
3999201 3999258
4000495 4000742
4001500 4002517
4003104 4007010
4010042 4011802
4014204 4014501
4015513 4016364
4016886 4018257
4020269 4021862
4023809 4026470
4028823 4029693
4030198 4035802
4038118 4040273
4041361 4045139
4052022 4054143
4054878 4055869
4062474 4064130
4066966 4067221
4068128 4068437
4068949 4069509
4070030 4070603
4071529 4073781
4085113 4086023
4088069 4088368
4095256 4095510
4098540 4100055
4101753 4103610
4104441 4104894
4105448 4106692
4110513 4110661
4111223 4112857
4121093 4122170
4122690 4122822
4124228 4126987
4137867 4140840
4142351 4142619
4143653 4144051
4144869 4145023
4145602 4147632
4149513 4149747
4151230 4152357
4157481 4158289
4158990 4159700
4161268 4162231
4165861 4166183
4167356 4168402
4170493 4170548
4171221 4172479
4173682 4173913
4176033 4176558
4177579 4177688
4178423 4181499
4182086 4185291
4185926 4186291
4187331 4191359
4194887 4199720
4200671 4201021
4201768 4201826
4203988 4204851
4205358 4206368
4207039 4207187
4211819 4213920
4215918 4216724
4222555 4223527
4224229 4227536
4229251 4229445
4231763 4232057
4234662 4234974
4235623 4235762
4237786 4240028
4241567 4242235
4245050 4245702
4246222 4253689
4257321 4257403
4260587 4260809
4263503 4263792
4265608 4265852
4266392 4271829
4272540 4272610
4273367 4273964
4274577 4275327
4275840 4275913
4276782 4278677
4279754 4281577
4282217 4283307
4284180 4284619
4285714 4287345
4288690 4288877
4293561 4295097
4295934 4301343
4302493 4303985
4305171 4308458
4311288 4311704
4315703 4317810
4321083 4322276
4324483 4325427
4330673 4330944
4332698 4333601
4335403 4341450
4343409 4345563
4347011 4349605
4350580 4350895
4352791 4355119
4356930 4358521
4359221 4359474
4361263 4361868
4364384 4364616
4375565 4377591
4378344 4378445
4379845 4383035
4383750 4384186
4388987 4393411
4396922 4397509
4400243 4400557
4404707 4405792
4409194 4409512
4413165 4415051
4416076 4420647
4421236 4421385
4432839 4433029
4434683 4440352
4444412 4447546
4449324 4449581
4451965 4453219
4455845 4456760
4457316 4457652
4458202 4460819
4462611 4464184
4468232 4472171
4474332 4475508
4476224 4477182
4488996 4491062
4494319 4494383
4494913 4495464
4496103 4500572
4501305 4501364
4501951 4502664
4503249 4505560
4506099 4513405
4513974 4515466
4516807 4520076
4520677 4521295
4522784 4523380
4526643 4527011
4529766 4530330
4531039 4535574
4537387 4537744
4539021 4540420
4541306 4542077
4543110 4543495
4548510 4551234
4551958 4554421
4555268 4556468
4561765 4561942
4564961 4568947
4570167 4571638
4572364 4574437
4578087 4580052
4581234 4581316
4584494 4584796
4594159 4598622
4599831 4600595
4606974 4609500
4610802 4611512
4614232 4615004
4615561 4616912
4621303 4621813
4622996 4624283
4626590 4627178
4627896 4628446
4629132 4629911
4631335 4631547
4632793 4632930
4635430 4635730
4636765 4639220
4641762 4643437
4644035 4644310
4648243 4648648
4649225 4649956
4652981 4654568
4660124 4660317
4661002 4661791
4662876 4664243
4668048 4668510
4669610 4670444
4673275 4675955
4677100 4678005
4679685 4679956
4680913 4681882
4684763 4684908
4689857 4690451
4690983 4692369
4695684 4695912
4699279 4699773
4702931 4703127
4703737 4706331
4707743 4708001
4709211 4711681
4717110 4718216
4719993 4720361
4721741 4723577
4724383 4725247
4725998 4727320
4728068 4728354
4731812 4732608
4733886 4734353
4736392 4738715
4740093 4740566
4743058 4743145
4744818 4751003
4752806 4756038
4762218 4762415
4770587 4771768
4777664 4777837
4783567 4783713
4786330 4789517
4790658 4793473
4794977 4795867
4796739 4798634
4801537 4801636
4802393 4805749
4806782 4806847
4808053 4808721
4810821 4810890
4811424 4816904
4817590 4817815
4818418 4819081
4819620 4828180
4828746 4829340
4830081 4830167
4831435 4832838
4838185 4838980
4839655 4840412
4841071 4841208
4842319 4842593
4844375 4848617
4850495 4854303
4856842 4857202
4857800 4862636
4863817 4864139
4865489 4866325
4867691 4867810
4874084 4875677
4877676 4878023
4880631 4883162
4885177 4886582
4887521 4887974
4899438 4901112
4901908 4907634
4911853 4913096
4915570 4915819
4916697 4924398
4925483 4926003
4926617 4930148
4930893 4934350
4936337 4936597
4937466 4937712
4938370 4938985
4941119 4944119
4945407 4948887
4949405 4951708
4956568 4957823
4958364 4960225
4960761 4961603
4962254 4963787
4966126 4966618
4967882 4969345
4975664 4976123
4979840 4985053
4990422 4993244
4994189 4994800
4997234 5000645
5001268 5003206
5011770 5012006
5013275 5013802
5014774 5015369
5016151 5020681
5021784 5024078
5027148 5029643
5030222 5032235
5034116 5036808
5037906 5039994
5041337 5041591
5042613 5043849
5044656 5045554
5046102 5046296
5048545 5053756
5054762 5055364
5057917 5058110
5060338 5060578
5063376 5070961
5072344 5076317
5077670 5081513
5087733 5088004
5091021 5091965
5093375 5093610
5097692 5097837
5104276 5109571
5113889 5117411
5118938 5120724
5122312 5122529
5128729 5129766
5130812 5130985
5131567 5134159
5138436 5139953
5140477 5141692
5143596 5145026
5147359 5148179
5152026 5152481
5156875 5157429
5159119 5160376
5161044 5161208
5161836 5163207
5163902 5165425
5168407 5168551
5169254 5170370
5171893 5173750
5176124 5176549
5179317 5181215
5183065 5184212
5185280 5185915
5188101 5188909
5190631 5192821
5195503 5196133
5199961 5200708
5202104 5203252
5203908 5204158
5205726 5205864
5206797 5207230
5208201 5210515
5211144 5211423
5212455 5214294
5214798 5214892
5216777 5217066
5218478 5219893
5226300 5234704
5235299 5235551
5240626 5241894
5242943 5247268
5249493 5252020
5253445 5254506
5255228 5255557
5256078 5256323
5257046 5260169
5261657 5262993
5264382 5266732
5267923 5268073
5269288 5270201
5270942 5273340
5274000 5274059
5276075 5276322
5277374 5279117
5279724 5283198
5283955 5284290
5285159 5286476
5286984 5291499
5292463 5296355
5307595 5313340
5315160 5315643
5320709 5320971
5323115 5323232
5325120 5330005
5330589 5330677
5331292 5332965
5333556 5334635
5336372 5336537
5339536 5339888
5340557 5341214
5342787 5342983
5347598 5347810
5354291 5355535
5359094 5361324
5362114 5362376
5368188 5368668
5369489 5374292
5375061 5376011
5376870 5381137
5382351 5382595
5383560 5383667
5384568 5388132
5389037 5389659
5390262 5392323
5398085 5399902
5400475 5401943
5406048 5406547
5407284 5408794
5409379 5409896
5410409 5411167
5417282 5417556
5418103 5419052
5420352 5420596
5422073 5426686
5428446 5428832
5431674 5432633
5435070 5435938
5436730 5437663
5438570 5443317
5446970 5447780
5460902 5461168
5462254 5462641
5463578 5465226
5465775 5468480
5470317 5472225
5473792 5476167
5476674 5478570
5479626 5479940
5480822 5481116
5482390 5483548
5484974 5485117
5485881 5486599
5487387 5491002
5492227 5492366
5493311 5499035
5502664 5503625
5506524 5506958
5507518 5507858
5509046 5510326
5514100 5514748
5516532 5516974
5517515 5517796
5521043 5526639
5527161 5528542
5529054 5530485
5532838 5533261
5535261 5535326
5537166 5540314
5541952 5542039
5543935 5546078
