e_coli_k12_gi_556503834_ref_NC_
66564 66733
223564 225233
258007 258577
270638 271662
279327 280013
290540 291302
339791 339952
349787 349972
357575 357675
374962 375188
391807 392873
566870 567936
574685 575691
580408 581263
608106 609252
687945 688952
696430 696541
729901 731418
732089 733154
734247 734999
736482 736762
737461 738166
780858 781745
1050004 1050450
1094343 1095404
1097222 1097560
1269551 1269741
1270242 1270619
1286940 1287094
1299593 1300600
1396138 1397144
1466253 1466558
1468008 1469295
1528341 1529075
1531990 1532816
1552226 1552403
1570769 1571703
1632659 1634923
1650942 1651450
1978602 1979171
2066275 2067200
2069039 2070174
2101845 2102849
2170268 2171329
2289015 2290014
2304390 2304841
2514372 2515519
2518036 2518150
2521109 2521421
2662477 2662529
2726161 2731273
2818052 2818222
2947553 2947632
2996458 2997595
3130240 3131247
3186194 3187328
3365651 3366656
3423526 3428818
3583526 3584100
3621698 3622763
3624552 3625378
3652129 3653137
3708458 3708535
3762356 3764876
3765566 3765730
3941541 3946850
4027380 4027508
4035264 4040746
4094488 4094610
4153407 4153459
4166398 4166512
4168221 4171866
4176178 4177010
4207942 4213067
4296097 4296433
4325889 4326141
4392360 4392582
4498280 4499413
4507557 4508582
4614343 4614394
