Ecoli_ancestor_Ancestor_
1 218
2276 3605
7573 8208
13056 13125
13770 14919
16067 17936
22322 22687
25753 26128
31305 31547
32867 34602
38131 39596
40505 41131
42811 42882
43522 44029
45249 46054
47322 47583
48605 49200
61376 61537
65682 66682
69984 70412
71936 72218
73540 74010
82354 83294
85524 85613
89111 89212
91391 92677
93992 94391
96272 96837
104734 104837
110533 111225
113040 113127
116834 117022
121332 122199
128296 128554
130438 132694
133605 133766
137422 137880
142520 142716
143591 143750
145021 145206
156540 156990
159666 159986
160951 161227
162775 163108
164937 167779
168924 170423
171264 171668
174644 175075
181514 181955
182777 182974
184032 184560
193477 193566
198985 199840
203718 205722
207812 209040
212066 212365
216875 217164
218854 218948
219453 219578
226854 228143
232021 232074
234294 234502
237242 239489
246139 246597
249131 249493
251963 252170
253936 254210
257570 260415
261131 261270
262292 262958
270205 270348
280213 280473
286436 286662
287658 288227
291733 292391
294215 294870
296226 296559
297730 298464
299940 300012
300573 301790
304405 304670
305548 306096
307398 307525
317372 318858
319984 320137
321404 322241
329404 329565
332291 332479
335422 335702
336714 337144
338189 338402
339307 339554
342588 343784
354067 357775
366903 366973
370098 370359
374271 375235
377697 382862
384562 384821
387258 387911
388584 389085
392679 393741
394511 395246
398489 399181
400250 400516
401228 401453
405410 405735
406277 406938
414107 414751
418430 424429
427918 427989
428646 429480
431337 431499
434885 435196
442434 442626
446690 447014
456005 456554
459183 459280
460563 460813
462094 464063
468416 469130
471197 472237
478227 481177
482021 482303
482998 483440
488290 488548
489239 489532
490466 491035
491945 493994
495815 496096
497467 497705
499104 500327
501551 501764
503101 504026
505132 505415
509334 510177
510704 510844
511520 511696
512973 513471
518150 518990
521221 521373
523698 524055
529017 529307
533208 533423
537095 537635
538932 539159
541631 541892
543611 543864
544515 545670
549403 555779
563230 563704
572224 572732
577110 580488
582796 583067
584417 584513
585083 587407
592736 593059
593815 594495
596811 597879
611623 611857
618308 619379
622385 622578
625683 626104
627930 628202
631698 631902
634947 635191
640706 640871
643910 649356
649945 650455
658202 658348
667064 668285
670042 670766
671820 671918
681697 682387
684558 684653
695317 695557
697669 697851
701916 703044
705072 705602
708205 710023
714481 715299
717015 717249
726308 726839
728521 728723
731247 731539
737485 737818
739087 739446
740183 740780
744585 745033
749244 749620
751472 751528
752171 752244
752876 753094
754621 756884
757677 757967
760871 761063
770429 770580
776334 776524
777823 778591
781283 781580
789352 790125
807462 807661
814708 814761
816559 816832
823275 828762
829282 829670
832764 832965
835144 835204
836888 837082
841095 843148
845851 846224
847067 847266
849247 849465
849983 850339
853025 853093
860891 862447
869822 870017
873242 873685
876814 878571
883018 883169
884762 885058
889179 891435
892914 893710
894682 895212
900750 900990
903284 903823
905142 905216
908978 909065
922536 922767
923566 924973
930206 932062
932716 932941
935106 935197
935841 938675
943431 943632
948293 948408
949214 949768
950460 950642
954561 954866
965314 966130
966866 967119
968041 972813
984410 985389
986038 988138
991159 991686
998500 998723
1006641 1007278
1009556 1010257
1012317 1012444
1013413 1013701
1014407 1014650
1015826 1016886
1017850 1018575
1021568 1021969
1026668 1026877
1030209 1030620
1032493 1032787
1036374 1036556
1047810 1047994
1048614 1049742
1050494 1051237
1055852 1056352
1058104 1058348
1059643 1060390
1060936 1061436
1064419 1064724
1068559 1068758
1070436 1070814
1081268 1082221
1083866 1085897
1090166 1090319
1091315 1091641
1092962 1093203
1097616 1098394
1099281 1101989
1102909 1103769
1110851 1112172
1114640 1114719
1119719 1120343
1129616 1130221
1131482 1131646
1148269 1148840
1155110 1156181
1156704 1156968
1161912 1167607
1170577 1170660
1171340 1172287
1173838 1174039
1181729 1182293
1190114 1190411
1195659 1195842
1198378 1198877
1202319 1202615
1205558 1205741
1210334 1210517
1212813 1212963
1214995 1216583
1218136 1218332
1218900 1219102
1219755 1219938
1223970 1225153
1228686 1228974
1230104 1230299
1230866 1232504
1234054 1234304
1234882 1235133
1236656 1236798
1238000 1238648
1239415 1239621
1241922 1242214
1243604 1243895
1245710 1245916
1249606 1249870
1252928 1255197
1257356 1259122
1263067 1263389
1265030 1265838
1272972 1274835
1276511 1276795
1277746 1277872
1279727 1280502
1281422 1281498
1284340 1284447
1291861 1292778
1294781 1294888
1299474 1301066
1304617 1305003
1307006 1307302
1310351 1310570
1314113 1314406
1316167 1316515
1319761 1319935
1322452 1322602
1323897 1324157
1324727 1325060
1325695 1325815
1330209 1330468
1340280 1340704
1342646 1342860
1345626 1346738
1352286 1352734
1359691 1361801
1369646 1370171
1371577 1371707
1377632 1378142
1381757 1382024
1388951 1389086
1391333 1391790
1392875 1393001
1400116 1400735
1401396 1401634
1403172 1404610
1411061 1412058
1419462 1419683
1422314 1422455
1424212 1425223
1428455 1428730
1433466 1433596
1440163 1440438
1444834 1444990
1445583 1445821
1447498 1447772
1448316 1448609
1450421 1450725
1458866 1459023
1459557 1460770
1461883 1462116
1476318 1476405
1478877 1480161
1486969 1487587
1490610 1490718
1491459 1492290
1494681 1495903
1498263 1498351
1507057 1507284
1511347 1511688
1512930 1513163
1515015 1515709
1516954 1519342
1529993 1531051
1534902 1535202
1538086 1538555
1539101 1539508
1541821 1542004
1545220 1545396
1547911 1548129
1548871 1550862
1552778 1553096
1558365 1558423
1562104 1566414
1571558 1571856
1576629 1577097
1581521 1581773
1582397 1583415
1585584 1586522
1590146 1590355
1590965 1591529
1593209 1594520
1596532 1597611
1600303 1600559
1602066 1602355
1608415 1609210
1610520 1610655
1612658 1612803
1617080 1617248
1619799 1620814
1622988 1623138
1627533 1627603
1631085 1631607
1632124 1632715
1633275 1633576
1634225 1634842
1635909 1636826
1637373 1637489
1641531 1641777
1644252 1644457
1645074 1645129
1648610 1648802
1649305 1649839
1652513 1652714
1654260 1654835
1655366 1655593
1658607 1658879
1660754 1661580
1663401 1665320
1666564 1666830
1671172 1671318
1675982 1676452
1687215 1687585
1696096 1696295
1697921 1698615
1702463 1702532
1703162 1704680
1707200 1707337
1709546 1709779
1712581 1712795
1714955 1715011
1715799 1716135
1725070 1728229
1730125 1731205
1734354 1734620
1737298 1737406
1739137 1740094
1743371 1743913
1744600 1744845
1745786 1747087
1750339 1750799
1756819 1756917
1758362 1758621
1760710 1760987
1765181 1766174
1767009 1767082
1773427 1774726
1785228 1786796
1791186 1791418
1805102 1805173
1812684 1812925
1819271 1819536
1822110 1822612
1823616 1823805
1825704 1825984
1828140 1830102
1832465 1832954
1833626 1833801
1842345 1844800
1845622 1846660
1847170 1847352
1851109 1851202
1859418 1865058
1871985 1872355
1874067 1874342
1881410 1882540
1886003 1887189
1894483 1896346
1897697 1898113
1898977 1900821
1907904 1908088
1910041 1910384
1912145 1912411
1915191 1915429
1917814 1917987
1918598 1919261
1922057 1922478
1928348 1928585
1933437 1933675
1940550 1941921
1944272 1945118
1946583 1948840
1949449 1949719
1954249 1955156
1957354 1957925
1967291 1967597
1971702 1971794
1972808 1973186
1973830 1974350
1975658 1975818
1977490 1978390
1979004 1979376
1979901 1981996
1986667 1986869
1990835 1992154
1995944 1996242
1998073 1998249
2009171 2009400
2011472 2013167
2014877 2015145
2019745 2021767
2023841 2024384
2033964 2034205
2034928 2036485
2038262 2038591
2039785 2040116
2045410 2045855
2047790 2048193
2048701 2049295
2051017 2051220
2059757 2060018
2066688 2066881
2067824 2068123
2069497 2069742
2074717 2077147
2082128 2082402
2104887 2105070
2109528 2109580
2110992 2111175
2114272 2114707
2120148 2120360
2124431 2124619
2126420 2126684
2129569 2130422
2135481 2135689
2139752 2140349
2141797 2143067
2148554 2148743
2151341 2151615
2154310 2154605
2155993 2156235
2163639 2163730
2166049 2166327
2168863 2168968
2174388 2174437
2176104 2176247
2179517 2179757
2192364 2192770
2198162 2198303
2211258 2211310
2217042 2217341
2219188 2219360
2219988 2220053
2220613 2220864
2221476 2221748
2224826 2225138
2227590 2229709
2236338 2236579
2238308 2239953
2240809 2241016
2244799 2245326
2249351 2249575
2265345 2265505
2268735 2269123
2270300 2270876
2274179 2274925
2276347 2276926
2279688 2279860
2280550 2280680
2281229 2281525
2282292 2282530
2285435 2286379
2287457 2287562
2290259 2290756
2294491 2294706
2296404 2296884
2300707 2303204
2304157 2304374
2315002 2315186
2320021 2320325
2321107 2321163
2325179 2325378
2329592 2329984
2336595 2336680
2337766 2338641
2343729 2343948
2345445 2345643
2346653 2346882
2347679 2348490
2351117 2351437
2356738 2357249
2357779 2358895
2360187 2360952
2364717 2364873
2370157 2371397
2372386 2372623
2373858 2374211
2379197 2380036
2385067 2385584
2390722 2390922
2396804 2397449
2398039 2398177
2398968 2399097
2401129 2401389
2405947 2406206
2407760 2407855
2409772 2409956
2412791 2413064
2419436 2421499
2422851 2423135
2424638 2424910
2432059 2432296
2438163 2438441
2441339 2441600
2443252 2443626
2444500 2444814
2445650 2446245
2447695 2448127
2448646 2449119
2450893 2451046
2453174 2453507
2455070 2455299
2465662 2465856
2470964 2471188
2471724 2471969
2479441 2479573
2481005 2481518
2484356 2484561
2488132 2488999
2493243 2493481
2494260 2494576
2495117 2495183
2498934 2500473
2502963 2503152
2504073 2504561
2519837 2521717
2523604 2524713
2531146 2532526
2538638 2538687
2542237 2542528
2543117 2543311
2546152 2546328
2549145 2549357
2550099 2550876
2554694 2554907
2555430 2558570
2559119 2559333
2562552 2562960
2567418 2567720
2569110 2569194
2570937 2571674
2576614 2576894
2579154 2580686
2586115 2586729
2590837 2590910
2603826 2606119
2606634 2607943
2617121 2617610
2619246 2619707
2620938 2622656
2631921 2633175
2634465 2634639
2635410 2635879
2638732 2638799
2643971 2644307
2647658 2647838
2650252 2651356
2654283 2655159
2656086 2656495
2658610 2660501
2662349 2663169
2664430 2664516
2668440 2669686
2677747 2678465
2682034 2682616
2688074 2689261
2690060 2690453
2692670 2692753
2696994 2697064
2697810 2698086
2704175 2704225
2706431 2706745
2707360 2707762
2710840 2711236
2717569 2719229
2724369 2724596
2729657 2729761
2730432 2731701
2734880 2737238
2739996 2740136
2743576 2744786
2745308 2745447
2747405 2747832
2748491 2748567
2749767 2752108
2752633 2753199
2760098 2760740
2762602 2762927
2766072 2766277
2767754 2768297
2776159 2776458
2783974 2784226
2789798 2789906
2797694 2798523
2802044 2802975
2804632 2804851
2810696 2811338
2812554 2812757
2818430 2818533
2820001 2820053
2832880 2833009
2833625 2834629
2836801 2837059
2837857 2839337
2842181 2842315
2847717 2848924
2851711 2852070
2853101 2853270
2856874 2857018
2859875 2859965
2860802 2861524
2863261 2863424
2866484 2866663
2873142 2873298
2875437 2875728
2876323 2876476
2879057 2879298
2879848 2880046
2881328 2881477
2887914 2888167
2888702 2889194
2893540 2895429
2898793 2899010
2903468 2904249
2910512 2910763
2912310 2912682
2913347 2913521
2914986 2915051
2918158 2918273
2920262 2921432
2922950 2923607
2929816 2930572
2939160 2940164
2942530 2943808
2948601 2948845
2953563 2954866
2956067 2958414
2958943 2959712
2960223 2960924
2964666 2964925
2968709 2968911
2970737 2970823
2980351 2980478
2987118 2987277
2988790 2989464
2990359 2993299
2996197 2997348
2998672 2998906
3001775 3002240
3005071 3005512
3006047 3006130
3012770 3013021
3015301 3015708
3016209 3016378
3018822 3020786
3030469 3031288
3035418 3035838
3037554 3038719
3048146 3048391
3049232 3049484
3050589 3051044
3052634 3052757
3057988 3058728
3061729 3062535
3064963 3065092
3070355 3070602
3081754 3081960
3083793 3085262
3096623 3097039
3098550 3099541
3101330 3101773
3104395 3104573
3109057 3109259
3112602 3112849
3116417 3116756
3117486 3119033
3120003 3120100
3120894 3121198
3124459 3125239
3126919 3127831
3128997 3132232
3133724 3134053
3138309 3138520
3139257 3139652
3143476 3143773
3144946 3145321
3147760 3148056
3157581 3157841
3161598 3161723
3163103 3163645
3164574 3168480
3169062 3169761
3171885 3172231
3175509 3176257
3179298 3179710
3180263 3180385
3182830 3183032
3183661 3183818
3187373 3187625
3191814 3192518
3193484 3194704
3199297 3199759
3207165 3207529
3209464 3209687
3229665 3229923
3239027 3239457
3245801 3246163
3249627 3250323
3253850 3254504
3255690 3255903
3258179 3258932
3265883 3266638
3267234 3267897
3269729 3269987
3271650 3272236
3277914 3277968
3280545 3280629
3290029 3291211
3292540 3292730
3297944 3299081
3302416 3302605
3307504 3307706
3320513 3321470
3322504 3323683
3325625 3325717
3328118 3328394
3330370 3331621
3333564 3333836
3337132 3337188
3338504 3338644
3339564 3339847
3345587 3346567
3347102 3347312
3349125 3349361
3350151 3350683
3354095 3354885
3357342 3357527
3359933 3360033
3363650 3363980
3367290 3367848
3368898 3369139
3372399 3372816
3373351 3373562
3377035 3377634
3387416 3387602
3388657 3389808
3391199 3391333
3392071 3392579
3398586 3399165
3403054 3403430
3405850 3406271
3410017 3410166
3412892 3413687
3419435 3419553
3423763 3424029
3427179 3427347
3427905 3428476
3431193 3431306
3432077 3432234
3434255 3434577
3435180 3435573
3441406 3442019
3444918 3445263
3446297 3446512
3449189 3449405
3452814 3453105
3454348 3454591
3459910 3467104
3470668 3470847
3476788 3477223
3478045 3478167
3479441 3479815
3485457 3485665
3486169 3486506
3489876 3489950
3492821 3493744
3494575 3496316
3502994 3503276
3503806 3504134
3508501 3508657
3513865 3514867
3520409 3520901
3522526 3522794
3527283 3527750
3534138 3534397
3539175 3541129
3543832 3545594
3547763 3548164
3554234 3555277
3557999 3558075
3560783 3560999
3562738 3563159
3565296 3567764
3574915 3575889
3576775 3577340
3578549 3580589
3582032 3582290
3582912 3583159
3583973 3584189
3584716 3585522
3587114 3587460
3590248 3590774
3594277 3594407
3599165 3599777
3606740 3607032
3611495 3612609
3615210 3616723
3620640 3620920
3621600 3622088
3624179 3624268
3625236 3625628
3626790 3628557
3630067 3630179
3631883 3632013
3632947 3633421
3633985 3634626
3635148 3635828
3646336 3646440
3649655 3649744
3653274 3653741
3655304 3655427
3657092 3657219
3661178 3661420
3673722 3673979
3674980 3675161
3677827 3677954
3688772 3690718
3694069 3694493
3696880 3697109
3700789 3700984
3701916 3702153
3704699 3706045
3708153 3708289
3708933 3709399
3710131 3710996
3713092 3713285
3715580 3715726
3720086 3720370
3723164 3723383
3725174 3728577
3731824 3732378
3734206 3734591
3741665 3741783
3742584 3742823
3743825 3743907
3745046 3745305
3747529 3747914
3750216 3750397
3753435 3753573
3757065 3757256
3757932 3758220
3760887 3761107
3772790 3772971
3773741 3774710
3776319 3776512
3778304 3778883
3782327 3782627
3784602 3784763
3785454 3785536
3787461 3787602
3801166 3801243
3803137 3803693
3804707 3806715
3807763 3808176
3808773 3809497
3818633 3818854
3819731 3819886
3821684 3821962
3824029 3824166
3827778 3827888
3830253 3831006
3833748 3833901
3836443 3836592
3838959 3839201
3842803 3842964
3844400 3844635
3848733 3849025
3849891 3849958
3850937 3852720
3853289 3853454
3855628 3856635
3857521 3858657
3859386 3859691
3860270 3860987
3871578 3872459
3882986 3883084
3885728 3885887
3891737 3892383
3895037 3895266
3897489 3898929
3899584 3903222
3912783 3913046
3917240 3918451
3920119 3920394
3925498 3927037
3931891 3932080
3932696 3933394
3935508 3935908
3944788 3944972
3946108 3946335
3947476 3947610
3951376 3951600
3952238 3952820
3962390 3962678
3964335 3964558
3972583 3972677
3973465 3974517
3980317 3982822
3983829 3984038
3985876 3985999
3995406 3996076
3996885 3997119
4002778 4003457
4009459 4010396
4012462 4012570
4015113 4016842
4018707 4018964
4022616 4023934
4027342 4027606
4028228 4028477
4031740 4031971
4033381 4033554
4035347 4037125
4037957 4038699
4042157 4042227
4043242 4044353
4049881 4051434
4054427 4054650
4055285 4055593
4063960 4064795
4066361 4066869
4072852 4074741
4087619 4087731
4090887 4092013
4101159 4101290
4105896 4106538
4111307 4112166
4112721 4113002
4113757 4114929
4121838 4122637
4126016 4126371
4126928 4127227
4129817 4130175
4135271 4136055
4136572 4137142
4139369 4140051
4140680 4140813
4156261 4156544
4159884 4160561
4161065 4161262
4161887 4162083
4165870 4166204
4170835 4171101
4172473 4172665
4176829 4177128
4177823 4177929
4181442 4181670
4188653 4188942
4190251 4190488
4194621 4194861
4195492 4196448
4197920 4198997
4199621 4200631
4202717 4202865
4206662 4206776
4207283 4209451
4213103 4213900
4216116 4216649
4218803 4218967
4219836 4220136
4221844 4222762
4223597 4225165
4231701 4231893
4233059 4233758
4234724 4234976
4237807 4238468
4240978 4242217
4246920 4247454
4248990 4249062
4252857 4254600
4257637 4258202
4258849 4258929
4259790 4260840
4261470 4261721
4265408 4265721
4267659 4267734
4274345 4275687
4278604 4278758
4280959 4281086
4287047 4287765
4296386 4296747
4298173 4298396
4299333 4300393
4301949 4302204
4303460 4303641
4304143 4304488
4306274 4306349
4306891 4308108
4310186 4311658
4314041 4314287
4315735 4316799
4319142 4320734
4322269 4322967
4328501 4328856
4330983 4331212
4332117 4332857
4335086 4336214
4337739 4337962
4339281 4339985
4345489 4345690
4349758 4349994
4352040 4352787
4356130 4356253
4357058 4357666
4361545 4367240
4370860 4371355
4375601 4375894
4377203 4377804
4379329 4379479
4397508 4397604
4403131 4403221
4412107 4412254
4414872 4415140
4436028 4436962
4439018 4439196
4443549 4448109
4452111 4452554
4453421 4454537
4464626 4466576
4471946 4472172
4479418 4479538
4480780 4480847
4485381 4485669
4494415 4494702
4498201 4498405
4499444 4502579
4503672 4503943
4506570 4506704
4519065 4520117
4520986 4522247
4523235 4523523
4528497 4530549
4536328 4537488
4540015 4542795
4543826 4544796
4548776 4549309
4557209 4558985
4561295 4561504
4564361 4564800
4567448 4568239
4568783 4569233
4572526 4572999
4573706 4574073
4578384 4578612
4579659 4579943
4581642 4583014
4584643 4584774
4587588 4588511
4591206 4591332
4595777 4596762
4602109 4602263
4606939 4608716
4610398 4610665
4612029 4612847
4613501 4613872
4615451 4615574
4639228 4639424
