Ecoli_ancestor_Ancestor_
1 1046
25754 37220
78747 82136
88384 92568
115110 117322
144237 146290
156253 163608
197868 203143
288615 297559
377742 382906
384404 384919
399149 411323
419014 425925
553408 555550
643910 653450
666324 669165
692000 692842
693474 695548
716762 717113
825032 828804
922383 922744
924600 927634
968023 968273
971532 973095
1006417 1006608
1027728 1028644
1161951 1167039
1224163 1225193
1232604 1239520
1323677 1324752
1369625 1371477
1375242 1378147
1381713 1392821
1393368 1402130
1403172 1403456
1404084 1404653
1407955 1415625
1421912 1428782
1429295 1436953
1459519 1460549
1520894 1523051
1566640 1578557
1593189 1594309
1597215 1597550
1712581 1724398
1750850 1751337
1767227 1771331
1772253 1772667
1776284 1778978
1853837 1854128
1859374 1864638
2075258 2076476
2087718 2090581
2278655 2282980
2300800 2301738
2361674 2368423
2376936 2377064
2419431 2420575
2487970 2489000
2520733 2521729
2523560 2524466
2605446 2605744
2619256 2626636
2646696 2649680
2650208 2652707
2653939 2660696
2711070 2728103
2780976 2787788
2793113 2797524
2805924 2806298
2826593 2834290
2939390 2939906
2945948 2946286
2957522 2958189
3058825 3059112
3059619 3061180
3118688 3119882
3129057 3131223
3164766 3165125
3165806 3166989
3186426 3194651
3263289 3263786
3276056 3280640
3290166 3291196
3357463 3366965
3493660 3493840
3494765 3495304
3496423 3496504
3540314 3540921
3548403 3551037
3557161 3557541
3785055 3791311
3808413 3809380
3810040 3811168
3827461 3828678
3855761 3856601
3857632 3861085
3873033 3881763
3882348 3891836
3899972 3903899
3976644 3978939
4015128 4016158
4022825 4023969
4043990 4049007
4051749 4073807
4106091 4116180
4116728 4126488
4197896 4199040
4208348 4209489
4240723 4249308
4299508 4300308
4310979 4311586
4314386 4314718
4315764 4316794
4319135 4320196
4332234 4332841
4361854 4365477
4367180 4367284
4402409 4403233
4427830 4435103
4522132 4537515
4540706 4550731
