Buchnera_aphidicola_Acyrthosiphon_pisum_ancestor
1 101
7796 7994
9978 10102
13231 13477
17185 17410
18388 18649
19633 19841
25505 25670
31544 33068
34665 34857
35429 35747
39954 40186
42108 42334
46912 47106
48241 48513
51514 51624
57258 57680
65222 66181
66963 67580
72898 73573
74486 75027
79019 79359
85831 86078
89113 89453
90132 90301
91194 91312
100774 101297
102987 104443
106241 106460
107808 108413
114752 116407
129647 129746
131253 131402
137220 137477
141156 141512
153989 154339
169998 170355
174423 174626
181217 181300
191749 191995
192520 192733
194454 194666
197921 198157
203872 204193
207840 207983
211745 212043
215331 215488
220311 220671
222316 222808
232074 233577
236168 236298
239686 239943
250849 250970
255081 255718
257499 257642
258419 259254
260099 260188
263048 263130
263865 264137
265641 265788
271573 271805
283103 283497
285467 285884
290041 290386
290909 292510
293230 293508
302855 303143
304018 304222
307740 309674
315750 315851
321468 321545
322604 322964
327867 328248
333062 333227
345729 346562
348350 348880
363670 363894
364979 365117
370852 370998
373952 374231
381867 382223
385088 387722
390148 390401
392325 392547
397447 398022
400132 400344
401836 402122
408223 408523
410553 410748
418833 421106
424042 424682
431960 432193
438864 439392
452972 453718
454897 455246
458645 458820
463145 463250
464486 464689
465983 466040
467144 467287
471011 471300
472180 472428
473892 474116
474699 474887
479907 480959
485748 485964
486768 487199
490740 491434
492051 492683
497555 497772
507738 507869
510826 511241
524645 524807
527362 527958
530033 530397
541901 542462
545936 546660
548323 551005
552024 552480
562797 562981
574428 574919
579529 580378
581247 581398
587958 588674
592643 592881
596418 596504
607195 607649
609417 609651
623179 623928
629726 630034
632843 633273
640597 641799
Buchnera_aphidicola_Acyrthosiphon_pisum_0985
1 101
7796 7994
9978 10102
13231 13477
17185 19841
25505 26110
29697 29835
43214 43668
45436 45670
50049 50515
52829 57481
60298 60534
66965 67798
70359 70815
73491 73577
76454 77352
81321 82037
88597 88748
89617 90466
95076 95987
103389 104013
108067 109921
111858 112624
113151 113747
115891 116157
116740 116928
121948 123000
127789 128005
128809 129240
132781 133475
134092 134724
139596 139813
143893 145801
149787 149910
152867 153282
166686 167368
169403 169999
172074 172438
190354 190454
193285 193578
207001 207531
209319 210152
222654 222819
227633 228014
232127 233277
234336 234413
240030 240131
241375 241850
244082 244674
245759 245897
250988 251778
254732 254954
262136 263003
265868 266124
266956 267797
268365 268502
270928 271181
273105 273327
280912 281124
282616 282902
289003 289303
291333 291528
300730 300873
304597 306014
307478 307815
317748 318277
324948 325181
332459 333099
337633 339849
341085 341190
345515 345690
349089 349346
350647 351293
356441 356719
359563 359892
362660 363549
366452 366846
378144 378376
384161 384308
385812 386084
386819 386901
389761 389850
390695 391530
392307 392450
394231 394330
398979 399100
402657 402759
410112 410316
410820 411051
414206 414336
417724 417984
427141 427633
434461 434618
437906 438204
441966 442109
445756 446077
451792 452045
455283 457429
457954 458200
468649 468732
475323 475526
479594 480580
495610 495960
497053 498036
507903 508793
512472 512729
518547 518696
520203 520302
541536 542141
543489 544633
548652 549175
558637 558755
559648 559817
560692 560836
563871 564118
570590 570930
574922 575463
576860 577051
582369 582986
585473 585781
598422 598626
600223 600415
605512 605744
607666 607892
612470 612664
613799 616535
617072 617182
622816 623238
624320 624887
631233 633273
640597 640798
