e_coli_k12_gi_556503834_ref_NC_
223680 225738
257963 258620
270596 271706
274725 275095
279218 279875
290496 291346
391764 392908
566835 567980
574641 575676
580364 581307
608062 609296
687901 688994
729791 733167
734203 735038
736581 738641
1049833 1050490
1094300 1097141
1299549 1300642
1396094 1397188
1427859 1428316
1432329 1432687
1467965 1469295
1470391 1470461
1528239 1529119
1532727 1532860
1570725 1571846
1632615 1634967
1650898 1651493
1978558 1979215
2066231 2067244
2068996 2070218
2101804 2102893
2170229 2171373
2229212 2229304
2288971 2290058
2304390 2304502
2514328 2515562
2726119 2729149
2729657 2731430
2817782 2818196
2996416 2997637
3130196 3131285
3186151 3187371
3365611 3366699
3423314 3428853
3583483 3584140
3621941 3622776
3623928 3625422
3652086 3653175
3762391 3764876
3765522 3765767
3767275 3767520
3941497 3946769
4037087 4040745
4166354 4171706
4176134 4177054
4208056 4213109
4295837 4296060
4498236 4499456
4507514 4508624
