Ecoli_0965_Taxon014_
1 16660
150273 151066
222206 228950
257963 258620
274010 275040
277603 279825
290496 297156
349880 349972
381089 382456
462772 463916
574646 575730
594563 609280
611717 612444
688378 689499
693536 697141
728751 765166
1049883 1050494
1052306 1054208
1060751 1074388
1096570 1097103
1306289 1307173
1308311 1313321
1387887 1402460
1404818 1405660
1415348 1429740
1430317 1434676
1468165 1470424
1472096 1479936
1564050 1567965
1588087 1592209
1640631 1641971
1642754 1648774
1966088 1971251
2034634 2051568
2063299 2063503
2066364 2069617
2096099 2097177
2102529 2105393
2125933 2126431
2128515 2137272
2177886 2189574
2190282 2190911
2191574 2200934
2202355 2203082
2203596 2206056
2206736 2213770
2224446 2258484
2317597 2317811
2418681 2419868
2507011 2520931
2521049 2527970
2696716 2698828
2699482 2702365
3073504 3077779
3080305 3081347
3081961 3084057
3084602 3088768
3089334 3093011
3116238 3121188
3219752 3221910
3375724 3382266
3382792 3384939
3423253 3428754
3497678 3499274
3583483 3586107
3607513 3622807
3623641 3625670
3652363 3652937
3682585 3689741
3690439 3714511
3715325 3722968
3756642 3765832
3766636 3767412
3787307 3796335
3927775 3940831
3941404 3950523
3951081 3951441
3952119 3964623
3965648 3988028
3988574 3997584
4038157 4041202
4041834 4042701
4110292 4117764
4119842 4127409
4187001 4193651
4229134 4244656
4303233 4313969
4317266 4317918
4398174 4407166
4408877 4423830
4462991 4464928
4504260 4513026
4513555 4517388
4518086 4519957
4520520 4528893
4641476 4641652
Ecoli_ancestor_Ancestor_
83309 92568
198333 198402
226574 227950
229631 236047
244266 246450
284471 291555
294857 294967
377695 382748
415707 423786
424292 425925
553408 555578
643910 649400
803128 813986
815192 815693
816266 823489
824212 828413
908275 910310
922829 926008
933256 938097
938769 944521
968023 969537
1007327 1012596
1013196 1013743
1014294 1017181
1034931 1040497
1125129 1125758
1152015 1158849
1159550 1167551
1209738 1218829
1219506 1225193
1229474 1233070
1302095 1305739
1404542 1407899
1459519 1466114
1537850 1560377
1592758 1594309
1595489 1597354
1859036 1859950
1861203 1866809
2074631 2076476
2277290 2278599
2290568 2301738
2393897 2396561
2410207 2420900
2486024 2489190
2518408 2521729
2524030 2526272
2552082 2556310
2593837 2607458
2939390 2941974
2957543 2959695
3054365 3061720
3064064 3110812
3124717 3124780
3129204 3132427
3132976 3136645
3160284 3163689
3164190 3168605
3191987 3196953
3290166 3291196
3299059 3300869
3301559 3323524
3489240 3490584
3491251 3493785
3494888 3495304
3500928 3502282
3502784 3503794
3539148 3550556
3564425 3572375
3851926 3857843
3859202 3865192
3900109 3903844
3978076 3981468
3996783 3998875
3999419 4007827
4015128 4017993
4020212 4024916
4025430 4066149
4187830 4206552
4208348 4212482
4241027 4252144
4252678 4254369
4271873 4278810
4299458 4311586
4313856 4320196
4327328 4332841
4357017 4367124
4536297 4542350
4641476 4641652
