e_coli_k12_gi_556503834_ref_NC_
1 112
19837 20509
66745 66829
71815 72513
86553 86719
102624 102831
113410 113528
164578 164748
196157 196343
199429 199571
210266 210442
223448 228825
236645 237352
239140 239407
245974 246165
250229 250284
257951 258621
262935 263007
266558 267023
268463 268665
270353 271722
274007 275346
278603 280056
281528 281698
291402 291616
294229 294541
299165 299219
315284 316434
327696 328007
339402 339482
339751 339834
349637 349996
354810 355363
357709 358403
369580 369678
375035 375234
381279 382541
390151 390292
391753 392908
394622 394807
400586 400747
411159 411260
417140 417268
430480 430584
431030 431364
439767 439970
478630 478915
482970 483386
489900 490117
493192 493304
508619 508860
518291 518921
525525 527034
531937 532144
532978 533095
551653 551825
555536 555646
566826 568292
576512 576562
580348 581323
581659 581987
582883 583075
590633 590829
596980 597599
599040 599193
608048 609311
617773 617914
634414 634523
635370 635562
636719 636810
637897 638010
687902 688994
696476 697092
699451 699653
709130 709373
722303 722392
726307 726726
730597 733263
735015 735467
736339 738841
762626 762808
768738 768801
780607 781811
803363 803416
803930 804295
835313 835567
837680 837864
838605 839293
846350 846441
848836 849039
861723 861856
897248 897442
917214 917384
925102 925932
936227 936562
937505 937844
957306 957405
981456 981849
984275 984479
994144 994260
1006369 1006460
1015850 1016051
1025888 1026115
1049867 1050507
1069708 1070076
1074041 1074213
1082142 1082235
1084670 1084816
1090224 1090317
1097011 1097461
1113250 1113348
1117338 1117548
1120380 1120553
1131217 1131431
1145878 1146398
1171264 1171444
1192082 1192254
1198778 1198990
1200319 1200410
1206749 1206890
1215308 1215497
1247054 1247919
1269126 1269508
1270104 1270495
1286922 1287277
1299541 1300863
1302777 1302954
1319765 1319868
1371815 1371978
1396095 1397187
1415894 1415983
1422801 1423528
1427714 1428508
1431716 1432005
1436299 1436385
1440669 1440851
1466494 1466834
1467772 1469241
1473190 1473247
1481354 1481538
1483215 1483416
1494855 1495205
1531704 1532897
1540057 1540170
1552052 1552134
1591361 1591511
1593339 1593485
1613612 1613729
1632601 1634933
1650894 1651502
1657330 1657428
1680916 1681168
1696680 1696947
1699305 1699368
1708700 1708789
1746512 1746592
1754218 1754383
1793640 1793976
1798963 1799179
1814257 1814425
1850338 1850433
1909897 1910021
1912001 1912088
1916719 1916963
1917782 1917966
1919099 1919300
1935407 1935623
1939901 1939987
1941667 1941855
1946188 1946348
1959381 1959476
1962945 1963108
1978186 1979225
1982279 1982602
1989366 1989471
1990026 1990214
1999125 1999303
2030744 2030951
2032764 2032907
2041629 2041704
2057456 2058201
2066209 2070238
2078640 2078761
2079084 2079138
2088045 2088151
2101641 2102899
2106749 2106963
2110656 2110705
2116089 2116287
2125842 2126088
2126983 2127065
2148369 2148629
2153228 2153426
2163364 2163556
2169806 2171387
2181915 2182004
2188783 2188933
2217811 2217959
2219799 2219901
2225107 2225225
2225606 2225731
2229070 2229304
2263771 2263825
2288952 2290149
2304287 2304813
2315791 2315933
2316834 2316947
2318153 2318295
2337328 2337591
2346402 2346574
2352270 2352385
2372565 2372628
2376682 2376836
2384849 2384998
2394801 2395156
2404626 2404791
2422616 2422765
2435434 2435625
2441033 2441198
2442401 2442530
2470975 2471160
2471963 2472089
2488686 2489037
2504606 2504738
2508640 2508731
2514294 2516299
2518036 2518150
2520964 2521493
2542033 2542230
2547762 2547866
2548995 2549277
2561111 2561377
2568176 2568276
2582967 2583094
2591983 2592066
2628473 2628705
2633899 2634120
2639073 2639336
2645008 2645101
2655083 2655154
2662431 2662537
2691004 2691102
2707057 2707264
2709366 2709462
2715249 2715405
2717297 2717497
2719043 2719225
2725092 2725280
2726076 2731430
2740022 2740276
2743545 2743780
2759940 2760153
2769896 2770459
2776863 2776956
2778173 2778446
2782694 2782857
2793188 2794506
2797376 2797889
2806453 2806551
2817862 2818276
2867386 2867676
2878060 2878197
2900505 2900588
2904162 2904325
2930461 2930613
2940729 2940914
2947290 2947639
2996399 2997640
3012515 3013193
3018362 3018756
3051057 3051168
3094532 3094636
3100103 3100201
3101716 3102534
3110318 3110408
3114559 3114972
3115504 3115635
3123097 3123366
3128432 3128670
3130191 3131289
3140132 3140330
3150613 3150724
3180073 3180330
3186006 3186094
3194766 3195194
3197179 3197349
3239458 3239636
3255298 3255406
3267798 3267893
3269736 3270194
3297092 3297696
3310968 3311338
3320059 3320244
3365596 3366699
3388069 3388287
3392208 3392367
3405149 3405280
3423292 3428950
3429920 3429997
3436156 3436258
3441872 3441966
3504684 3504751
3515915 3516118
3520523 3520680
3524677 3524765
3575536 3575692
3583482 3584269
3592464 3592563
3604539 3604629
3618133 3618523
3619271 3620090
3621941 3622808
3623879 3624257
3625271 3625579
3637933 3637991
3639486 3639679
3652051 3653179
3666254 3667381
3675943 3676196
3689945 3690062
3691529 3691646
3708028 3708742
3722418 3722774
3736343 3736720
3737489 3737665
3741065 3741239
3741769 3741945
3762147 3765652
3766407 3766511
3767256 3767563
3768172 3768259
3774322 3775458
3787884 3788168
3793236 3793418
3800530 3800639
3808782 3808958
3811648 3811836
3829782 3830002
3850602 3850806
3852662 3852786
3890158 3890279
3892444 3892634
3905779 3905961
3922514 3922678
3932496 3932582
3941229 3941478
3943451 3943581
3946825 3947153
4007432 4007551
4012494 4012605
4027511 4027609
4035200 4040848
4063050 4063552
4071054 4071161
4079989 4080121
4082315 4082656
4083942 4085182
4094416 4094691
4116332 4116486
4127473 4127928
4133357 4133555
4145408 4145609
4153346 4153468
4162653 4162782
4163238 4163327
4165497 4165584
4166385 4171706
4176076 4177379
4190846 4191085
4207964 4213799
4218497 4218704
4225896 4226042
4229479 4229856
4245031 4245126
4296021 4296389
4300615 4300974
4306185 4306376
4326007 4326406
4342753 4343024
4353820 4353941
4362675 4362812
4367402 4367536
4381326 4381465
4392436 4393002
4408194 4408384
4428798 4428904
4440553 4440735
4448167 4448298
4457074 4457274
4458859 4459003
4460300 4460429
4469912 4470047
4488235 4488592
4490618 4490794
4498170 4499469
4507491 4508845
4518208 4519062
4522279 4522424
4538495 4538700
4543651 4543775
4554476 4554763
4555600 4555715
4556753 4556886
4585380 4585487
4590900 4591064
4614274 4615013
4639240 4639376
4641532 4641652
