e_coli_k12_gi_556503834_ref_NC_
19895 20506
223564 228906
258007 258577
270638 271662
274025 275050
279262 280013
290540 291302
315885 316384
349880 349972
357575 357675
381357 382493
391807 392873
393655 393764
566870 567936
574685 575691
580395 580831
608106 609252
687916 688952
729901 730436
731082 731465
732089 733154
734799 734999
736482 736762
737278 737492
781676 781745
942294 942434
1049927 1050450
1094343 1095404
1097060 1097560
1249687 1249740
1269192 1269626
1299593 1300600
1396138 1397158
1466538 1466756
1467799 1469595
1528426 1529075
1531990 1532816
1552226 1552403
1570769 1571703
1632767 1634923
1635938 1636793
1650832 1651450
1978602 1979171
2066275 2067200
2069039 2070174
2101845 2102849
2170268 2171329
2289015 2290014
2304494 2304966
2514372 2515519
2521352 2521421
2624999 2625142
2726161 2731273
2996458 2997595
3130240 3131247
3186194 3187328
3365539 3366720
3423526 3428895
3583526 3584113
3620820 3621084
3621698 3622763
3624693 3625378
3652129 3653137
3666304 3666402
3708458 3708535
3762363 3765730
3767319 3767368
3941541 3946850
4027511 4027609
4035264 4040746
4122014 4122160
4166398 4171866
4176178 4177010
4207942 4213067
4295934 4296282
4325912 4326248
4498280 4499413
4507557 4508582
