e_coli_k12_gi_556503834_ref_NC_
66564 66648
223680 225738
257963 258620
270596 271706
279218 279875
290496 291346
391764 392908
508718 508818
566835 567979
574646 575676
608062 609296
687906 688936
732332 733198
734203 735038
736581 738641
781452 781789
1049833 1050490
1094300 1095444
1096961 1097141
1270092 1270625
1286941 1287274
1299608 1300638
1396153 1397183
1427966 1428437
1432329 1432687
1466726 1467019
1467979 1469295
1470391 1470461
1570641 1571909
1632615 1634967
1635894 1636837
1650898 1651479
1978558 1979215
2066230 2067244
2069010 2070218
2101804 2102834
2170229 2171373
2288974 2290004
2304390 2304615
2514328 2515562
2521106 2521465
2726119 2731430
2776468 2776946
2778360 2778490
2817784 2818196
2996430 2997637
3130255 3131291
3186150 3187357
3365611 3366641
3423314 3428853
3583483 3584140
3619328 3622776
3624234 3625443
3652091 3653121
3762319 3764876
3765522 3765767
3767275 3767520
3941497 3946769
4037087 4040790
4094395 4094615
4166385 4171865
4176134 4177130
4208056 4213109
4295837 4296060
4498236 4499442
4507514 4508624
