Escherichia_coli_O157_H7_EDL933_0935
65354 65587
144895 144994
257369 257667
319253 319448
345400 345615
365420 365715
370819 370970
474436 475078
543209 543501
578047 578163
609580 609720
648621 648675
733247 733453
739341 739472
740170 740220
834703 835013
860939 861136
889309 889401
958324 958394
1020368 1020892
1084903 1085045
1147209 1147279
1185174 1185319
1339918 1340177
1459394 1459675
1480086 1480220
1496819 1496900
1555015 1555290
1568669 1568754
1610350 1610642
1647164 1647518
1663238 1663363
1671921 1672010
1759277 1759464
1875572 1875858
1885492 1885643
1931904 1932162
1949425 1949553
1959509 1959590
1985101 1985314
2049965 2050163
2245774 2245930
2319915 2325996
2346154 2346224
2386964 2387427
2391320 2391393
2518555 2518760
2543329 2543472
2559762 2560051
2599668 2599982
2624109 2624190
2640104 2640337
2685705 2685950
2690099 2690221
2692735 2692798
2695754 2695980
2710953 2711066
2855751 2856110
2867658 2867816
2920283 2920469
2960277 2960345
2970006 2970233
2971949 2972076
3002838 3002931
3080138 3080255
3085613 3085906
3093915 3094122
3099730 3099947
3167573 3167999
3172940 3173257
3225006 3225146
3262496 3262827
3303464 3303561
3345849 3345942
3373610 3373778
3419131 3419228
3459974 3460163
3515066 3515272
3541499 3541662
3543794 3544029
3635008 3635219
3655446 3655721
3709473 3709712
3790647 3790920
3897591 3897645
3971115 3971189
4122401 4122504
4354745 4354972
4466201 4466434
4485488 4485708
4573483 4573606
4589888 4590030
4596384 4596451
4623192 4623267
4656952 4657212
4694413 4694766
4749892 4750405
4772357 4772729
4839888 4839938
4962261 4962433
5005443 5005758
5014884 5015087
5120084 5120258
5124652 5124792
5160418 5160740
5190058 5190202
5197526 5201106
5227636 5227853
5232686 5232897
5237376 5237926
5251309 5251362
5313022 5313271
5346825 5346950
5355706 5355975
5372365 5372654
5443265 5443377
5448506 5448619
5546699 5547323
Escherichia_coli_O157_H7_EDL933_ancestor
84833 84894
93190 93302
163913 164206
223286 223545
226977 232189
269545 269759
270457 270989
273045 274009
278574 278627
303621 303860
324202 324419
329252 329463
345584 347703
362462 362540
392709 392883
397100 397393
400202 400301
407494 407567
417093 417415
491837 491977
593674 593846
609083 609286
617680 618224
618785 619693
637843 638158
664415 665163
673988 674723
707107 707157
755494 755656
807785 809705
810237 811357
814422 815187
833995 834348
895547 895641
896392 896908
897445 897725
900118 900832
916811 917778
920756 921221
972752 972827
1012184 1012307
1056787 1057020
1063546 1063595
1068023 1070823
1074704 1074847
1079226 1079588
1081609 1081694
1092129 1092213
1093639 1094128
1098557 1098634
1111228 1111283
1112333 1112947
1116619 1116806
1118283 1119808
1122975 1123039
1125240 1125343
1127290 1127477
1129833 1130605
1133780 1134176
1135492 1135819
1141145 1142387
1251910 1252238
1259657 1259763
1261950 1263741
1266837 1270895
1271403 1271678
1274266 1277157
1285202 1285340
1286894 1287554
1288131 1289792
1290533 1292373
1294068 1297247
1300656 1300883
1333148 1333266
1338141 1338945
1341795 1341876
1347297 1348371
1353167 1353301
1357354 1357670
1359379 1361358
1372966 1373237
1391702 1392007
1393465 1394028
1456939 1457171
1463697 1463746
1468168 1470967
1474848 1474991
1479370 1479732
1481753 1481838
1492273 1492357
1493783 1494272
1498701 1498778
1511372 1511427
1512477 1513091
1516763 1516950
1518427 1519952
1523119 1523183
1525384 1525487
1527434 1528045
1529977 1530749
1533921 1534469
1541292 1542534
1607656 1607867
1634187 1634989
1638886 1640717
1642279 1642795
1645613 1648247
1649701 1654212
1655387 1655577
1656155 1658248
1658782 1661875
1664007 1664419
1713464 1713538
1715278 1715387
1716872 1716964
1720365 1720461
1722749 1723184
1733798 1735239
1742254 1744720
1748618 1750028
1757958 1758197
1763393 1763463
1770749 1770971
1771540 1771792
1844296 1844368
1845113 1845202
1845899 1846465
1848317 1848618
1850212 1850335
1856049 1856400
1859976 1864519
1865620 1879026
1879557 1881437
1882510 1882637
1883242 1885421
1888234 1890747
1891295 1891433
1894144 1894313
1897244 1897330
1901808 1902113
1903485 1903857
1904576 1904800
1906114 1913560
1914925 1915503
1918418 1918514
1923106 1923461
1924418 1924508
1925844 1927630
1928305 1931041
1932402 1935943
1936506 1937346
1965892 1966055
1968187 1968422
2021295 2021501
2043396 2044572
2047935 2048940
2076404 2076593
2126132 2127685
2128784 2128935
2129882 2130366
2130962 2131722
2132953 2133447
2134722 2135686
2136243 2137319
2137999 2140137
2140691 2141003
2142604 2144225
2144733 2147870
2159646 2159743
2183633 2183964
2218608 2219655
2249631 2251394
2252020 2253268
2253770 2254228
2286972 2289129
2293992 2294309
2295930 2296526
2300414 2301268
2302361 2302848
2303447 2305214
2306063 2307155
2307685 2308475
2309185 2316003
2316759 2318430
2319139 2327835
2328936 2335006
2335879 2338142
2338787 2339096
2339732 2339838
2344382 2345220
2347251 2347340
2348025 2348157
2369146 2369239
2415884 2416070
2424313 2424541
2463201 2463318
2473440 2473733
2476978 2477185
2482793 2483010
2539340 2539464
2541180 2541407
2548800 2549855
2624875 2625109
2633795 2634019
2637909 2638067
2680457 2680671
2698253 2698975
2707102 2707726
2729004 2729300
2764407 2767795
2769156 2771891
2772566 2774523
2775662 2775800
2784377 2785005
2785548 2785781
2787166 2790459
2791085 2792280
2793153 2794007
2798672 2798783
2807120 2807276
2825501 2825614
2830064 2832311
2833430 2833675
2836451 2837494
2896230 2896463
2919797 2919962
2934639 2934953
2972696 2972777
2979193 2980306
2985143 2986952
2989532 2990228
2990952 2991818
2992493 2992762
2993292 2994279
2994972 2995705
2996277 2997008
3000619 3001731
3007721 3010151
3011291 3011607
3012471 3012740
3015327 3015830
3017132 3017980
3018966 3020076
3024314 3024395
3027245 3027831
3071650 3071725
3075616 3076079
3095228 3095433
3232985 3233038
3276658 3276814
3326553 3326809
3529628 3529841
3550254 3555209
3558325 3558523
3566985 3574509
3576586 3577102
3578307 3578680
3613513 3613771
3629820 3629879
3692590 3692647
3799359 3799546
3829909 3830034
3838592 3838681
3844576 3844669
3867959 3868053
3889049 3889403
3936799 3937091
3941300 3941933
3957057 3960281
3967027 3967114
3973530 3973755
3990450 3990725
4018853 4026310
4039667 4039748
4046771 4047052
4121093 4121963
4196390 4196587
4246393 4251436
4269203 4269348
4296379 4296521
4388813 4388887
4510516 4511094
4511626 4512456
4543110 4543202
4551900 4551963
4554221 4554419
4566790 4566953
4647991 4648188
4673789 4675955
4701554 4701864
4749929 4750359
4753836 4753886
4760603 4760809
4822769 4827872
4863691 4863882
4867465 4869568
4917741 4917881
4919181 4924364
4973546 4973838
5016397 5016536
5017592 5018422
5018954 5020074
5059888 5059942
5063476 5068474
5072958 5073656
5104453 5109571
5134752 5135047
5198061 5198166
5214483 5214698
5250931 5250995
5282852 5283150
5331135 5331388
5356926 5357215
5391573 5391672
5398251 5399290
5470980 5471213
5477105 5477352
5544668 5544864
