Escherichia_coli_O157_H7_ancestor
719 1247
1814 4708
5495 5691
6700 6759
7483 8367
9206 9490
11636 11690
13400 13687
14189 14693
15210 16125
16753 17018
17585 18163
19478 19688
20196 21279
21849 23103
24300 25264
34968 36028
38250 41862
42827 43411
44064 44670
46603 46692
47276 49037
49765 50234
51078 51293
54757 54983
55616 55985
56657 58178
58859 59154
59704 59879
60954 61411
63208 64594
66361 66782
67562 67799
71861 72408
74994 75739
76465 76559
77178 77257
79440 79725
80805 81307
82259 82488
83885 84581
86561 87166
88072 88410
89471 89579
92229 92486
94506 95625
98977 99199
99749 100187
101527 102408
107588 107801
109343 109429
110008 112030
113884 114378
115166 116001
116639 117982
118929 119612
121188 123091
124094 125784
127643 127794
129524 129827
131579 132093
133631 133864
134510 134564
137293 137409
138761 139147
141662 141761
145320 147205
148323 149425
151803 152410
152917 153133
155486 157852
158542 158639
159272 160092
160809 161124
162791 163448
165037 165939
169634 169813
170671 170814
171401 172472
174821 174894
175901 176080
177416 178367
179039 180150
181121 181321
184596 185422
186024 186378
186984 188720
190191 190539
195033 195596
198267 198546
201447 201671
202389 203319
204476 204879
207854 209294
214902 215239
219051 219329
222721 222887
225132 225295
226003 226553
228068 228199
228780 229381
230017 230135
232851 233149
234371 234895
236610 237475
238803 239163
242185 243237
245970 246219
246784 246903
248616 249062
252181 252298
253486 253738
255171 255351
257739 257983
258540 259981
260591 260760
261547 261652
262179 262500
263282 264195
265936 266361
267636 268265
273744 274182
276872 278155
279357 279406
280524 280948
282922 283328
285196 285472
290378 291032
293162 293755
295321 295733
297211 297422
298747 299139
301621 302972
303752 304349
304967 305479
306139 308357
308862 311588
312239 313470
314421 314584
315668 315882
319114 319205
322643 324061
324571 324815
327121 327271
329466 329717
337849 338798
341068 342600
343335 343515
344145 344303
345169 345379
346002 346161
346755 347322
348572 348681
350315 350567
353772 354753
358223 359075
360200 360453
365084 365168
366070 366611
367337 367552
368907 369490
371185 371743
372720 373433
374252 374445
375521 376456
377098 383232
383839 386190
386931 387927
388671 388756
390157 391736
396820 397803
398541 398696
400556 402366
403059 404678
405200 406493
408897 409408
411452 411522
412125 412956
413515 413778
415008 415058
416394 416524
418210 418568
420663 421627
426108 426693
427853 429467
430618 431258
431947 432114
433486 433743
435948 436597
437319 437449
439822 440164
441154 442102
442633 442854
444424 444595
449009 449059
449686 449814
454934 455125
459009 464872
466150 466383
470032 470924
472222 472514
473860 474191
477804 478501
480443 480711
481778 482396
483303 483741
488275 488751
489340 489864
490437 490717
491578 491745
493877 494126
494852 496460
499092 500567
501364 502151
504199 505327
507041 507290
508522 509347
512262 512353
513005 513280
514494 515253
515955 517959
519709 519803
520425 520686
523275 523389
524406 524525
525421 525636
526313 527161
527704 528277
530710 530807
534513 536021
537025 537209
538963 541608
542770 543391
546619 548029
548695 548840
550744 551633
552468 552966
557099 557803
559796 561642
562901 562984
563994 566195
566944 567224
567786 568598
570276 571481
577651 577764
579761 580390
582863 583931
585364 587364
588262 589714
591259 592020
594421 595405
598608 598923
601415 601637
603407 603647
604518 605548
606084 606808
607677 607784
613849 614011
614850 615649
616341 616987
617511 618027
618920 619272
619795 619989
620751 620906
621610 622093
622788 623084
624428 624725
625247 626821
630304 631002
632407 632771
635415 635820
636682 636841
639108 639784
641348 641872
642931 643142
645495 645735
646592 647033
647805 647932
648495 648673
649328 649560
651262 651500
653810 653995
656252 656479
657574 658763
660382 661420
663513 664207
664819 665010
667320 667755
669012 670581
671685 671921
677328 677563
678075 678233
679018 679072
679639 680249
681032 681227
686134 686544
687963 688562
692125 692366
697647 698250
700395 703332
704200 704381
705983 706233
708769 708976
709983 710138
711849 712150
715539 716206
716775 716863
717605 717805
719091 719429
721078 721548
724437 724597
725573 729265
730430 730804
731575 732223
732944 733215
733898 735485
736280 736957
737922 738641
739535 739671
743382 744187
744965 747930
748524 749115
750109 750506
752302 752656
754990 757535
758038 758126
760552 761522
762299 763013
765714 769292
770682 770943
773077 773617
775075 775154
776097 776245
780061 780250
781191 781381
783912 784402
785338 787113
789279 789909
790972 791661
794191 794396
794906 795479
796336 796953
797517 797578
798398 799803
800447 801197
802654 802757
803309 803514
807781 808381
810917 811126
812117 812480
813789 814452
816022 816982
820668 821877
826570 827118
831718 832044
833595 834287
836236 838290
838888 838949
842777 843218
843956 844114
844637 844741
846121 846636
847986 848172
849434 849704
850974 851255
852380 853478
854244 854470
859191 859427
866400 866562
867268 868135
868676 868761
869410 869461
871188 871393
872120 872939
873505 873610
875748 876874
878998 879198
880648 882289
883829 886463
890204 890474
891493 891899
892523 892981
893603 894353
898409 898482
899042 900964
901473 901650
903315 903953
905781 906660
910093 910966
912120 912655
916974 917425
918985 919126
920635 920813
925204 925779
926339 926626
928009 928114
928918 930007
934837 935022
938707 938917
940552 941356
943485 946188
948019 948085
950363 950466
951142 951332
953512 953815
954412 954532
955645 955997
956763 956996
961548 961838
964405 964516
965068 966911
969509 969601
970307 970549
972781 973015
973532 973966
975381 975468
976430 977265
978039 978216
980357 980531
983774 984818
986910 987419
990216 990379
993083 993466
995145 995821
996734 998285
1002635 1004865
1005431 1005856
1007404 1008166
1009301 1010156
1013205 1013926
1014808 1014999
1015622 1017740
1018716 1018954
1020160 1020474
1020999 1021368
1022055 1023421
1024320 1024401
1025141 1026827
1027355 1028159
1028830 1030380
1032560 1036941
1037812 1038116
1040013 1040180
1041552 1041837
1042388 1044793
1045302 1046823
1049116 1056135
1056892 1057962
1062157 1062226
1064699 1077557
1078127 1079109
1081424 1081658
1087956 1088291
1089298 1090452
1091409 1091768
1093872 1093994
1094513 1094629
1095189 1096468
1097207 1097990
1099518 1100417
1104956 1106874
1107666 1108347
1109480 1109540
1111061 1111405
1112404 1112632
1114045 1114375
1115853 1116090
1118350 1118605
1119118 1121329
1122117 1122270
1124135 1124504
1126997 1127117
1127719 1128163
1128783 1130094
1130688 1130934
1133486 1133741
1134771 1134836
1135756 1139052
1139608 1139709
1140278 1140914
1144443 1145136
1145790 1145985
1147444 1147690
1149191 1149437
1151161 1151541
1153329 1153870
1155143 1158518
1159596 1159776
1164591 1164817
1166470 1167162
1168943 1169661
1170727 1171199
1171855 1172308
1176095 1176855
1177416 1178551
1184251 1184427
1187897 1188111
1188713 1189385
1190365 1191241
1192136 1192302
1193226 1193332
1194352 1194791
1197095 1197596
1198710 1198899
1201362 1201849
1202669 1203093
1204363 1204818
1208891 1209560
1211003 1211737
1215703 1216589
1217650 1218496
1219763 1220342
1224198 1224990
1225841 1225900
1226790 1227221
1228588 1229828
1230495 1230793
1231473 1231534
1233991 1234243
1234776 1235180
1237879 1238367
1239117 1239254
1240788 1241507
1242409 1242626
1246812 1247559
1249030 1249376
1250292 1250588
1251220 1252708
1253619 1258194
1262027 1262324
1264589 1265834
1266534 1268234
1268787 1270532
1271570 1271709
1273336 1296275
1296841 1302766
1304586 1304656
1305250 1305568
1306311 1306487
1307316 1308189
1308759 1309132
1310319 1311749
1313384 1313568
1314771 1317571
1320518 1327519
1328047 1330158
1330945 1331105
1332688 1333804
1336068 1336351
1339368 1339665
1341013 1341189
1344862 1346925
1348433 1349266
1350353 1352728
1355374 1356701
1358138 1358800
1360173 1360754
1361648 1369058
1369673 1372138
1372705 1374850
1375691 1376439
1377130 1384006
1385297 1391655
1394871 1394971
1396440 1396733
1397334 1397639
1399421 1399515
1400023 1400190
1400941 1401409
1402110 1402287
1404511 1405205
1405854 1407177
1407784 1408423
1409478 1409733
1410939 1411083
1413635 1413953
1414712 1414939
1415761 1416330
1418225 1419459
1422231 1423522
1424046 1425035
1425946 1426787
1429603 1429988
1431201 1431452
1432594 1433369
1434623 1434929
1435792 1435854
1438829 1439071
1439672 1439796
1440358 1440671
1442379 1443084
1443650 1444703
1445397 1446478
1448441 1449684
1452295 1452706
1453222 1453487
1454492 1455899
1457055 1457826
1458565 1459459
1460110 1460255
1461277 1462230
1463594 1464237
1465038 1465416
1465927 1466339
1468317 1469030
1469868 1469966
1470859 1470996
1474053 1475009
1475650 1475921
1476847 1476961
1477611 1477843
1479690 1480922
1481432 1482316
1484070 1485946
1491479 1493136
1494295 1494560
1504474 1505305
1506274 1506443
1507568 1508045
1509256 1510844
1511574 1512472
1513559 1514138
1515759 1516063
1516991 1517149
1517736 1518436
1522205 1523713
1529305 1529936
1531324 1531575
1534290 1534674
1535420 1535838
1536557 1538625
1539429 1540752
1541716 1541973
1542704 1542971
1543510 1543758
1544659 1545484
1546061 1546193
1548897 1549679
1553597 1554003
1556147 1556242
1557911 1558732
1561456 1561540
1562110 1564942
1569718 1569997
1570595 1571161
1574167 1574945
1578143 1578747
1580714 1580923
1581847 1583139
1583696 1584570
1592083 1592622
1593170 1594713
1595442 1595551
1596491 1597275
1598417 1598586
1599209 1600377
1601326 1601783
1603732 1604066
1606151 1607637
1608570 1609543
1611395 1611546
1616263 1616546
1618359 1618459
1619287 1619575
1621078 1621883
1625683 1626268
1627754 1628152
1630530 1631178
1635277 1636678
1641164 1641278
1644104 1644612
1646778 1647386
1648759 1650213
1651059 1651524
1654417 1654693
1655562 1655743
1662440 1663689
1666043 1666366
1666909 1667019
1667667 1668286
1668930 1669178
1669868 1670905
1672281 1672706
1674348 1675483
1676614 1676838
1678402 1681045
1682600 1684051
1686413 1686611
1691618 1692317
1698559 1699687
1700243 1702166
1705657 1706890
1707628 1707824
1710774 1711242
1711762 1712296
1713005 1713668
1714196 1714664
1716453 1717542
1719371 1719853
1720827 1721141
1721811 1722860
1723596 1723981
1726745 1727877
1730739 1731863
1732495 1732942
1734281 1734774
1735420 1735510
1736102 1736481
1739627 1739763
1747442 1748073
1748651 1749031
1751066 1751175
1753237 1753647
1756968 1757665
1759330 1759888
1760748 1760980
1761969 1762119
1764375 1764527
1765087 1765704
1767745 1770408
1773372 1774465
1775679 1779048
1779689 1780229
1782329 1782864
1783422 1783866
1785494 1785786
1786959 1787481
1790149 1790324
1790866 1791772
1792273 1792358
1794613 1794870
1795508 1796304
1798805 1799111
1800184 1801348
1805552 1806054
1808305 1813312
1816027 1816642
1818457 1845901
1846705 1849295
1850507 1854517
1855351 1855848
1856789 1857325
1858053 1859179
1859681 1859923
1861267 1862038
1862931 1863550
1865207 1865914
1867405 1867846
1869912 1869986
1870578 1873122
1873757 1874274
1875503 1884068
1884585 1892334
1892851 1893550
1894765 1895383
1898908 1899126
1899697 1899787
1902222 1902488
1903354 1903659
1904642 1907523
1908504 1910429
1912327 1913139
1913732 1914046
1917229 1917590
1918405 1918496
1920468 1921052
1922783 1922879
1923948 1924588
1925300 1926123
1930551 1930840
1934234 1934615
1935412 1935622
1937749 1938457
1940180 1940363
1943776 1945294
1946023 1946218
1948077 1948164
1949861 1950392
1952730 1953552
1954503 1955012
1955715 1955809
1956953 1957305
1959294 1960182
1962607 1963633
1967495 1967702
1969159 1969435
1975210 1975920
1976423 1976925
1977736 1978152
1980868 1982304
1983668 1983863
1985144 1985260
1986760 1987735
1989640 1989830
1990898 1991240
1996140 1996535
1997855 1998206
1999655 1999868
2000924 2002829
2003547 2007535
2008096 2009049
2009625 2009736
2010682 2010927
2013607 2014115
2015755 2016329
2019778 2020152
2020941 2023681
2025065 2025946
2029132 2029949
2032063 2032135
2033023 2033272
2035058 2035335
2036634 2036831
2037344 2037704
2039730 2039811
2040823 2043066
2044028 2044249
2044970 2045164
2046893 2048575
2051406 2052296
2053676 2054459
2055222 2055515
2056979 2057864
2061997 2062076
2064053 2064558
2065327 2066913
2072002 2072200
2075077 2075520
2076991 2077082
2079531 2079632
2080375 2081171
2083213 2083342
2084712 2085261
2085855 2086089
2086758 2087194
2087862 2088125
2088817 2089352
2092435 2092733
2095404 2096115
2100606 2101877
2102827 2103356
2104207 2104610
2107325 2107386
2108683 2108989
2110822 2111376
2113446 2113629
2114873 2115102
2116445 2116824
2118470 2118702
2121035 2121801
2122952 2123688
2125565 2125911
2126478 2128027
2134058 2134698
2135692 2135994
2138714 2140531
2143988 2144251
2145050 2146070
2148356 2148501
2150152 2150922
2153655 2154042
2156010 2156450
2158814 2159005
2160569 2161098
2161628 2162432
2163977 2164442
2165199 2165299
2165911 2166929
2167918 2168141
2169183 2169479
2170067 2171164
2172265 2172441
2173778 2173915
2174895 2175208
2177200 2178311
2179190 2179456
2180320 2180812
2182645 2183313
2183894 2183980
2184812 2184861
2186575 2187409
2188057 2188504
2189227 2189904
2191191 2193512
2195951 2196391
2199335 2199489
2200182 2201586
2202224 2203844
2204346 2209630
2211036 2212245
2212771 2213590
2214327 2217321
2217864 2220634
2221292 2221916
2222540 2226143
2226668 2227415
2229540 2230391
2231037 2231377
2232619 2233293
2233958 2234998
2236334 2237265
2238432 2240701
2241750 2242335
2242949 2243851
2247996 2248055
2249523 2249733
2253750 2256072
2256621 2256764
2257292 2257992
2260439 2260958
2261568 2262265
2264447 2264673
2266487 2266914
2267923 2269402
2270236 2272457
2272981 2273412
2274008 2275193
2276517 2278474
2279514 2279725
2281705 2283424
2284300 2285048
2285639 2286119
2289480 2289781
2290925 2291411
2294362 2294422
2297182 2298074
2298961 2299265
2301163 2302172
2303269 2303639
2305202 2306177
2308294 2308840
2310457 2311079
2313731 2314897
2319649 2320260
2321475 2321757
2322419 2322668
2329365 2330153
2331570 2332914
2334305 2334439
2335913 2336373
2337073 2339740
2341140 2342089
2344587 2346341
2347048 2347443
2348212 2349914
2350796 2351310
2351908 2355385
2355905 2356323
2357470 2357616
2358943 2359698
2360929 2361097
2361724 2363278
2364053 2366513
2367069 2367398
2369096 2370053
2370768 2371139
2371690 2371843
2374996 2375443
2378762 2379018
2380186 2380268
2380849 2382291
2383572 2384780
2386567 2387323
2387914 2387964
2388894 2390421
2394039 2394196
2394981 2395897
2398259 2398384
2400841 2401251
2401875 2402803
2403631 2404515
2405153 2405266
2406015 2419592
2421406 2423671
2424570 2424785
2425641 2428852
2431723 2433165
2435548 2436278
2436882 2439210
2441557 2441608
2442703 2442981
2446327 2446589
2448280 2448477
2451460 2451618
2453710 2453856
2455097 2455159
2456652 2456900
2458065 2460046
2461691 2462313
2463260 2463883
2468411 2470359
2471889 2472044
2473310 2473648
2474584 2474755
2478512 2479746
2480545 2481013
2483077 2483586
2485920 2485970
2487794 2488774
2491571 2492156
2495116 2495583
2496917 2497065
2498077 2498342
2499773 2500553
2501180 2501250
2501976 2502481
2503049 2503562
2507446 2507709
2508309 2509265
2511124 2511247
2514375 2514452
2518671 2519991
2521541 2521839
2523908 2523966
2526037 2527201
2531617 2531865
2534203 2534780
2540503 2541151
2542042 2542293
2542875 2545676
2546182 2546746
2548790 2549127
2551867 2552342
2553197 2553471
2554084 2554200
2555471 2556669
2557765 2558836
2560868 2560978
2561726 2561875
2562721 2564131
2565205 2565518
2567871 2568340
2570496 2571149
2578480 2578849
2579706 2579865
2583755 2583957
2584753 2585826
2587774 2588200
2592673 2592857
2593979 2597025
2598040 2599316
2600627 2602077
2602871 2603122
2604184 2604356
2605350 2605527
2607739 2607953
2609122 2610741
2611579 2613212
2616094 2616484
2617739 2617821
2620130 2620563
2621273 2621480
2626133 2627192
2628428 2629611
2630690 2631303
2632965 2633086
2634343 2634861
2637124 2637297
2637929 2638634
2639145 2639780
2640551 2640882
2643364 2643602
2644854 2645601
2646155 2646238
2649076 2649408
2650109 2650400
2651041 2651224
2651813 2652663
2653175 2653721
2655031 2655201
2655938 2656683
2657455 2657800
2659013 2659306
2659945 2660484
2662957 2663246
2665600 2665803
2666592 2666829
2667396 2669277
2670963 2672216
2673072 2673163
2673810 2673860
2674786 2674844
2675586 2676015
2676704 2677686
2678235 2678368
2678944 2679146
2681883 2682603
2686359 2686614
2687844 2688543
2689469 2689523
2692876 2693635
2694505 2695434
2700302 2700479
2701194 2701340
2707305 2723655
2725724 2730892
2731708 2731973
2732543 2738240
2739061 2739346
2740632 2742485
2744502 2745036
2748864 2749029
2750623 2751217
2752152 2754996
2755673 2755856
2758930 2759410
2760269 2760649
2761354 2762211
2762776 2763687
2765205 2765795
2766595 2766968
2768014 2768448
2771017 2771321
2773162 2773329
2774038 2774316
2775827 2775992
2778933 2778987
2781094 2781193
2783142 2783420
2787863 2788260
2790231 2792705
2793816 2793972
2797424 2797652
2800103 2800474
2801541 2802204
2805040 2805844
2806458 2806682
2807718 2807867
2810461 2810846
2812065 2812228
2814134 2815095
2816294 2817602
2818208 2821482
2822528 2823365
2823921 2824139
2825407 2825660
2827004 2827231
2829421 2830139
2835100 2835672
2836297 2836673
2838948 2839511
2840742 2841430
2842172 2842503
2845635 2846949
2849401 2849811
2850344 2850866
2852662 2853692
2855080 2855425
2857380 2858099
2860819 2861909
2862903 2864046
2870526 2870747
2873975 2874086
2875305 2875489
2876841 2876942
2877733 2877816
2879010 2879524
2880402 2881132
2882304 2882480
2885377 2885598
2886499 2887274
2888239 2888366
2889925 2890684
2891309 2891363
2896398 2896517
2897942 2898223
2899727 2900065
2900702 2901366
2902617 2902743
2908491 2908692
2910915 2911175
2916564 2917062
2918038 2919688
2920750 2921372
2921980 2922971
2924325 2924694
2925271 2927016
2927592 2928708
2929623 2931880
2932786 2933284
2933786 2934432
2935249 2935848
2937322 2937699
2938347 2939112
2940404 2940668
2941552 2941880
2942396 2943403
2944270 2945187
2947535 2948614
2949461 2949883
2952823 2953120
2954664 2955549
2956607 2959232
2959810 2960331
2962140 2963456
2965105 2965411
2967242 2967658
2969059 2970217
2970764 2971089
2972245 2972548
2976735 2977083
2978009 2978336
2981341 2981830
2983927 2985035
2991461 2991610
2992428 2993989
2995427 2997873
2998973 2999528
3001036 3001728
3002310 3002450
3006595 3006894
3008042 3008215
3011280 3011711
3013666 3014030
3014628 3015105
3016067 3016334
3016880 3017035
3017552 3018070
3019416 3023460
3024940 3025169
3026934 3027892
3030458 3030923
3032498 3033384
3035106 3035940
3036722 3038638
3039224 3039541
3042713 3045547
3046919 3047775
3048896 3049539
3051352 3051454
3054120 3054189
3055755 3057072
3059309 3059571
3061103 3062599
3063169 3063223
3063922 3065863
3067821 3068109
3069199 3069406
3070470 3071844
3074186 3074454
3082348 3083442
3084253 3084805
3085574 3085987
3086823 3087337
3087989 3089183
3090166 3090275
3091554 3091828
3095227 3095529
3096855 3096970
3097869 3098162
3100400 3102775
3104939 3105347
3105889 3109322
3110416 3112210
3113435 3114126
3115346 3115561
3117742 3117800
3120854 3121098
3121669 3122118
3123896 3124689
3125223 3125831
3126356 3126725
3131581 3132130
3133147 3133883
3134750 3136288
3136911 3137930
3140041 3140149
3141466 3141762
3142714 3142861
3143821 3144073
3144809 3146403
3146970 3147068
3149064 3149831
3154338 3157822
3159973 3161223
3161765 3163104
3164220 3164464
3168043 3168767
3169590 3170040
3171785 3172619
3173184 3173438
3175377 3175432
3176238 3176596
3177564 3178274
3180588 3181943
3184900 3185679
3187391 3187600
3188976 3190042
3190586 3190905
3191971 3193289
3193905 3194203
3195911 3196401
3198355 3198643
3199727 3200145
3200826 3203404
3204132 3204931
3205479 3205694
3206216 3207185
3216487 3216557
3217506 3218991
3219680 3219837
3220409 3220474
3221023 3221237
3222192 3222311
3223678 3224128
3224736 3225624
3227473 3227983
3230375 3230689
3231807 3233666
3235492 3235707
3236530 3237013
3242467 3242864
3243642 3244838
3247099 3247857
3251681 3251978
3252622 3253084
3253992 3255052
3258979 3260349
3262926 3263194
3265448 3265766
3268668 3268753
3269424 3270009
3272626 3273229
3275509 3276124
3277053 3279439
3281804 3282694
3284016 3284458
3287953 3288486
3289762 3290778
3291377 3292046
3292768 3293224
3294963 3295267
3296529 3300251
3300770 3301351
3302418 3303180
3304890 3304985
3305659 3305881
3306426 3306698
3309111 3309397
3312286 3312464
3318909 3318985
3320270 3320754
3324454 3325968
3327957 3328696
3329503 3329703
3331298 3331839
3332865 3333006
3334972 3336276
3336997 3337591
3339606 3339677
3340238 3341391
3343699 3343832
3346305 3347693
3348282 3348717
3349573 3350565
3353373 3353448
3353993 3354354
3356173 3356739
3357797 3358052
3359795 3361074
3361927 3362313
3364565 3365220
3367924 3368268
3368831 3368890
3369760 3370301
3372520 3373444
3374426 3374986
3376187 3376314
3378055 3378725
3379407 3380147
3380658 3381205
3383796 3384522
3385285 3386093
3386718 3387248
3387898 3388943
3390972 3391250
3393313 3396548
3397051 3397665
3398624 3400670
3402851 3403123
3404018 3404172
3406393 3406571
3407088 3407514
3408789 3409381
3410309 3410453
3411478 3412381
3413758 3413934
3414552 3415424
3416084 3416721
3418070 3418711
3420470 3420796
3421762 3423820
3425064 3425893
3427423 3428585
3429212 3429421
3430660 3430890
3431653 3431986
3432651 3434591
3435475 3435964
3438049 3438473
3439718 3440686
3441222 3441288
3442090 3443624
3445308 3445514
3446647 3446754
3448031 3448402
3448914 3449035
3450190 3450295
3453152 3453276
3454439 3454675
3457008 3457397
3459490 3462354
3464490 3464905
3466709 3467051
3467823 3468602
3472039 3473094
3474653 3475313
3475918 3476839
3477988 3478965
3479746 3479966
3480577 3481187
3484059 3484437
3489324 3489758
3493169 3493430
3496910 3497291
3499546 3499661
3501454 3501785
3503868 3504484
3505038 3505407
3507921 3508213
3512086 3513564
3515284 3515718
3516338 3516533
3517675 3519544
3520984 3521548
3522817 3523077
3524640 3524736
3525350 3525943
3530451 3532538
3533899 3534060
3537683 3538335
3539466 3539894
3540727 3540980
3541595 3542027
3544191 3544398
3545450 3545612
3547253 3547340
3548057 3548374
3550747 3550885
3555204 3555555
3558049 3558606
3559521 3559640
3560438 3561276
3561981 3562208
3563500 3563843
3564363 3564484
3566544 3567139
3567710 3567843
3568892 3571350
3572065 3572658
3573876 3574275
3577250 3577308
3578709 3579293
3579858 3580411
3583938 3584346
3584864 3585014
3586609 3586828
3587896 3588897
3589487 3590398
3593208 3594003
3595082 3595239
3598372 3598896
3600994 3601217
3602117 3603368
3604009 3604289
3604855 3605553
3606315 3608611
3612255 3612929
3613539 3614461
3615664 3615834
3616650 3616905
3618369 3618904
3619434 3619627
3621069 3621211
3622399 3622864
3623444 3624236
3628921 3629356
3631102 3632456
3633144 3633549
3637236 3637398
3638843 3639434
3640947 3641215
3642383 3642555
3643456 3643509
3644099 3645716
3647899 3648184
3649115 3650748
3652316 3652552
3653166 3654566
3656493 3656753
3659204 3659471
3661165 3662096
3662874 3663421
3664913 3666148
3668245 3668510
3670500 3670873
3672474 3673758
3674443 3674883
3678115 3678757
3679294 3679452
3683805 3683955
3685688 3685908
3688118 3693732
3694457 3695386
3696584 3697073
3699019 3699227
3699760 3701174
3703117 3703997
3704898 3705290
3708605 3708794
3710507 3711738
3712816 3713274
3716105 3717686
3719324 3720278
3721469 3723175
3724541 3725161
3726668 3728001
3729053 3729819
3730955 3731318
3733368 3734414
3735566 3736272
3740333 3741381
3744616 3745169
3746269 3747642
3748277 3748783
3754145 3754390
3754896 3755344
3758916 3759515
3763327 3763549
3765594 3766377
3767154 3767723
3769118 3771114
3772843 3774158
3775064 3775561
3777170 3777232
3777957 3780361
3783001 3783383
3784909 3785308
3785999 3787296
3788010 3788398
3798612 3799700
3801817 3802435
3804652 3804850
3806166 3806539
3808807 3809137
3809768 3809936
3812028 3813133
3813805 3814531
3815578 3816742
3817248 3818564
3821334 3821425
3822375 3822946
3823683 3823852
3824572 3824767
3830674 3831047
3836918 3837023
3837646 3838296
3839322 3839545
3841301 3841471
3842249 3842749
3843379 3844436
3848059 3848190
3849168 3849235
3851167 3851417
3852438 3853207
3854709 3854771
3858102 3858302
3861195 3862646
3864570 3864701
3866861 3867166
3868006 3868811
3869999 3870463
3872474 3872660
3874775 3875555
3876607 3876926
3881332 3881417
3882458 3882932
3884217 3884714
3887246 3888776
3890336 3890696
3892051 3892684
3896279 3896480
3897322 3899209
3900972 3902448
3903024 3903317
3904169 3904739
3905543 3905843
3907267 3909595
3910901 3911065
3911794 3913337
3913867 3915710
3919954 3920483
3922455 3923163
3925563 3925653
3926555 3927396
3928737 3929298
3929998 3930415
3935248 3936077
3937521 3937929
3938735 3939015
3939601 3939840
3940699 3941009
3942261 3942468
3945174 3945309
3948418 3948786
3949640 3949755
3950338 3951404
3953440 3953690
3957035 3958800
3960516 3960920
3961424 3962663
3963874 3965636
3968770 3968856
3970403 3971331
3973177 3973722
3976312 3976737
3977563 3978672
3980609 3980909
3983285 3984601
3985156 3987094
3993320 3995784
3996952 3997014
3998059 3999125
4001293 4001670
4003748 4004649
4006035 4006199
4007382 4007726
4010223 4011004
4013287 4013997
4014955 4015088
4018867 4019011
4019800 4019990
4022348 4022462
4023155 4024776
4028381 4028623
4031925 4032051
4035500 4035589
4036393 4036497
4042375 4042743
4044450 4045331
4046557 4046840
4047658 4048244
4050961 4052200
4053518 4054050
4054965 4055337
4061688 4062810
4065230 4065513
4066031 4068119
4069763 4071880
4072928 4074942
4075931 4076705
4078541 4080323
4081082 4084513
4085050 4085931
4087619 4087793
4089153 4089655
4090633 4092024
4092598 4095110
4095711 4095839
4098582 4098777
4103029 4103326
4107874 4108229
4110600 4111052
4112576 4112748
4113913 4114079
4116491 4116696
4117868 4118996
4121246 4122001
4122581 4122664
4124831 4125015
4127311 4127557
4128281 4128846
4130105 4131054
4132414 4133505
4134592 4135701
4136639 4137042
4138157 4139559
4141741 4142247
4143625 4143965
4145063 4145352
4146597 4147744
4149086 4149460
4150049 4150352
4150916 4151162
4154734 4157758
4158831 4159387
4160928 4161040
4163397 4164051
4165032 4166400
4167361 4167880
4168384 4168616
4169414 4170117
4172209 4173285
4177292 4177358
4178542 4178753
4180243 4180430
4182004 4182057
4185682 4185896
4188959 4189234
4190121 4190331
4192661 4193036
4193844 4194036
4194614 4194970
4195527 4196137
4200469 4200733
4201256 4202076
4207077 4207150
4210350 4211078
4211651 4211903
4212666 4212861
4213958 4214969
4215617 4215883
4216634 4216753
4217628 4217800
4219130 4219421
4222027 4222498
4223976 4224146
4224967 4225564
4227801 4228335
4230818 4230961
4232070 4233372
4234264 4234483
4239247 4239764
4240606 4241150
4241726 4242058
4243297 4243761
4246028 4246139
4247412 4247811
4249676 4249785
4250777 4250975
4253832 4255419
4260420 4260705
4263870 4264284
4264895 4265648
4266193 4266525
4267096 4267269
4270958 4271295
4272371 4272741
4276210 4276358
4280122 4281996
4282598 4283314
4286533 4286931
4287926 4288292
4288798 4289271
4289890 4290706
4293194 4295018
4295570 4296664
4297988 4298204
4298903 4299113
4303748 4305643
4306325 4307066
4307651 4310121
4311171 4313941
4314455 4314737
4315699 4316076
4316582 4317358
4320713 4320980
4324081 4324654
4325215 4325786
4327228 4327517
4333455 4333930
4334511 4334773
4337415 4337695
4342430 4342603
4343292 4343500
4344534 4344635
4348755 4348940
4350609 4351331
4353610 4354643
4355583 4356148
4359936 4360334
4361501 4361558
4362089 4362840
4364269 4364711
4367828 4372857
4376180 4376934
4377438 4378147
4378690 4379181
4379696 4379833
4381134 4381789
4384051 4384848
4385994 4386290
4387495 4387970
4389912 4390154
4392192 4393276
4396438 4396698
4399411 4399648
4401435 4401548
4403626 4403899
4408849 4413920
4415740 4416387
4417026 4417421
4418550 4419135
4422877 4423160
4425270 4426026
4429317 4429766
4431957 4433043
4434642 4434850
4435418 4435840
4436576 4437539
4439538 4439639
4441085 4441203
4441711 4443963
4445348 4447982
4448676 4449206
4450149 4450662
4452233 4453091
4456084 4456355
4457157 4461068
4462542 4463195
4467590 4468376
4470301 4470574
4471825 4472836
4473702 4474095
4474668 4474902
4475598 4476015
4477023 4477466
4478969 4479283
4479901 4480101
4481550 4482296
4482859 4483203
4484474 4485547
4486065 4486517
4488369 4491061
4492743 4493530
4494060 4494216
4496445 4498654
4499454 4499577
4501047 4501779
4505055 4505359
4506155 4506479
4508405 4509303
4510448 4511320
4512338 4512733
4513312 4513874
4515231 4515470
4515973 4516319
4518985 4519138
4519860 4519914
4521575 4521823
4522365 4522543
4523605 4524374
4530762 4530898
4531522 4532200
4533156 4535080
4536289 4537504
4544074 4544552
4548494 4548776
4550397 4550486
4552200 4558432
4561032 4561676
4563271 4563561
4564527 4564954
4567621 4568322
4568845 4571438
4571950 4572157
4573311 4573414
4574045 4574826
4576541 4576772
4579006 4579273
4579915 4580240
4581895 4582525
4587087 4588589
4590286 4590646
4591184 4591337
4594302 4594577
4599418 4599786
4602829 4603454
4607062 4607231
4607795 4608466
4609364 4610055
4610795 4610979
4611493 4612002
4613473 4613632
4614783 4615471
4616109 4617829
4620252 4621246
4626890 4627303
4628417 4629314
4630156 4630251
4631003 4631581
4632236 4632324
4633486 4633932
4635940 4636134
4639456 4641422
4642046 4642644
4644213 4645812
4649445 4654888
4656134 4656575
4658751 4659608
4660474 4662170
4663719 4664009
4664720 4665335
4665847 4666149
4667212 4667964
4668731 4670582
4679173 4679555
4680115 4680184
4680787 4680897
4683840 4686633
4688955 4689459
4690187 4692736
4694101 4694350
4698043 4699928
4701737 4702075
4702660 4702832
4709968 4710057
4711516 4711753
4712634 4714450
4715520 4715726
4718844 4719078
4720090 4720599
4723837 4724210
4725355 4726732
4728152 4728438
4729485 4729691
4731005 4731141
4733451 4733849
4739047 4739196
4745018 4747207
4748012 4748367
4749067 4749116
4755360 4755936
4756442 4756974
4758548 4758861
4759861 4760098
4762999 4763204
4765016 4765298
4766020 4767094
4768562 4769176
4770850 4771221
4771766 4771920
4772729 4773258
4774276 4774520
4775416 4776464
4777180 4777435
4778307 4778501
4781377 4782134
4783175 4783781
4784539 4784726
4786062 4786734
4788433 4788915
4790493 4791234
4792576 4792659
4793627 4795727
4796530 4796745
4797487 4798281
4800718 4801038
4801566 4801650
4805240 4806628
4807650 4807818
4808914 4809178
4811293 4811451
4814219 4814669
4815280 4815446
4819581 4820028
4822094 4822938
4829349 4829519
4830458 4830719
4831921 4833476
4838710 4840515
4842744 4842817
4843960 4844226
4845333 4845568
4847674 4849251
4849757 4850157
4850946 4852037
4852654 4852953
4853576 4856329
4856841 4857475
4858173 4858593
4859182 4862820
4864711 4864935
4865559 4866957
4867806 4867977
4868752 4869646
4870615 4871202
4874076 4874295
4876591 4877543
4878166 4879003
4880965 4884650
4886866 4887694
4888944 4889146
4890005 4890757
4892090 4892300
4893381 4894252
4895119 4898009
4900141 4900464
4903204 4903871
4906691 4906764
4910253 4911164
4914877 4915348
4916193 4918083
4918843 4919551
4921053 4922421
4923505 4924085
4924710 4926439
4929844 4930837
4931902 4932034
4933436 4935027
4936563 4937292
4938609 4938878
4941396 4941715
4949779 4951235
4953268 4953587
4954785 4955192
4955768 4957293
4958601 4959017
4961483 4962419
4967604 4968596
4969453 4969613
4970546 4970745
4971640 4972157
4973609 4974202
4974758 4974869
4975581 4976377
4977698 4979072
4980520 4981287
4982023 4982236
4983596 4984158
4985340 4985470
4990181 4990477
4991822 4992286
4996124 4997612
5001700 5003572
5005167 5005373
5006010 5006846
5007562 5007674
5008369 5009571
5011897 5012022
5012551 5012615
5013180 5013353
5013980 5014294
5014804 5016519
5019077 5019768
5021520 5022043
5025352 5025543
5030196 5031528
5032444 5032946
5033634 5034397
5040107 5040433
5044207 5044438
5046295 5046636
5054913 5055868
5056522 5056740
5058644 5059009
5061844 5062746
5063646 5065225
5066333 5067618
5069609 5069777
5071540 5073724
5075616 5075908
5076424 5076783
5077935 5078638
5079413 5079507
5080879 5081465
5082415 5083294
5085201 5085729
5086473 5086617
5089902 5091478
5092987 5093291
5095729 5096367
5097990 5099027
5100524 5101626
5102993 5103561
5105531 5106143
5106729 5111110
5112468 5113022
5114147 5115682
5119478 5119616
5126001 5128451
5135541 5136421
5138086 5139735
5140895 5141139
5142498 5144424
5145777 5145872
5146589 5146973
5149406 5149572
5154108 5154268
5157831 5158083
5158596 5160023
5161146 5161241
5161982 5162061
5163571 5164016
5167517 5167615
5169252 5169506
5171180 5171269
5172683 5172742
5174750 5178229
5180670 5182141
5183233 5184735
5185578 5185783
5186430 5187093
5187826 5187933
5189806 5193177
5193778 5194730
5195314 5195765
5198510 5199723
5205581 5205709
5206766 5207025
5208147 5208615
5210205 5210336
5212685 5213194
5214640 5214920
5217868 5218828
5220120 5220552
5222940 5224436
5225549 5230987
5231504 5234375
5237531 5237977
5241772 5242784
5243378 5244151
5244674 5245044
5248249 5248403
5253332 5253451
5255218 5255311
5257944 5258237
5259776 5260485
5262590 5263318
5264777 5266337
5268502 5268703
5273273 5273491
5274169 5274270
5274810 5275003
5276762 5277509
5278053 5278427
5280801 5280948
5282658 5283131
5284932 5285303
5286679 5286790
5288182 5288389
5290562 5290733
5292341 5294748
5295340 5296526
5298220 5298843
5299685 5301467
5304942 5305635
5306703 5307102
5307624 5307709
5308468 5308610
5312253 5312531
5317137 5317734
5322301 5322353
5322901 5323326
5325587 5325686
5326219 5328362
5330129 5330813
5331323 5331403
5332081 5333353
5333967 5334157
5336733 5338619
5339323 5339449
5342867 5345741
5346329 5346500
5347022 5347265
5347858 5348014
5348910 5349099
5353631 5353906
5357146 5357200
5362638 5363221
5366684 5367300
5368209 5369900
5370944 5371709
5374275 5374584
5375096 5375572
5379230 5379475
5381030 5381302
5383074 5384391
5386499 5386678
5387653 5387828
5393668 5394061
5395978 5396510
5400069 5400293
5402754 5404554
5416395 5416766
5418977 5419064
5423503 5423596
5428359 5428436
5429014 5429783
5430779 5431465
5432462 5432982
5434963 5435748
5436751 5437329
5438560 5438612
5439371 5439546
5441276 5441527
5442739 5442871
5444876 5445959
5448445 5448540
5452221 5453191
5454091 5454309
5456083 5456576
5457122 5457418
5461728 5462361
5465247 5465340
5466319 5467384
5468272 5468756
5470058 5470745
5472013 5474796
5476227 5477069
