Escherichia_coli_O157_H7_ancestor
35700 35818
38412 41537
56929 57393
377097 382892
385279 386190
387344 387927
397276 397543
459867 464872
663676 664265
724825 725011
725634 726564
727314 727391
728638 729114
734371 735130
736466 736621
739535 739671
740929 741313
743390 743643
745869 747469
755967 756900
762398 763013
884067 885007
899616 899699
1033975 1035003
1036329 1036923
1041552 1041837
1042414 1044515
1045868 1046153
1051299 1051620
1052724 1054738
1055500 1055549
1065601 1065680
1068107 1071085
1071604 1073518
1074409 1074574
1075848 1077010
1253620 1255073
1255616 1256566
1257144 1257620
1264194 1264349
1267571 1267890
1268787 1269743
1274216 1275919
1278210 1279234
1280281 1280551
1283088 1283244
1285077 1287744
1289012 1289206
1290985 1293485
1295846 1296275
1297052 1298559
1299232 1299295
1300145 1302516
1321029 1322488
1323077 1325231
1352270 1352548
1355356 1356218
1361697 1361930
1362993 1363361
1363982 1368309
1369673 1369838
1370554 1371009
1380940 1384006
1385240 1386807
1387310 1387480
1388554 1391222
1448550 1449029
1457055 1457148
1457714 1457826
1606144 1607169
1808653 1810919
1812049 1812549
1820084 1821129
1823185 1827344
1827887 1828108
1828945 1829526
1830573 1830843
1833380 1833536
1835369 1838017
1839162 1839514
1841294 1843537
1844114 1845476
1846703 1846840
1847358 1848550
1849051 1849245
1852250 1854496
1855351 1855748
1858276 1858329
1861267 1861575
1867420 1867873
1871099 1873122
1873757 1874081
1876900 1878468
1879736 1879930
1881709 1882125
1882668 1884068
1884967 1885477
1886408 1888307
1888980 1889043
1889893 1892334
1893212 1893449
1894152 1894968
1960765 1961197
2001264 2001961
2005943 2006406
2054074 2054123
2170557 2170700
2191317 2193512
2200362 2201586
2203432 2204131
2204808 2208052
2208611 2209281
2211708 2211787
2214207 2214325
2219132 2219220
2221813 2221930
2222540 2223024
2223567 2225959
2229540 2229699
2237365 2237708
2238825 2238919
2240049 2241002
2270461 2272457
2277039 2278071
2336053 2336373
2337618 2338059
2348749 2348867
2354205 2354523
2355905 2356328
2362431 2362712
2365060 2365703
2402618 2402803
2406392 2406736
2407279 2407695
2409475 2409827
2410972 2413620
2415453 2415609
2418146 2418416
2421463 2421570
2422113 2423631
2425825 2426736
2431533 2432358
2526019 2527478
2594166 2597011
2600733 2601722
2707837 2710839
2711689 2711752
2712425 2714339
2714858 2717618
2725456 2729454
2729995 2730520
2732543 2732729
2733332 2736808
2740692 2741502
2752152 2752430
2995618 2996066
2997337 2997755
3019478 3020389
3021158 3023201
3101799 3102506
3105447 3105755
3106324 3107593
3108867 3108987
3192982 3193299
3251681 3251978
3298698 3299161
3525351 3525464
3569272 3571350
3606818 3607878
3644512 3645077
3650137 3650324
3688486 3693732
4135089 4135678
4305233 4305756
4306603 4306878
4307651 4309483
4367754 4372857
4403851 4404409
4408847 4413907
4457284 4457442
4458011 4459280
4460554 4460674
4552959 4558178
4613473 4613632
4649444 4654571
4855479 4855597
4857203 4857475
4859182 4861391
4862524 4862809
4865564 4865719
4881307 4881465
4882034 4883303
4884577 4884650
4969668 4980266
4981010 4981287
5225993 5230987
5232465 5233578
5318795 5318969
5455196 5455491
Escherichia_coli_O157_H7_0910
55930 56145
2287190 2287333
3265431 3265748
4181445 4181520
4813384 4813539
5462434 5462608
