Escherichia_coli_O157_H7_0995
1 81
8582 10177
28594 28740
29810 39709
49502 57560
64042 64118
108080 108172
114298 114655
115182 115242
115836 120034
120684 126361
139978 143420
151218 153239
153788 187526
194065 198152
198733 199007
200918 207021
220645 220810
227593 232303
254560 259633
261111 268863
275941 307527
308638 330299
338482 339483
340855 345606
360036 374122
384340 399342
399990 402757
416320 416532
418762 425390
427479 428077
440705 446101
455349 459566
478856 481285
484102 488401
508073 508519
516394 516647
520922 531910
535527 556809
561166 571402
574124 584954
585514 587612
594037 614000
614598 626925
646528 646619
648569 656510
661609 662511
663316 667720
668542 668823
674366 680783
696050 705165
721230 723197
736764 739658
740220 740646
749424 749822
759139 771192
771888 772065
773239 776207
779591 787340
791189 796674
806582 806703
810678 852376
869687 869884
892570 892647
902152 906035
910101 915592
916108 940039
940545 981397
990531 992428
1002124 1003200
1004419 1004501
1008263 1012378
1013367 1022688
1028458 1028602
1030676 1032633
1053236 1063176
1068312 1071221
1073138 1073283
1081152 1083160
1087061 1091816
1095934 1101191
1112789 1122095
1131110 1147199
1152286 1158903
1159521 1164283
1197524 1205780
1215236 1249182
1249874 1255234
1270103 1270279
1275382 1276132
1286586 1286883
1290242 1291241
1291776 1293062
1296564 1297587
1302962 1303228
1305093 1311164
1314215 1314452
1315049 1315725
1333259 1334401
1347314 1347675
1348617 1354758
1356671 1360063
1360782 1366801
1370606 1370827
1375056 1375699
1396542 1401177
1412449 1412573
1427425 1437440
1442834 1443333
1446053 1449368
1458873 1459157
1460127 1484205
1541601 1558371
1558880 1581154
1589232 1593726
1604499 1605173
1612679 1647755
1667220 1675738
1682197 1707747
1711755 1731065
1750281 1766772
1770682 1770848
1775105 1782576
1785551 1801998
1812857 1814532
1817687 1821164
1822303 1822900
1823860 1844585
1847139 1862219
1883029 1887912
1897587 1899847
1902705 1906136
1912168 1919226
1921094 1925034
1932232 1932351
1935203 1946035
1952073 1956093
1957612 1963607
1971649 1978583
1980260 1989842
2007591 2007669
2011775 2016116
2016686 2035975
2037857 2051998
2056237 2073989
2076214 2079758
2080286 2083912
2101972 2102170
2110887 2111992
2112842 2135860
2137699 2140745
2156072 2169856
2172077 2174535
2180522 2181498
2206355 2217287
2218695 2231771
2252517 2260424
2268075 2268372
2280706 2298357
2310965 2374812
2376802 2384478
2399158 2417485
2436218 2437082
2445618 2449765
2452110 2454013
2455380 2455718
2457415 2469893
2471182 2471506
2472854 2473336
2474782 2475327
2476181 2487148
2495276 2502009
2509224 2509421
2531637 2532789
2536055 2536138
2538981 2545709
2554292 2591868
2592523 2595970
2598511 2598800
2603529 2617697
2621267 2621511
2625928 2626175
2642484 2652807
2653574 2677532
2680478 2680577
2693904 2705534
2710637 2712583
2714628 2716812
2722104 2728267
2729218 2730221
2731700 2736456
2738417 2739934
2740624 2745643
2746203 2746444
2747597 2748689
2751270 2760297
2760880 2768321
2769367 2775303
2789168 2789221
2795245 2799411
2801145 2801512
2802100 2805125
2846899 2859781
2860325 2866430
2867343 2868239
2871828 2877797
2889929 2898382
2913689 2923906
2932167 2935368
2942246 2942377
2946216 2949887
2950470 2950531
2952224 2954270
2957609 2969489
2997176 3011633
3019463 3033469
3035874 3037358
3041832 3042052
3045830 3049397
3052316 3052499
3053142 3053463
3055222 3061718
3062252 3064199
3068959 3093263
3102552 3108862
3109418 3130354
3131213 3131285
3131906 3133256
3133761 3134231
3140507 3145892
3146595 3148062
3151508 3152691
3153412 3176676
3179197 3181418
3183200 3189898
3195334 3197875
3199612 3199871
3202079 3212091
3213551 3219546
3220048 3227195
3228129 3228505
3229097 3230031
3230966 3237499
3238961 3239527
3240655 3247583
3249376 3253675
3254347 3255267
3255779 3257363
3258552 3258843
3259685 3264824
3265498 3267364
3274483 3288860
3292887 3297250
3299628 3330618
3371894 3372032
3373886 3395936
3436861 3437001
3447029 3447119
3455258 3455706
3459418 3460877
3461676 3462312
3462860 3463123
3463770 3467799
3468590 3469683
3471182 3473457
3483677 3487115
3501698 3501847
3507270 3508491
3509760 3526729
3536500 3536790
3543819 3543959
3553757 3558512
3567055 3567245
3570335 3570474
3574101 3574749
3576603 3582529
3583460 3598917
3599911 3601703
3603209 3610849
3613306 3618172
3618773 3629211
3629832 3633291
3633904 3636535
3637057 3660350
3666627 3666837
3669876 3670107
3672663 3679720
3680315 3684283
3684795 3690455
3691097 3710766
3711357 3737704
3738263 3738470
3739486 3740489
3742213 3745255
3745778 3747172
3747711 3749064
3749664 3749726
3750290 3756139
3780270 3818171
3819384 3857832
3861507 3867906
3878933 3907503
3919618 3919811
3942968 3943276
3948554 3953077
3954219 3966146
3984592 3997322
4009868 4010198
4010945 4011882
4019884 4029015
4042250 4043894
4052913 4059459
4066130 4068696
4075218 4075368
4077182 4105487
4105994 4112107
4113271 4119873
4120992 4122044
4124475 4126912
4130370 4134672
4138391 4154026
4159558 4160044
4160595 4161916
4164697 4175354
4188496 4188604
4189650 4190994
4192501 4203011
4205456 4206012
4207452 4215437
4216137 4217627
4232690 4241591
4242240 4251594
4253841 4262784
4263384 4275355
4275881 4278354
4278857 4289637
4290778 4294083
4294679 4297821
4298750 4298956
4299978 4300787
4302092 4309410
4309961 4310911
4311454 4335523
4336793 4337514
4339381 4342154
4344436 4344717
4351399 4371573
4372325 4372401
4390791 4416811
4417354 4419496
4420097 4422221
4422769 4423696
4424617 4432821
4433330 4436387
4446733 4475026
4480846 4488857
4494442 4497664
4512079 4522850
4525642 4525691
4533321 4533770
4545564 4561474
4586642 4604018
4604531 4619148
4624265 4624396
4646208 4652824
4655704 4656132
4657967 4674759
4686355 4698982
4701008 4705545
4706217 4715610
4717405 4721080
4722152 4726372
4727475 4741929
4760960 4786376
4791133 4799613
4804080 4804160
4804757 4805211
4807630 4816592
4829592 4829731
4851817 4858214
4859575 4863901
4871086 4884342
4905071 4905356
4906948 4911291
4912863 4916859
4920467 4925218
4931303 4932501
4937640 4950440
4953306 4953477
4954162 4958480
4961511 4978465
4990676 4995511
5000643 5000760
5003959 5038606
5046030 5046425
5054613 5076937
5081169 5081446
5088785 5088846
5093312 5093369
5096877 5097000
5098235 5106593
5107817 5110762
5111291 5111517
5112793 5115855
5123269 5123350
5124135 5124641
5125167 5129043
5135831 5152695
5172214 5185509
5201157 5201241
5202005 5206907
5207453 5207751
5209414 5210573
5216813 5217099
5274932 5291609
5308556 5308770
5310148 5310634
5327161 5344013
5351014 5351230
5366531 5375119
5387435 5390271
5398974 5400158
5400673 5406850
5411616 5411748
5414316 5415546
5416053 5430198
5431238 5431346
5435443 5455483
5460312 5476317
