gi_556503834_ref_NC_000913.3_
14911 14984
15486 15614
23332 23651
25356 25946
26718 26940
31026 31270
34384 34462
35368 35624
36953 37153
38121 38942
41651 41816
45141 45314
48955 49061
62450 62669
64789 64929
68632 68847
72619 72877
74634 74700
81549 81924
83299 83406
87821 87982
89750 90054
98971 99081
99909 100118
101085 102611
103915 104097
105623 106268
111470 112207
120120 120196
120764 120902
125377 125497
128056 128419
131470 131672
142040 142393
143141 143197
148160 148670
151441 151537
154085 154228
156562 157278
162368 162451
165303 165384
166942 167228
173167 173755
175706 176596
184689 185118
190215 191104
192397 192454
201933 202218
204285 205236
205969 206101
207618 208675
209363 210462
218093 218224
223724 225212
225739 226007
226517 227622
228161 228452
236028 236152
240257 240575
243147 243343
246189 246238
248001 248224
250649 250760
251495 251641
254064 254437
255799 256176
257860 258457
263479 263664
264289 264659
265288 265429
270684 271046
271577 271662
273408 274315
274834 275597
276413 276486
277761 277870
279151 279931
284358 284477
287478 287571
290428 290482
291011 291179
292147 292792
298377 298430
300724 300980
303652 304282
306417 306501
307797 307895
312132 312886
314638 314749
315328 315513
316021 316226
319796 319850
323774 323880
324459 325110
334851 335062
336891 337479
338940 339358
344381 344730
345452 345711
353366 353581
354535 354838
357573 357656
359009 359181
361468 361805
362986 363451
367502 367611
370015 370088
375710 375854
378165 378245
381853 382491
386730 387095
391807 392873
393490 393555
394390 394685
401311 401418
412723 413027
416936 417050
420299 420554
428432 428774
433651 433942
435323 435698
448829 448901
450582 450882
454621 454672
457363 458601
462089 462933
464522 464668
470419 470667
475455 475553
476300 476371
476922 477289
483234 483483
484005 484312
491821 491903
494025 494732
497567 497751
499997 500139
501112 501167
501697 502105
503780 503873
504457 504891
516296 516363
517497 517839
527863 527938
529776 529864
536641 536808
537931 538056
540534 540583
544063 544548
548700 549691
552050 552186
561369 561456
566913 568154
571524 571736
573122 573591
574757 575837
579089 579774
580298 580502
586494 586744
587723 587986
591640 591728
592355 592591
598285 598771
599403 599466
601000 601265
603037 603241
603858 604069
605440 605676
608147 608978
610763 610834
611519 611950
612891 613381
618885 618956
620114 620180
623260 623531
627891 628310
631105 631656
634123 634313
635428 635802
636704 637160
641735 641915
650729 650848
651866 652145
659688 659742
662647 663243
665380 665580
666498 666938
668257 668664
687946 688952
690376 690534
696619 696901
700332 700419
701295 701480
703838 704504
705881 706076
713589 713772
722011 722596
726477 726690
729080 730580
731163 731359
732240 733104
733986 735017
736527 736765
737373 738114
741079 741182
742919 743634
744495 744905
751236 751376
752480 753230
754706 754844
756374 756553
759305 759836
761588 761777
765192 765850
772944 773188
773879 774007
776290 776664
779281 779525
780993 781301
781695 782081
784921 785221
786869 786926
788951 789437
791295 791616
793278 793403
799218 799523
803096 803861
806544 807115
809278 809341
813131 813513
814492 815150
815749 816589
819230 820079
823348 823421
823944 824138
825121 825267
827106 827382
830382 830582
833374 833507
834929 835288
837121 837281
839518 839630
841378 842461
850654 850827
851914 852062
853240 853431
859358 859503
860616 861382
862574 862815
868088 868423
870855 871250
873567 873790
875473 875675
886253 886469
887982 888076
891215 891463
893959 894184
914061 914136
918571 918681
937827 938110
939896 940028
945195 945258
945946 945995
952211 952275
957621 958147
972902 973350
976942 977356
978111 978219
978753 978840
982027 982184
991931 992372
993106 993189
998203 998559
1015089 1015407
1025138 1025291
1028158 1028486
1033029 1033433
1034540 1034589
1036270 1036401
1036978 1037153
1037554 1037616
1041735 1042188
1044190 1045152
1050105 1050810
1051372 1051614
1052251 1052341
1052965 1053234
1055610 1056105
1059108 1061382
1064459 1064802
1067146 1067468
1070452 1070784
1071351 1071659
1074901 1075027
1075972 1076212
1077045 1077285
1078652 1079083
1091725 1091820
1092367 1092838
1094207 1095399
1096381 1096680
1097339 1097542
1100027 1100231
1104764 1105217
1108335 1108542
1109262 1109363
1111582 1111653
1113582 1114317
1118558 1119512
1121792 1121891
1127023 1127362
1129228 1129479
1131827 1132212
1133604 1133934
1135094 1135392
1136349 1136753
1140741 1141429
1142686 1142768
1147158 1147393
1150799 1151055
1155553 1155662
1161807 1161952
1166178 1166424
1170287 1170560
1171344 1171607
1174063 1174243
1175136 1175196
1175766 1176457
1182348 1182737
1186093 1186682
1190047 1190245
1191573 1192574
1195688 1196417
1196962 1197125
1198628 1198862
1211904 1212002
1213038 1213564
1231352 1231462
1231621 1231846
1234333 1234388
1240102 1240656
1249189 1250478
1252091 1252383
1256454 1256638
1257066 1257883
1259723 1259825
1261990 1262432
1267728 1268292
1270910 1271108
1272397 1272985
1274224 1274575
1275844 1276331
1277488 1278675
1279863 1279922
1280438 1280790
1283398 1283468
1285408 1285472
1286302 1287524
1292516 1292732
1295873 1296612
1299170 1299251
1299802 1300656
1301518 1301942
1305488 1305967
1311003 1311089
1315324 1315618
1319612 1319820
1322278 1322790
1323496 1323664
1326631 1327020
1327977 1328031
1332391 1333230
1334425 1334892
1336081 1336268
1338880 1339256
1352096 1352189
1352876 1353045
1353664 1353816
1361668 1361944
1362689 1362768
1363771 1363832
1368778 1369236
1374723 1374911
1382576 1382682
1388229 1388727
1395898 1397019
1398412 1398519
1402566 1403098
1404806 1404895
1407368 1407701
1411865 1412164
1417729 1417875
1423487 1423774
1429828 1430082
1432578 1433413
1434018 1434355
1434883 1435115
1449113 1449534
1450742 1450875
1454370 1454790
1457208 1457358
1459429 1459479
1464397 1464514
1466112 1466756
1467770 1469104
1470285 1470524
1471860 1471995
1474444 1475010
1479865 1479978
1489508 1489600
1495716 1495902
1497921 1498378
1501383 1501619
1504808 1504993
1506033 1506483
1508223 1508321
1509656 1510029
1510682 1511531
1516072 1516161
1516829 1517180
1517816 1519336
1520554 1520653
1527429 1527714
1528570 1529115
1530679 1531100
1531990 1532849
1534922 1535507
1551923 1552090
1554300 1554809
1559669 1559868
1561781 1561851
1563432 1563565
1568764 1568968
1570769 1571296
1581958 1582219
1583154 1583717
1584379 1584608
1592330 1592802
1598668 1598806
1599403 1599617
1604008 1604742
1613301 1613783
1619107 1619443
1623124 1623564
1625787 1625893
1627156 1627260
1628795 1628863
1632463 1632998
1633755 1634944
1635857 1636927
1638684 1639007
1647662 1647875
1651074 1651449
1651950 1652174
1662091 1662271
1667046 1667114
1669985 1670289
1670951 1671101
1672397 1672615
1676638 1676706
1682414 1682485
1685335 1685582
1686433 1686662
1690036 1690221
1693426 1693676
1700107 1700193
1701935 1702306
1703501 1705078
1706184 1706700
1709336 1709460
1711900 1712051
1715273 1715394
1717644 1718202
1723236 1723418
1724721 1724923
1735233 1735359
1736173 1736305
1738429 1738853
1739688 1739783
1745898 1746821
1747486 1747634
1748623 1748748
1749694 1750698
1753097 1753925
1754956 1755149
1759138 1759334
1763568 1763893
1764511 1764632
1767914 1768353
1769525 1769756
1771726 1772016
1773194 1773569
1774369 1774712
1776670 1776792
1779976 1780355
1782903 1783581
1787053 1787117
1792843 1793103
1796014 1796398
1798569 1798764
1799544 1800431
1811504 1811794
1813194 1813297
1820997 1821164
1823112 1823226
1826187 1827106
1827701 1827786
1828972 1829263
1829860 1829940
1831056 1831475
1832276 1833332
1843250 1843442
1856840 1857216
1860277 1860576
1862481 1862935
1863840 1864059
1864718 1864795
1875765 1875984
1876882 1876988
1878376 1878966
1880458 1880691
1881645 1881725
1882497 1882588
1885961 1886092
1888700 1888811
1890850 1890994
1893968 1894124
1894832 1895050
1897964 1898043
1900142 1900260
1900984 1901168
1901718 1902333
1902893 1903013
1903648 1903742
1908833 1909075
1914713 1915262
1917552 1918274
1921100 1921242
1922790 1922988
1927176 1927593
1929639 1929788
1931156 1932019
1934320 1934778
1937811 1937939
1939677 1939864
1949880 1950194
1952868 1953020
1966321 1966641
1967173 1967309
1967930 1967985
1969472 1969704
1971798 1971931
1973465 1973671
1974673 1974737
1978617 1979164
1980280 1980778
1983055 1983251
1984018 1984133
1986206 1986323
1988622 1989201
1993552 1994206
1994740 1995110
2002642 2002734
2007078 2007292
2009411 2010006
2013013 2013121
2014382 2014485
2019760 2020207
2022634 2022784
2024599 2024928
2028574 2029021
2029928 2030076
2036504 2036606
2041003 2041059
2041938 2041996
2042708 2042923
2043804 2044092
2049250 2049686
2056947 2057215
2058554 2058737
2066665 2067080
2069039 2069828
2070351 2070668
2072390 2072599
2074895 2075180
2077642 2077966
2079960 2080274
2081175 2081323
2083519 2083706
2090519 2090796
2093391 2093631
2101848 2103009
2104792 2104843
2110080 2110801
2120959 2121945
2125014 2125093
2136197 2137455
2139272 2139418
2140051 2140205
2145332 2145470
2149343 2149406
2153311 2153459
2161051 2161217
2163750 2163809
2165269 2165348
2166206 2166289
2167529 2167730
2169410 2169497
2170269 2171103
2175835 2175945
2177376 2177632
2186006 2186263
2187365 2187823
2196085 2196408
2200029 2200266
2200796 2201417
2203161 2203566
2205349 2205523
2208646 2208711
2210513 2210856
2218998 2219260
2219777 2220005
2223912 2224354
2227412 2227738
2231407 2231486
2233078 2233550
2234429 2234777
2237463 2237807
2241515 2241840
2242456 2242554
2253396 2253506
2259080 2259375
2267033 2267359
2269639 2270045
2270548 2270671
2279265 2280496
2284370 2284553
2289088 2290031
2292406 2292538
2297624 2297848
2299957 2300029
2304813 2305142
2305996 2306156
2307917 2308154
2309715 2309915
2311264 2311599
2312312 2312566
2314537 2314683
2320623 2321018
2322186 2322784
2324711 2325507
2330533 2330972
2333431 2333504
2334422 2334916
2341231 2341378
2347428 2347783
2349715 2350954
2352755 2353228
2353884 2354028
2356424 2356632
2357741 2357876
2359162 2359357
2362932 2363116
2363675 2364146
2373670 2373937
2376729 2377244
2381960 2382118
2383415 2383683
2386444 2386851
2387430 2387844
2391556 2391896
2399402 2399890
2409624 2409880
2412309 2412443
2414532 2414983
2420431 2420697
2425271 2425475
2426923 2427055
2427918 2428207
2431048 2431644
2432261 2432775
2436621 2437024
2438044 2438095
2441845 2442094
2443777 2444119
2447226 2447358
2448895 2449009
2454196 2454948
2457546 2458403
2461199 2461327
2468679 2468996
2472373 2472494
2473242 2473494
2474099 2474497
2481753 2481931
2483422 2483874
2488535 2489074
2494374 2494428
2502904 2503415
2504733 2505220
2506938 2507195
2511154 2511758
2514239 2515519
2517765 2518229
2520723 2521256
2523890 2524319
2527048 2527845
2529886 2530100
2530823 2531178
2539461 2539671
2541685 2542574
2543288 2543827
2555880 2556036
2559657 2559727
2560896 2561262
2563020 2563786
2565052 2565434
2566468 2566686
2567292 2567439
2568098 2568400
2576070 2576584
2581896 2581992
2584296 2584811
2588527 2589040
2591983 2592233
2593101 2593178
2593967 2594081
2596118 2596195
2596914 2596965
2600476 2600634
2601182 2601395
2603561 2603720
2608264 2608919
2610289 2610416
2616061 2616302
2618114 2618186
2621989 2622284
2624556 2624655
2625855 2626385
2627992 2628111
2630256 2630754
2633306 2634060
2634740 2635611
2636638 2636692
2637362 2637544
2639761 2640032
2644140 2644231
2655548 2656020
2661376 2661735
2666878 2667071
2668450 2668897
2679040 2679417
2682869 2682949
2683597 2684017
2688198 2688469
2693241 2694471
2696003 2696492
2698666 2698731
2706095 2706324
2707640 2707843
2710404 2710510
2711098 2711437
2712433 2712956
2722406 2722590
2726689 2727360
2727894 2727985
2728859 2729898
2730400 2731179
2733976 2734105
2736693 2736856
2744468 2744519
2746596 2747454
2757342 2757464
2758071 2758456
2761280 2761385
2762662 2762778
2765447 2765700
2768216 2768631
2769688 2769895
2772533 2772717
2773415 2773694
2776526 2776672
2779237 2779314
2780037 2780497
2783491 2784208
2784810 2785129
2790485 2790705
2791614 2791740
2794419 2794823
2798146 2798271
2802034 2802332
2806517 2806654
2813720 2814690
2818132 2818223
2818818 2819895
2820398 2820535
2822780 2822914
2825647 2826182
2827476 2827568
2829469 2829637
2830597 2831386
2834136 2834743
2839925 2840189
2842251 2842421
2843750 2843975
2844874 2845376
2848529 2848796
2849415 2849818
2850790 2851095
2852911 2853262
2855011 2855361
2859145 2859399
2861456 2861606
2862237 2862594
2863396 2863445
2865545 2865692
2866816 2867924
2868574 2868871
2876827 2877796
2879922 2879994
2881632 2882029
2885274 2885622
2886651 2886813
2893522 2893951
2897062 2897281
2907995 2908145
2914190 2914430
2915206 2915270
2916436 2916565
2918707 2919452
2922019 2922115
2927800 2927853
2929785 2929984
2930485 2930667
2939282 2939649
2945834 2945909
2947272 2947604
2950186 2950327
2953314 2953414
2954318 2954750
2956080 2956372
2957003 2957347
2960498 2961106
2963060 2963252
2963753 2963846
2965118 2965302
2976946 2977142
2984897 2985040
2990301 2990558
2991114 2991284
2996484 2997817
3001397 3001869
3004059 3004155
3005044 3005160
3009222 3009772
3011034 3011231
3015287 3015502
3022712 3023055
3023678 3024339
3025269 3025713
3026261 3026415
3029486 3030069
3031655 3031731
3035577 3036223
3041805 3042157
3043407 3043467
3044027 3044173
3045408 3046718
3047544 3047617
3048478 3048733
3051485 3051829
3055282 3055799
3056654 3056917
3058452 3058871
3059800 3059860
3070200 3070401
3071540 3071730
3077189 3077465
3078346 3078591
3081910 3082100
3083061 3083132
3088715 3089271
3092770 3093040
3093633 3093991
3096137 3096842
3100253 3100524
3104595 3105421
3115973 3116157
3120966 3121027
3123386 3123527
3124929 3125052
3129270 3129378
3130042 3132236
3135916 3136158
3140217 3140398
3147103 3147714
3148588 3148928
3150177 3150281
3150673 3151048
3155062 3155601
3156155 3156229
3162843 3163943
3167164 3167270
3169752 3169837
3172521 3172584
3177574 3177847
3178354 3178516
3181442 3181536
3185523 3187016
3187875 3187946
3188585 3188703
3194979 3195081
3195630 3195691
3198953 3199505
3200445 3200567
3202880 3203767
3210547 3210869
3218597 3219144
3221382 3221650
3223419 3223532
3224900 3225294
3228604 3229680
3231900 3232009
3233197 3233327
3236059 3236357
3236960 3237167
3240063 3240324
3241245 3241319
3244204 3244292
3245291 3245385
3246622 3246810
3248151 3249112
3250774 3250877
3251447 3251617
3259210 3259259
3260928 3261061
3264260 3264457
3265970 3266787
3268456 3268531
3273233 3273463
3277756 3278025
3279117 3279711
3284058 3284701
3285537 3285636
3288607 3288671
3296597 3296857
3298117 3298293
3299685 3299839
3306101 3306178
3307873 3308718
3311876 3312014
3313464 3313522
3314994 3315137
3316217 3316317
3317276 3317518
3318627 3319277
3320400 3320450
3323054 3323598
3327643 3327993
3330498 3330678
3334497 3334675
3335178 3335337
3336588 3336686
3344256 3344375
3348356 3348472
3352463 3353576
3354902 3355393
3360151 3360311
3361863 3361999
3366043 3366574
3374338 3374799
3376117 3376268
3377525 3377742
3385611 3386030
3386888 3387025
3388269 3388927
3394000 3394324
3394870 3395441
3398193 3398480
3400140 3400228
3401947 3402034
3407213 3407378
3410008 3410196
3415844 3415897
3420325 3420681
3422822 3428867
3429592 3429976
3431617 3432266
3434161 3434212
3437056 3437169
3442060 3442188
3451253 3451875
3452627 3452979
3454803 3455624
3458569 3458669
3464675 3464818
3467209 3467268
3469812 3470097
3470618 3470840
3471982 3472037
3473111 3473233
3485401 3485481
3486134 3486231
3493871 3494901
3496419 3496820
3507095 3507151
3510951 3511319
3513936 3514111
3518351 3518430
3522377 3522515
3525107 3525319
3525959 3526373
3530318 3530715
3532908 3533178
3534876 3534975
3535478 3535547
3538080 3539386
3543937 3544385
3545147 3545420
3548959 3549280
3553788 3553907
3559115 3559386
3561192 3561808
3565388 3565800
3567688 3567853
3574865 3575143
3580752 3581055
3583589 3584106
3584709 3585141
3590239 3590644
3595066 3595334
3597283 3597757
3603354 3604167
3605010 3605170
3607646 3607741
3608777 3609159
3611302 3611449
3619434 3619990
3620520 3620712
3622116 3622790
3624114 3625586
3626822 3627201
3629277 3629359
3634293 3634627
3639890 3639961
3649531 3650257
3651730 3653137
3657215 3657410
3659946 3660103
3663764 3663876
3666867 3667275
3668107 3668171
3671508 3671772
3675852 3676629
3677346 3677585
3681486 3681718
3684390 3684505
3686651 3687111
3695914 3696084
3696325 3696411
3699132 3699298
3702982 3703245
3704231 3704400
3706354 3706744
3707286 3707383
3708455 3708535
3709262 3709337
3712822 3713115
3713680 3713744
3716287 3716875
3720499 3720794
3723608 3723724
3724371 3724898
3727341 3727662
3730559 3730742
3733763 3734192
3736717 3737093
3743911 3744564
3745913 3746058
3749262 3749359
3750165 3750485
3759190 3759492
3762764 3765788
3771992 3772183
3773472 3773548
3774898 3775189
3776134 3776492
3778459 3778740
3780812 3781283
3783530 3783666
3789223 3789295
3790223 3791205
3794360 3794617
3797735 3798208
3798946 3799347
3803061 3803415
3805452 3805602
3806131 3806367
3808560 3808945
3810221 3810469
3824154 3824741
3829650 3830018
3831620 3832169
3834116 3834514
3835410 3835837
3854450 3854744
3855245 3855412
3856510 3856624
3862096 3862389
3864482 3864696
3868608 3868778
3872501 3872811
3873651 3873700
3877254 3877361
3878102 3878714
3880202 3880427
3881938 3882058
3885125 3885555
3892516 3892628
3898135 3898350
3904468 3904760
3908426 3908526
3911143 3911621
3913701 3913961
3914689 3915021
3917115 3917289
3918271 3918571
3921250 3922094
3933150 3933910
3937176 3937570
3940455 3941111
3941977 3946931
3947570 3947623
3948159 3948460
3949023 3949179
3950046 3950135
3950845 3951300
3952671 3952824
3953581 3953819
3954551 3954911
3955480 3955616
3959335 3959429
3964817 3965003
3969596 3969729
3970605 3970791
3972599 3972714
3973586 3974213
3975317 3975540
3978475 3978536
3980349 3980491
3981824 3982028
3983446 3983590
3986608 3987165
3994147 3994232
3995585 3995675
3996582 3997115
3997936 3998397
3999976 4000321
4005012 4005394
4008991 4009104
4010489 4010570
4014010 4014175
4015596 4015963
4017052 4017359
4018286 4018685
4027425 4027733
4031106 4031458
4032129 4032220
4033597 4033664
4034925 4041348
4042980 4043080
4045736 4046389
4055349 4055515
4056112 4056612
4057704 4057972
4067241 4067444
4068747 4068963
4075163 4075314
4079125 4079175
4083916 4084328
4091362 4091467
4094144 4094581
4098148 4098208
4098857 4099734
4104521 4104693
4105198 4105370
4106913 4107306
4110513 4110760
4114158 4114401
4116003 4116176
4119153 4119233
4123357 4123409
4124354 4124496
4135513 4135656
4138672 4138781
4141183 4141833
4143033 4143522
4148198 4148434
4149035 4149097
4152313 4152393
4153443 4153505
4155077 4155585
4159638 4159860
4161712 4161987
4165971 4166613
4167232 4171704
4172337 4172396
4176427 4177727
4180695 4180839
4185862 4186119
4188355 4188419
4190050 4190209
4190936 4191075
4191590 4191911
4192813 4193559
4196499 4196620
4198545 4198795
4199544 4199612
4206591 4206853
4207872 4213587
4218179 4218563
4220344 4220813
4222783 4222914
4223716 4224124
4224747 4225153
4229225 4229368
4240370 4240626
4243925 4244104
4245905 4246216
4251485 4251635
4252819 4253124
4255611 4255863
4256611 4256760
4257276 4257575
4258136 4258349
4261466 4261650
4262645 4263431
4270463 4270889
4275066 4275130
4277195 4277584
4279867 4279955
4281775 4281897
4282799 4283237
4284286 4284528
4285984 4286267
4292421 4292741
4293319 4293384
4296097 4296433
4300471 4300526
4303778 4304156
4305968 4306132
4308534 4308969
4310462 4310586
4312593 4312763
4313288 4313497
4323467 4323641
4325861 4326347
4333486 4334429
4335180 4335237
4336271 4336540
4337676 4338084
4339060 4339216
4340256 4340513
4341935 4342507
4343386 4343827
4345340 4345406
4348147 4348273
4354667 4354769
4357075 4357153
4362291 4362754
4366374 4366584
4370867 4371006
4371939 4372498
4378560 4379001
4384305 4384724
4389196 4389265
4389840 4390764
4393783 4394030
4394536 4394630
4395332 4395521
4403045 4403482
4405888 4406386
4408907 4408984
4411596 4411931
4412516 4412790
4413429 4413656
4415297 4415536
4419111 4419187
4420692 4420809
4424421 4424876
4431843 4431930
4432477 4432583
4441275 4441338
4447293 4447378
4449469 4449816
4454443 4454541
4457234 4457332
4459046 4459190
4466058 4466175
4466856 4467065
4468233 4468327
4480871 4480957
4485126 4485227
4487736 4488521
4489131 4489210
4492404 4493973
4498104 4499484
4504022 4504323
4507557 4508675
4512752 4512804
4518272 4518526
4520644 4520893
4521690 4521759
4522426 4522948
4526197 4526315
4528670 4529076
4530804 4531076
4534507 4535392
4537259 4537740
4545781 4545916
4546639 4546821
4547352 4547618
4549047 4549467
4553373 4555063
4557180 4557616
4561338 4562039
4564598 4564727
4569157 4569289
4571466 4571618
4572609 4572666
4573232 4573333
4576168 4576245
4580420 4580578
4588599 4588853
4593606 4593743
4594739 4594962
4597202 4597297
4601369 4601992
4604336 4604554
4605264 4605477
4606809 4607019
4612327 4612570
4613861 4614193
4624693 4624938
4628082 4628403
4630763 4630860
4631359 4631723
4633376 4633459
4635884 4636536
4638022 4638347
4640583 4640645
4641250 4641652
