e_coli_k12_gi_556503834_ref_NC_
19895 20465
223564 228906
258007 258577
270638 271662
279327 280013
290540 291302
349880 349972
357575 357675
391807 392873
566870 567936
574685 575687
580537 580831
608106 609252
687945 688952
696505 697035
729901 730436
731157 731565
732089 733154
734247 734999
736482 736762
737347 738600
780797 781745
1094343 1095404
1097041 1097560
1286772 1287161
1299594 1300600
1396194 1397144
1432373 1434637
1466694 1466987
1468008 1470417
1528426 1529075
1532031 1532490
1552102 1552268
1635938 1636664
1650942 1651450
1978602 1979154
2066275 2067200
2069039 2070174
2101845 2102849
2170268 2171278
2289015 2289968
2304635 2304945
2514372 2515519
2518036 2518150
2520994 2521421
2662493 2662583
2726161 2731273
2817784 2818196
2947576 2947685
2996458 2997563
3130240 3131247
3186195 3187328
3269903 3270129
3365651 3366655
3392070 3392161
3423526 3428818
3583526 3584031
3620766 3622763
3624460 3625409
3652129 3653137
3666304 3667238
3708458 3708535
3762363 3763874
3764689 3765728
3941541 3943634
3946620 3946850
4027511 4027609
4035264 4036993
4037549 4040336
4094402 4094521
4153346 4153468
4166398 4166512
4168671 4171866
4176178 4177010
4207942 4213067
4296027 4296304
4326026 4326274
4392418 4392491
4498280 4499413
4614417 4614537
