Ecoli_0920_Ancestor_
1643 3589
6342 6558
7428 8208
8874 9102
13078 13194
13888 14283
14804 15018
17347 18100
19862 20522
21758 22302
24195 24442
25493 26049
28265 28666
30700 30922
31837 32246
32987 33235
34113 34390
39308 39664
41848 42189
43762 44403
46154 46682
48071 48629
51202 51520
52049 52152
54421 54632
55721 55770
58019 58293
60483 61491
64281 64547
65157 66727
68802 69528
75148 76204
78056 78122
78835 79013
80945 81002
81909 83247
84792 84871
86440 87049
87554 88214
90862 92447
94964 95277
96265 96472
97334 98336
105012 105216
107426 108127
110533 110602
115149 116610
117728 118002
122559 123608
129433 129828
131155 133046
135162 135291
136513 136871
137841 138008
138795 139125
140295 140390
145963 146314
147542 147715
148777 148850
151351 151407
155489 156080
157352 157497
158261 158364
160105 160179
160748 161235
165652 166585
171230 171983
173519 174070
174928 175144
176411 176548
178132 179153
180931 181149
181754 181821
182641 182804
183595 183876
184467 184575
185674 185962
186603 186899
190056 191244
194292 195240
198286 198358
202213 202346
210599 211087
213331 213557
214209 214421
219104 219604
225837 225903
227055 227121
231103 231427
232940 233387
235174 236018
239647 239769
241687 241787
244312 244475
245742 246557
247205 247363
251162 251316
252458 252529
254460 254542
257949 258084
265339 265625
268314 269617
271030 271208
272325 273004
275695 275939
277788 277892
278425 278520
280184 280607
281709 282474
287178 287455
288880 288969
290702 290784
291374 291605
294523 294852
299994 300181
301507 302416
303580 303754
305078 305998
306549 306632
311063 311315
313352 313473
318229 318502
322310 322510
328602 328977
329595 329652
330938 331011
331723 332046
337982 338647
339340 340526
342268 342322
346949 347228
349830 350362
357101 357704
359112 359908
360452 360838
366096 366210
368593 369609
370409 370613
372405 372742
374868 374985
376168 376327
377252 378777
379299 382862
386067 386364
389138 389339
392584 392747
400299 402381
406859 406950
407507 407619
410102 410478
411958 412804
414142 414267
418969 420179
420701 425024
428089 428213
428905 429031
432900 433634
434374 435221
436236 437115
438277 438674
441292 441453
442041 442637
443682 443950
447094 447625
449124 449456
451848 452226
454618 455263
456228 456464
457839 458162
460249 461211
461903 462015
467881 468316
471528 471976
474185 474621
476671 477729
478858 479025
482078 482696
485181 485662
488093 488191
489154 489457
490286 490366
493680 494057
495255 495485
496241 496542
497811 498328
503424 504007
507228 507587
508777 508863
509962 510172
515207 515522
516309 516928
518843 518962
525288 525615
526330 526389
529992 530538
535465 536124
539877 540193
542585 542858
545183 545360
546797 547064
548147 548227
550089 552926
553584 555408
557243 557500
558868 559121
560657 561394
562114 562399
564557 565654
568469 568631
570138 571044
571661 572124
573987 574084
575891 576019
577234 577445
581029 581380
583209 583456
585121 585247
586554 586746
588136 588252
589834 589935
596314 597077
598643 599111
603318 603464
606166 606422
608631 608853
610101 610348
611141 611843
612483 613149
614153 614387
616166 616613
619105 619369
620985 621483
626193 627072
629666 629751
630891 631902
632982 633232
633822 633986
637120 637197
638212 638396
644010 649281
651985 652356
653837 654129
659522 659749
661696 661882
662419 662585
663461 663540
667856 668882
670348 671158
674040 674489
675868 676397
677543 677705
680117 680204
686768 686971
689575 690063
690612 691063
692120 692480
694581 694650
697377 697569
698631 699233
702240 702480
703801 704741
707122 707659
708205 708875
711921 712099
714510 715323
719037 719507
720276 720784
721875 722634
724298 724638
729771 730127
731009 731151
733573 734842
736021 737385
738020 738085
738963 739199
739854 740099
741243 741653
744591 744708
745288 745353
748220 748499
751022 751158
756519 756884
761175 761719
762341 762493
767731 767995
769915 770388
771275 771688
772289 772445
774068 774945
777003 777112
783629 784670
788021 788262
789067 789252
790468 790854
793326 793800
795017 795266
796295 796485
803209 803458
804416 804682
807965 808078
809033 809194
811066 811122
812454 812799
813743 814199
814808 815152
816172 816417
817148 818051
821442 821840
824050 824168
825347 827106
827768 828611
831755 831949
834272 835211
835745 836277
837340 838418
839257 839384
839937 840137
841556 841640
843048 843173
845909 845968
849262 849976
853188 853464
856166 856337
857999 858298
860891 861322
866306 866585
867482 867658
868934 869397
871476 872168
874314 874586
876107 876952
877786 877852
880530 880666
883121 884460
888029 888673
893514 893688
896586 897828
901107 901355
902988 903268
904739 905733
906535 907263
911626 911725
916244 916792
917376 917518
920151 920417
921092 921233
921898 922283
923566 924471
924999 925326
928065 928299
929737 929973
930577 930780
935073 935374
936401 936689
937667 938903
939815 939958
940512 940614
943838 944252
945069 945167
949512 949575
953165 953291
953947 954061
954877 954951
955808 956350
960190 960634
961900 962248
965267 966024
967986 970097
970759 971307
977083 977137
979192 979374
989241 989484
990216 990362
993359 993603
996399 996539
997114 997583
1002923 1003227
1006386 1007993
1008834 1009687
1015004 1015313
1015818 1016055
1017798 1018179
1018722 1019417
1020092 1020723
1023142 1023562
1025976 1026084
1027772 1027908
1029221 1029302
1030177 1030607
1031826 1032003
1035208 1035397
1036704 1037389
1042492 1043124
1043721 1043802
1049731 1049951
1050496 1050718
1051790 1051947
1057009 1057479
1058168 1059028
1060499 1060616
1062077 1062210
1063514 1064542
1066098 1066408
1068538 1069024
1069792 1069855
1072841 1073109
1074051 1074196
1074819 1074952
1078994 1079095
1081268 1081978
1082887 1083327
1084627 1084706
1089053 1089630
1091574 1091669
1094963 1095089
1096771 1096943
1097616 1097868
1098528 1098619
1100452 1100752
1101612 1101795
1104719 1104978
1106297 1107047
1107818 1108048
1109261 1109413
1110011 1110087
1111938 1112135
1113266 1114156
1116777 1116898
1120293 1120766
1123029 1124459
1127482 1127655
1128225 1128463
1130922 1131001
1131772 1131912
1132475 1132783
1135973 1136046
1137314 1137517
1146481 1146771
1147289 1147673
1148906 1148963
1150536 1151159
1152028 1152393
1153665 1153820
1155715 1155909
1157692 1158224
1159594 1160401
1161871 1167507
1168144 1169023
1169600 1169807
1171909 1172103
1174220 1174661
1181751 1181815
1185292 1185823
1186448 1186729
1188789 1189833
1195938 1196150
1197801 1198286
1199987 1200087
1204527 1204853
1205955 1206244
1208583 1209887
1211116 1211475
1212761 1213023
1213580 1214192
1216366 1216542
1217592 1218033
1218542 1218799
1221088 1221649
1222203 1222550
1223118 1223506
1224148 1225153
1225682 1227246
1227865 1228615
1229333 1229446
1230268 1231399
1237826 1238207
1240459 1241099
1241756 1241822
1242971 1243114
1244640 1244817
1246053 1246540
1250060 1250599
1252142 1252364
1252969 1253112
1254819 1255286
1258126 1258274
1260050 1260179
1263067 1263435
1267897 1268070
1269129 1269971
1282336 1282409
1284259 1285390
1287579 1288533
1290503 1290798
1291835 1292165
1295532 1296529
1297201 1297363
1299944 1301519
1302340 1302606
1303861 1304174
1305507 1305695
1306215 1307784
1310169 1310611
1311804 1311988
1316410 1316521
1317667 1317912
1319160 1320180
1322083 1322680
1326821 1326911
1328051 1328468
1329093 1329203
1332917 1333126
1334303 1334508
1335018 1335441
1337388 1337579
1338202 1338664
1340058 1340458
1341542 1341939
1342670 1342940
1343591 1343709
1344487 1345218
1346149 1346371
1347014 1347223
1349805 1349968
1351040 1351241
1354816 1354920
1357159 1357511
1358758 1358846
1360776 1360912
1362674 1363056
1364830 1365097
1368525 1368950
1370271 1370608
1372534 1373147
1373679 1373998
1375203 1375511
1377216 1377365
1379120 1379199
1380907 1382024
1382526 1382578
1385395 1385652
1387026 1387149
1388951 1389003
1391721 1392777
1393407 1393783
1397821 1397913
1401357 1401466
1402793 1404831
1405433 1405706
1408442 1408579
1409723 1410053
1411723 1412015
1414509 1415065
1416395 1417735
1418325 1418500
1419209 1419377
1421486 1421842
1424859 1425246
1426514 1426879
1430817 1430922
1431592 1431829
1433460 1433535
1435392 1435827
1438333 1438562
1439413 1440063
1442189 1442446
1453674 1453895
1456977 1457384
1458520 1459056
1459557 1460817
1462398 1463002
1463795 1464177
1465481 1466147
1469845 1470293
1471991 1472249
1472830 1472884
1474068 1474128
1475890 1476218
1476802 1478392
1483674 1483810
1484581 1484882
1488983 1489172
1494736 1495331
1497727 1498262
1506347 1507733
1513731 1514459
1517850 1517938
1518514 1518740
1521805 1522234
1523791 1524551
1525152 1525829
1528204 1528511
1529539 1529666
1532993 1533210
1536944 1537058
1538524 1539390
1540905 1541681
1542404 1542505
1544291 1544583
1545879 1546799
1548402 1548707
1549641 1549749
1550888 1550977
1555077 1555410
1560577 1561079
1562149 1562863
1563569 1563808
1565259 1565874
1567314 1568565
1569670 1570635
1572066 1572661
1574672 1575050
1575577 1575944
1577457 1578513
1580708 1581020
1582800 1583115
1583643 1583832
1584994 1585217
1588250 1588762
1589296 1589842
1591898 1592243
1593182 1594334
1596370 1596712
1597589 1597894
1599181 1599272
1599880 1600179
1601261 1601641
1603237 1603477
1608136 1609576
1611565 1613151
1613727 1614778
1617080 1618361
1621025 1621614
1622422 1622536
1623099 1623220
1627287 1627908
1633477 1634176
1634942 1635390
1638061 1638700
1639310 1639428
1642194 1644475
1645101 1645812
1646428 1646855
1647632 1647809
1649663 1649857
1650905 1651282
1653693 1653831
1654718 1654896
1655693 1656200
1657821 1658362
1661000 1661260
1664254 1665378
1666205 1666459
1667910 1668274
1669091 1669222
1670630 1670877
1673557 1673620
1680089 1680264
1681408 1681604
1683386 1684123
1686496 1687026
1689131 1689351
1690511 1691002
1695712 1695996
1698520 1698705
1699727 1699933
1705911 1706000
1710755 1711832
1712962 1713046
1714107 1714372
1716235 1716725
1718036 1718525
1719852 1720032
1720657 1720899
1722296 1722640
1723468 1723693
1726134 1726799
1727651 1727967
1730189 1730257
1734354 1735458
1739137 1740107
1751437 1751576
1753952 1754394
1755223 1755834
1757719 1757818
1760709 1760981
1763696 1764097
1765496 1766226
1766998 1767112
1769680 1769977
1770950 1771105
1771762 1772486
1773224 1773714
1778705 1778960
1783160 1783409
1784441 1784853
1787476 1787841
1789201 1789463
1793635 1793757
1794353 1794929
1795643 1795716
1796377 1796835
1800698 1800937
1802426 1802828
1804821 1805008
1806162 1806377
1806978 1807123
1807641 1807859
1809695 1809790
1811169 1811601
1812713 1812965
1814057 1814139
1820401 1820774
1822097 1822334
1827099 1827265
1828437 1828528
1830654 1830823
1831592 1831784
1839137 1840069
1841372 1841732
1842915 1842981
1844150 1844494
1845473 1845748
1846338 1846482
1851107 1851908
1852616 1852763
1855793 1856000
1857796 1858496
1859230 1863082
1863604 1864679
1865605 1865854
1867295 1868143
1875034 1875158
1878390 1879113
1880826 1880985
1881677 1881797
1882384 1882683
1883977 1884639
1886003 1886335
1887859 1888170
1889155 1889426
1891144 1891277
1891796 1891988
1895055 1895400
1897875 1898239
1898764 1898878
1899564 1900034
1903856 1904991
1908801 1908979
1913985 1915876
1917139 1918384
1919400 1919689
1922107 1922341
1928320 1928632
1929159 1929451
1931192 1932711
1936729 1936940
1938223 1938321
1938872 1939216
1940294 1940570
1941181 1941433
1943057 1943206
1943779 1944011
1945561 1945775
1946654 1946881
1947447 1947687
1948971 1949345
1951110 1951322
1952123 1952478
1960187 1960416
1961772 1961947
1969130 1969872
1972239 1972539
1974211 1974644
1975648 1975868
1976483 1976837
1979582 1979991
1983221 1983727
1986969 1987066
1987684 1987977
1990653 1990897
1993540 1993704
1997270 1997797
2001141 2001431
2004521 2005334
2006535 2006599
2009112 2009673
2011472 2011749
2015188 2015717
2016944 2017266
2017901 2017988
2024848 2024951
2027282 2027391
2028993 2029594
2030618 2031127
2031954 2033720
2035047 2035241
2040971 2041112
2044027 2044221
2046032 2046758
2047875 2047972
2048560 2048660
2057601 2058373
2061371 2061941
2062635 2062815
2064275 2064598
2065818 2067105
2069886 2070913
2072920 2073001
2074744 2076876
2081397 2081506
2083004 2083063
2083965 2084232
2088829 2089768
2091435 2091884
2094510 2094564
2095066 2095562
2097835 2097884
2099925 2100385
2101271 2101548
2104680 2104776
2109201 2109580
2113615 2113894
2115681 2116614
2119295 2119474
2120739 2120983
2122207 2122394
2124072 2124678
2126218 2126351
2127092 2127631
2128809 2130552
2132558 2132612
2133144 2133214
2135037 2135125
2138087 2138917
2139591 2139919
2143876 2143991
2145089 2145689
2146267 2146790
2147865 2147996
2149113 2149896
2152693 2152805
2155240 2155340
2159763 2161083
2164865 2164920
2169769 2170337
2171158 2171808
2175632 2176249
2177662 2178314
2180335 2180670
2187239 2187456
2190139 2190387
2191674 2191766
2193398 2193677
2196276 2196339
2197527 2197834
2198860 2199292
2201720 2201826
2203799 2204095
2205115 2205248
2205829 2206171
2209373 2209451
2211710 2211854
2212456 2212582
2213177 2214488
2216615 2216692
2217325 2217379
2219462 2220053
2220752 2221318
2221848 2222719
2224626 2224743
2225908 2226734
2231117 2231591
2235659 2235852
2238480 2238960
2241121 2241942
2247449 2247868
2248981 2249131
2250508 2250748
2254321 2254546
2256400 2256544
2259552 2260282
2260898 2261254
2263790 2264640
2266520 2266771
2272136 2272204
2277655 2277887
2278467 2278893
2281229 2281754
2283080 2283368
2285202 2285335
2285916 2286960
2290612 2290716
2292814 2293107
2298257 2298491
2299533 2299902
2300426 2301786
2303783 2304057
2305909 2306180
2307152 2307209
2314247 2314508
2316469 2316751
2318117 2318172
2319463 2319904
2322712 2322903
2323662 2323875
2325373 2325595
2327087 2327422
2329450 2329984
2331721 2332129
2332876 2333467
2334453 2334850
2337447 2337813
2339071 2339474
2344589 2344772
2345518 2345603
2346280 2346553
2348728 2349045
2352699 2353021
2353760 2353914
2356424 2356706
2357310 2357602
2358173 2358540
2362965 2363031
2364689 2364991
2365730 2365997
2367449 2367527
2369089 2369266
2374461 2374738
2379461 2379704
2382664 2382714
2385401 2385493
2388406 2388851
2390350 2390444
2392762 2392973
2393940 2394055
2398902 2399276
2400495 2400990
2401800 2402098
2404801 2405383
2406913 2407573
2412791 2413495
2415793 2416114
2419475 2420570
2424133 2424922
2429372 2430231
2432802 2433578
2434225 2435333
2439185 2439794
2441339 2441468
2446667 2447514
2448731 2449138
2450691 2450826
2451577 2451756
2456177 2456772
2459126 2459524
2461175 2461526
2462111 2462332
2464615 2465659
2466328 2466380
2467561 2467852
2470274 2470443
2472610 2473113
2474400 2474980
2476075 2476292
2477725 2478150
2479927 2480270
2483405 2483789
2484342 2484847
2486272 2486382
2488021 2489156
2491196 2492851
2493877 2494577
2499332 2500110
2502395 2502988
2503535 2504816
2505768 2505832
2507541 2508002
2508645 2509021
2514344 2515686
2520595 2521659
2522381 2522673
2523604 2525650
2529129 2529381
2530010 2530093
2531406 2531507
2533369 2533418
2538031 2538247
2541043 2541242
2541951 2542270
2547165 2547290
2549938 2550164
2553702 2553765
2554682 2555180
2558364 2558541
2560818 2561197
2563036 2563220
2565521 2565652
2571464 2571547
2573419 2574090
2574714 2575014
2575708 2576050
2577279 2577560
2591895 2592129
2592736 2593140
2594282 2594483
2596467 2596759
2597296 2597765
2599170 2599554
2600084 2600269
2601015 2601649
2605648 2607057
2608043 2608175
2609200 2609298
2609820 2610125
2615092 2615682
2617710 2617905
2619046 2619156
2621085 2621572
2622117 2622302
2623215 2623353
2624606 2625342
2637402 2637835
2638732 2638782
2640922 2641298
2643398 2643577
2644583 2645036
2646740 2646879
2649049 2649383
2650712 2651964
2653154 2653731
2656152 2656543
2657837 2658909
2663150 2663427
2664491 2666402
2666906 2667235
2670221 2670390
2670984 2671278
2673143 2673542
2676483 2676945
2678821 2679088
2679855 2680447
2684616 2684751
2687358 2687546
2689741 2689935
2696383 2697710
2700821 2700993
2705054 2705268
2706182 2706723
2707809 2707930
2709503 2710194
2711373 2711435
2713905 2714182
2715563 2715906
2718896 2719216
2728787 2729276
2730842 2731533
2736154 2736495
2737895 2737967
2741246 2741716
2743967 2744812
2745668 2745869
2752843 2753241
2754369 2754777
2756418 2756721
2757402 2757485
2760128 2760635
2761318 2762118
2764247 2764429
2766388 2767211
2769053 2769174
2769679 2769869
2772139 2772586
2773161 2773400
2774354 2774887
2775829 2775950
2777335 2777482
2783974 2784196
2784902 2785143
2785960 2786064
2788015 2789662
2792707 2793308
2793827 2794343
2802895 2803720
2804401 2804599
2806398 2808069
2809331 2809713
2811308 2811569
2812186 2812345
2812857 2813170
2816109 2816413
2817273 2817484
2818252 2818341
2818868 2819025
2825880 2825947
2835155 2835328
2835864 2836239
2838907 2839020
2840338 2843074
2844710 2845390
2847717 2848404
2849804 2850478
2855118 2855388
2856585 2857978
2860784 2860950
2862047 2862106
2867707 2869291
2870671 2870848
2873547 2874027
2875180 2875320
2878466 2879282
2881281 2881495
2884241 2884391
2885264 2886672
2890173 2890519
2894428 2894571
2896576 2896674
2898749 2898831
2900292 2900411
2906354 2906533
2907157 2907473
2911390 2911797
2913078 2913263
2913860 2914018
2915084 2915141
2915901 2916132
2916779 2917499
2921073 2922796
2923996 2924169
2931368 2931577
2934238 2934592
2938325 2938630
2939192 2939750
2943539 2943833
2947681 2948060
2953563 2954956
2956880 2958067
2961174 2961661
2963108 2963330
2965875 2966189
2970570 2970884
2973327 2973603
2975532 2975980
2976647 2977538
2981551 2981832
2986680 2987658
2988582 2988712
2990359 2990467
2994486 2994900
2997693 2997928
3000010 3000327
3001063 3001330
3002061 3002331
3003857 3004491
3005833 3006566
3007110 3007803
3010814 3011634
3016958 3017084
3019101 3020093
3021076 3021859
3024479 3024784
3027799 3027859
3031388 3031535
3034140 3034423
3039692 3039957
3041141 3041306
3042688 3043026
3045761 3045881
3047940 3048617
3057707 3058010
3058537 3058743
3059440 3059685
3060305 3060430
3061993 3062738
3065573 3065702
3068501 3071598
3075211 3075288
3075836 3076104
3076755 3077204
3077793 3078498
3082431 3082693
3083350 3083547
3086683 3086807
3090113 3090651
3091370 3091529
3092652 3094497
3095181 3095371
3096623 3096685
3098631 3099523
3104167 3104753
3105788 3105865
3106593 3107204
3108529 3108957
3110951 3111376
3112602 3112702
3113943 3114255
3117107 3117172
3119982 3120712
3122342 3123073
3124746 3124804
3125791 3126088
3127734 3128933
3129937 3130993
3135829 3136361
3137548 3137728
3145771 3146355
3147751 3148067
3149400 3150534
3151258 3151579
3153207 3153406
3153907 3154198
3155011 3155229
3157565 3157856
3161018 3161338
3161952 3162177
3162691 3163626
3164224 3168491
3169815 3170037
3170867 3171491
3173840 3174661
3177866 3177940
3178744 3178920
3180267 3180385
3181095 3181771
3186612 3187277
3189264 3189634
3193661 3194648
3195197 3195432
3199299 3199700
3200564 3201638
3202229 3204972
3206999 3207065
3209032 3209736
3210582 3211251
3215771 3216206
3220543 3220801
3221788 3221859
3223102 3223516
3225421 3225640
3226883 3227715
3229580 3229927
3231306 3231978
3233872 3234104
3235073 3235220
3236461 3237257
3237846 3238089
3240491 3240664
3241268 3241353
3242842 3243421
3244328 3244650
3245399 3245581
3252222 3252895
3256286 3256801
3257741 3257911
3260425 3260558
3263251 3263556
3265202 3266153
3268442 3268795
3273835 3273899
3274850 3275320
3276105 3277417
3278488 3279365
3282464 3283126
3283689 3284065
3285705 3286007
3286819 3287941
3288602 3289628
3290214 3291548
3293134 3293405
3294542 3294763
3297112 3297872
3303171 3304601
3306729 3307404
3311660 3312359
3313694 3314095
3320523 3321333
3322203 3323127
3324924 3325725
3328072 3328417
3330307 3330615
3331124 3331846
3334065 3334846
3335689 3336102
3337972 3338292
3339305 3339464
3341681 3341978
3344283 3344970
3345484 3345650
3350167 3350482
3358732 3358859
3360310 3360539
3363628 3364078
3364672 3365084
3365628 3365885
3366568 3366945
3368458 3368798
3370032 3370151
3373809 3374341
3377035 3377290
3381305 3381452
3385562 3385848
3389006 3389073
3391547 3391632
3395541 3395849
3398586 3398783
3401565 3402472
3404874 3405059
3406002 3406301
3406971 3407160
3409957 3411726
3418727 3418958
3421340 3421875
3424512 3424952
3425475 3425790
3429518 3429743
3436305 3436405
3437754 3437844
3438657 3439714
3440251 3440707
3442119 3442488
3443055 3443252
3446227 3446734
3448021 3448514
3450082 3450733
3452814 3453105
3454658 3456032
3456685 3456861
3460734 3460839
3465753 3466359
3467302 3467588
3468531 3469300
3474200 3474696
3478960 3479099
3481598 3482751
3486146 3486273
3493143 3494049
3495391 3497985
3498860 3499388
3501675 3501956
3503475 3504531
3516900 3517153
3518536 3518641
3520309 3520466
3522835 3523023
3523763 3524433
3529312 3529552
3531620 3531674
3533006 3533913
3534456 3535039
3535923 3536698
3538302 3538454
3540496 3540877
3542515 3543517
3546306 3547024
3550326 3550397
3551584 3551638
3553488 3553691
3558893 3559137
3560914 3561225
3563300 3563772
3564591 3564820
3566525 3566603
3571116 3571618
3574922 3575653
3577044 3577327
3579298 3579503
3581527 3581623
3586352 3586471
3587175 3587704
3588297 3588515
3592681 3592756
3597570 3597736
3599992 3600553
3601841 3601944
3603149 3604108
3608677 3609742
3610310 3610976
3611639 3612127
3615633 3615889
3617025 3617148
3617935 3618643
3621976 3622914
3625728 3626169
3627697 3628182
3629344 3629412
3632511 3632631
3635946 3636431
3637143 3638355
3640719 3640925
3646925 3647547
3648385 3649561
3650400 3650458
3651216 3651631
3653256 3653673
3654847 3654972
3657092 3657861
3660984 3661079
3665566 3666056
3667237 3667364
3670835 3672058
3672961 3674784
3679080 3679640
3682295 3682967
3684564 3684645
3686995 3687201
3688778 3689243
3692392 3692854
3694695 3694921
3695831 3696013
3700789 3701322
3703539 3703670
3704294 3704599
3706561 3707312
3713086 3713381
3714013 3714115
3715026 3715131
3716890 3717023
3717854 3718171
3719164 3720148
3721428 3722277
3724812 3725094
3729535 3729752
3732142 3732924
3734933 3735406
3738925 3739218
3740439 3740532
3741257 3741783
3744208 3744336
3746102 3746480
3748839 3749098
3750101 3750397
3751584 3752784
3759753 3759914
3766364 3766614
3773020 3773136
3775911 3776219
3776853 3777065
3778942 3779445
3780721 3780801
3781846 3782227
3784381 3784704
3790845 3791027
3791939 3792132
3792856 3792987
3795351 3795691
3798169 3798340
3804350 3805802
3807763 3808176
3808885 3809031
3810606 3810798
3817635 3818036
3819040 3819631
3820694 3820859
3822643 3822799
3823552 3823687
3826412 3826642
3828157 3828415
3830672 3830932
3832492 3832761
3834193 3834444
3835184 3836175
3837518 3838958
3840391 3840725
3841625 3841856
3843439 3844045
3845985 3846816
3848371 3848522
3850501 3850618
3851216 3851380
3851995 3852114
3855796 3857204
3857743 3858045
3859321 3861179
3862174 3863346
3863931 3864015
3864722 3866220
3870504 3870780
3871331 3871599
3872310 3872605
3875429 3876794
3880503 3881705
3885805 3886003
3886923 3887168
3888137 3888209
3889255 3889431
3895879 3896180
3896885 3897071
3897843 3897921
3898528 3898738
3899584 3900065
3901267 3902774
3905131 3905377
3906174 3906470
3907398 3908591
3910276 3910658
3913042 3914707
3915449 3915729
3916491 3916889
3919129 3919523
3921498 3921950
3924631 3924849
3927714 3928274
3929348 3929726
3930423 3930721
3931793 3932207
3934252 3934396
3935560 3935808
3936485 3936686
3937292 3937415
3938453 3938603
3941387 3941635
3945639 3945901
3946609 3946956
3950059 3950429
3952238 3952474
3955998 3956480
3957360 3958252
3959565 3960720
3964335 3964420
3965555 3965975
3966712 3967159
3969106 3969388
3973489 3973579
3974669 3975324
3977201 3977552
3979181 3979345
3980898 3983729
3986227 3986899
3991213 3991494
3992765 3993315
3994688 3995420
3997219 3998978
4003203 4003517
4006645 4006938
4007833 4007921
4009541 4010098
4010699 4012650
4014075 4014387
4015097 4016406
4016963 4017090
4019187 4019367
4020455 4020812
4022606 4024127
4025019 4025933
4027665 4027927
4028987 4030110
4032362 4032484
4033963 4034194
4042902 4043091
4045739 4046200
4048271 4048681
4049291 4049385
4050194 4050600
4052188 4053534
4054349 4054671
4059709 4059763
4060494 4060883
4064183 4064795
4065589 4065916
4068584 4068973
4070688 4070853
4073294 4073662
4079593 4079712
4080265 4081045
4082855 4082937
4083472 4083783
4089772 4089994
4090891 4091100
4092134 4092623
4093591 4094152
4098473 4098730
4100296 4100375
4102302 4102586
4105174 4105991
4107360 4107556
4108575 4109184
4111912 4112715
4115014 4115448
4116779 4117015
4119312 4120410
4121421 4121632
4124324 4124617
4127336 4128633
4129178 4129452
4132224 4132687
4135627 4135733
4139786 4140085
4143615 4143717
4144677 4145018
4148446 4149030
4150095 4150386
4151081 4151477
4152119 4152452
4153247 4153761
4156692 4157492
4160150 4161317
4163424 4163602
4168957 4169340
4174087 4174458
4175481 4175853
4178566 4179390
4185292 4185585
4195836 4196088
4197931 4199272
4200631 4201106
4202719 4203302
4208306 4209878
4211228 4211886
4214906 4215598
4216419 4216649
4217243 4217300
4218685 4219334
4221896 4222040
4223988 4224196
4227858 4228755
4233010 4233396
4234078 4234577
4236188 4236504
4238396 4238468
4244403 4244550
4245713 4246184
4248156 4248446
4250607 4250911
4251412 4251716
4254763 4255014
4257235 4257312
4258198 4258397
4264146 4264408
4268691 4269364
4270056 4270174
4272043 4272240
4274493 4275476
4276019 4277230
4279574 4279793
4281375 4281992
4283236 4283478
4284345 4284696
4285329 4285409
4289378 4289510
4290496 4290760
4292301 4292858
4293792 4294402
4296098 4296226
4298772 4300381
4302204 4302875
4304370 4304488
4306945 4307548
4309403 4309993
4310773 4311529
4315349 4316760
4318867 4320103
4320950 4321648
4322369 4322729
4324425 4324486
4326065 4326301
4327475 4327774
4328501 4328664
4329965 4330218
4332227 4332797
4334292 4334617
4340754 4340855
4346948 4347655
4348536 4349189
4353130 4353281
4354985 4356288
4358447 4358665
4359773 4359999
4360536 4360800
4361952 4367240
4369374 4370048
4370732 4370911
4374836 4375106
4375988 4376616
4379809 4380507
4383191 4383557
4384211 4384500
4385253 4385361
4388414 4388703
4390346 4390542
4392007 4392404
4395182 4395369
4397286 4397612
4400260 4400558
4403131 4403233
4404622 4405043
4406898 4407164
4411398 4411788
4413428 4413571
4416257 4416391
4420466 4420644
4421289 4421392
4423848 4424108
4426635 4426698
4427874 4427923
4428821 4428921
4430092 4430395
4431100 4431423
4433129 4433696
4434905 4435059
4437694 4437978
4439006 4439214
4442638 4443449
4447550 4448561
4449525 4449942
4451964 4452241
4457397 4457532
4459924 4460280
4464077 4464526
4468765 4469085
4469759 4470060
4471062 4471361
4473120 4473383
4473946 4474190
4474733 4475230
4476025 4477331
4480065 4480890
4486745 4486928
4489233 4489473
4490300 4491492
4492476 4493076
4493705 4493955
4496004 4496212
4498201 4499132
4499926 4499987
4503359 4503572
4504661 4504737
4505373 4506470
4508856 4509154
4510233 4510535
4513813 4514143
4515630 4515914
4516809 4516958
4518258 4518748
4520357 4520974
4521837 4522722
4523585 4523646
4525221 4525786
4528878 4529144
4531605 4532150
4534295 4534958
4535489 4538073
4540630 4542188
4546608 4547124
4547687 4547943
4548534 4548986
4549745 4549807
4551730 4551927
4552496 4552566
4553757 4554236
4555542 4556386
4560601 4561195
4562974 4563217
4567391 4567781
4570588 4571293
4572917 4572977
4573755 4574737
4580452 4580907
4586735 4586930
4588056 4588502
4594583 4594655
4598411 4598555
4600164 4601538
4602767 4603376
4605639 4606335
4611763 4611899
4613990 4614670
4615171 4615596
4617287 4617369
4618114 4618460
4619037 4619626
4620997 4621331
4622027 4622500
4623574 4624171
4626251 4626696
4627895 4629186
4634624 4635010
4635523 4635903
4636699 4636857
4638203 4639097
4639994 4640845
4641520 4641652
Ecoli_0914_Taxon015_
1 99
4366 4931
5917 6319
8194 8289
12340 12674
13409 14403
15921 16041
16582 17218
17759 18258
19227 20068
20904 21559
25753 26269
27679 28131
30875 31711
32902 33381
35056 35531
41363 41573
42687 43130
45310 46203
50617 50677
63093 63692
65880 66075
67201 67647
75154 75433
77556 77721
80190 80683
81912 82521
84842 85008
89767 90027
91775 92013
93135 93314
94316 94719
97259 97605
98182 99519
105396 105841
107551 108331
109488 109824
113769 114052
115600 115920
116594 116895
117914 118196
119955 120218
120781 121025
122570 122896
124551 125000
126646 127074
127778 128253
129640 130009
131640 131768
139555 140048
141256 141441
142070 142376
144811 145080
147020 147411
149486 150386
152688 153764
155737 155935
161542 162155
162893 163092
165350 165771
167626 167892
171550 172026
174219 174299
176985 177119
181194 181372
182017 182120
184576 184836
186070 186681
187363 187426
189549 189649
191828 192151
193857 194424
199734 199942
203349 204177
205443 205551
206304 206593
207247 207885
210209 210995
212439 212709
214188 214816
215698 215968
219893 220072
220756 221260
223641 224971
226306 226426
227529 227643
234516 235301
237523 237674
242134 242268
243149 243413
246264 246676
249949 250050
252142 252578
256244 256512
258501 258577
260586 260839
261990 262303
263030 263329
266318 266379
268075 268435
269156 269287
270545 271025
273945 274710
279451 280031
280811 281401
283256 283383
285341 286434
287929 288600
290423 290502
291570 292471
294578 295151
296402 296675
297742 298503
301294 301426
302669 302939
303842 304565
305395 305475
307326 307568
314589 314785
315417 316311
321440 322176
324876 325247
326204 326658
328236 328387
332407 332568
335790 336041
338329 338466
342358 342648
344620 345091
345815 346911
349139 349257
351273 351729
352336 352408
354143 354200
356449 356726
357408 358000
360964 361088
361745 362946
366608 367114
368096 369349
371470 372119
373504 373561
374155 374385
375306 375898
378366 379576
382419 382498
387291 388085
388862 389598
392065 392603
394716 394988
396878 397302
398461 398639
399648 399792
404367 404525
405219 405512
406407 406464
407707 408330
411975 412238
414377 415323
416346 417044
418276 418331
419124 419459
421171 421847
427202 427380
429921 430138
437043 437320
438352 438685
439327 439723
447087 447189
449518 450119
463095 464074
465501 465671
467556 467874
468556 470057
472309 472431
473910 474146
478746 479382
481219 481907
482432 483038
485686 486147
488517 488628
490141 490547
492135 492645
494314 494665
497037 497522
500441 500813
502421 502681
504491 504741
505536 505863
514752 515096
519540 519659
520212 520992
522802 522901
523436 523730
526661 527176
529719 529941
530838 531047
533538 534342
539232 539565
543110 543403
544089 544586
546095 546306
547317 548415
550712 550948
552033 552798
554818 554912
555580 555815
557112 557164
558520 558804
560171 560419
561736 562076
565141 565425
567195 567943
568491 568634
570111 570349
571437 571617
572809 573211
575025 575691
578555 578810
583934 584159
585977 586355
590189 590959
592602 592852
593494 594034
597489 598319
599310 599591
600572 600773
602482 603006
603905 604577
605646 606190
607075 608634
609707 610684
611253 612400
612987 614116
617225 617546
619767 619835
620702 620775
621416 621698
623933 624092
624829 625249
625877 626469
627306 627574
629786 630825
633276 633444
634189 634589
635841 635927
638330 638566
639283 639680
644903 645165
649169 649417
652201 652708
654996 655244
655789 657304
658597 659011
662530 663090
665955 666173
666715 667384
668176 668504
669111 669734
675075 675473
676097 677401
680087 680528
682955 683431
684334 684630
685427 685673
687629 687699
688586 688680
690732 690816
691460 692186
694065 694938
697901 698032
699482 699583
700634 701768
703367 703531
704129 704246
704865 704944
705904 706861
707945 708012
712206 712276
712816 713207
714639 714890
717631 717840
719039 719248
720939 721273
721951 722199
722794 722952
726244 726420
730015 731180
734504 734840
735543 735617
737229 737842
738505 738993
742327 742755
745220 745509
748842 748959
752594 753035
753999 754079
756210 756276
759377 759497
762540 763297
764683 765221
766453 766532
767585 767791
770902 771398
773791 774413
775251 776427
777867 778529
779461 779954
783855 784231
787850 787945
788609 788984
790526 790680
794034 794230
797794 798924
799827 800012
800558 800867
802877 802975
805946 806666
809433 809833
811194 811511
813990 814222
815644 816109
817329 817578
819258 819720
820704 820950
821561 821787
822710 822879
827655 827854
829479 829576
831160 831465
839653 840247
840879 841175
841698 841922
843756 843889
844478 845037
848246 848461
851678 851960
856401 856618
859008 859268
861919 862272
864162 864302
865710 866084
867305 867398
868364 868649
869237 869333
871074 871202
872901 873346
875741 875964
879366 879693
886619 886780
893230 893480
897599 897697
902098 902660
903719 903931
905530 906250
908278 908612
911247 911570
918805 918998
919953 920255
921134 921201
922217 922436
927943 928355
930044 930249
930950 931769
935751 936009
936525 936687
937472 937664
942114 942414
945906 946497
947560 948450
949509 949665
950373 950553
955023 955181
956238 957580
958428 958500
959358 959542
960442 960776
962231 963649
969897 970165
970876 971266
974435 974793
976212 976722
977398 977673
978282 979868
980894 981097
983610 983796
984501 984802
986516 986588
989544 990158
990710 990812
992574 993234
998048 998123
1000051 1001999
1002872 1003155
1003773 1003980
1004662 1004978
1009181 1009277
1015151 1015882
1017494 1017694
1018338 1018635
1019186 1019688
1024063 1024279
1025984 1026213
1027032 1027530
1029579 1030077
1030908 1031164
1037113 1037249
1039166 1039341
1040407 1040478
1043780 1044498
1047561 1047613
1049931 1050204
1054054 1054217
1059130 1059184
1059749 1059816
1061252 1061492
1066811 1067174
1067781 1067969
1072163 1072268
1073651 1073904
1078154 1078583
1085295 1085406
1086725 1087328
1088848 1089129
1090662 1090872
1091416 1092174
1092945 1093620
1095041 1095413
1096755 1097228
1101028 1101171
1111705 1111844
1118731 1119127
1122085 1122273
1123319 1123502
1124194 1125051
1125602 1126076
1127719 1127963
1129965 1130070
1135393 1136146
1137699 1138279
1140226 1140722
1142290 1142783
1144336 1144577
1147618 1147778
1148316 1148685
1151090 1152147
1153745 1154299
1158893 1159372
1161061 1161253
1165014 1165329
1165936 1166292
1168571 1170286
1171846 1172229
1173354 1173622
1179078 1179518
1180357 1180847
1184503 1184802
1185671 1186114
1187627 1188104
1191860 1192174
1194195 1194380
1194955 1195237
1197389 1197998
1201675 1202888
1203601 1203728
1205461 1205801
1206327 1206519
1210812 1211248
1214038 1214507
1222565 1222851
1226009 1226076
1230189 1230494
1231488 1232072
1234587 1235210
1236787 1237353
1244283 1245272
1245834 1246521
1248826 1249123
1251340 1251499
1254702 1255115
1258958 1259680
1260834 1261036
1261545 1261785
1263991 1264520
1265079 1265802
1272440 1272873
1273792 1273886
1274667 1275379
1277226 1277579
1283634 1284163
1285278 1285755
1286755 1287072
1289215 1289771
1290678 1291000
1291749 1291931
1298572 1299575
1304091 1304261
1305915 1306214
1307569 1307847
1316011 1316149
1318142 1318406
1320966 1321641
1330498 1331258
1333607 1333828
1336390 1336722
1337777 1338032
1338742 1339768
1341224 1341551
1342363 1342665
1344204 1344448
1347301 1347559
1352179 1352398
1356312 1356685
1358064 1358736
1360630 1360862
1363107 1363183
1363735 1363985
1366395 1366509
1367999 1368111
1369264 1369500
1371656 1371847
1379578 1379696
1380406 1381082
1383229 1384362
1387776 1388019
1388575 1388945
1391310 1391516
1392404 1392919
1394482 1394966
1396660 1397240
1399769 1400872
1404888 1405707
1408343 1409047
1411684 1411970
1413386 1413469
1416255 1416764
1419313 1419937
1420767 1420989
1423417 1423840
1424752 1424911
1425443 1426439
1427314 1428239
1430528 1430595
1433472 1433753
1434347 1434428
1439264 1440048
1445331 1446014
1449206 1449790
1451186 1451502
1452122 1453969
1454693 1455014
1456642 1456834
1457342 1457633
1458377 1458958
1459769 1460163
1461000 1461291
1465387 1465612
1469140 1471107
1473632 1473863
1476549 1476861
1479428 1479840
1481629 1481747
1483600 1484211
1484939 1485016
1485817 1486737
1491281 1492173
1494957 1495623
1496282 1496524
1497131 1497341
1499275 1499599
1502653 1502898
1503997 1504121
1507149 1507554
1508152 1508373
1512306 1513011
1513934 1514013
1514747 1514968
1515516 1515593
1519840 1521311
1522639 1522789
1525102 1525231
1526596 1526809
1527558 1528246
1528839 1529075
1529738 1529913
1530457 1530611
1531761 1532192
1532923 1533419
1535166 1535354
1537199 1537550
1538373 1538608
1540690 1541007
1541765 1542641
1546513 1547090
1547707 1547832
1548452 1548697
1556197 1556627
1559802 1560197
1565083 1565449
1566908 1568445
1568996 1569054
1571543 1571607
1575924 1576749
1580272 1581083
1581796 1581948
1583353 1583575
1585954 1587061
1588044 1588986
1591101 1591203
1593832 1593998
1600337 1600445
1602092 1602222
1603146 1604065
1607066 1607901
1608972 1609253
1613625 1614124
1614824 1615325
1617182 1617477
1624615 1624832
1627474 1627696
1629143 1629297
1631943 1632264
1633369 1633733
1635112 1635444
1638793 1638853
1641530 1641757
1642744 1643123
1645441 1646037
1646971 1647255
1651513 1651612
1652174 1652479
1656328 1656566
1658672 1658791
1663844 1664216
1664734 1664913
1665537 1665853
1667390 1667884
1669235 1669393
1669990 1670294
1671426 1671863
1674448 1674576
1675159 1675452
1679453 1681176
1682316 1682760
1685700 1686118
1689801 1689866
1691973 1692055
1694130 1694729
1697313 1697616
1700324 1700631
1709758 1710565
1712437 1712707
1713904 1715297
1716631 1716709
1718103 1718410
1725026 1726610
1727990 1728167
1729201 1729805
1732499 1732639
1734139 1734572
1735785 1736601
1741100 1741409
1742802 1743087
1745427 1746094
1747134 1748578
1749452 1750466
1751469 1751897
1756620 1757026
1759427 1759824
1760727 1760799
1765462 1765690
1766799 1767644
1768500 1768701
1772304 1772499
1775675 1776073
1777201 1777390
1780234 1780317
1782960 1783467
1784150 1784950
1789220 1790043
1791431 1792006
1792511 1792701
1794971 1795418
1796057 1796246
1797101 1797290
1798135 1798348
1799054 1799303
1805330 1805915
1807320 1807421
1808695 1809129
1809850 1810089
1810847 1811352
1812324 1812494
1815539 1816240
1820626 1820971
1827233 1827431
1829230 1829281
1833204 1833265
1834140 1834401
1835018 1835177
1835689 1835772
1836406 1836517
1837605 1838072
1838941 1839245
1840105 1840347
1841084 1841173
1841700 1841857
1842409 1842773
1848704 1848779
1850637 1851155
1851821 1852090
1859271 1859976
1861528 1862140
1862799 1862952
1869374 1869818
1870939 1872314
1874898 1875241
1876622 1876748
1884081 1884622
1889811 1889983
1891625 1892148
1893094 1893821
1896861 1896999
1899474 1899814
1900869 1901722
1903258 1903446
1909828 1910949
1911631 1911944
1918218 1918387
1918981 1919275
1921140 1921450
1924480 1925530
1927377 1927657
1928708 1928775
1931901 1932967
1934261 1934660
1935821 1936139
1937997 1938182
1939095 1939233
1940486 1941222
1944614 1944982
1953282 1953616
1954612 1954662
1956802 1957178
1958312 1958529
1959674 1960347
1961198 1961861
1963405 1963646
1964909 1965237
1966517 1967206
1969942 1970221
1971853 1971945
1973232 1973480
1976163 1976380
1976967 1977024
1982949 1983284
1985305 1986206
1986952 1987137
1988119 1989090
1990856 1991458
1992461 1993900
1995216 1995563
1997112 1997872
1998375 1998655
2001035 2001214
2003275 2003855
2005142 2006186
2007812 2008369
2010273 2010694
2011875 2011927
2012450 2012634
2013504 2013640
2015923 2016144
2016729 2017080
2017981 2018185
2018969 2019129
2021483 2022078
2023149 2023287
2026588 2026678
2031370 2031948
2036787 2037081
2038326 2039663
2043777 2044030
2044677 2045453
2048024 2048883
2053333 2054266
2058732 2059057
2059720 2060943
2067245 2067824
2068683 2069430
2070069 2070801
2074280 2074532
2075161 2075244
2076758 2077675
2078520 2078991
2083182 2083595
2087102 2087283
2087855 2088168
2092316 2092441
2095089 2095388
2097850 2098238
2098853 2098916
2099833 2100331
2103515 2103692
2105969 2106348
2108002 2108830
2110672 2110803
2113501 2113819
2116615 2116698
2118570 2118797
2120057 2120165
2120859 2121201
2122430 2122922
2123584 2124149
2128016 2128346
2128917 2129353
2137046 2137283
2139433 2140406
2141618 2141910
2142447 2142916
2143528 2143638
2144779 2144974
2147002 2147751
2150453 2150791
2153242 2153484
2154509 2154641
2155627 2155924
2157119 2158215
2160995 2161300
2162833 2163028
2167274 2167924
2168745 2169313
2171633 2172062
2174162 2174217
2178021 2178889
2180100 2180244
2184810 2184954
2188131 2188340
2195836 2195904
2201388 2201587
2202167 2202593
2204929 2205454
2206780 2207068
2208902 2209035
2209616 2209928
2212222 2212716
2213393 2214416
2215494 2216870
2221285 2221406
2223233 2223602
2224862 2225149
2227483 2227757
2230852 2230909
2237926 2238208
2240169 2240537
2241817 2241872
2243163 2243604
2246412 2246603
2247362 2247588
2249076 2249295
2250298 2251122
2253150 2253684
2259262 2259694
2261147 2261513
2265889 2266523
2268289 2268472
2269218 2269303
2269980 2270253
2272466 2272745
2277300 2277360
2280124 2281319
2281973 2282240
2286665 2286995
2289436 2289697
2290458 2290563
2291125 2291280
2292789 2292966
2295923 2296902
2298534 2299118
2300793 2301860
2306152 2306414
2307599 2308080
2313959 2314080
2315334 2315386
2316462 2316673
2317640 2317755
2319377 2319737
2322602 2322837
2324195 2325798
2330736 2330990
2333279 2333561
2335504 2335878
2337514 2337910
2340241 2340503
2341321 2341923
2347091 2348411
2351034 2351498
2352834 2352934
2359930 2360309
2362485 2362609
2365145 2365234
2367385 2367707
2368733 2369222
2371593 2371699
2373684 2374144
2375030 2376580
2378439 2378535
2382608 2383340
2384932 2385165
2387374 2387653
2391906 2392465
2394498 2394742
2395910 2396153
2397259 2398371
2404050 2404311
2408796 2408884
2410605 2410948
2414083 2414467
2415456 2415525
2416950 2417060
2418810 2419310
2421826 2422834
2423337 2423529
2424555 2425255
2426561 2427170
2428679 2428816
2429409 2430788
2432115 2432238
2433073 2433666
2435376 2435867
2436408 2436510
2438219 2438680
2439323 2439699
2442586 2443317
2444524 2445277
2449098 2449154
2450785 2450991
2452378 2452559
2453635 2453708
2454471 2454756
2456039 2456355
2458838 2459023
2459883 2460267
2462149 2462266
2462859 2462913
2464996 2465587
2466112 2466392
2466938 2467282
2473131 2473754
2474475 2474887
2476651 2477095
2477638 2478095
2479086 2479387
2480151 2481007
2482108 2482234
2485189 2485317
2488519 2488861
2490595 2490870
2492615 2492969
2495242 2496776
2498265 2498820
2500563 2502666
2504673 2504754
2506497 2506733
2507657 2508067
2509470 2510507
2514757 2514816
2515718 2516409
2516965 2517269
2518544 2519058
2520068 2520918
2521515 2522286
2525971 2526529
2527989 2528169
2528863 2529433
2533017 2533732
2538008 2538104
2541025 2541550
2547411 2547510
2549948 2550152
2552923 2554160
2554987 2555760
2558723 2558978
2561163 2561266
2565023 2565164
2571488 2572903
2575087 2575559
2578785 2579194
2583030 2583924
2586172 2586269
2586791 2587177
2589856 2590100
2590928 2591448
2592186 2592413
2595787 2595926
2597212 2597444
2598059 2598413
2601495 2601705
2603604 2604065
2606578 2606642
2607843 2608045
2610525 2610732
2611746 2612036
2612779 2612871
2613482 2613955
2615380 2615486
2617820 2618496
2626575 2626678
2628827 2628952
2630388 2630617
2636344 2636602
2638326 2638745
2639565 2639694
2640512 2640849
2641459 2641833
2643923 2644150
2645029 2645243
2646793 2647025
2647598 2647747
2649371 2649623
2650234 2650510
2652483 2652581
2653792 2653904
2654719 2654905
2658093 2658823
2659492 2659612
2661353 2661514
2663601 2663690
2664984 2665390
2665984 2666326
2667486 2667675
2668481 2668548
2671158 2671404
2672471 2673665
2681456 2682003
2683992 2684427
2686219 2686299
2686991 2687111
2689291 2689953
2691317 2692073
2695926 2696176
2697698 2698162
2698782 2698834
2701805 2702359
2703243 2703534
2705534 2706347
2710619 2710901
2712714 2713051
2718179 2719273
2721816 2721903
2722663 2724193
2727870 2728115
2731182 2731374
2734707 2735279
2738041 2738188
2738896 2739167
2739797 2740188
2745056 2745331
2746213 2746654
2747318 2747922
2749072 2750200
2750735 2751671
2753957 2754138
2759950 2760082
2763539 2763705
2768470 2768707
2770030 2770403
2777900 2778091
2779180 2779635
2782945 2783163
2783681 2783890
2784427 2784642
2785796 2785983
2788478 2789326
2789867 2790106
2792051 2792345
2793969 2794427
2796259 2797169
2800879 2801663
2802428 2803328
2806108 2806363
2807395 2807644
2815153 2815385
2818436 2819042
2819664 2819854
2820827 2821347
2823692 2823835
2824611 2825308
2829823 2830095
2832986 2833592
2835509 2835581
2836410 2836608
2839228 2840111
2841615 2842204
2854067 2854766
2855532 2855980
2858369 2859290
2859900 2860018
2863004 2863599
2864275 2865065
2866158 2866402
2867118 2867620
2868222 2868399
2869170 2869413
2870253 2870447
2874283 2874517
2876283 2877018
2878411 2878952
2881685 2881850
2884906 2885216
2886795 2887049
2889681 2889846
2891220 2891467
2896998 2897216
2898193 2898369
2900679 2900854
2901767 2902194
2903509 2904074
2905732 2906016
2907370 2907571
2910898 2911217
2912101 2912597
2914737 2915292
2915949 2916156
2917602 2917877
2919110 2919295
2920317 2920559
2923756 2923903
2924790 2924898
2926501 2926588
2931710 2932289
2933552 2933634
2934697 2934962
2935544 2937315
2938626 2938704
2940442 2940622
2941220 2941489
2942849 2943230
2944058 2944283
2945793 2946153
2947483 2947723
2950430 2950939
2951725 2951806
2952387 2952441
2956654 2957440
2963231 2963367
2964138 2964439
2965192 2965529
2968540 2968729
2974293 2975473
2985904 2987290
2993288 2993785
2995554 2996267
2998071 2998297
3001362 3001791
3002360 3002469
3005256 3005386
3007761 3008068
3009096 3009223
3012550 3012767
3020462 3021238
3021961 3022062
3022603 3023063
3023848 3024677
3025436 3026356
3027959 3028264
3035546 3036071
3037386 3037764
3041667 3041786
3043126 3044101
3044816 3045431
3046871 3048122
3049227 3049678
3053110 3053541
3057516 3057698
3058209 3058704
3059734 3059839
3060411 3060902
3062038 3062900
3063554 3063624
3065613 3066510
3071389 3071952
3075010 3075467
3078757 3079380
3080951 3082007
3082946 3083291
3085680 3086619
3088375 3088621
3090848 3091546
3092074 3092691
3096676 3097442
3106363 3106695
3113239 3113492
3115177 3115417
3116707 3116994
3119514 3119582
3122892 3123225
3124524 3125864
3127338 3127506
3129615 3129825
3130684 3131742
3133106 3133375
3141589 3141765
3147273 3147638
3151526 3151675
3155217 3155474
3156000 3156334
3159705 3160331
3161336 3161459
3164069 3164985
3166771 3167087
3167717 3168093
3168775 3168967
3176009 3176391
3177695 3177947
3179100 3179232
3184205 3184966
3186310 3186447
3188609 3190571
3191155 3191376
3196168 3196240
3196830 3197325
3197929 3198465
3199601 3200008
3207281 3208302
3210313 3210566
3211235 3211636
3212870 3213054
3215891 3216661
3222182 3222286
3223141 3223309
3224978 3225360
3225861 3226062
3227134 3227297
3231984 3232084
3232715 3232791
3233393 3233514
3234162 3234432
3235163 3235560
3237144 3237344
3239544 3239714
3242594 3242799
3243976 3244185
3247456 3248009
3248634 3249051
3250191 3250281
3254500 3255019
3256802 3257942
3259190 3259435
3260581 3260692
3263015 3264074
3266918 3267027
3272502 3272600
3273792 3274490
3278362 3279493
3280500 3281170
3286491 3286757
3288012 3288325
3289658 3289846
3293419 3293567
3297981 3298892
3301508 3301737
3304778 3305364
3308792 3309059
3310833 3311215
3312777 3313139
3316782 3316920
3320360 3320802
3323101 3323721
3327809 3328818
3330016 3330164
3331828 3331893
3332530 3332678
3335726 3336943
3337692 3337835
3338440 3338684
3345987 3346164
3347119 3347833
3348982 3349048
3350435 3350547
3352597 3352978
3359405 3360140
3362677 3363036
3364374 3364584
3365141 3365327
3366123 3366440
3367927 3368103
3369153 3369594
3374679 3375015
3377652 3378807
3381267 3382221
3384641 3384795
3385428 3386277
3387650 3387716
3388839 3389111
3390717 3390817
3393090 3394119
3394654 3394866
3398667 3398931
3400971 3402042
3404075 3404312
3404981 3405717
3407409 3407689
3408989 3409053
3416157 3416584
3418701 3419400
3420997 3421204
3422700 3422760
3425481 3425657
3426315 3426606
3427250 3427396
3430690 3430816
3432498 3432670
3433343 3433595
3434255 3434346
3436179 3436479
3437339 3438714
3443545 3443775
3444988 3445143
3446578 3446704
3447665 3447862
3448993 3449883
3452504 3452625
3455364 3456493
3459320 3459608
3461047 3461114
3463192 3463382
3463959 3464166
3466649 3466728
3468202 3468414
3477149 3478217
3479675 3479966
3481146 3481219
3481735 3482145
3482714 3482882
3484409 3484690
3486263 3487363
3489392 3489547
3493492 3493951
3495853 3497008
3497658 3499230
3501412 3501751
3502965 3503226
3504213 3504369
3509380 3510448
3515852 3516753
3517690 3519289
3520939 3521012
3521780 3522266
3522853 3522973
3523794 3523881
3524649 3524706
3526262 3526572
3527149 3527290
3530188 3530894
3531776 3532816
3538857 3539014
3540086 3540308
3540870 3541073
3546106 3546368
3547002 3547683
3553415 3554565
3558802 3558978
3561502 3561583
3562896 3563169
3567307 3567597
3568391 3569118
3570081 3570712
3571231 3571295
3571911 3572087
3574749 3574986
3575491 3575800
3579894 3580331
3581117 3581970
3582811 3584418
3585139 3585343
3589528 3589910
3593221 3594405
3596193 3597879
3600442 3600588
3604851 3605157
3607989 3608569
3611694 3612237
3619650 3620045
3620707 3621091
3622095 3622698
3624627 3624740
3626478 3626617
3628656 3628773
3629385 3629470
3631563 3632351
3634454 3634996
3637513 3637889
3641229 3641632
3643234 3643566
3647554 3647894
3650190 3650292
3651901 3652516
3655441 3655731
3659981 3660227
3660831 3661067
3662505 3662822
3663335 3663636
3665478 3665805
3666700 3667112
3668521 3668906
3670384 3670653
3671467 3671889
3674012 3674560
3682685 3683450
3685071 3686065
3687536 3687816
3688978 3689697
3694118 3694662
3697958 3698755
3700475 3700705
3701240 3701416
3701948 3702605
3703543 3703828
3705460 3705580
3706086 3706340
3709251 3709376
3710489 3711063
3713753 3713937
3721372 3721712
3723791 3724975
3727094 3727525
3732454 3733861
3735068 3735535
3738304 3738371
3739783 3740789
3742574 3743055
3744514 3744594
3747515 3747643
3750173 3750663
3752032 3752577
3754232 3754876
3757767 3758159
3759717 3759891
3762789 3762931
3766636 3766754
3767750 3768006
3769078 3769362
3774389 3774632
3775652 3775996
3779682 3779738
3782726 3782839
3786122 3786515
3787346 3787595
3788763 3788973
3789496 3789863
3794469 3794533
3795538 3795787
3797004 3797478
3801552 3801737
3805339 3805452
3806134 3807175
3815859 3815925
3816462 3816651
3818276 3818573
3820416 3820789
3822811 3823092
3825030 3825325
3826097 3826804
3828268 3828463
3829085 3829629
3831150 3831480
3832884 3833027
3833920 3834285
3845451 3845996
3847991 3849450
3850705 3850944
3851820 3852784
3854045 3854783
3855962 3856227
3859218 3859896
3860677 3861033
3862709 3863149
3866299 3866506
3868170 3868929
3870020 3870528
3871515 3871767
3872426 3872888
3874962 3876294
3878705 3878883
3881929 3883771
3888324 3888564
3893235 3893818
3896154 3896223
3898324 3898708
3903833 3904036
3910600 3910687
3913361 3913653
3914605 3914883
3916315 3917234
3921922 3922948
3927264 3927343
3928219 3928385
3928960 3929108
3930034 3930222
3936675 3936958
3941873 3942214
3944338 3944812
3945657 3946089
3952408 3952592
3956818 3956982
3957580 3957822
3958902 3959856
3961053 3961138
3963732 3964611
3969321 3969819
3971629 3971699
3974930 3975189
3976351 3976454
3977302 3977608
3978930 3979187
3980555 3980808
3982272 3983081
3983801 3984054
3986244 3986849
3988942 3989555
3990156 3990318
3992427 3992625
3995659 3995771
3998921 3999567
4002878 4003067
4006808 4006934
4008241 4008317
4009823 4009939
4011521 4011624
4015434 4015781
4018001 4018237
4020330 4020798
4025005 4025284
4026088 4026353
4026968 4027753
4030318 4030540
4031788 4033545
4035840 4036074
4038194 4038362
4039787 4041158
4042606 4042657
4043740 4044007
4047946 4048219
4048915 4049569
4051693 4052824
4056106 4056166
4056867 4057103
4057751 4058410
4062163 4062479
4066581 4067008
4068696 4069567
4071904 4071961
4075282 4075597
4076195 4076642
4078900 4080842
4081941 4082027
4084237 4084699
4085749 4087232
4092477 4092993
4095319 4095533
4096383 4097124
4098778 4098883
4099417 4099508
4100438 4100518
4101380 4101518
4104588 4105069
4107500 4107598
4109883 4109945
4110461 4111635
4112226 4112287
4113215 4113339
4115587 4115850
4116404 4116516
4117426 4118382
4119568 4121245
4121764 4121832
4122796 4122963
4130052 4130505
4135842 4135978
4136842 4137005
4140229 4140404
4144690 4145784
4148961 4149502
4152215 4152315
4164951 4165063
4165620 4165711
4169195 4169929
4170669 4171516
4174132 4174709
4178413 4178932
4179977 4180245
4183389 4183920
4185721 4185803
4186945 4187116
4187734 4187805
4190799 4191194
4192900 4193058
4194249 4194521
4195087 4196110
4200494 4200623
4203156 4203217
4206090 4207105
4207798 4208173
4211688 4211780
4217784 4218546
4220315 4220428
4223302 4223423
4225460 4225712
4230143 4230226
4231023 4231697
4233808 4235245
4236494 4236781
4237539 4237591
4240508 4240609
4245991 4246073
4246913 4247210
4247806 4247895
4249320 4249597
4250716 4251798
4254900 4255066
4256168 4256591
4257129 4258350
4259936 4260061
4261296 4261588
4262846 4262912
4263438 4263618
4267032 4267697
4268390 4268921
4273561 4273621
4275996 4276278
4277553 4277985
4282209 4282320
4284101 4285123
4286151 4286754
4288699 4288958
4289502 4289888
4290649 4290934
4291587 4291934
4293772 4293911
4297225 4298000
4305396 4305762
4307703 4308555
4309205 4309941
4315117 4315414
4319346 4320256
4321544 4321597
4325820 4326147
4331422 4331711
4332620 4332900
4334103 4334924
4337540 4337675
4344930 4345216
4350621 4350799
4351916 4352215
4354786 4354980
4360021 4360725
4364901 4364976
4368333 4368620
4371200 4371400
4376383 4377473
4385555 4385718
4387381 4387489
4388976 4390180
4392456 4392894
4397206 4398328
4399002 4399086
4401200 4401272
4402071 4402842
4405127 4405260
4408669 4409050
4412192 4412972
4414256 4415803
4418821 4419574
4424218 4425152
4429569 4430056
4431710 4432543
4441601 4442118
4444490 4444841
4450414 4450509
4451679 4452009
4452796 4452963
4455742 4456741
4457457 4458120
4459144 4459778
4462400 4462686
4463188 4463404
4466582 4468239
4469343 4469900
4470450 4470499
4475379 4475571
4476576 4476780
4478990 4479691
4482097 4482286
4485050 4485138
4486713 4488174
4490700 4491636
4499483 4500389
4501360 4501498
4502681 4502955
4506342 4506553
4508822 4509772
4510383 4510487
4511151 4511445
4512920 4513358
4514292 4514385
4515754 4516693
4519857 4520689
4523051 4523108
4523901 4523969
4525026 4525265
4525931 4525997
4527849 4528121
4532303 4532644
4533488 4533756
4535019 4535251
4536813 4539772
4542460 4542609
4543660 4543940
4545811 4546344
4550467 4551219
4552013 4552339
4553808 4554627
4556681 4557076
4559902 4560383
4561432 4561847
4563750 4563972
4566037 4566285
4567163 4568493
4572358 4572683
4577410 4577726
4578315 4580090
4581101 4581164
4581702 4581930
4582596 4583376
4584246 4584462
4585062 4585392
4587215 4589822
4590685 4591302
4592918 4593401
4595745 4596029
4597013 4598346
4601165 4601426
4602505 4602803
4605189 4605521
4606053 4606559
4612602 4613458
4615447 4615792
4617760 4619183
4620167 4621359
4622186 4622426
4624731 4624914
4625625 4625828
4628673 4628974
4630769 4631394
4634328 4635477
4636429 4637265
4640370 4640845
4641520 4641652
