Escherichia_coli_O157_H7_0935
46922 47049
94872 95005
149815 150142
169017 169151
282140 282467
342747 342886
410831 410988
459863 460058
478230 478568
564691 564986
601812 602131
673413 673655
762997 763234
814426 814881
829781 829866
830753 830844
841178 841344
860727 861121
923942 924007
1050622 1050756
1114638 1114897
1208724 1208847
1329378 1329714
1335720 1335868
1352305 1356390
1368750 1373200
1379550 1379644
1399679 1399819
1402050 1402293
1438361 1438474
1460674 1460732
1464710 1464938
1490593 1490757
1516134 1516229
1629403 1629571
1638625 1638930
1650326 1650475
1704330 1704452
1776384 1776564
1849922 1850228
1889702 1889763
1937963 1938043
1946063 1946339
1969222 1969361
2016290 2016557
2025166 2025229
2034403 2034737
2049703 2050063
2114014 2114131
2245180 2245497
2259117 2259313
2333320 2333379
2337467 2337616
2362381 2362868
2418905 2418954
2475844 2476185
2496554 2496722
2590122 2590290
2671347 2671406
2816522 2816773
2882669 2885165
3061930 3062057
3143167 3143492
3183198 3183517
3192099 3192664
3226262 3226556
3229578 3229770
3303145 3303433
3327145 3327507
3425962 3426125
3573019 3573185
3599054 3599319
3659072 3659197
3776794 3777307
3778392 3778503
3922763 3922906
3968505 3968590
4111683 4111945
4123545 4123859
4134131 4134182
4140372 4140890
4169268 4169522
4175127 4175298
4191753 4192157
4198223 4198383
4235771 4236105
4268085 4268366
4333725 4336207
4381370 4381706
4416380 4416484
4422307 4422602
4436961 4437272
4482862 4482936
4521874 4522150
4530189 4530467
4611154 4611330
4621719 4621777
4691740 4691988
4751455 4751757
4779338 4779460
4820746 4820850
4850263 4850408
4887740 4888003
4935179 4935402
4980508 4980599
5024899 5025312
5102741 5102850
5143943 5144015
5158829 5159088
5195801 5195859
5224987 5225152
5236411 5236484
5322229 5322566
5368981 5369203
5395358 5396496
5466223 5466960
