Buchnera_aphidicola_Acyrthosiphon_pisum_ancestor
1 871
3243 3346
4643 5275
5915 7404
9455 11617
14224 14719
16338 16564
17185 18649
19265 19533
22974 23334
24237 24890
26835 27538
29573 30963
31538 32724
34954 35170
36738 36812
38243 38503
39954 40068
44006 44138
45397 45870
47464 47886
50484 51805
52906 53223
53771 54059
54760 55383
60362 60799
61701 61856
62377 63138
66797 67282
67859 69356
69912 70824
71506 73221
74486 75480
83907 84532
85760 86113
86972 87135
88378 91125
92482 92562
95455 97078
102249 102377
103111 103828
106937 107128
110998 111103
112165 112338
113032 113125
114817 114917
115550 115863
117983 118033
120747 120878
122058 122230
122806 122870
123764 124028
124841 126180
127222 127291
129580 129710
130723 130972
132493 132997
133536 133899
134502 134551
135630 136596
141156 141755
142527 143053
147812 148187
149414 149568
153278 153331
154654 154961
162653 163165
163786 164641
168347 168445
170967 171651
175090 175814
176772 176999
177978 178481
179204 180379
181673 182040
182636 183515
184231 184300
184952 185584
186176 189253
189804 190375
191079 191567
193262 193529
194068 194144
195953 196832
201377 201504
204280 204580
205084 205289
207537 207740
208472 208791
209712 209941
211201 211535
212913 213393
214899 215563
216346 216623
217284 219666
223128 223323
226603 226970
227781 228293
234216 234894
236158 237185
238406 238542
240638 241494
242369 243559
245494 247133
249655 249706
257779 258024
258530 258783
259647 259705
265025 265342
265889 266268
268519 269070
269722 270531
271324 271450
274855 275989
277408 277508
278145 280047
281278 281450
282236 282466
283084 283804
284377 284547
286836 287615
289503 289650
291027 291271
295548 295627
300253 300750
303376 303435
303987 304236
306839 307091
307849 309266
310260 311469
311974 312553
314606 315033
318858 318963
319564 320417
320983 322303
325733 326604
327598 327732
329423 329969
331698 332200
332959 333563
335788 336744
337568 338014
339009 339068
342831 343074
345433 345648
346576 346807
347334 347871
349805 350265
351810 352012
353383 353514
354442 355117
356408 357909
359714 360365
360999 361983
363325 363568
364344 364521
366011 366303
366915 367263
374331 375407
376529 376764
377485 377690
378792 378934
379557 379781
381128 381256
381892 382077
382878 383040
383791 383906
388098 388495
389246 389434
392115 392225
393490 393925
395692 397380
400514 401087
402928 403551
407018 407399
410226 411374
412082 413151
417360 417566
418449 419238
423105 423317
424363 424603
425761 425974
431334 431817
437012 437613
438271 439293
439890 440395
445088 446291
451154 451467
456432 456584
457560 457840
458546 461044
462937 463793
464459 464693
466702 467346
468719 470698
472098 473207
481556 481941
485372 485543
488140 488397
489716 490038
493724 494289
495008 496574
497880 499452
501492 501752
503065 504639
506142 507040
508759 510384
511119 511416
514897 515862
516373 516495
517018 517359
517906 518277
518885 519363
521420 521944
524887 525195
527767 528343
532307 532961
535428 535478
537355 538957
539730 541382
543297 543528
545116 545584
546148 546218
547111 547208
547831 548245
548846 549352
550264 550573
552534 552593
553129 553559
557669 557932
561839 562361
562930 563313
564847 564979
566254 566594
568602 568723
570888 571192
571703 573432
575127 575329
576669 576784
577390 577606
578604 578932
579506 579860
582578 582865
584686 585389
586970 587387
587956 588380
589487 590141
590865 591004
593614 593798
594494 595077
600223 600458
602410 602706
604451 605348
608410 609234
615901 616172
618881 618959
619695 620815
622680 623322
625946 626060
634757 634911
636883 639461
640086 640871
Buchnera_aphidicola_Acyrthosiphon_pisum_0970
1 152
3243 3346
4643 5275
5915 6022
9455 10129
10990 11142
12300 13131
16381 16564
17185 17410
18376 19533
24237 24890
27205 28108
33057 33348
34017 34949
35572 36111
38325 38458
39030 39096
40519 40735
41733 42061
42841 42989
45707 45994
46536 47147
47815 48518
50099 50516
51085 52098
52616 52767
53994 54133
56743 56927
57623 60449
62819 62878
67954 68215
69715 72646
73991 74694
75908 76190
78146 78224
79827 80312
80933 81204
82076 83075
87871 88695
89233 89642
91757 92654
94399 94695
96647 97314
98756 98975
102741 102838
103731 103801
104365 104818
106421 106652
109029 110219
115354 115469
116329 117927
123108 123207
124162 125062
126527 127372
131672 132025
133454 134328
135612 136207
138533 138830
140020 140069
141032 141190
142909 143807
147717 148984
152015 152069
153375 153571
154305 154941
155660 156225
157185 157557
159084 159770
165884 166055
169009 170128
176360 178160
181239 181530
182195 182672
184156 184215
184767 185016
187519 188577
189564 189782
190323 190517
191270 192777
197279 197627
198422 198969
199638 199743
200344 201197
201763 202310
207177 207384
208378 208512
209387 209700
210203 210749
212478 212980
213739 214343
215128 215473
219789 219848
221228 223854
224499 225279
226213 226428
227356 227587
229988 231045
232590 232792
234163 234294
237188 237446
242239 242418
244105 244348
245084 245301
246266 247083
249996 250308
251152 251522
255491 256187
257309 257544
258265 258470
259572 259714
260337 261340
261908 262036
262672 266746
268342 270214
275273 275698
276251 277008
277797 278123
280014 281036
282968 283387
289695 289824
290998 291462
292091 293200
294600 294910
295634 295756
297952 298596
299246 299655
300538 300744
302318 303495
306730 308542
314553 315176
316517 316917
318746 319441
320724 321225
323389 324079
325879 325989
328794 329957
331167 331380
332538 332778
333824 334855
335419 336463
339642 339876
342292 342739
346495 346775
347751 348322
349458 349696
350614 351088
354322 354401
355890 356353
358678 358922
360299 360446
361885 362234
363851 363913
365402 365557
366145 366355
367492 368671
369902 371788
372441 372541
378499 378625
380879 381430
385190 387491
388834 389938
390687 391040
391899 392062
394012 394184
395315 396052
397409 397489
398697 399322
401467 401949
403935 404245
405704 405784
407176 407304
413449 414175
414679 414998
415925 416030
417092 417265
417959 418052
418752 418955
419744 419844
420477 420790
422482 423397
426985 427157
428691 428955
432149 432219
435650 435899
436898 437320
439429 439478
443594 444174
448525 449494
454341 454495
459581 459888
460541 460997
463254 465267
465978 466511
468713 469568
472407 472553
473274 473372
475870 476578
477352 479190
481699 481926
482905 483408
484131 486005
486600 486969
488238 488442
489158 489227
491103 491543
492910 494180
495195 495302
495983 497316
498189 498456
498995 499071
499900 501759
503733 506431
507187 507834
509207 509507
510011 510619
512464 512667
513399 514868
517840 518320
519288 520490
521273 521550
523589 524594
526246 526340
528055 528250
539550 540340
542282 544735
545565 546421
549207 549614
553379 554060
555260 555676
557492 557913
558925 559740
561155 561556
563457 563710
564574 564632
565585 566023
570021 570269
572663 573774
575063 575513
576728 577051
577759 578443
579125 580037
580593 580693
586338 587014
589447 589561
591335 591564
596153 596521
597096 598282
599032 600191
602296 602370
603801 604061
605512 605626
606758 607675
608257 609696
617463 617876
619329 619617
625920 626357
627259 627414
627935 629414
634757 634911
640104 640871
