Buchnera_aphidicola_Acyrthosiphon_pisum_ancestor
3237 4404
6838 7093
9978 10102
17201 17410
18388 18862
21675 21935
30935 31011
33180 33344
42876 43084
46912 47106
50540 50728
52447 52738
54531 54625
56370 56685
64362 64863
68104 68282
74722 75158
78998 79388
82927 83207
85831 86078
86661 86831
89085 89266
95014 95405
107797 108117
111528 111829
116914 117205
118570 118926
120750 120878
122884 123174
126696 126797
129584 129706
131253 131477
134402 134550
135739 136094
139347 139628
141348 141455
147939 148187
150092 150368
156571 156880
168332 168505
178553 178799
181217 181503
182289 182543
186341 186616
189366 189500
194116 194873
195593 196099
199951 200649
203650 204216
212329 212840
215301 215524
218563 218752
222537 222834
225573 226100
232639 233013
234623 234912
240630 241223
249233 249361
255508 255720
258863 259354
260096 260230
263848 264137
268526 268862
269715 270081
271905 272137
286036 286320
288146 288319
290202 290386
292219 292510
296254 296725
299226 299335
300253 300718
303504 304639
306839 307091
311569 311854
314031 314506
317416 317613
320517 320733
321468 321530
322123 322303
322876 323047
323668 323754
326917 327194
330610 331622
332241 332498
333034 333227
338139 338518
346662 346807
348980 349436
351005 352477
363638 363911
367075 367239
378792 379656
381927 382223
383811 384083
386919 387732
390148 390330
393599 393877
399188 399397
405356 405623
406457 406726
409063 409196
410235 410442
411087 411385
415949 416414
419035 419124
419673 420130
422294 422482
429059 429471
431443 431530
433142 433430
437603 437851
438688 439293
440087 440900
442466 442712
444663 444988
446220 446270
450360 450448
451304 451414
454897 455477
457448 457558
458604 458830
459965 460421
460986 461044
463090 464359
467828 467943
470708 471408
472180 472428
473836 474050
475247 475435
476690 476916
477585 477953
479882 479974
486912 486991
489970 490225
490739 490846
493958 494453
499362 499452
500077 500373
502893 502965
508640 508722
515621 515862
517459 517777
520882 521119
524689 525327
526094 526270
527402 527997
531492 531683
533935 534073
534994 535276
539957 540029
542864 543528
544981 545071
546149 546423
550075 550164
552024 552434
561839 562017
565523 565799
574732 575179
581618 581798
586997 587144
589485 589975
591104 591377
592014 592353
599303 599928
600551 600726
603304 603449
612284 612591
614596 614871
615896 616172
625555 625738
636944 637278
639868 639986
640535 640823
