Ecoli_ancestor_Ancestor_
1 1396
45205 71264
83309 85559
91395 120068
120629 163608
198222 237515
246697 274733
294371 294481
327599 387908
422184 422589
424292 428791
450892 464205
478475 505563
550059 555547
579488 828636
924600 937627
938752 968863
999715 1002518
1006663 1006768
1066048 1079624
1112646 1120588
1121112 1132710
1138175 1148684
1161951 1259844
1291817 1299418
1316167 1403424
1404709 1428774
1429295 1441601
1459536 1534343
1536057 1557439
1593168 1699270
1717523 1728934
1745382 1796710
1854060 1906881
2069345 2077854
2137580 2143257
2143782 2163730
2188528 2251657
2257047 2280724
2300800 2301813
2361220 2361592
2419568 2513000
2520782 2521761
2523560 2526609
2565477 2605894
2619311 2626644
2639315 2671814
2673135 2728750
2733227 2749878
2760421 2760653
2780435 2793078
2845563 2852070
2881478 2939907
2955912 2957487
2959131 2968739
2981041 2997305
3019024 3020079
3080320 3095415
3096579 3129252
3130600 3175796
3193638 3280629
3290183 3354039
3390335 3395989
3433965 3453374
3493221 3493401
3496423 3496505
3540313 3653096
3653997 3655248
3669781 3694129
3787546 3791324
3852187 3853705
3857632 3882886
3900045 3902881
3952194 3978939
4015128 4065019
4183760 4209489
4242273 4249062
4250818 4297017
4299508 4311587
4315764 4320208
4332184 4332841
4339350 4350517
4353789 4365010
4365533 4367124
4386009 4386125
4418110 4435104
4435856 4458868
4474440 4537506
4539971 4601260
4612029 4635040
Ecoli_0985_Taxon018_
15442 18585
19851 20508
80171 91167
114241 135474
150419 178782
204851 229141
237071 240231
251510 271669
274027 279875
290496 293731
315284 316428
336272 338116
348875 382488
389709 389937
391763 392908
407100 461173
464315 526665
566835 567980
574663 611809
639160 713383
734272 751319
770874 799424
803314 862465
880772 896673
921079 935321
936057 936846
1049883 1137374
1149498 1149743
1156895 1182602
1185311 1194756
1200525 1236928
1304712 1304785
1306652 1307185
1337174 1347868
1360339 1360593
1375057 1384350
1385650 1387927
1426369 1436076
1468104 1470424
1485715 1485956
1510540 1593760
1610282 1622009
1631397 1651446
1709445 1727228
1727740 1738741
1761846 1803211
1815966 1861998
1978718 1992581
2025383 2064139
2066231 2078275
2116439 2116726
2145670 2146683
2171284 2310024
2333813 2363894
2412003 2412091
2417661 2443614
2479686 2512894
2514328 2515724
2521252 2683777
2697054 2702365
2736800 2793418
2817783 2818196
2919916 2938409
2950150 2965916
2996463 3033309
3064115 3064338
3149786 3168670
3186151 3187324
3214817 3215048
3219327 3219551
3239495 3239723
3274693 3323215
3365628 3366641
3423314 3448317
3455402 3457170
3479544 3511441
3524812 3559475
3568255 3588230
3591145 3622781
3652360 3653121
3666260 3765832
3895247 3895487
3941503 3946771
4011372 4085001
4112330 4117764
4122045 4187410
4208056 4213111
4262872 4315729
4317162 4326232
4392415 4427140
4444599 4444972
4446684 4446954
4457038 4464132
4503107 4515668
4520205 4520450
4524954 4537273
4558736 4589492
4629074 4629320
4637220 4641652
