Escherichia_coli_O157_H7_ancestor
15808 15936
35700 35818
38412 41537
56644 57393
67165 67248
91074 91125
99734 99980
104189 105560
146371 146708
157344 157484
194011 194205
235755 236055
237296 237461
305741 306039
320291 320343
338890 338987
349353 350121
355484 355625
377097 383204
385215 386210
387440 387927
410538 410739
434227 434492
459719 464872
497492 497605
499773 500083
506986 507150
513070 513280
514375 515197
535514 535659
567805 567888
581711 582000
592972 594208
614984 615162
621854 622080
647766 647937
658168 658408
664097 665008
670101 670194
671685 671914
707696 707812
717602 717822
720503 720978
725573 726036
727314 727391
727935 729114
735136 735368
736279 736998
739535 739671
740929 741313
742786 743643
745886 747469
755967 756900
762264 763013
796441 796747
841324 841473
879863 879924
884067 885279
893603 893909
905798 906232
907795 907869
910593 910664
978093 978323
1014832 1014895
1016864 1016959
1032651 1035680
1036329 1036923
1041552 1041837
1042414 1044515
1045582 1046153
1049452 1049846
1051299 1051620
1052226 1054738
1055500 1056135
1064699 1065680
1066241 1066352
1066911 1067624
1068136 1077010
1128111 1128372
1186704 1186995
1204182 1204436
1205919 1206077
1207248 1207999
1211352 1211737
1229443 1229706
1242485 1242614
1254207 1255073
1255616 1256566
1257427 1257620
1267571 1267890
1269067 1269743
1271518 1271696
1273718 1276475
1277988 1279234
1280594 1280779
1281488 1282083
1282598 1283101
1283687 1284474
1285077 1293485
1295602 1296275
1297052 1302516
1303882 1303975
1304522 1304678
1311299 1311725
1315625 1317571
1321029 1322488
1323077 1325231
1332292 1332589
1334755 1334806
1350449 1352548
1355356 1355804
1356318 1357254
1361697 1368309
1369673 1371450
1376234 1376884
1380427 1384006
1385240 1386774
1388554 1391222
1405117 1405205
1410968 1411213
1422797 1423316
1424451 1424658
1426221 1426790
1448705 1449029
1457055 1457148
1457714 1457826
1462874 1463273
1502707 1503043
1527202 1527296
1531640 1531974
1559637 1559718
1606144 1607169
1675286 1675531
1676938 1677118
1742830 1743092
1747490 1747609
1790879 1791418
1796032 1796293
1803126 1803207
1808653 1812549
1819167 1821129
1821909 1824865
1825801 1828845
1829526 1834052
1834636 1839698
1840322 1841711
1842215 1843537
1844114 1845573
1846703 1849245
1850786 1851314
1852248 1854496
1855351 1855748
1858276 1858329
1861267 1861575
1865622 1865728
1867405 1867888
1871106 1874315
1877491 1878468
1879335 1884068
1884967 1885477
1886408 1888293
1888980 1889043
1889893 1892664
1893212 1893449
1894188 1894968
1912432 1912493
1915193 1915256
1960911 1961197
1980884 1981199
2001293 2001905
2005243 2005301
2005943 2007239
2060187 2060407
2065535 2065776
2085920 2086089
2121980 2122058
2139972 2140123
2159129 2159419
2160828 2161077
2170537 2170725
2185712 2185859
2191317 2193512
2200182 2201586
2202224 2202401
2203097 2203844
2204808 2205541
2206266 2208052
2208611 2209740
2210577 2212245
2213670 2215181
2216623 2219241
2221538 2221930
2222540 2225959
2226668 2227000
2229540 2229699
2231149 2231377
2237245 2237708
2238964 2239360
2240499 2241002
2254505 2254748
2258516 2258771
2264579 2264748
2270461 2272457
2273941 2275554
2277039 2278071
2310502 2310929
2336053 2336373
2337618 2338059
2347758 2348112
2348749 2351071
2354509 2354566
2355905 2356328
2363082 2363439
2364053 2365777
2384048 2384472
2402618 2403285
2406024 2409727
2410972 2416621
2417309 2419365
2421463 2423631
2425825 2428212
2432044 2432358
2432882 2433265
2451491 2451614
2494926 2495038
2496445 2498061
2526019 2527131
2544835 2545411
2551867 2552046
2564760 2565042
2594135 2597011
2600523 2601722
2612913 2613128
2652164 2652415
2659050 2659285
2671034 2671149
2675555 2675745
2686343 2686467
2702520 2702673
2707578 2717618
2718131 2721574
2722285 2729454
2729995 2730520
2731573 2731824
2732543 2732729
2733332 2736808
2740692 2742298
2752152 2752396
2753986 2754251
2761698 2761932
2863364 2863672
2877807 2877888
2904064 2905834
2906414 2906464
2912564 2913197
2921229 2921414
2930805 2930876
2932889 2933124
2934491 2934659
2938365 2938561
2944424 2944473
2969262 2969385
2993704 2993833
2995589 2996066
2996887 2997063
2999106 2999922
3016097 3016780
3017595 3017806
3019510 3020389
3021125 3022287
3022972 3023201
3037567 3037663
3044787 3045128
3085178 3085276
3101799 3102506
3105821 3108987
3129732 3130006
3133351 3133414
3134754 3134874
3140118 3140226
3206543 3206739
3241275 3241529
3251681 3251978
3259586 3259734
3275611 3275845
3297173 3298146
3298698 3299994
3335311 3335850
3384144 3384353
3416188 3416530
3425064 3425127
3429682 3429813
3441343 3442794
3451415 3451722
3525351 3525464
3538176 3538359
3569272 3571350
3573832 3574122
3584397 3584489
3595083 3595221
3606818 3608140
3612256 3612575
3613830 3614461
3644355 3645077
3646266 3646634
3647860 3648184
3650121 3650324
3652614 3652833
3660977 3661239
3688480 3693732
3700578 3700860
3769276 3769336
3830181 3830376
3977987 3978468
3986791 3987079
3997112 3997470
3999632 3999818
4003045 4003143
4018541 4018767
4027552 4027799
4043297 4043620
4044419 4044601
4046621 4046840
4082588 4082831
4133069 4133217
4135089 4135678
4139048 4139214
4144911 4145164
4147438 4147513
4158844 4159298
4190738 4191200
4213975 4214275
4276719 4277028
4280989 4281123
4289648 4289809
4290424 4290501
4305519 4305756
4306325 4306878
4307651 4309483
4350921 4351014
4367754 4372868
4408849 4413907
4426711 4428322
4432251 4432510
4443867 4444627
4445348 4445551
4457284 4458034
4458674 4459280
4459863 4460674
4466207 4466402
4539367 4542826
4552959 4558178
4580178 4580244
4588357 4588448
4604611 4605142
4613473 4613632
4649444 4654534
4682539 4682869
4684868 4684959
4685955 4686056
4686618 4686753
4724339 4724674
4736090 4736284
4756453 4756974
4813800 4814119
4832657 4832925
4833539 4833699
4853843 4854233
4855479 4855597
4856845 4857475
4859182 4861391
4862524 4862845
4865551 4865719
4867283 4867537
4881307 4884737
4917150 4917835
4925188 4928308
4950600 4951088
4952802 4952872
4968414 4968596
4969482 4969579
4980394 4980457
4981001 4981287
5044239 5044444
5052443 5052716
5089316 5089409
5120554 5120970
5186546 5186680
5198519 5199459
5225993 5230987
5232465 5233578
5318795 5318969
5381576 5381856
5455196 5455491
5474276 5474329
