Ecoli_ancestor_Ancestor_
82236 83247
91391 92426
134976 135080
239906 240110
246350 246597
294522 294870
377737 382862
419017 424406
550137 555506
644010 649257
803219 803458
825085 826199
826930 828298
923566 924471
937667 938675
965426 966546
968041 969835
1006708 1007278
1009012 1009215
1119719 1120374
1161912 1167278
1198703 1198898
1224148 1225153
1228649 1228949
1403487 1404591
1459557 1460496
1593209 1594334
1635259 1635389
1727687 1727949
1831592 1831774
1859531 1864643
1975609 1975965
2075285 2076225
2212670 2212935
2259696 2260161
2277991 2278040
2285849 2286305
2300790 2301786
2412222 2412504
2419475 2420536
2440053 2440414
2487957 2488899
2520680 2521685
2523604 2524529
2525471 2525646
2605456 2605900
2939354 2939775
2954011 2954866
2956044 2956880
3038536 3038619
3057988 3058454
3129937 3130812
3163103 3163319
3164574 3166185
3166852 3166945
3193661 3194666
3245399 3245571
3290204 3291211
3493244 3493744
3495400 3496461
3528719 3529157
3540496 3540877
3837657 3838031
3855805 3856413
3857650 3858657
3860368 3861167
3901852 3902755
3905131 3905369
3923420 3923660
3981552 3981812
3982591 3982698
4009541 4010396
4015113 4016119
4022868 4023934
4064274 4064795
4103351 4103832
4197931 4198997
4208313 4209445
4233129 4233229
4274502 4275476
4299500 4300264
4310791 4311529
4315850 4316750
4319142 4320159
4332227 4332797
4361954 4367240
4536341 4537488
4540750 4541320
4601414 4601557
