Ecoli_0965_Taxon014_
1 16660
150273 151066
222206 228950
257963 258620
274010 275040
279218 279825
290496 291346
349880 349972
381089 382456
462772 463916
574646 575730
608062 609280
611717 612444
688378 689810
693220 697141
728751 765166
1049883 1051656
1052306 1056688
1060751 1074388
1084601 1094890
1095564 1096097
1306289 1307173
1308311 1309457
1387887 1405660
1415348 1429740
1430317 1434676
1468165 1470424
1564050 1570627
1588087 1589166
1640631 1641971
1966088 1971251
2034634 2051568
2063299 2063503
2065906 2069617
2102529 2105393
2125933 2127945
2128515 2137272
2177886 2189574
2190282 2190911
2191574 2200934
2224446 2225438
2317597 2317811
2418681 2419868
2520112 2520364
2696716 2698828
2699482 2702365
3080305 3081347
3081961 3084057
3084602 3088768
3089334 3093011
3116238 3117268
3219752 3221910
3375724 3376754
3381035 3382266
3382792 3387247
3423253 3428754
3497678 3499274
3583483 3586107
3607513 3622807
3623641 3625670
3652363 3652937
3682585 3689741
3690439 3714511
3715325 3722968
3756642 3765772
3926134 3940831
3941404 3950523
3951081 3951441
3952119 3964623
3965648 3977271
3978247 3988028
3988574 3997584
4038592 4041202
4041834 4042701
4110292 4119239
4119842 4127409
4187001 4193651
4229134 4242347
4303233 4311798
4317266 4317918
4400782 4407991
4408877 4423830
4462991 4464928
4504260 4513026
4513555 4517388
4518086 4519957
4520520 4528893
4641476 4641652
