Ecoli_0900_Taxon001_
151834 155783
285587 286174
302202 303279
341865 344724
625736 625936
1679314 1679910
1768171 1769357
2167554 2168990
2554408 2554952
2736727 2740472
3329095 3331018
3349157 3349379
3451496 3454197
3943734 3947011
4003494 4007056
4098688 4100921
4552523 4554426
4555794 4556173
Ecoli_ancestor_Ancestor_
81926 82158
82996 83253
86984 87098
91178 91768
92388 92520
377370 377639
380884 381101
382361 383356
418894 419042
422286 422589
423849 424422
553408 553717
554977 556205
647223 647440
648700 649301
824629 826457
827147 828485
938373 938713
968706 969448
970138 972317
1006715 1008238
1161868 1162338
1163598 1163907
1167142 1167490
1224853 1225193
1403115 1403853
1404473 1405038
1458665 1459859
1593216 1593348
1593968 1595305
1859255 1859943
1861203 1861506
2075241 2076605
2301490 2301830
2422127 2422231
2488660 2489000
2520438 2520768
2521388 2521729
2524250 2524574
2604124 2606259
2939390 2939906
3124239 3124781
3164609 3164950
3165570 3165894
3166732 3166989
3193044 3193961
3289691 3290506
3291306 3291557
3493663 3495304
3496560 3496834
3540365 3540921
3856444 3856601
3858315 3861237
3902558 3902898
4015818 4016158
4197302 4197840
4199096 4199868
4207460 4208689
4209309 4209441
4240934 4241031
4250470 4250993
4299187 4300050
4310979 4311521
4315307 4315654
4316454 4316794
4332184 4332999
4335439 4335898
4365168 4365477
4366737 4367284
4533900 4534238
4535530 4536230
4539971 4543188
