e_coli_k12_gi_556503834_ref_NC_
8638 8891
9610 9931
20564 20713
22677 22977
51724 51915
55640 56449
60095 60420
66305 66729
68990 69363
70264 70653
71998 72326
85738 85796
88194 88257
93803 93937
97112 97427
100269 100435
112788 113565
142349 142553
144577 145287
146534 146770
147487 147748
151727 151867
152497 152659
164529 165078
170344 170594
174417 174646
193294 193650
195506 195556
196359 197227
200027 200337
208613 208678
213442 213962
223344 224949
226669 228900
230493 230667
236559 236849
239267 239327
245910 245982
246541 247100
257044 257382
257993 258521
264005 264207
270358 271833
272964 273432
274055 274436
277148 277332
279273 279930
290656 291302
300223 300839
301951 302251
303531 303619
307176 307364
312522 313041
315563 316807
328137 328457
331679 331740
338477 339258
339890 339978
344664 344902
349639 350262
357472 357670
358886 358999
366786 366997
369986 370282
374993 375246
377439 377519
378296 378819
380974 381991
382528 382661
387231 387425
390190 390377
392179 393180
403079 403352
411076 411177
413087 413139
417399 418083
422839 423350
428712 429262
437895 439261
442203 442345
446109 446172
446962 447090
449035 449140
452232 452352
462356 462639
463147 463588
470015 470140
470860 471083
471922 472091
480642 480734
484025 484141
489921 490081
490733 490977
504998 505218
508718 508898
509533 509813
513645 513802
514847 515064
517778 517926
523456 523987
528537 528637
544847 544913
545562 545887
547393 548079
549238 549706
553984 554251
566856 568243
572951 573100
574899 575691
579152 579386
580345 581669
585072 585593
596170 596234
598187 598384
602279 602360
608113 609328
609832 610321
622469 622751
625048 625230
637609 637686
645844 645980
646725 646946
650596 650689
662676 662868
665460 665649
666311 666704
672033 672125
676808 677341
684067 684217
687605 689192
692544 693013
696471 697081
703308 703463
707737 707967
713294 713822
723331 723436
729615 733136
734247 735102
736347 738696
742907 743208
744842 745187
756788 756869
762944 763206
766793 767346
780643 781390
793933 793988
795788 795876
797586 797636
801079 801572
803438 803561
805891 806134
809608 809919
816976 817026
823706 823801
825160 825287
825868 825941
830200 830647
839056 839614
855974 856159
860009 860121
869193 869691
876996 877291
888411 888543
891542 891626
899252 899302
914948 915281
918281 919346
920153 921169
922390 923235
923925 924014
927357 927580
935874 936002
937496 937569
942515 942593
944875 944948
951725 952023
956365 956800
958580 958833
967663 968063
973947 974051
976368 976988
984376 984453
985996 986107
990179 990343
993463 993549
1001115 1001255
1003679 1004010
1005476 1005775
1018437 1018494
1020323 1020915
1022459 1022967
1024446 1024521
1026165 1026220
1035200 1035446
1041469 1041579
1047755 1047908
1049944 1050423
1051413 1051766
1059830 1059923
1069452 1069511
1070713 1070811
1080277 1080345
1087122 1087316
1087866 1088153
1089578 1089902
1091265 1091320
1094152 1095581
1097024 1097865
1100257 1100814
1104550 1104603
1108435 1108684
1119659 1120210
1123038 1123158
1124891 1125081
1128258 1128525
1131434 1131678
1135703 1135955
1137007 1137060
1137730 1137992
1138695 1139008
1145818 1146205
1151015 1151326
1155738 1155963
1174843 1174923
1175604 1175687
1176892 1177344
1180039 1180153
1188079 1188523
1190503 1190654
1191898 1192239
1207648 1208218
1212054 1212196
1216161 1216325
1222146 1222543
1223441 1224079
1230727 1230995
1233296 1233752
1237525 1237982
1255935 1256560
1257397 1257891
1265585 1265715
1268040 1268665
1269281 1270193
1271230 1271712
1280302 1280374
1284381 1285463
1286199 1287557
1292627 1292811
1297829 1298141
1299401 1300627
1301675 1302151
1303007 1303065
1304835 1304946
1306273 1306427
1315355 1315428
1316978 1317118
1320780 1321382
1322420 1323013
1333462 1333525
1335528 1335820
1336517 1336693
1340551 1340649
1345344 1345512
1346951 1347085
1348074 1348274
1350092 1350372
1357073 1357327
1370556 1370630
1373015 1373308
1390957 1391247
1396165 1397656
1408072 1408176
1414371 1414472
1423200 1423356
1425075 1425171
1427307 1427384
1427990 1428640
1432657 1433379
1443315 1443597
1451547 1452225
1459399 1459540
1465138 1465367
1466186 1466752
1467971 1470483
1471019 1471268
1472357 1472565
1473959 1474239
1478229 1478293
1481739 1481944
1491252 1491372
1499783 1501107
1502554 1502825
1512494 1512598
1516193 1516265
1518451 1518526
1528235 1529369
1532106 1532744
1538178 1538275
1542736 1542904
1545373 1545544
1546682 1547121
1552048 1552204
1563315 1564022
1570960 1571796
1572705 1572817
1575972 1576034
1583723 1583784
1597126 1597178
1608423 1608724
1609559 1609812
1616663 1617387
1622897 1623024
1625146 1625591
1626864 1627384
1629577 1629981
1632454 1633817
1634633 1635485
1636587 1636984
1642903 1643483
1647046 1647407
1649284 1649364
1650882 1651508
1652431 1653225
1655646 1655819
1664800 1664973
1669095 1669325
1672772 1673084
1685971 1686180
1691925 1692129
1704792 1704881
1706960 1707137
1708743 1709090
1711014 1711196
1722850 1722924
1724817 1724936
1727213 1727322
1728881 1729442
1731453 1731710
1735701 1735955
1742860 1743091
1743929 1744302
1745575 1745859
1746485 1746662
1751685 1751888
1756317 1756497
1764764 1764890
1766353 1766505
1767027 1767776
1768907 1769218
1770626 1770693
1772188 1772249
1773266 1773327
1780989 1781101
1783092 1783334
1786639 1787281
1790667 1791239
1803160 1803381
1804048 1804278
1805376 1805780
1818241 1818343
1820204 1820488
1825250 1825358
1843068 1843336
1847799 1848597
1860884 1860936
1864884 1865182
1871980 1872158
1883596 1883824
1893859 1894014
1898608 1898932
1909202 1909362
1910982 1911160
1912571 1912792
1921326 1921427
1929006 1929065
1934115 1934257
1934867 1935087
1939124 1939428
1940048 1940157
1943923 1943978
1951688 1951794
1952820 1953781
1955150 1955454
1956637 1957435
1963220 1963309
1964430 1964506
1968058 1968755
1970790 1971050
1975189 1975917
1977104 1977455
1978622 1979206
1994223 1994280
1999056 1999633
2001438 2001769
2010367 2010939
2011941 2012100
2016775 2017205
2018014 2018325
2026797 2026866
2034096 2034956
2038948 2039054
2044802 2045195
2048640 2049515
2055458 2055683
2060825 2060937
2062377 2062641
2066203 2067299
2068966 2070061
2075567 2075862
2084189 2084505
2091444 2092249
2092921 2093189
2102449 2102675
2104521 2104602
2108908 2108993
2112843 2113102
2118431 2118763
2128355 2128919
2148502 2148674
2150271 2150447
2151460 2151688
2153330 2153555
2163120 2163483
2165611 2166026
2170165 2171349
2183390 2183526
2184753 2185200
2199736 2199919
2204360 2204688
2205682 2205884
2218584 2219405
2236492 2237264
2240193 2240793
2246477 2246581
2248281 2248521
2249638 2250138
2252086 2252222
2255893 2256546
2261019 2261155
2263087 2263142
2264068 2264315
2267812 2268139
2282445 2282871
2288646 2289783
2301882 2301962
2304616 2304843
2322526 2322597
2329228 2329529
2331338 2331446
2336296 2336843
2337405 2338800
2340204 2340353
2346267 2346399
2348091 2348189
2356729 2357580
2370786 2371060
2374088 2374518
2379407 2379638
2383855 2384042
2386154 2386561
2387122 2387173
2388516 2389432
2393708 2393992
2395524 2396978
2403367 2403642
2405510 2405819
2406512 2407188
2408619 2408913
2410363 2410505
2421602 2422084
2423627 2423678
2426450 2426645
2434112 2434861
2436527 2436948
2438946 2439216
2442887 2442955
2467175 2467235
2468227 2468356
2470896 2471021
2472004 2472778
2475965 2476154
2481931 2482529
2484502 2484753
2488917 2489106
2498256 2498473
2502533 2503325
2504729 2505131
2506021 2506092
2514412 2515597
2518036 2518150
2521007 2521248
2521320 2521426
2523440 2523502
2538471 2538633
2539666 2539833
2544974 2545161
2549576 2549763
2551092 2551250
2563706 2563792
2566135 2566471
2568223 2568322
2569295 2569427
2588046 2588306
2592538 2592614
2595679 2596220
2603727 2603887
2614397 2614753
2624903 2624956
2626541 2626702
2627330 2627784
2628807 2628912
2631395 2631449
2639098 2639570
2642138 2642469
2644181 2644308
2648011 2648164
2652652 2652839
2653872 2653988
2654777 2655002
2659712 2659969
2664767 2664846
2668400 2668453
2686427 2686867
2699366 2699798
2717490 2717598
2718684 2719431
2726225 2731412
2734634 2735162
2739536 2740062
2742967 2743282
2746558 2746667
2752395 2752476
2762737 2762824
2767260 2767427
2769418 2769660
2770202 2770323
2773657 2774239
2775054 2775178
2784626 2784941
2791391 2791621
2796147 2796196
2808219 2808321
2814116 2814258
2817622 2818491
2823679 2824082
2827034 2827797
2828492 2828561
2831101 2831370
2835013 2835673
2848919 2849399
2855917 2856124
2856993 2857062
2863145 2863271
2871192 2871377
2877980 2879125
2879768 2879857
2882307 2882403
2885301 2885358
2894757 2895184
2896730 2896958
2900500 2900740
2903245 2903419
2907183 2907434
2911025 2911282
2912917 2913066
2915909 2916247
2919597 2919985
2921010 2921310
2921990 2922419
2928111 2928304
2933752 2934186
2945270 2945501
2946632 2946694
2947440 2947613
2954053 2954450
2963732 2963896
2979020 2979812
2983469 2983753
2992486 2992536
2996523 2997603
3000067 3001035
3004642 3004831
3018304 3018784
3023350 3023503
3026928 3027130
3030672 3030735
3031370 3031436
3033996 3034051
3036050 3036261
3037290 3037407
3038337 3038643
3041619 3042790
3049609 3050001
3063299 3063577
3067086 3067518
3070046 3070131
3071122 3071306
3074627 3075325
3078266 3078380
3081144 3081511
3084678 3084925
3089664 3090072
3091870 3092427
3094954 3095244
3114241 3114526
3118256 3118448
3127533 3127884
3130115 3131561
3134165 3134343
3139640 3140019
3148390 3148540
3149362 3149449
3151389 3151586
3157751 3157902
3160178 3160298
3168757 3168853
3171080 3171290
3174666 3174771
3179977 3180119
3183342 3183397
3185168 3185555
3186287 3187212
3191878 3192139
3194117 3194919
3198143 3198378
3205312 3205622
3210977 3211301
3212640 3212917
3215187 3215850
3218679 3219154
3227176 3227522
3231252 3231482
3234727 3234986
3258885 3259143
3269822 3270184
3274073 3274188
3275986 3276530
3281292 3281374
3282048 3282455
3284037 3284438
3293616 3293764
3296492 3296972
3300321 3300371
3310613 3310735
3313087 3313693
3330236 3330686
3337372 3337510
3351003 3351214
3351760 3352064
3359720 3360093
3365777 3366656
3370184 3370486
3371006 3371282
3377299 3377359
3379571 3379667
3381601 3381737
3387685 3388295
3392248 3392374
3402772 3402859
3408344 3408491
3409122 3409357
3411730 3412607
3413441 3413695
3423362 3428866
3440285 3440336
3442169 3442282
3446249 3446523
3449397 3449570
3450866 3451301
3456349 3456983
3458853 3459117
3463865 3463935
3477788 3478572
3494685 3495201
3508958 3509473
3513634 3513812
3514378 3514564
3518429 3518737
3524985 3525363
3528354 3528570
3529702 3529926
3530533 3530634
3535224 3535883
3536567 3537113
3539477 3539739
3541719 3541946
3543933 3544142
3547669 3547792
3551191 3551346
3575970 3576206
3583527 3584132
3586698 3586841
3588224 3588860
3592607 3592789
3603750 3603828
3619156 3621460
3621985 3622697
3623934 3625306
3632423 3633534
3635200 3635418
3638398 3638512
3645467 3646379
3650403 3650632
3651687 3654050
3660612 3661078
3663404 3664179
3666083 3666479
3671592 3671695
3672431 3672570
3678474 3678688
3679499 3679658
3680857 3681111
3684865 3685270
3691199 3691801
3695953 3696111
3696947 3697381
3700182 3700661
3711509 3711566
3713162 3713562
3724816 3724889
3735366 3735566
3745632 3745905
3749451 3749819
3753477 3753889
3755629 3755741
3760590 3760701
3762001 3762260
3764560 3765770
3767791 3768221
3770074 3770191
3771604 3772175
3774026 3774295
3782079 3782299
3794120 3794739
3804866 3805038
3807288 3807663
3820320 3820479
3824685 3824877
3839082 3839162
3841788 3842288
3849491 3849613
3852213 3852669
3854557 3854606
3857899 3858106
3862482 3862699
3873996 3874136
3877680 3878124
3887658 3887713
3896190 3896670
3900132 3900192
3901463 3901649
3902842 3902894
3920865 3921001
3925606 3926058
3929360 3929496
3931730 3931819
3941529 3947690
3954857 3955752
3956427 3956515
3960070 3960266
3964215 3964402
3967520 3968550
3969984 3970035
3976121 3976235
3977482 3977793
3978472 3978819
3979952 3980068
3982826 3982963
3994695 3994856
3995531 3996661
4012765 4013234
4021859 4022033
4033017 4033136
4035293 4040659
4043468 4044203
4052522 4053020
4058532 4058673
4059683 4059795
4061220 4062013
4066819 4066917
4072038 4072344
4077726 4078084
4084629 4084992
4085759 4085935
4098470 4098942
4103569 4103751
4104736 4105109
4113530 4113735
4127520 4128182
4132752 4132854
4135424 4135603
4138208 4138902
4149175 4149232
4155915 4155987
4159094 4159206
4166339 4171220
4171870 4172101
4175998 4177289
4182221 4182362
4187957 4188055
4188990 4189487
4191653 4191726
4194600 4194727
4198719 4199332
4207696 4213023
4218131 4218522
4227455 4227949
4228554 4229697
4235222 4235552
4239132 4239368
4241831 4242078
4245051 4245217
4251053 4251125
4257161 4257296
4263804 4264064
4265608 4265659
4268690 4268749
4278635 4278687
4281805 4282640
4286476 4287731
4289246 4289301
4293324 4293718
4295879 4296448
4301779 4301875
4302516 4303262
4306828 4306950
4308718 4309517
4313094 4313191
4313895 4314725
4316514 4316591
4319817 4320073
4321111 4321216
4325834 4326252
4328871 4328972
4330549 4330662
4340435 4340556
4349609 4349711
4352157 4352471
4355143 4355281
4358091 4358151
4372338 4372389
4377487 4377624
4383311 4383380
4384551 4384913
4392426 4392573
4397273 4397428
4425095 4425589
4426929 4426993
4427982 4428583
4430218 4431000
4432301 4432466
4436650 4436776
4439771 4439908
4440796 4441431
4443741 4443907
4453525 4453736
4458128 4458184
4459902 4459989
4463578 4463708
4466638 4466921
4468798 4469049
4478205 4478536
4486426 4486586
4488579 4488764
4489759 4489857
4492557 4492615
4498372 4499412
4500368 4500466
4503999 4504121
4507564 4507640
4509021 4509261
4513477 4514047
4518374 4518976
4520046 4520118
4523435 4523624
4543880 4544416
4547478 4547644
4548416 4548710
4551988 4552054
4554110 4555489
4555991 4556310
4571610 4571691
4572691 4572899
4573775 4573885
4586324 4586470
4590948 4591045
4595754 4595959
4599285 4599432
4606207 4606489
4608776 4609430
4614394 4614723
4618879 4619319
4620185 4620397
4628376 4628695
4629375 4629892
4641463 4641652
