Ecoli_0920_Taxon005_
1 254022
254655 552077
593085 3808202
3809035 4020408
4023267 4210391
4240983 4241074
4293513 4641652
Ecoli_0965_Taxon014_
15442 16660
223678 225636
290496 291346
311994 318931
331751 349777
378322 380224
381089 381426
381940 382456
462772 463916
608062 609280
611717 612012
689555 689810
693220 693454
695601 697141
752570 752823
753349 753541
1306289 1306736
1428152 1428215
1434035 1434676
1468165 1468560
1469074 1470424
1588087 1589166
1640631 1640680
2050182 2051568
2068711 2069617
2224970 2225438
2317597 2317811
2419734 2419868
2520112 2520359
2696716 2698828
2699482 2702365
3081961 3082431
3219752 3219864
3381035 3381120
3423253 3427351
3497678 3499179
3583483 3584140
3619400 3622781
3692597 3692749
3764411 3765772
3943364 3943581
3974662 3975404
3978247 3978501
4037832 4040586
4112330 4115903
4242179 4242347
4306745 4311798
4400782 4401057
4462991 4464132
4527786 4528893
4641476 4641652
