Ecoli_ancestor_Ancestor_
1 1396
15165 15405
82022 83290
92478 92568
198612 237515
377693 381101
395035 395281
414716 418883
422184 422589
424292 478419
497313 512645
553306 553717
555420 555578
643910 647440
649143 669514
825032 826546
828541 828636
938373 938717
968139 968233
968919 969537
1132714 1137648
1138175 1148747
1163598 1167490
1224853 1225197
1299537 1316180
1383566 1403377
1404563 1410742
1459511 1459859
1460659 1461544
1469329 1472049
1593168 1593258
1624954 1625176
1632122 1643420
1708574 1741365
1751393 1776536
1835945 1836187
1859374 1859500
1861203 1864687
1978522 1980171
2013010 2075186
2251687 2300690
2301490 2301813
2488660 2489000
2524250 2524573
2653939 2654046
2852008 2881422
2955876 2956195
3057944 3058714
3116460 3116685
3118688 3124781
3128933 3129252
3130600 3131246
3165660 3165872
3193617 3193961
3194761 3215747
3290162 3290506
3291306 3356770
3417528 3440820
3478348 3478600
3492429 3495326
3540313 3540921
3590874 3591212
3744736 3745001
3807037 3809172
3809960 3856601
3857632 3861237
3878494 3878732
3902558 3902902
4009497 4010446
4015818 4016162
4204290 4208213
4209399 4209489
4211330 4274457
4299508 4300308
4310979 4311587
4316454 4316794
4319098 4320588
4361854 4365477
4474332 4474439
Ecoli_0990_Taxon019_
19851 85876
121848 126215
139984 140224
206841 209962
250392 250861
251491 258530
332308 332531
341267 341536
348078 348301
356055 356289
362335 415076
418401 505920
519854 520100
538569 539479
592829 593084
597859 598017
599720 607925
621102 622131
625485 625767
674878 680397
768729 772259
773962 774120
949851 988740
1020784 1020879
1022874 1049363
1062448 1063536
1092958 1096295
1131482 1132090
1210219 1217945
1247066 1247182
1259311 1260221
1267398 1292309
1348928 1424355
1433706 1433946
1440986 1441100
1519864 1520288
1547635 1547983
1568368 1568484
1717987 1718556
1743754 1745478
1753668 1753888
1765529 1765866
1777919 1778200
1786239 1786459
1869857 1870079
1876102 1876156
1897427 1897486
1901135 1901355
1960764 1961006
1984193 1984319
1986022 1989506
2003358 2061311
2296491 2306505
2426309 2426632
2568923 2569263
2637370 2638409
2646032 2646627
2648378 2649392
2744130 2745804
2778758 2778865
2858101 2959563
3006234 3006296
3064781 3075263
3076229 3083008
3093614 3143721
3182763 3183533
3241279 3241504
3243507 3247658
3280942 3281588
3282936 3283255
3287407 3287572
3322351 3340566
3414981 3416069
3481261 3481589
3520810 3530311
3603167 3603419
3665132 3665740
3715693 3716031
3759593 3777289
3779993 3780271
3869555 3869820
3931856 3932080
3933834 3933991
3934781 3935014
3937843 3938157
3980580 3986056
4003313 4003551
4006945 4103758
4133834 4135265
4139893 4140981
4188958 4189838
4278724 4322681
4329109 4329215
4331056 4331625
4399332 4400317
4424327 4425127
4435798 4436406
4441273 4441616
4443917 4445407
4457053 4457660
4486673 4491943
4589098 4589205
4601345 4629788
