Buchnera_aphidicola_Acyrthosiphon_pisum_ancestor
1907 2240
3237 3719
5915 6639
7445 7796
9978 10102
15366 15660
16317 16564
17185 17410
19265 19533
21533 21665
24237 24708
25380 25670
27683 28661
31538 31843
33613 34445
35129 35329
38044 38404
42208 43145
44277 44569
46976 47106
48774 48856
50216 51020
51661 51780
54507 54660
56589 56682
57940 58154
59269 59370
60401 60799
64837 66071
66834 67198
68873 69152
71691 72190
72898 73188
74718 75027
78828 78898
80263 81392
83353 83807
88026 88381
88983 89266
91194 91389
94627 94831
95455 95765
97751 97935
98636 99189
100728 102377
105316 105428
107813 108017
108944 109168
111528 112076
115151 115450
117109 117205
117983 118053
122038 122230
126042 126130
129508 129706
133104 133721
135700 136094
138210 138583
141156 141528
144147 144252
148749 149888
151506 152163
154030 154088
155161 155371
156032 156966
162434 163706
165843 166389
176772 177664
178311 178799
181161 181300
183311 183515
187844 188031
188973 189253
192977 193505
194973 195160
195733 195853
196612 196832
198789 200454
203972 204180
206604 206965
212182 212889
215331 215548
222167 222408
229129 229233
229764 230661
236055 236298
240468 240965
241583 241822
242533 242598
243151 243758
249659 249818
250849 251210
253998 254285
255613 255720
256312 256566
257742 260558
262897 263765
273907 274770
277022 280047
281088 282348
283594 283774
284730 284932
285467 286313
291027 291277
292119 292760
296460 296529
297902 298125
300253 300750
305869 306180
306831 307091
311042 311231
311954 312405
314031 315851
317473 318182
319566 320412
321468 321621
322192 322303
323663 323754
328580 328702
329459 330277
332241 332865
336139 336329
338432 338837
340184 340348
342359 343074
345249 346205
350150 350265
353552 353809
355346 355941
361075 361710
365217 365365
367083 367263
370842 371408
372405 372663
374711 375840
377485 377976
378709 378934
381887 382077
382941 383040
386565 386819
387585 387722
390124 390340
391624 392225
393186 393390
394025 394170
394782 395105
397192 397522
403076 403551
404172 404426
407185 407399
410229 411334
414402 415378
416528 416875
418833 419617
424020 424603
425752 426686
427506 428263
430388 430661
438688 439763
440267 440859
443731 444000
445565 445725
447965 448260
449805 450333
450875 451742
457913 458785
463090 463793
464489 464689
466140 467369
470225 470308
471539 472080
472641 473174
480495 480845
482041 482389
484595 485543
486649 486991
491309 491434
491996 492250
492783 493033
493880 494101
499027 499452
501109 501752
502332 502597
510888 511416
514639 514828
515621 516286
522831 523422
524219 524369
527774 527958
529484 529758
530633 530912
539957 541388
547133 547281
547831 548288
550264 550467
554453 554502
555473 555752
558473 558883
561826 562361
562971 563316
566228 566394
570278 570343
571912 572114
572765 573257
574732 575298
576749 577472
582576 582865
586529 586897
587434 588711
589503 589611
592173 592442
595698 596007
596828 597010
598031 598341
599722 600919
602806 603340
604451 604696
606385 606476
612728 613005
614855 615136
615901 616067
617945 618192
625838 625898
627478 627608
632224 632435
636917 637332
640307 640871
Buchnera_aphidicola_Acyrthosiphon_pisum_0975
1907 2240
3237 5335
7445 7744
9978 10102
13986 15266
17185 17410
19265 19533
21533 21665
24237 24708
29357 29461
33407 33472
35041 35243
37060 38427
39878 40601
41733 42752
45705 45994
49658 50026
51940 52740
55302 55582
59957 60752
64738 64787
65758 66037
68758 69168
69701 69789
72111 72826
76438 77410
78635 80261
81063 81204
81969 82250
89233 89642
92409 92654
93776 94299
96186 96882
98764 99074
101661 102118
102668 102816
109246 109383
112701 113341
116336 116520
118046 118320
119195 119474
123149 123579
125580 125730
129167 129518
130688 131006
134428 135310
140081 141190
142718 143681
145775 146251
147352 148840
150497 150922
155141 156069
156916 157151
162553 162846
166746 168259
169888 170862
172508 172762
173295 173367
175833 176727
177269 178136
180686 182483
186649 186960
187611 188262
191822 192011
192734 193185
196028 196631
198253 198962
202248 202401
202972 203083
208097 208512
209360 209482
213021 213645
216919 217109
219212 219617
223139 223854
224399 225929
226749 226985
227651 228179
228714 229123
230930 231045
232180 232892
234332 234589
236126 236721
241268 242490
245997 246145
247863 248043
251622 252188
253185 253443
258265 258470
259085 259166
259814 261369
262667 263820
267345 267599
268365 268502
269029 270214
270828 271120
272052 272304
273963 274170
274805 274950
275562 277361
277972 278302
283329 284331
284952 285206
286488 287137
287965 288179
291009 292114
293427 293824
296664 297655
300730 300955
303811 304524
305125 305722
306227 306760
307322 309176
311416 311576
313578 313863
316282 316874
317848 318453
324151 324848
326480 326753
328914 329635
331489 331709
332538 333121
337524 338003
338901 339976
340963 341245
342340 343207
345550 346422
349446 349696
351824 352047
353420 354314
357189 357812
358672 358922
363636 363913
365041 366355
367601 367758
372641 372927
375179 376042
377093 377210
393383 393637
394229 394336
395664 395951
398739 399100
400227 400290
407351 407416
408127 408366
413651 413894
417975 418305
420716 420820
427541 427782
429663 430435
434401 434618
437060 437767
442209 442382
444257 444687
445580 445977
449495 449998
453117 453337
454096 454216
454789 454976
455595 456671
460696 460976
461918 462105
462876 463669
466434 466638
468649 468788
471150 471638
472732 473177
483560 483639
495861 495919
496689 497184
497786 498443
500663 501200
504135 504592
505697 505802
511366 511739
513357 513755
520243 520441
523353 523907
527719 528427
531896 532840
533824 534798
535921 536184
536982 538020
538521 539087
540781 541005
541932 542136
544521 544633
551543 552198
553093 554494
555118 555322
555932 556033
557387 557576
558560 558755
560683 561923
565421 566596
567194 569170
571051 571121
574922 575231
576761 577051
578832 580820
581973 582232
582745 583115
583878 584332
587899 588029
589609 589669
590578 591479
595073 596535
597096 597401
599171 600003
600687 600887
603602 605626
607766 608703
609835 610127
612125 612664
615774 616578
617219 617322
620065 620218
622147 622240
623498 623712
624827 624928
625959 626357
630052 631153
632224 632435
639788 640871
