gi_556503834_ref_NC_000913.3_
223702 225738
228675 228928
258050 258471
270618 271684
274485 275072
279305 279726
290518 291197
381337 381884
391786 392886
566857 567957
574685 575708
580386 580729
608084 609274
687945 688968
729879 733150
734815 737730
1049982 1050403
1094322 1095422
1096961 1097141
1270092 1270625
1299576 1300599
1396121 1397144
1467987 1469295
1528404 1529221
1532499 1532838
1632637 1634945
1635916 1636632
1650920 1651471
1978645 1979066
2066253 2067222
2069018 2070194
2101843 2102866
2170251 2171351
2289013 2289512
2304390 2304615
2514350 2515540
2726346 2731226
2817860 2818473
2996438 2997614
3130223 3131246
3186173 3187349
3365650 3366673
3423336 3428831
3583632 3584053
3619350 3619410
3620322 3620666
3621963 3622761
3623912 3625283
3652130 3653153
3666282 3667260
3762479 3765750
3766362 3766570
3767297 3767503
3941739 3946632
4035242 4040723
4094310 4094493
4166376 4168137
4168698 4171843
4176156 4177032
4209703 4212881
4498883 4499434
4507536 4508602
