e_coli_k12_gi_556503834_ref_NC_
66564 66648
223594 228825
239098 239286
257963 258570
270272 271706
279210 280056
290496 291296
315263 316428
339788 339900
349740 349911
375267 375365
508718 508818
566804 567980
574641 575730
580364 581816
608062 609296
687923 688990
696507 696618
696697 696898
729723 733167
734203 735074
736438 738641
780609 780840
781109 781412
1049883 1050490
1094244 1095458
1097197 1097604
1269683 1270504
1286907 1287262
1299554 1300655
1396092 1397166
1423334 1423514
1427851 1428253
1466418 1467005
1467965 1469295
1528239 1529119
1531808 1532671
1552014 1552191
1570694 1571846
1632615 1635088
1650898 1651504
1978558 1979165
2066231 2067332
2068996 2070218
2101798 2102912
2170217 2171373
2288974 2290058
2304390 2304615
2470900 2471181
2471882 2472068
2514328 2515562
2518036 2518150
2521007 2521475
2726119 2731452
2817648 2818335
2947550 2947654
2996416 2997637
3130201 3131268
3186151 3187371
3269846 3269958
3365628 3366695
3423473 3428939
3470219 3471191
3583464 3584144
3624151 3624257
3652108 3653175
3708359 3708526
3762319 3765803
3767269 3767520
3941503 3946769
4040642 4040753
4084411 4085186
4094393 4094627
4153447 4153692
4166354 4171873
4207898 4213109
4296210 4296433
4325805 4326004
4498236 4499456
4507191 4508624
4606134 4606348
4614336 4614638
