Ecoli_0920_Ancestor_
1 89
2635 2839
10760 11146
12451 12957
13998 14283
15727 15971
17333 17615
24716 25694
31932 32246
35029 35126
37938 38156
38868 39629
40866 41287
41848 42193
43762 44570
45814 46054
46589 46682
47363 48054
52049 52147
54717 55125
59592 59651
61115 61189
62670 63174
64303 64615
65403 66033
66834 66949
68149 68481
70346 70415
74025 74246
75706 76263
77945 78132
81970 83580
86440 86556
87897 88222
90762 93039
96272 96826
102429 102681
103247 103362
105120 105197
110533 110649
114876 115149
116286 116376
119016 119468
122559 123136
123946 124358
130444 131024
131919 132361
134029 135080
136788 136856
141234 141475
144387 144672
146629 147442
152791 153191
159001 159094
160748 161235
163193 163260
165313 165589
167326 167433
180660 180772
184467 184584
186062 186135
190029 190515
193249 193576
194152 194645
198286 199330
202802 203171
208442 208651
210468 210593
213141 215004
219262 219604
221517 221592
226861 227121
228050 228154
235824 236003
242345 242638
244407 244489
246357 246557
247151 247632
250732 251135
258802 258852
265339 265600
272334 273011
279460 279646
281598 282324
284515 285674
286623 286770
289563 289862
294649 294852
295501 295619
300573 300728
301544 301760
302511 302731
311136 311591
313066 313259
318229 318506
333062 333345
337968 338083
339340 339696
340341 340714
348556 348749
349993 350252
351969 352110
354174 354393
355051 355372
359112 360838
364493 364711
366096 366183
369110 369401
370359 370613
371146 371323
372405 373650
374913 375314
377386 382862
383907 384186
386437 386756
391236 391319
394914 395250
401912 402436
406159 406804
410140 410528
412216 412268
414200 414767
417235 417312
418969 424002
427684 428350
428905 429031
433470 433634
434331 434801
436222 436458
437837 438451
440353 441022
443110 443444
448658 448732
456559 456865
462892 463177
463990 464165
468412 468634
470732 471457
474185 474261
476916 477391
478926 479025
485181 485662
489223 489457
490286 490366
494094 494373
495250 495485
496294 496525
502979 504007
507793 508105
510704 510844
511833 511997
515225 515522
526557 527283
527852 528230
530465 530538
533695 533831
535321 536424
537456 537564
540017 540461
546797 547064
548756 548926
549646 555408
556407 556460
558029 558802
560455 560985
562114 562456
564807 566143
570685 570971
571845 572124
575798 575853
577234 577455
581023 581101
581965 582344
585583 585838
587524 587622
588136 588245
589834 590017
592149 592211
597673 598273
601438 602322
603136 603218
604214 604524
605383 605546
606047 606466
610103 610211
610920 611938
612616 613149
614153 614387
620985 621199
624337 625090
636271 636377
638212 638294
644010 649183
655947 656257
656970 657077
663660 664374
665614 665761
668819 668882
670909 671467
673641 674489
675030 675223
685749 685928
686793 687096
692116 692272
694148 694529
696056 696402
697339 697440
703439 703779
704665 704969
708216 708875
709468 709681
715395 716049
717980 718072
718870 719015
721658 722056
723371 723421
723927 724561
725733 725854
734111 734477
736719 737622
738157 738357
741355 741980
742494 742817
744435 745104
747537 748611
751036 751167
753522 753613
756556 756884
758020 758289
762059 762255
763621 764190
768725 768842
774153 774966
777657 777829
779958 780089
781171 781595
783006 783551
788357 788969
789665 789780
792964 793578
795017 795266
796295 796527
799722 799779
802760 803453
809033 809094
810647 811152
811967 812822
815236 815649
816310 816415
817148 817294
817806 818051
821372 821733
824050 824563
825135 826273
826829 827156
827742 828623
829430 829481
831042 831197
832049 832584
835040 835211
835745 835985
837006 837240
838140 838385
839257 840137
843251 843623
844972 845174
849161 849455
851319 851464
852209 852339
853147 853463
855971 856354
857632 857899
861675 861781
869104 869430
873618 873682
875731 876669
881464 881535
883246 883437
883970 884197
897601 897828
899262 899336
899989 900294
901107 901273
903026 903268
904915 905733
913374 913441
914604 915573
917204 917490
919087 919325
920325 920702
921646 922178
923366 923646
924999 925497
927173 927469
936401 936726
938125 939240
940514 940586
943079 943215
946897 947570
949329 949575
953064 953291
954246 954342
955808 956109
957791 957968
960635 961017
962959 963600
964163 964391
965314 966075
968002 969264
969820 970147
970733 971193
972411 972674
974692 974811
982322 982815
986053 986774
991716 991781
993378 993554
994385 994611
996690 997030
1003048 1003161
1006386 1008631
1009288 1009722
1015004 1015190
1015789 1016094
1018248 1019505
1022089 1022394
1025976 1026036
1027459 1027675
1029976 1030508
1035513 1036154
1037019 1037586
1039158 1039308
1041343 1041795
1043752 1043802
1044364 1044627
1048118 1048251
1049439 1050010
1056706 1056907
1058492 1059028
1060499 1060604
1061389 1061446
1062925 1064030
1068538 1068838
1072139 1072711
1073214 1073519
1080466 1080614
1086435 1086518
1087568 1087739
1090188 1090709
1091574 1091725
1096771 1097049
1097616 1098300
1099776 1099968
1102651 1103573
1106335 1107047
1109261 1109316
1112008 1112135
1113877 1114156
1119719 1120365
1121696 1122405
1123101 1123493
1125622 1125714
1131788 1131857
1132883 1133626
1135033 1135457
1147286 1147693
1150762 1151233
1152148 1152210
1157790 1158221
1160125 1160391
1161190 1167507
1168622 1168824
1169600 1169807
1173177 1173264
1174220 1174647
1178429 1178792
1180773 1181228
1183126 1183217
1184909 1185791
1198370 1198898
1204527 1205765
1206411 1206781
1207819 1207950
1208582 1209887
1210614 1211196
1213123 1213881
1215696 1215860
1218555 1218885
1220100 1220150
1223506 1224100
1224605 1225153
1226012 1227346
1228117 1229021
1230289 1230561
1231173 1231389
1238307 1238387
1242973 1243260
1244640 1244817
1246170 1246523
1252274 1252364
1252979 1253080
1260050 1260227
1264752 1265033
1269462 1269971
1270928 1271054
1274126 1274189
1282660 1283549
1292265 1292340
1295423 1295871
1298274 1298723
1305571 1306115
1311804 1311988
1312748 1313289
1316410 1316521
1320035 1320180
1324257 1324740
1326821 1326901
1327621 1327746
1328247 1328468
1329093 1329203
1334608 1335318
1337369 1338706
1341927 1342129
1342670 1342879
1347050 1347348
1351114 1352038
1354939 1354989
1360776 1361151
1364984 1365054
1367554 1367687
1372798 1372863
1373673 1373998
1376283 1376640
1380868 1381164
1381767 1382062
1392233 1392777
1393576 1394329
1397727 1397815
1403207 1404741
1405806 1406667
1408442 1408579
1409515 1409691
1412976 1413158
1414509 1414996
1416526 1417385
1419209 1419377
1422620 1422834
1428365 1428675
1440904 1441033
1443983 1444762
1448014 1449101
1451837 1451925
1456154 1456280
1458552 1458797
1459514 1460107
1460612 1460817
1465575 1465987
1467639 1467711
1469727 1470724
1476873 1476997
1478147 1478270
1479787 1479866
1482025 1482137
1483674 1485110
1492466 1492684
1495106 1495423
1505610 1505887
1509144 1509326
1514333 1514530
1517692 1518429
1528816 1529125
1532976 1533178
1538524 1539343
1540395 1542007
1542576 1543506
1544726 1545120
1546639 1546799
1553272 1553327
1555682 1555866
1560977 1561089
1565259 1565838
1567797 1567931
1572377 1572661
1574672 1575477
1580789 1581020
1586540 1587051
1593209 1594334
1596428 1596773
1597309 1597894
1602954 1603176
1604906 1605221
1608319 1608928
1611735 1612532
1614542 1614778
1616583 1616980
1621244 1621614
1627291 1627915
1628430 1628503
1633607 1633690
1634942 1635432
1637864 1638193
1639132 1639421
1641984 1644475
1652152 1652474
1655693 1655871
1657821 1658362
1660025 1660324
1662647 1662841
1665125 1665378
1666205 1666433
1672538 1672809
1673709 1673862
1674469 1674599
1683716 1683869
1690433 1691055
1694485 1694578
1697366 1697554
1704221 1704596
1706612 1706839
1711799 1711874
1713449 1713778
1715905 1716001
1720801 1720899
1724413 1725553
1726634 1726798
1727649 1727949
1730178 1730257
1731710 1731902
1734063 1734254
1754196 1754783
1763715 1764139
1765496 1766193
1767059 1767112
1771955 1773727
1783160 1783358
1784479 1784748
1785519 1785736
1786253 1786354
1787397 1788376
1789563 1789925
1795637 1795774
1798299 1798997
1800698 1800900
1812713 1812965
1820757 1821066
1826532 1827029
1829286 1829862
1831487 1831742
1833694 1833801
1835920 1836808
1841365 1841749
1842937 1843444
1850616 1851202
1855849 1856222
1859267 1864643
1867339 1867718
1868456 1868669
1869960 1870013
1872994 1873221
1875034 1875418
1877266 1877657
1878390 1879113
1880912 1880985
1884404 1884639
1885313 1885398
1886003 1886335
1891358 1892096
1895055 1895249
1897389 1897443
1900939 1901248
1904651 1905209
1913979 1914123
1918283 1918333
1918965 1919403
1925443 1925661
1929121 1929423
1931943 1932574
1933958 1934534
1935520 1935662
1936828 1936940
1937942 1938119
1938883 1939216
1943779 1944011
1945561 1945775
1946672 1946881
1948971 1949345
1950046 1950292
1952123 1952478
1953025 1953185
1954059 1954130
1956940 1957603
1958526 1958746
1960187 1960416
1961416 1961927
1965335 1965575
1969030 1969252
1972659 1973244
1975609 1975958
1979866 1979918
1981277 1981531
1984401 1985359
1986969 1987582
1993465 1993744
1997220 1997591
2001141 2001431
2005132 2005353
2011472 2011550
2017077 2017266
2018854 2019210
2027154 2027726
2029466 2030271
2031060 2031186
2031839 2031896
2032713 2033221
2033746 2033813
2035391 2035867
2042556 2043008
2047945 2048019
2050802 2050853
2051581 2051632
2057079 2057808
2061933 2061993
2065818 2067021
2069389 2070322
2074738 2076556
2078363 2078742
2086452 2087301
2089497 2089815
2091435 2092185
2093576 2095460
2097799 2097875
2101427 2101557
2115681 2115981
2124441 2124612
2139591 2139919
2146314 2146786
2149226 2149498
2152628 2152875
2154367 2154611
2155176 2155270
2157702 2157957
2160463 2160748
2162673 2163250
2164024 2164142
2164866 2165285
2167020 2167745
2168727 2169035
2170046 2170712
2174451 2174667
2175796 2175999
2178862 2179150
2181193 2181525
2187239 2187505
2188567 2188803
2190278 2190506
2193309 2193677
2195272 2195563
2196243 2196339
2196974 2197952
2198458 2198926
2203799 2204015
2204776 2204856
2208702 2209451
2212456 2214024
2219462 2220031
2220787 2221304
2222398 2222580
2227590 2227799
2231309 2231561
2232132 2232869
2234501 2234563
2237426 2237592
2239060 2239338
2247449 2247732
2249866 2250134
2251976 2253650
2256403 2256532
2258858 2259391
2261337 2261617
2272116 2272197
2285300 2286220
2286771 2286960
2288483 2288738
2291823 2292194
2293644 2294391
2296556 2296613
2297171 2297395
2300525 2300737
2301242 2301786
2307882 2307938
2311790 2312011
2313036 2313301
2319667 2319894
2323388 2323975
2325158 2325592
2326619 2328673
2329578 2329984
2333704 2333927
2337413 2337874
2338778 2339492
2341036 2341267
2344589 2344691
2345478 2345643
2348386 2349045
2350499 2350683
2355715 2356324
2357307 2357614
2359522 2359800
2365736 2365930
2367353 2367583
2369075 2369266
2371829 2372253
2379478 2379695
2383433 2383510
2384219 2384370
2389511 2389680
2392762 2392930
2393941 2394067
2395552 2395924
2397461 2397623
2398333 2399276
2400927 2401256
2401892 2402324
2404912 2405383
2406779 2406936
2408374 2408927
2411165 2411404
2412320 2412691
2413207 2413610
2414740 2414860
2418630 2420555
2422796 2423282
2423795 2424033
2424596 2424877
2428256 2428410
2429969 2430565
2434225 2434285
2434909 2435201
2437875 2438063
2442565 2442615
2445650 2445972
2447241 2447533
2450599 2450695
2456177 2456496
2459995 2460266
2461132 2461526
2464633 2464792
2466328 2466394
2469772 2470109
2476083 2476288
2479937 2480270
2484646 2485048
2487617 2487907
2488412 2489146
2494268 2495019
2496325 2496580
2498205 2499206
2504215 2504972
2507732 2508756
2514569 2514855
2519515 2519705
2520511 2522097
2524002 2524936
2525454 2525646
2529060 2529381
2531403 2531732
2532361 2532613
2535336 2535939
2538034 2538437
2541036 2541421
2542803 2543907
2551102 2551278
2552872 2553758
2555797 2556266
2560818 2561486
2567959 2568469
2575967 2576143
2579540 2579694
2582869 2583047
2586423 2586719
2592160 2592963
2595260 2595365
2596110 2596375
2596967 2597695
2599224 2599554
2601665 2602586
2605106 2606149
2609504 2610125
2614227 2614305
2622117 2622422
2624606 2624950
2628776 2629102
2632959 2633210
2642146 2642233
2646875 2647061
2653154 2653281
2654669 2655015
2656329 2656543
2657865 2658174
2662760 2663410
2665876 2666064
2666964 2667235
2670282 2670390
2673174 2673421
2675508 2675639
2677304 2677525
2678821 2679069
2679804 2680126
2680967 2681041
2685520 2686224
2687358 2687546
2694257 2694482
2697229 2697496
2706621 2706723
2709644 2710197
2718454 2718595
2725720 2725812
2726936 2727939
2737887 2737967
2741388 2741716
2745668 2746140
2747063 2747316
2752843 2753241
2753932 2754713
2761727 2762118
2764366 2764513
2772265 2772586
2773161 2773400
2774425 2774555
2779396 2779613
2783902 2784821
2786605 2786977
2788909 2789176
2789762 2790238
2792148 2792353
2796727 2796884
2797794 2798139
2799690 2799999
2802895 2803610
2806380 2807048
2808024 2808627
2810071 2810273
2812857 2813011
2813514 2813687
2815149 2815229
2816105 2816413
2817273 2817521
2819125 2819464
2821772 2821909
2823445 2823579
2826941 2828061
2831452 2832150
2833625 2833740
2835195 2835290
2840153 2841352
2842231 2842712
2844662 2845001
2847321 2848615
2849784 2849918
2850471 2850714
2857224 2857532
2859877 2860109
2867037 2868248
2868988 2869291
2877310 2877554
2882397 2882652
2885788 2885860
2887132 2887315
2890173 2890347
2894732 2895073
2896193 2896375
2908879 2909520
2910225 2910429
2911390 2911608
2913860 2914170
2916784 2917614
2923649 2923896
2924407 2924558
2926108 2926353
2931586 2931741
2935181 2935829
2936343 2936522
2938394 2938626
2939355 2939792
2940571 2940675
2944284 2944385
2946386 2946686
2947605 2947875
2951529 2951684
2954011 2954434
2956049 2956880
2957421 2957755
2958691 2958861
2963108 2963344
2965679 2965872
2967938 2968040
2970979 2971441
2975689 2975855
2976745 2976977
2987236 2987658
2988582 2988659
2990386 2990467
2992683 2992739
2996810 2996870
2997657 2997928
2999631 2999910
3001063 3001493
3002948 3003511
3004460 3006002
3010309 3010552
3013186 3013668
3019101 3020093
3023219 3023772
3024552 3024744
3038536 3039015
3039801 3039989
3042215 3042589
3047965 3048040
3051665 3051840
3056912 3057059
3058063 3058743
3060695 3060906
3061820 3062348
3066528 3066977
3068015 3068128
3068958 3069127
3070102 3070979
3075088 3075288
3075886 3076057
3081613 3082500
3085494 3085652
3086683 3086807
3090278 3090488
3091295 3091528
3092949 3094180
3099623 3099850
3100532 3100659
3102819 3103180
3106889 3107204
3110174 3110341
3110983 3111130
3112001 3112303
3114843 3115474
3116933 3117172
3120484 3120618
3121902 3122623
3124488 3124804
3125699 3125803
3129167 3129937
3130478 3131202
3134272 3135081
3138812 3139504
3141065 3141305
3142246 3142545
3143577 3143628
3145771 3146355
3147289 3148051
3149187 3150246
3150885 3151579
3154021 3154198
3154712 3155038
3156428 3157856
3161915 3162177
3163125 3163645
3164574 3167176
3168301 3168488
3170867 3171491
3173474 3173721
3176371 3177348
3180267 3180382
3182641 3183097
3183918 3184211
3184780 3185051
3188620 3189184
3193661 3194209
3199256 3199972
3200903 3201319
3202229 3202810
3206777 3206941
3209464 3209736
3210582 3210796
3217945 3218094
3219143 3219461
3220543 3220801
3222052 3222114
3223115 3225213
3227028 3227287
3231390 3231974
3232758 3233009
3236130 3236365
3237359 3237517
3239527 3239786
3240496 3243709
3244328 3244650
3256731 3256801
3261308 3262498
3263451 3263585
3265465 3266153
3267249 3267509
3273862 3274162
3274890 3275425
3276908 3277411
3282464 3282655
3285422 3286079
3288602 3289381
3290251 3290754
3291259 3291323
3293397 3294162
3297665 3298245
3303745 3305768
3308208 3308678
3310085 3310357
3312001 3312359
3313457 3313615
3315845 3316273
3320523 3321099
3325567 3325725
3327697 3328417
3330775 3331446
3333981 3334365
3335689 3335890
3339624 3340373
3341000 3341093
3341681 3341889
3344297 3344496
3346139 3346671
3348760 3349007
3350548 3350795
3352370 3352589
3353451 3353652
3359170 3359248
3363617 3364093
3364720 3365885
3368708 3368794
3385281 3385754
3389578 3389741
3397651 3397839
3398586 3398783
3409940 3410242
3420108 3421562
3422111 3422213
3424512 3424872
3425475 3425576
3426367 3426545
3428157 3428324
3429141 3429191
3430416 3430654
3436567 3436631
3438659 3438940
3440795 3440853
3443036 3443198
3445683 3446197
3450846 3451962
3452519 3452669
3456811 3456861
3458171 3458614
3465409 3466054
3467585 3467859
3468531 3468719
3474503 3475722
3476932 3477043
3481116 3481422
3487861 3488303
3493295 3493821
3495391 3496461
3497230 3497823
3498860 3498937
3505950 3506008
3510394 3510489
3515520 3515610
3519736 3521187
3524126 3524433
3528361 3529157
3532938 3533273
3540496 3540920
3542507 3543232
3544792 3545091
3545998 3546247
3554389 3554500
3556632 3556800
3558456 3559318
3560914 3561052
3570136 3570288
3571460 3571618
3575276 3575571
3580295 3580619
3589197 3590140
3598002 3598564
3599992 3600133
3603149 3604108
3608851 3609055
3610310 3610564
3611650 3612127
3617935 3618643
3621926 3622216
3623991 3624079
3625982 3626169
3632710 3632797
3635615 3635664
3644641 3644918
3646716 3646961
3648383 3648804
3655385 3655557
3656480 3656752
3660973 3662019
3663613 3663813
3664459 3664882
3669857 3670054
3673114 3673422
3674479 3674709
3677618 3677705
3679981 3680104
3683658 3683750
3692392 3692815
3693838 3694088
3694844 3694906
3700483 3700533
3704276 3704599
3713086 3713381
3714013 3714294
3714889 3715026
3717635 3718144
3718939 3719087
3721428 3721657
3729093 3729752
3739277 3739870
3741519 3741783
3743597 3744336
3750242 3750304
3751595 3752131
3762852 3763191
3765577 3765820
3767191 3767610
3768131 3768337
3770165 3771024
3776853 3777065
3778869 3778924
3780468 3780801
3783761 3783862
3786952 3787246
3789515 3790077
3790937 3791243
3791786 3792449
3794435 3794726
3802177 3802415
3804690 3804934
3806091 3806695
3808811 3809658
3810606 3810801
3819249 3819631
3820635 3820859
3822045 3822340
3823776 3824198
3830649 3831007
3832239 3832392
3835184 3835578
3836375 3836583
3837490 3838387
3840389 3840767
3844673 3844776
3846592 3846647
3849693 3849958
3851970 3852443
3853086 3853171
3855851 3857784
3858539 3858657
3859321 3859587
3860358 3861167
3862975 3863136
3864664 3864846
3866261 3866325
3871331 3871599
3872119 3872210
3876327 3876602
3877646 3878156
3878874 3879587
3880852 3880997
3881521 3881644
3885133 3885210
3887148 3887451
3889333 3889431
3893030 3893439
3894093 3894164
3895024 3895291
3896833 3897071
3899631 3900065
3902310 3903584
3905145 3905377
3907398 3907849
3910344 3910568
3912020 3912422
3914360 3914572
3916750 3917003
3918976 3919421
3921223 3921540
3922520 3922689
3926588 3926653
3928344 3928985
3929619 3931173
3931793 3932051
3933048 3933406
3935278 3935808
3937013 3937319
3938421 3938604
3940470 3940676
3941387 3941501
3946609 3946681
3958016 3958179
3960149 3960299
3963425 3964224
3964970 3965483
3966712 3967273
3967807 3967885
3981026 3982738
3983808 3984022
3985866 3986000
3992966 3993315
3994661 3994842
3997469 3998202
3999570 4000394
4001317 4002678
4004449 4004827
4009014 4010751
4011417 4011950
4013766 4013899
4015570 4016406
4017584 4017725
4020455 4020509
4021914 4023934
4027408 4028152
4029578 4029902
4032362 4032484
4034746 4034800
4036722 4037056
4039364 4039444
4041272 4041517
4042114 4043091
4045138 4046356
4048241 4048681
4049981 4050600
4052798 4053495
4054349 4054810
4056093 4056550
4057174 4057605
4059737 4059821
4060494 4060883
4062420 4062682
4064274 4064981
4065589 4066021
4068777 4069663
4074805 4074881
4076437 4076701
4080164 4080233
4081262 4081439
4082855 4083083
4084428 4084959
4092199 4092275
4093349 4093684
4111795 4112984
4115082 4115634
4119312 4120176
4121425 4121632
4127336 4127470
4128096 4128444
4129552 4129720
4131355 4131616
4132224 4133491
4134493 4134875
4137862 4138138
4142841 4143515
4149026 4149086
4151373 4151477
4153478 4153761
4156692 4156745
4160150 4160212
4161010 4161247
4166277 4166336
4167148 4167227
4168957 4169459
4172473 4172665
4174123 4174376
4175281 4175834
4182891 4183711
4187971 4188703
4191025 4191103
4192873 4193169
4197931 4198997
4208313 4209445
4214040 4214275
4215895 4216649
4218788 4219036
4221246 4221357
4232650 4233387
4239097 4239399
4240994 4241137
4244408 4245071
4245713 4245931
4246674 4246820
4247387 4247454
4250023 4251080
4254425 4254683
4257295 4257537
4258236 4258397
4260051 4260346
4262206 4262491
4263328 4263720
4273258 4275476
4279592 4279820
4280600 4280822
4281380 4281902
4285329 4285409
4291180 4291671
4296371 4296526
4297974 4298027
4299231 4300264
4302202 4302661
4304649 4304769
4306274 4307069
4309934 4309993
4310776 4311529
4312301 4312644
4313900 4314059
4315310 4315701
4316206 4316962
4317652 4317833
4318438 4320159
4322244 4322303
4325344 4325454
4329965 4330335
4331415 4331666
4332227 4332797
4334174 4334921
4338233 4338488
4340754 4340855
4346948 4347143
4348902 4349224
4352371 4352465
4353231 4353281
4355461 4355844
4361954 4367484
4369649 4370048
4370732 4370911
4378287 4378426
4383173 4384510
4389012 4389129
4390386 4390887
4392220 4392404
4393108 4393371
4395182 4395644
4397779 4398084
4403398 4403986
4406898 4407130
4408178 4408265
4409293 4409554
4411497 4411788
4419938 4420195
4422626 4423130
4426623 4426698
4428133 4428938
4436302 4436368
4439114 4439749
4442848 4443141
4447550 4448092
4449239 4449463
4450334 4450676
4456085 4456585
4459112 4460116
4467787 4467915
4468814 4469050
4471074 4471293
4474992 4475230
4476400 4476958
4480723 4480901
4482685 4482737
4491257 4491492
4494802 4496225
4496977 4497252
4498212 4498773
4500955 4501281
4503049 4503297
4504676 4505610
4507644 4507731
4508679 4509098
4513946 4514577
4520357 4520921
4523585 4524054
4525221 4525786
4531605 4532150
4535955 4537506
4538614 4539350
4540015 4541693
4547781 4547843
4551730 4551813
4552535 4552989
4553981 4554190
4555563 4555811
4557671 4558308
4561885 4562162
4567881 4568239
4570663 4571457
4577391 4577483
4578099 4578213
4580344 4580879
4581901 4582231
4588056 4588270
4589619 4590045
4591206 4591388
4594353 4594862
4599342 4599681
4603163 4603337
4608243 4608766
4614714 4615179
4616452 4616566
4618273 4618328
4619179 4619596
4623102 4623808
4626251 4626997
4628642 4628959
4630344 4630550
4631197 4631530
4636089 4636857
4638375 4639061
4640329 4640841
4641520 4641652
Ecoli_0913_Taxon014_
2705 3199
4366 4931
8345 8437
15921 16124
17086 17218
17759 18258
19160 19460
26020 26375
26926 26988
30875 31005
31627 32134
33126 33335
34708 34956
36382 36716
41363 41693
42708 43250
45381 45495
46111 46664
52089 52931
60392 61655
62403 62689
67201 67391
70142 70533
73498 73962
78648 78826
79384 79681
80753 81069
82308 82482
87388 87515
95619 95711
98324 99277
102732 102953
105396 106142
109489 109695
110342 111677
112602 112772
114563 114750
115649 115885
124813 125000
127010 127074
127778 127962
129640 129796
137011 137131
137656 138198
139445 139569
146191 146691
149225 149622
150585 150704
151658 152183
155829 155952
166150 166824
167626 167858
168906 168993
172225 172516
174100 174362
176971 177475
183354 183944
186070 186399
187351 187426
188770 188994
189549 189666
197030 197663
200251 200477
203576 203869
207170 207631
212378 212517
214171 214307
217947 218234
219893 220072
220756 221155
223320 224350
226703 226903
230004 230090
234960 235343
238312 238433
240915 241480
243661 243856
245815 246348
249949 250050
252316 252629
256244 256512
258354 258531
259138 259855
260469 260839
265350 265627
268501 268560
271961 272366
272971 273152
273842 274378
278160 278291
280811 281029
284413 284530
285811 286155
289927 290008
292777 292830
294278 295055
297919 297988
299133 299627
305395 305475
309113 309273
309982 310304
310984 311212
313574 313755
317116 317546
326844 326984
328313 328598
330458 330776
332407 332568
333267 333524
336121 336668
337598 337661
338334 338882
341607 341856
343350 343417
343984 346403
346961 347011
347950 348246
351405 351707
357860 358448
364768 365090
369447 369558
371768 372016
374155 374643
376501 376764
387502 388063
397319 397554
399701 399779
402022 402869
407093 408603
416428 416671
418139 418331
420872 421847
423577 423918
427000 427380
429565 429794
432529 432807
437043 437326
439327 439431
440601 440691
447080 447464
452666 452942
456929 457397
458117 458580
459188 459449
461084 461252
463095 463577
467355 468099
469525 469849
471855 472431
476669 477003
482061 483038
485639 485820
489928 490547
494373 494757
496040 496497
497121 497552
498995 499161
500441 500813
502455 502629
504491 504931
505536 505968
508724 509708
514752 514828
516355 516648
520111 520180
521043 521385
522802 522929
523948 524906
525665 525941
532146 532222
539894 540063
542553 543037
544563 544638
546095 546302
547551 547721
550219 550633
552093 552645
555580 556403
560158 560382
567283 567417
570295 570349
571583 571635
573079 573220
575025 575414
576703 577087
578820 579287
585977 586355
588126 589046
590310 590977
592602 593335
595926 596143
597489 598752
604809 604938
606816 606996
609699 609939
616230 616550
619755 619828
622919 622997
623779 624092
625321 626103
629431 630655
632625 633408
641681 642048
649303 649417
650128 650426
651049 651695
654996 655526
656599 657756
658380 659011
660897 661140
664151 664216
668115 668589
669397 669581
671416 671828
673801 674221
676232 676444
677932 678282
680232 680460
682955 683406
685427 685659
687629 687714
688422 688853
691611 691754
693580 694145
696135 696208
697021 697832
698830 698881
700792 700968
701761 702777
704084 704163
704789 705054
708100 708155
709889 709988
713784 714448
716821 717029
719039 719411
724137 724440
725126 725324
726222 726420
729519 730428
731082 731339
732013 732280
733426 734060
738107 738252
738953 739796
740948 741458
742502 742996
747505 747773
751936 752014
752669 752851
753356 753441
753993 754890
756892 757228
758310 758565
767967 768759
769536 770106
771173 771555
773865 774241
775338 775585
778270 778525
780003 780198
783728 783966
785102 785209
786241 786723
787642 788246
789459 789727
795505 796369
797482 797713
798355 798966
813739 813951
815258 815745
827613 828977
841391 841691
844324 844390
846468 847183
848865 849285
850934 851834
853628 853810
854996 855676
861052 861629
866692 866834
868611 869376
871717 871865
872660 872955
876510 876791
877423 877718
880130 880206
886205 886528
894220 894701
895389 895960
896716 896966
898512 898646
902027 902146
902702 902819
907054 907146
910700 910826
916095 916325
926991 927191
929725 929831
931418 931507
933806 934300
936179 936538
937974 938190
942173 943157
943843 944088
945886 946163
951302 951666
955140 955189
962970 963077
964635 964822
965363 965573
966499 966813
968445 969246
972161 972450
978677 979154
981749 981953
986712 987655
990671 990812
992306 992802
993312 993721
995151 995362
998158 998268
1000051 1000172
1003723 1005112
1014733 1015888
1017716 1018243
1019186 1019344
1020516 1020668
1025791 1026213
1029752 1030066
1031486 1032848
1034004 1034172
1036302 1036415
1040292 1040452
1044557 1044806
1045713 1046012
1047572 1047838
1049884 1050204
1054883 1055110
1055989 1056454
1061090 1061392
1063987 1064959
1068782 1069367
1072104 1072461
1073050 1073630
1079310 1079463
1080289 1081153
1083593 1084063
1085468 1085742
1087126 1087744
1088842 1089503
1096300 1096834
1099814 1100093
1112755 1113077
1115761 1116121
1118696 1118837
1120839 1121109
1126185 1126315
1127462 1127875
1128376 1129088
1131564 1131798
1136492 1137200
1138543 1138724
1140648 1141368
1141982 1142165
1143726 1143986
1146932 1147316
1153951 1154044
1154632 1154840
1157248 1157466
1161711 1161958
1165321 1165540
1166402 1166603
1171683 1172199
1177069 1177174
1180995 1181471
1185177 1185281
1197958 1198044
1201284 1201568
1202659 1202759
1203524 1203629
1205912 1206356
1208233 1208801
1211962 1212832
1215651 1216053
1222891 1223193
1233059 1233435
1233968 1234513
1235062 1235164
1236337 1236466
1237463 1237819
1238426 1238527
1239256 1239496
1243367 1243605
1247623 1247681
1249518 1249582
1251610 1251891
1255235 1255293
1255987 1256149
1258634 1259148
1265470 1265620
1269762 1269812
1278360 1279005
1280536 1280800
1281482 1281670
1286187 1286239
1293727 1294841
1295531 1295687
1300187 1301254
1307883 1308470
1310181 1310257
1311811 1311888
1316296 1316594
1322955 1323245
1327553 1327762
1328471 1328561
1330204 1330559
1333491 1334138
1337484 1337730
1353786 1354045
1355499 1355602
1358148 1358732
1359249 1359776
1362888 1363123
1364117 1364941
1366395 1366542
1367756 1368162
1371656 1373367
1375682 1376832
1379578 1379783
1383229 1383522
1384091 1384362
1387931 1388041
1393035 1393113
1394630 1394954
1395492 1397240
1399497 1400213
1404888 1404956
1408350 1409047
1409893 1410107
1416106 1416266
1419313 1419937
1423919 1424053
1425313 1426058
1427299 1428239
1429134 1429238
1433150 1433326
1434337 1434632
1438183 1438436
1439264 1439331
1442193 1442710
1444500 1444740
1445681 1446052
1447012 1447063
1449206 1449406
1451184 1451391
1452753 1453681
1454320 1455014
1457456 1457633
1458147 1458473
1459905 1460871
1465350 1465612
1469203 1470611
1473632 1473697
1474604 1474716
1475340 1475961
1478501 1478803
1479674 1479821
1480463 1480630
1481847 1482125
1483600 1483915
1485732 1485998
1490145 1490272
1495702 1495765
1496624 1497341
1499276 1499518
1500446 1500604
1502475 1502531
1503997 1504121
1508473 1509191
1510997 1511508
1513949 1514013
1514747 1514918
1515516 1515617
1519825 1520702
1521677 1521846
1522676 1522789
1523777 1524276
1528456 1528808
1530293 1530349
1533363 1533419
1535879 1535938
1538337 1538608
1540311 1540590
1541391 1542173
1543881 1544177
1545690 1546281
1547231 1547442
1548377 1548644
1554867 1554979
1556297 1556472
1558145 1558514
1559642 1560172
1568148 1568336
1579891 1580422
1583393 1583585
1584534 1584826
1590703 1590813
1600337 1600418
1603146 1603686
1605046 1605102
1608886 1609271
1613827 1614059
1614876 1615115
1621114 1621538
1622764 1622856
1625879 1626027
1629658 1630354
1631943 1632113
1640998 1641125
1642929 1643199
1644242 1644418
1646419 1646520
1650129 1650233
1652178 1652410
1654282 1654461
1654975 1655623
1656498 1656566
1664451 1664696
1666183 1666331
1669491 1669716
1673305 1674020
1677321 1677482
1681284 1681925
1682435 1682500
1691863 1692028
1695901 1696155
1700457 1700631
1703489 1703672
1704897 1705554
1708152 1708407
1712454 1712809
1714543 1714851
1717196 1717442
1724897 1725567
1726307 1726610
1731235 1731346
1734574 1734873
1735874 1736457
1740090 1741633
1742802 1743087
1745803 1746094
1748092 1748820
1749452 1750378
1751595 1751909
1752880 1752975
1755514 1755693
1760719 1760799
1761931 1762009
1765099 1765328
1768500 1768952
1769922 1770148
1774761 1774940
1777201 1777545
1782016 1782148
1791345 1792006
1795097 1795418
1796273 1796645
1806184 1806276
1808695 1808825
1809850 1810089
1811763 1812861
1814922 1815185
1820626 1820971
1822522 1822831
1825727 1826443
1829315 1829880
1831170 1831459
1831967 1832036
1832903 1833105
1835060 1835126
1835689 1835843
1837950 1838072
1838937 1839245
1844604 1844741
1846277 1846411
1854450 1854982
1862865 1863347
1868760 1868812
1872209 1872350
1880607 1881160
1882857 1882977
1884081 1884183
1893357 1893454
1896322 1896547
1899841 1899988
1903258 1903446
1910678 1911288
1913873 1914061
1914961 1915232
1921171 1921358
1925301 1925522
1927261 1927647
1932630 1932939
1934261 1934475
1935838 1936135
1937997 1938062
1940486 1940830
1944656 1944982
1948839 1949100
1953187 1953518
1958026 1958113
1960300 1960373
1960964 1961168
1962755 1963310
1969034 1969161
1970754 1970848
1975735 1976636
1978050 1978398
1984112 1984378
1985551 1985676
1990182 1990550
1995255 1995583
1999114 1999233
2001967 2002172
2004090 2004402
2008142 2008483
2011861 2011927
2013463 2013561
2017803 2018260
2021759 2022078
2029086 2029194
2030722 2031160
2032283 2032605
2033597 2033907
2040192 2040380
2043970 2044030
2049132 2049599
2054463 2054701
2055362 2055545
2060637 2061461
2064666 2064856
2066240 2066489
2068568 2069065
2070605 2071051
2074280 2074532
2076560 2077412
2080487 2080591
2082193 2082576
2083185 2083588
2087954 2088168
2088773 2089058
2096253 2096429
2097010 2097076
2098023 2098909
2100535 2101417
2105969 2106519
2107360 2107604
2112487 2112783
2116159 2116337
2119512 2120088
2122226 2122629
2124979 2125493
2126135 2126636
2127247 2127920
2135852 2136249
2140325 2141053
2141645 2141910
2142656 2142758
2145057 2146215
2152315 2152673
2153529 2153703
2159932 2160031
2162398 2162460
2164415 2164631
2168370 2168477
2170306 2170355
2171402 2171533
2173765 2174216
2180103 2180276
2183191 2183861
2202167 2202245
2205405 2205454
2206840 2207183
2212183 2212438
2215523 2215894
2217344 2217636
2218938 2219033
2220256 2221095
2221825 2222348
2224821 2224890
2235398 2235711
2236736 2237001
2239989 2240451
2243367 2243594
2245932 2246328
2247088 2247665
2248858 2249292
2250787 2251685
2252217 2252373
2253278 2253684
2261113 2261510
2262478 2262984
2268289 2268391
2269275 2269343
2272086 2272587
2283222 2283500
2289436 2289596
2291053 2291289
2292775 2292966
2315122 2315387
2316462 2316630
2317641 2317767
2321161 2321322
2322033 2322837
2325592 2326024
2326902 2327272
2331967 2332627
2334109 2334608
2335477 2335643
2340241 2340524
2341304 2341923
2342658 2342926
2347426 2347711
2351383 2351519
2353535 2353806
2355433 2355546
2357622 2357834
2358576 2358857
2365145 2365436
2366847 2367707
2368331 2368971
2373784 2375316
2375903 2376402
2378440 2378535
2384824 2385167
2389440 2389740
2395966 2396134
2398200 2398371
2402907 2403679
2410615 2410948
2415324 2415726
2424946 2425697
2427003 2427258
2429665 2429929
2437359 2437571
2438410 2438660
2439228 2439434
2444635 2445152
2446506 2446593
2448922 2449042
2451091 2451362
2452378 2452617
2457936 2458057
2458945 2459023
2460127 2460189
2464996 2465565
2467932 2468114
2471595 2472268
2473124 2473333
2480666 2482234
2485239 2485988
2487160 2487757
2495465 2495736
2496978 2497217
2500571 2501307
2506539 2506958
2510116 2510495
2517369 2517671
2518205 2519054
2520086 2520536
2521336 2521415
2524887 2524986
2532680 2533960
2538004 2538055
2552923 2553401
2554218 2554275
2554928 2555054
2555843 2557039
2566608 2567060
2573538 2573727
2579069 2579179
2580480 2580734
2583604 2583924
2586172 2586785
2590606 2590828
2594235 2594820
2597185 2597596
2607843 2608107
2609896 2610713
2611746 2612036
2615586 2615663
2617068 2617271
2619472 2619637
2625229 2625614
2628877 2629794
2630388 2630617
2632058 2632278
2633201 2633864
2637619 2637779
2640512 2640935
2641459 2641833
2643923 2644132
2645029 2645243
2645917 2646232
2646793 2647025
2651588 2651921
2652681 2652862
2656270 2656653
2658230 2658443
2661890 2662119
2665125 2665351
2669708 2670143
2671647 2671736
2672428 2672665
2677027 2677454
2681614 2681664
2682296 2682734
2686226 2686299
2686991 2687087
2689718 2689953
2690627 2690712
2691317 2691649
2693880 2694104
2705019 2705398
2706136 2706349
2707640 2707693
2709055 2709141
2710674 2710901
2712714 2713098
2717961 2718758
2721925 2722627
2727804 2728115
2731517 2731812
2733489 2733856
2737967 2738050
2742018 2742594
2746326 2746672
2747272 2747327
2748652 2749540
2750334 2750412
2755961 2756189
2756955 2757324
2763348 2763934
2767906 2768145
2776413 2776503
2777900 2778091
2787660 2788380
2789904 2790106
2791807 2792467
2795030 2795394
2799443 2799662
2802428 2802863
2806056 2806325
2807446 2807644
2818251 2818891
2819491 2819854
2823692 2823745
2824611 2825308
2826665 2827089
2836021 2836608
2837883 2837995
2839467 2839735
2841834 2842204
2849006 2849093
2854197 2854280
2855532 2856022
2862574 2863592
2864275 2865065
2867200 2867489
2868308 2868399
2872742 2873014
2876283 2877040
2878411 2878952
2880615 2880914
2885715 2885968
2886764 2887120
2888889 2889980
2893151 2893422
2894299 2894452
2895059 2895189
2903931 2904362
2907150 2907243
2910898 2911295
2917859 2918012
2927202 2927429
2931185 2931611
2932389 2932464
2934167 2934931
2936496 2936591
2940714 2940805
2942886 2943190
2945508 2946143
2947224 2947723
2949074 2949256
2951877 2952373
2955180 2955360
2956430 2956554
2959965 2960040
2961582 2961633
2963231 2964592
2974663 2974846
2985229 2985823
2990886 2991063
2993890 2994087
2997328 2997401
3002265 3002528
3004732 3005156
3008373 3008483
3012533 3012735
3013422 3013617
3016553 3016722
3019952 3021564
3022322 3023063
3024283 3024677
3026196 3027766
3032829 3032884
3035239 3035543
3040498 3040636
3044816 3045395
3047257 3047488
3057619 3057698
3058209 3058261
3060411 3060647
3062657 3062907
3066293 3066870
3070068 3070243
3072013 3072235
3073548 3073973
3075010 3075398
3076701 3077195
3078416 3079210
3080968 3081210
3085795 3086327
3094169 3095081
3100110 3101354
3103344 3103803
3104694 3104789
3106063 3106942
3110800 3111212
3114406 3114591
3115970 3116054
3116845 3117158
3126799 3127255
3132672 3132856
3136670 3136740
3137441 3137746
3139382 3139958
3144866 3145864
3146971 3147525
3149556 3149865
3152033 3152417
3154775 3154977
3161586 3162296
3163799 3164136
3167258 3167865
3168436 3168657
3169158 3169268
3170003 3170083
3172164 3172647
3176724 3176869
3180383 3180494
3188411 3188555
3195591 3195720
3199549 3199671
3202701 3203672
3206391 3206745
3212199 3214829
3215827 3215964
3219665 3219955
3220508 3220778
3221299 3221351
3225156 3225737
3226591 3226679
3230622 3230830
3231629 3232173
3242282 3242639
3243242 3243538
3245339 3245468
3246818 3247250
3247766 3248123
3250408 3250928
3254028 3254134
3261912 3262222
3267653 3267967
3271210 3271378
3273202 3274088
3275591 3275797
3276594 3276894
3279123 3279202
3283008 3283199
3293440 3293590
3295904 3296201
3298810 3299004
3301055 3301284
3307330 3307403
3309820 3309924
3310881 3311426
3315819 3316100
3320625 3320802
3321425 3321681
3323719 3323794
3329905 3330125
3336250 3336946
3337724 3337825
3338440 3338530
3345987 3346164
3353020 3353161
3359415 3359631
3360243 3360442
3361343 3361448
3362175 3362757
3364609 3365037
3367257 3367421
3370116 3370392
3374650 3376275
3377468 3378372
3379678 3380582
3381267 3382222
3382758 3382985
3384023 3384393
3385039 3385851
3387816 3388125
3388854 3388919
3391906 3392434
3396725 3397143
3400588 3400644
3405013 3405895
3407587 3407678
3409576 3410031
3420997 3421204
3421980 3422182
3424608 3424788
3427314 3427452
3428144 3428480
3432071 3433862
3435562 3435656
3438129 3439300
3442062 3442809
3444988 3445043
3447735 3447862
3448622 3449883
3455817 3456521
3458680 3458750
3461349 3461441
3467515 3467727
3469453 3469894
3471449 3471921
3476602 3477050
3477993 3478491
3479675 3479804
3481735 3482259
3483566 3484309
3486485 3486960
3489188 3489467
3491886 3492263
3493517 3493948
3495852 3497215
3497722 3498221
3499146 3499230
3504286 3504369
3510190 3510338
3517034 3517185
3518093 3518665
3521966 3522266
3522880 3523092
3525719 3525954
3526774 3527675
3528608 3529515
3530200 3530305
3531776 3532739
3533776 3534098
3540794 3541365
3546177 3546440
3547922 3548106
3549009 3549963
3551496 3551646
3553218 3553785
3560296 3560828
3561505 3561583
3563129 3563357
3567381 3567487
3568410 3568715
3571299 3571542
3581082 3581516
3582811 3583738
3589528 3589850
3593774 3594165
3596193 3596419
3597250 3597426
3599023 3599088
3604476 3604751
3607766 3608482
3618130 3618393
3620689 3620930
3621654 3622308
3626435 3626641
3627204 3627945
3629399 3629701
3634695 3634996
3637513 3637881
3638627 3639285
3641229 3641414
3643234 3643496
3647477 3647725
3651564 3651802
3654078 3654403
3663335 3663631
3665407 3665805
3666704 3667090
3668626 3668814
3671479 3671974
3673314 3674035
3677363 3677430
3685056 3685889
3687081 3687778
3689531 3689697
3690510 3690807
3691468 3691542
3694107 3694515
3695591 3695684
3698283 3698773
3701240 3701414
3701948 3702188
3703209 3703443
3704343 3704588
3705460 3705594
3706140 3706340
3709454 3709743
3711175 3711394
3712198 3712399
3717522 3717667
3718412 3718542
3719350 3719666
3725917 3726136
3727137 3727232
3733240 3733375
3735307 3735633
3736861 3736917
3739821 3739885
3742574 3742872
3744419 3744564
3750173 3750400
3755826 3756028
3761347 3761532
3762789 3763294
3766242 3766754
3769071 3769432
3773510 3773656
3775153 3775568
3779899 3780732
3781710 3781771
3786851 3788044
3788575 3788649
3791025 3791082
3794277 3794509
3795538 3795787
3797226 3797478
3801024 3801139
3801835 3801938
3805786 3806404
3807253 3807798
3810715 3810846
3812975 3813147
3816025 3816651
3821746 3822079
3828793 3829005
3839531 3839710
3840575 3840878
3845898 3846054
3849296 3849441
3850239 3850331
3852143 3852398
3858630 3858843
3859436 3860095
3863342 3863646
3868908 3869803
3870786 3870972
3871909 3872255
3873782 3874513
3875440 3875838
3877153 3877203
3878122 3878343
3879515 3879636
3881476 3881928
3883413 3883512
3884791 3884921
3886527 3886630
3890925 3891404
3892239 3892564
3893133 3893299
3895136 3895435
3896365 3896599
3898379 3898886
3901442 3901728
3910338 3910666
3911802 3912071
3914184 3914252
3915841 3916595
3919646 3919895
3921922 3921985
3926430 3927164
3933727 3933897
3934696 3934857
3939798 3939857
3943586 3944487
3947574 3947682
3954427 3954533
3955136 3955441
3959677 3959983
3965714 3966467
3969605 3969819
3971721 3971784
3976349 3976494
3978094 3978148
3979018 3979180
3979819 3980489
3982335 3982672
3983801 3984143
3985481 3986394
3988618 3989206
3993372 3993811
3997485 3997540
3998921 3999499
4000723 4001075
4007438 4007525
4017837 4017901
4019360 4019960
4023125 4024009
4025005 4026211
4027014 4027233
4028766 4029228
4030327 4030600
4032607 4033625
4035499 4036074
4039787 4040021
4040815 4041158
4041878 4041971
4043740 4044007
4050343 4050787
4054380 4056223
4056973 4057109
4060266 4060339
4060839 4061192
4062574 4062952
4065299 4065534
4079523 4080100
4082699 4083011
4085549 4087373
4092434 4092714
4094691 4095554
4096431 4096710
4100438 4100518
4101380 4101581
4104588 4105726
4112974 4113480
4114501 4114590
4115998 4116639
4119824 4120032
4120998 4121500
4123628 4123906
4130052 4130440
4138269 4138353
4140183 4140404
4142286 4142896
4143492 4143714
4148979 4149302
4152596 4153227
4156216 4156533
4159844 4160624
4162525 4162795
4166068 4166519
4169811 4169929
4170911 4171096
4172517 4172753
4174087 4174792
4176648 4176774
4189128 4189531
4192900 4193112
4197517 4197577
4206234 4206562
4218269 4218546
4220616 4220959
4223516 4223709
4225467 4225639
4233955 4234264
4236047 4236202
4241157 4241274
4241840 4241933
4250005 4250152
4250732 4251273
4251776 4252260
4254906 4255623
4257129 4257315
4258257 4258851
4262105 4262346
4267018 4267133
4268390 4268746
4276207 4276272
4279043 4279520
4281019 4281160
4283224 4283411
4284101 4284422
4285049 4285620
4286423 4286604
4289110 4289888
4290649 4290809
4293543 4293761
4298160 4299663
4300196 4300448
4301455 4302700
4306196 4306336
4307398 4308499
4311902 4313236
4315487 4315806
4319394 4319569
4320382 4321222
4325850 4326048
4331315 4331663
4334818 4334901
4336814 4337675
4340641 4340697
4344930 4345191
4352018 4352311
4354801 4354980
4357509 4357864
4362650 4362754
4363683 4363943
4369212 4369287
4372804 4372879
4375800 4376823
4377495 4377663
4380171 4380336
4382152 4382362
4387381 4387498
4388976 4389049
4396163 4396490
4397254 4397559
4402344 4402936
4409983 4410141
4416615 4417303
4422593 4422652
4423368 4423478
4425215 4425491
4426645 4426695
4428149 4428485
4429569 4430076
4431710 4431803
4437198 4438013
4439282 4439413
4442186 4442438
4443855 4444175
4449316 4449570
4453948 4454016
4456171 4456775
4458004 4458142
4459461 4459786
4461599 4461744
4462393 4462686
4463920 4464603
4467836 4468390
4473993 4474245
4486440 4486621
4491011 4491441
4499785 4500367
4501323 4501382
4505849 4506083
4508827 4508925
4512428 4512784
4515940 4516009
4516858 4517344
4521526 4521857
4523036 4523726
4527564 4528624
4532473 4532997
4534627 4534727
4535262 4535355
4536036 4536727
4538020 4538650
4539438 4539770
4542701 4542852
4547391 4547518
4550467 4550769
4552131 4552375
4553808 4554918
4559485 4559967
4560505 4560704
4564982 4565296
4570940 4571206
4572400 4573294
4579245 4580044
4581222 4581930
4587965 4588169
4589207 4589527
4590738 4591871
4597516 4597686
4600252 4600310
4600909 4601065
4602561 4602802
4603928 4604015
4606049 4606149
4608362 4608592
4610562 4610767
4612886 4613447
4615434 4616404
4620167 4620402
4624769 4624914
4628922 4628974
4630758 4630941
4632868 4632944
4634701 4635339
4636429 4636624
4638375 4639061
4640329 4640841
4641520 4641652
