Ecoli_0960_Taxon013_
15442 16582
19851 20115
223678 225271
225792 228950
257775 258620
277787 278379
289064 289671
293849 295233
380922 382525
391457 392908
462373 463916
503879 504966
574646 575676
607912 609202
693510 697491
752570 753541
1065551 1066151
1095564 1096097
1306611 1306791
1307878 1309457
1404818 1405848
1432521 1434681
1468165 1470424
1616581 1617166
2050181 2051397
2065787 2066814
2068357 2069615
2174136 2175471
2506832 2506913
2531188 2531449
2630855 2631068
2697054 2698828
2699482 2702365
2849244 2849657
3186599 3186745
3201250 3202273
3219762 3220963
3399723 3400708
3426804 3427351
3497678 3499179
3583483 3584462
3619132 3622605
3652363 3652937
3764411 3765593
3941503 3942112
3942653 3946896
3970829 3973434
4038028 4040745
4112330 4115903
4117606 4117764
4242175 4242257
4306745 4311798
4400782 4401057
4462991 4464132
4527459 4528893
