Salmonella_0920_Ancestor_
1857 2327
8139 8216
36086 36224
40778 41114
63699 64225
65611 66109
79903 80075
84257 84385
92653 92869
96036 96156
98987 100008
105389 105891
107805 108079
109391 109587
115252 115358
121331 121579
125796 126024
135840 136116
139361 139597
140676 140969
143859 143922
155422 155783
159716 159843
164070 164373
172475 172585
173501 173822
189447 189914
202807 203044
206185 206266
206908 207202
220748 220809
230991 231237
239801 239964
250336 250488
263689 263844
269941 270093
272337 272496
277921 278112
279462 279576
289304 294506
296181 296351
298158 298497
307103 307360
308878 309085
312257 312495
313346 313438
320253 320603
328147 328998
335534 336113
337105 337318
342437 342576
349209 349649
350788 351527
358269 358571
360620 360855
369725 370070
384194 384492
393160 393366
413406 413671
414362 414594
421081 421273
422619 422766
424301 424368
425274 425375
434253 434625
439193 439508
461066 461707
468731 468904
470436 470522
499032 499238
506951 507671
512041 512283
538084 538422
546248 546332
546901 546986
547818 548139
555989 556230
557983 558067
573588 573848
583309 583461
586771 586892
592142 592253
596591 597053
605188 605727
611290 611802
621166 621415
633814 635195
638721 639081
641709 641787
644428 644826
651802 651981
654344 654609
655398 655596
675054 675338
681868 681932
685747 686009
702764 703040
704188 704457
711113 711183
712129 712346
718843 719141
736468 736549
741700 742026
743393 743741
750145 750287
756148 756474
762257 762307
769696 769781
770831 771408
817422 817557
819573 819638
822888 823083
827803 827987
829980 830557
831841 832544
843768 844118
853387 853464
858289 858816
861985 862144
873245 873566
880022 880370
882677 882833
887014 887481
889138 889260
891419 891546
912426 912673
921225 921316
922638 922872
930545 930659
960528 960645
967869 968122
978848 979432
980499 980771
981967 982282
985765 986005
989602 989727
992924 993378
996777 997009
999478 999808
1000766 1000859
1013778 1013852
1024341 1024537
1025116 1025636
1038611 1038785
1041161 1041473
1047094 1048483
1061142 1061822
1064729 1065010
1067792 1067951
1072829 1072889
1075231 1075532
1079609 1079774
1099051 1102954
1103647 1103751
1104399 1106609
1108269 1110653
1114308 1114616
1115186 1115781
1122250 1122518
1135535 1135822
1136884 1137535
1146058 1146262
1147724 1147782
1148327 1148678
1176485 1176649
1182133 1182561
1189788 1190079
1193752 1193910
1197933 1198391
1206508 1206802
1220194 1220301
1224285 1224581
1239606 1239892
1246952 1247168
1253347 1253607
1259269 1259634
1275610 1275661
1287462 1287649
1296439 1297447
1299561 1300147
1324477 1324563
1327085 1327429
1336408 1336485
1340452 1340543
1356351 1356413
1371270 1371492
1377563 1377765
1392527 1392647
1395835 1396120
1404408 1404584
1406021 1406557
1423897 1423981
1424601 1424931
1425620 1426347
1427761 1428055
1428660 1428844
1447455 1447569
1453956 1454136
1457307 1457872
1462913 1463041
1479494 1480034
1494429 1494748
1503799 1504042
1515519 1515751
1516584 1516997
1521609 1521775
1556609 1556889
1560421 1560511
1563597 1563694
1605959 1606324
1615788 1616257
1625897 1626002
1628145 1628407
1633082 1633319
1634352 1634479
1654386 1654720
1660131 1660588
1676815 1677303
1678670 1678886
1680281 1680503
1685745 1685931
1696779 1697132
1699733 1699812
1713372 1713755
1715960 1716018
1722383 1722596
1732624 1732779
1741849 1742076
1745104 1745200
1748513 1749076
1751335 1751460
1755737 1756045
1786972 1787098
1809477 1809942
1810885 1811231
1812210 1812278
1830256 1830439
1832548 1832932
1844346 1844632
1854666 1854884
1860068 1860187
1879983 1880162
1881330 1881506
1882008 1882151
1903470 1903737
1912517 1912776
1924642 1924813
1933283 1933375
1935657 1935713
1936702 1936762
1946103 1946402
1949908 1950000
1960218 1961047
1964819 1964894
1966668 1966896
1974100 1974410
1985104 1985243
2005814 2006261
2007115 2007164
2007796 2007860
2013119 2013707
2021263 2021672
2027123 2027371
2040763 2040949
2045802 2046793
2049388 2049733
2057891 2058202
2081254 2081397
2089198 2089432
2094244 2094585
2100437 2101055
2105686 2105802
2109128 2109297
2113891 2114037
2124677 2124766
2130398 2131007
2137567 2138047
2139680 2140004
2153184 2153263
2163815 2164257
2172109 2172173
2173146 2173858
2185014 2185311
2192690 2192742
2202256 2202658
2221763 2221944
2224884 2225006
2247064 2247158
2249225 2249459
2250502 2250749
2251307 2251404
2261691 2261777
2269973 2270276
2272258 2272562
2276333 2276610
2285596 2285706
2287494 2287746
2299478 2299754
2315230 2315381
2318108 2318273
2319446 2319945
2330602 2330775
2348310 2349242
2350101 2350422
2351548 2353488
2366240 2366363
2369052 2370027
2370604 2370740
2373339 2373514
2380581 2380875
2381710 2382143
2383541 2383667
2393304 2393422
2411054 2411123
2411751 2411938
2437321 2437555
2444412 2444618
2449116 2449306
2450097 2450330
2479981 2480443
2483772 2483940
2490036 2490182
2500466 2500846
2503213 2504252
2508520 2508586
2534611 2534783
2536645 2536708
2551469 2551571
2552524 2552703
2557612 2557800
2559372 2559667
2561880 2562006
2565453 2565876
2579319 2579840
2593612 2594532
2598758 2598901
2608586 2608918
2610204 2610886
2630885 2631029
2633703 2634049
2636188 2636274
2650426 2651492
2672821 2673334
2674793 2675127
2688923 2689185
2689774 2689911
2706249 2706413
2715110 2715295
2723688 2723868
2725766 2725989
2728260 2728550
2731029 2731236
2735309 2735402
2736039 2737069
2737751 2738569
2748138 2748918
2754431 2754603
2757628 2757734
2760005 2760292
2774057 2774721
2780900 2781691
2784103 2784417
2787677 2787834
2789323 2789497
2790383 2790825
2794655 2794786
2797233 2799432
2800489 2804796
2805605 2805685
2808446 2808697
2809729 2809981
2826959 2828785
2829303 2832484
2837730 2837785
2857253 2857357
2861091 2861284
2865316 2865393
2870432 2870736
2876899 2877108
2883226 2883411
2904550 2904804
2905460 2905778
2918976 2919376
2945685 2946233
2950999 2951187
2969014 2969521
2980886 2981030
2983744 2983978
2988669 2988823
2990751 2990923
3013027 3013236
3013762 3014022
3017756 3017952
3029776 3029897
3041537 3042441
3051279 3051519
3068653 3068839
3087499 3087844
3092780 3092936
3096162 3096663
3098762 3098968
3106482 3107183
3110928 3111084
3117828 3118053
3120645 3120722
3121945 3122217
3133104 3133282
3143272 3143528
3153119 3153434
3158250 3158393
3162971 3163035
3174373 3174702
3187443 3187741
3188668 3188729
3193140 3193216
3193922 3194827
3196400 3196714
3204055 3204462
3223152 3223268
3226449 3226586
3232391 3232778
3248472 3248801
3255644 3256072
3267993 3268427
3281562 3281958
3288606 3288881
3297251 3298475
3302505 3302804
3306594 3306956
3316893 3317383
3325177 3325861
3342854 3342986
3343591 3343703
3350557 3350804
3351597 3351714
3361990 3362111
3367223 3367538
3374672 3374915
3379425 3379666
3393549 3393769
3399835 3400142
3407644 3407838
3422513 3422563
3423468 3423740
3425773 3426021
3427857 3428253
3439403 3439685
3446937 3447048
3451737 3451858
3458548 3458678
3476040 3476096
3477347 3477458
3479997 3480095
3489837 3489951
3490781 3491071
3491927 3492227
3497564 3497872
3509327 3509599
3515629 3515918
3519115 3521976
3524625 3524878
3531869 3532155
3538035 3538163
3544854 3545264
3549837 3550169
3550761 3551180
3566963 3572111
3574879 3575156
3577909 3578199
3578777 3579040
3581784 3581873
3587052 3587476
3595849 3596073
3598409 3599372
3608197 3608432
3611526 3611903
3614934 3615268
3626338 3626497
3631721 3631853
3635150 3635990
3636566 3636848
3638633 3638853
3643035 3643130
3644108 3644845
3665567 3665747
3666685 3666753
3667584 3667803
3677285 3677911
3683856 3684074
3704246 3704442
3731950 3732159
3736952 3737094
3742994 3743095
3758992 3759226
3771037 3771178
3778543 3778593
3787549 3787839
3807988 3808585
3811867 3812223
3814349 3814448
3816471 3816621
3829404 3829613
3846495 3846857
3879730 3879893
3881884 3881994
3890129 3890968
3902422 3903039
3904969 3905137
3933661 3933832
3938422 3938967
3944294 3944551
3949501 3949553
3954573 3955052
3956463 3956635
3964008 3964353
3965917 3966070
3972638 3972850
3979972 3980274
3987308 3987424
3992179 3992431
4002044 4002157
4003713 4003826
4006661 4006931
4008565 4008878
4010670 4011008
4015270 4015815
4017507 4017815
4025621 4030759
4040153 4040214
4044990 4045082
4050436 4050535
4055030 4055751
4058717 4058898
4072855 4073107
4082246 4082463
4089361 4089654
4103472 4103673
4106485 4106539
4107249 4107440
4109101 4109511
4112320 4112492
4114075 4116995
4118102 4118173
4119845 4120010
4135864 4136060
4139496 4139744
4141781 4142014
4157443 4157817
4160046 4160243
4172112 4172332
4188861 4188942
4195913 4201356
4206768 4206930
4216217 4216338
4245676 4245746
4263780 4264034
4280653 4280928
4290290 4290991
4302374 4302913
4312175 4312319
4336865 4336929
4350699 4356406
4361555 4361680
4369178 4369384
4404349 4404788
4411749 4411914
4414874 4419981
4425414 4425692
4427173 4427381
4430683 4431007
4450134 4450336
4478598 4478703
4480538 4481040
4486599 4486709
4489744 4490034
4492325 4492598
4507344 4508198
4513502 4513759
4514968 4515391
4519075 4519128
4525343 4525591
4529414 4529468
4539212 4539329
4547145 4547780
4553371 4553684
4555286 4555443
4559434 4559498
4560041 4560510
4584580 4584725
4589541 4589653
4596636 4596841
4601984 4602090
4617281 4617550
4625415 4626147
4641593 4641881
4643473 4643989
4662200 4662383
4678313 4678599
4681708 4681945
4688612 4688891
4695374 4695454
4706838 4706956
4724407 4724472
4726032 4726323
4731608 4732139
4735080 4735990
4740354 4740772
4748984 4749215
4768582 4768699
4777975 4778503
4788297 4788735
4789524 4789816
4802984 4803550
4810538 4810853
4815281 4815530
4819283 4819570
4820544 4820668
4823365 4823459
4826449 4826597
4838663 4838916
4843915 4844128
4850477 4851011
4856067 4856237
