gi_556503834_ref_NC_000913.3_
288 414
1338 1620
2686 2776
3693 3774
4063 4248
8303 8368
8623 8724
9486 9629
9872 10229
10434 10487
11245 11342
11693 11767
12839 12943
13613 13683
13917 14235
14444 14573
15328 15434
18154 18423
21205 21304
22525 22609
22843 23166
23413 23466
23737 23854
24657 24828
25318 25645
26580 26655
28091 28206
28422 28629
29804 29876
30575 30632
30887 30936
31237 31327
32896 33286
33725 34130
34370 34500
35402 35476
36311 36411
36851 36977
38145 38197
39042 39325
39745 39974
40339 40659
41788 41868
42105 42195
42743 42881
44330 44647
45410 45697
46341 47161
47402 47540
48626 49462
49844 50080
50563 51014
51627 51717
52747 52900
54045 54204
54542 54640
55929 55999
57352 57670
57909 58061
58380 58463
58909 59020
59514 60551
60842 60932
61240 61314
61573 61751
61984 62044
62516 62573
63643 63781
63988 64254
64566 64941
65574 65747
66696 66864
67896 68473
69575 69939
70994 71188
71539 71670
71891 72009
72257 72410
73805 74301
74524 74763
76454 76853
78318 78644
79090 79401
79641 79788
80318 80704
83784 84032
84785 85042
85355 85415
87239 87312
88012 88222
88524 88587
89561 89868
90398 90599
90968 91095
92606 93264
93964 94308
94808 95044
95324 95415
96190 96274
96634 96717
97296 97456
98717 99003
100168 100407
102459 102817
103468 103867
104691 104860
105083 105201
105421 105695
106241 106393
106714 107070
107491 108261
109216 109535
110230 110987
111239 111474
111724 112019
112276 112606
113815 113883
114257 115099
115948 116050
117710 117769
118329 118540
119956 120261
120700 120821
121073 121348
122368 122463
122918 123264
123757 123899
124155 124232
124985 125099
125612 125726
126908 127131
127383 127593
128858 128946
129666 129721
130473 130643
130892 131046
131563 131622
131934 132278
133678 133741
133975 134297
134607 134713
135101 135632
136622 137087
137448 137502
138581 138824
140151 140446
141466 141624
141869 141970
142439 142554
144533 144661
145923 146134
147280 147387
148166 148253
148724 149339
150867 151282
152301 152394
153202 153262
153523 153770
154232 154320
156566 156761
157588 157919
158786 158893
159465 159630
160142 160303
160563 160646
160883 160989
161754 161883
164639 164749
165224 165341
165588 165707
166658 166846
167498 167717
169138 169469
170461 170540
171428 171529
172880 173012
174439 174743
174992 175538
176079 176256
177335 177726
179253 179425
180500 180730
181438 181492
181746 181987
182233 182283
182521 182621
183078 183244
184125 184294
186443 186547
186870 186965
187398 187457
187712 187792
188307 188389
189055 189480
189735 190114
190392 190876
191122 191175
191781 192133
192377 192440
195131 195691
196170 196287
196562 197090
197764 198234
200021 200250
201408 201468
202223 202324
202891 203209
203671 203802
204171 204317
204621 204794
205447 205648
206215 206441
207010 207130
207847 208040
208313 208369
208631 208865
209342 209435
209637 209965
210179 210337
210565 210673
210927 211656
212054 212172
213175 213562
214931 215104
215460 215616
216282 216335
216573 216674
218453 219661
220124 220179
220864 221185
221426 221734
222388 222785
223029 223097
223649 223746
231305 231414
233240 233292
233560 233637
235003 235156
235830 236115
236346 236419
237203 237292
238825 239176
239695 239773
240247 240345
240744 240831
242360 242416
243268 243803
244663 244746
247072 247862
248178 248645
249671 249843
250078 250199
250904 251205
251440 251623
251885 251997
253547 253950
254630 254847
255137 255292
256074 256197
256643 257276
257882 258543
258677 258806
259837 260098
262083 262217
262861 262980
263223 263461
263897 264125
265781 265975
266805 266894
267638 267708
267960 268015
268619 268828
269688 269758
270027 270089
271423 271623
272305 272429
272866 272987
276954 277125
277568 277995
278609 278844
279097 279202
279664 280471
280696 281535
281804 281882
283184 283249
283505 283693
284315 284732
289373 289443
289782 290513
290836 291251
291478 291544
293548 294101
294333 294447
294692 294976
295244 295329
296753 296849
297068 297496
297914 298044
298284 298406
299224 299825
300053 300331
301040 301089
303188 303252
304053 304366
305409 305984
306861 306973
308374 308469
309457 309755
309977 310034
310313 310846
313942 314097
314657 314824
317106 317494
318688 319062
320536 320857
321106 321375
322927 323082
323405 323528
323830 324016
324361 324418
325543 325785
326440 326519
326730 326930
327665 328482
328726 329232
329713 329945
330194 330321
330854 331384
332136 332437
333173 333278
333574 333849
334440 334503
335697 336162
337045 337442
338739 339093
339375 339436
339900 340063
341598 341766
342816 343236
344359 344523
346140 346190
347291 347398
347643 347738
347974 348151
349143 349510
349763 349861
350222 350733
351131 351205
351649 351787
352042 352167
352655 352782
353762 353995
354330 354447
354978 355249
357399 357692
358347 358742
359931 359998
360263 360323
361126 361446
361684 361955
362193 362308
362860 363088
364626 365428
365931 366068
366316 366545
367083 367196
367861 367944
368382 368603
368853 368907
369112 369215
369740 370005
370438 370508
370762 371288
371568 371734
372410 372773
374500 374817
375590 375748
376261 376328
376767 377086
377313 377675
378995 379095
380167 380399
381043 381138
383258 383359
383911 384982
385277 385344
387043 387284
387914 388394
388858 389132
389362 389497
389764 389992
390381 390728
391403 391617
391947 392836
393241 393625
394378 394515
394901 394980
395317 395574
395811 395906
396165 396308
396622 396852
397075 397171
397612 397905
398439 398570
398839 399533
401078 401152
401824 401885
402299 402566
402789 402994
404717 404857
405386 405449
405927 406126
406808 407141
408116 408180
408757 408856
409091 409273
410155 410460
410928 411403
413528 413903
414766 415026
415297 415413
417567 417650
418294 418364
418823 418889
419118 419173
419474 419581
421412 421477
422053 422130
422369 422696
422947 423008
424070 424138
424477 424633
424973 425071
425328 425563
426425 426627
427189 427702
428435 428668
430047 430319
431253 431355
431713 431807
432072 432448
435799 435851
436368 436587
437541 437644
438085 438976
439553 440172
440725 440920
442267 442472
442697 442921
444294 444551
446822 446948
449698 449843
450149 450311
451542 451782
453492 453621
454257 454440
454744 454818
455040 455481
455900 455962
456489 456601
461611 461925
462765 463084
463750 463892
465133 465729
466062 466303
467264 467399
468115 468393
468623 469428
470281 470341
472547 472613
473613 473713
474442 475016
475913 475982
477377 477854
478103 478192
478580 478749
480557 480610
483699 483862
485016 485102
485480 485845
486203 486282
486539 486671
487434 487684
487925 488099
489227 489634
490119 490250
491177 491616
492309 492510
493458 493610
494110 494234
494585 494668
495168 495336
495560 495691
496076 496466
497256 497412
497834 497988
498210 498461
498702 499040
499286 499374
499619 500267
501245 501316
502091 502772
503483 503575
504007 504296
504721 505011
505531 505621
505862 505931
506426 506562
506986 507069
507420 507676
509225 509425
509880 509930
510481 510626
510950 511525
513067 513172
513865 513982
515902 516032
516535 516726
517067 517149
517412 517507
517953 518108
518386 518562
519178 519273
520701 520894
523410 523626
524421 524846
525501 526049
526259 526382
526893 526996
528146 528435
529074 529175
530773 531048
531330 531620
531847 532347
533084 533294
533823 533940
535012 535169
537001 537301
539084 539161
539575 539886
540472 540539
540939 541019
542276 542795
543070 543743
544305 544549
547204 547297
548026 548101
549040 549264
550330 550440
551438 551584
551813 551893
552489 552628
553438 553492
554952 555020
555466 555640
556302 556666
558218 558470
559037 559264
560986 561062
561507 561601
563801 563862
564108 564420
564760 564855
565282 565484
565731 565879
566192 566472
566725 567928
568174 568410
568640 568916
569605 569700
570309 570459
571174 571243
573012 573344
574329 574586
574720 575556
576117 576318
576739 576959
577735 577841
578153 578430
580043 580546
580852 580901
581363 581553
582947 583162
586008 586183
586452 586604
587208 587324
588028 588081
588437 588566
590210 590428
591827 591909
592173 592566
592932 593067
594005 594160
594393 594547
595428 595521
595743 595918
596155 596388
596821 596979
597106 597202
597448 597532
597818 597975
599002 599086
600073 600324
600812 601236
601682 602035
602420 602695
603058 603242
604903 604974
605678 606021
606626 606684
607173 607290
607730 609123
611069 611635
612201 612391
613427 613796
614029 614474
615108 615442
615826 616087
616659 616879
617832 618110
620336 620784
621722 621980
622184 622729
624706 624982
625357 625647
626856 627046
627373 628019
628346 628497
628847 629095
629393 629779
630461 630526
630775 630841
632147 632270
633353 633470
633904 634308
634923 635171
636403 636603
637512 637794
639423 640041
641847 642064
642401 642715
644561 644795
645077 645296
646147 646388
646642 646717
646963 647234
647515 647726
647970 648020
648258 648328
648946 649076
649467 649843
650090 651485
652780 653248
653507 653756
654020 654126
654446 654605
654880 655523
656969 657286
657596 658031
659323 659382
659891 660063
660978 661340
662383 662445
663105 663242
664940 665310
665655 665744
666789 667020
668200 668293
668859 668936
669162 669536
670113 670588
670863 671187
671419 671941
674048 674109
675300 675381
675630 675725
676513 676620
677366 677418
678031 678730
679426 679609
679830 679950
680496 680583
680797 681463
681712 681828
682754 683351
684294 684367
684655 684760
685220 685387
685713 686139
686580 686649
687079 687204
688072 688939
689591 689782
691084 691147
691650 691742
692082 692192
692441 692521
693325 693515
693725 693779
694611 694754
695030 695128
695564 695807
696304 696462
697200 697379
697619 697822
698062 698856
699736 700502
701411 701500
702014 702201
702446 702695
703643 703744
704154 704245
704550 704633
707309 707372
707676 707732
708153 708216
708813 708883
709153 709250
710290 710455
710774 711017
712420 712743
712993 713102
713334 713463
714173 714337
714576 715088
715329 715426
715731 715901
716136 716421
717123 717346
717632 717685
718268 718446
718671 718787
719112 719171
719583 720022
720982 721137
722167 722217
722419 722529
723169 723275
723777 724011
724703 724828
725826 725963
726402 726638
727010 727237
727838 728728
729702 729808
730818 731153
731360 731635
732089 732889
733093 733178
734285 734553
735069 735342
736142 736252
736497 736965
737277 737373
738855 739072
739829 739915
740331 740654
741376 741587
743650 743829
744465 744596
745590 745829
748373 748583
749124 749265
752002 752358
754825 755413
756029 756191
757257 757480
758167 758254
759133 759240
761110 761281
761942 762020
762519 762607
762935 763040
763850 763957
764324 764561
765394 765618
767446 767934
768175 768337
768650 768725
769147 769204
769465 769556
771249 771602
772476 772571
773428 774515
774840 774976
775823 776146
779564 780035
780719 781046
781792 782069
782515 782622
782989 783296
783563 783623
783936 784138
784359 784672
786226 786287
786829 787127
787441 787663
788088 788604
789723 789855
790103 790194
790724 791218
792443 792542
794542 794768
796934 797283
797990 798073
798304 798443
798692 798754
798978 799081
799930 799994
800232 800321
800547 800818
801869 802418
802737 802915
803260 803395
804216 804541
804913 805062
805625 805921
806820 806949
810195 810603
810842 810953
811180 811261
812714 812774
814532 814651
815760 816290
816832 817077
817314 817448
817903 817979
818501 818722
820303 820625
821168 821304
822952 823066
823301 823626
823890 823989
825913 826172
826712 826790
827713 827791
828004 828166
829157 829255
831322 831561
831870 831980
832914 833174
833645 833705
833974 834045
834290 834520
834780 835370
836506 836679
837740 837897
838859 839027
840483 840570
841198 841314
842163 842340
842801 842949
843688 843910
844805 845057
846249 846518
847131 847274
847525 847763
848199 848320
849445 849518
850184 850261
851228 851676
852898 853264
853682 854002
855469 855614
855978 856108
857264 857324
857848 858173
858489 858589
858804 858898
859122 859737
860151 860771
861952 862029
862750 862899
863562 864121
865244 865339
866489 866636
869270 869482
870499 870598
871361 871480
872356 872438
873262 873371
873729 873851
874554 874750
875303 875394
875847 875953
876781 877073
878011 878073
878512 878744
879287 879570
879812 879888
880656 880719
881535 881597
885602 885748
886595 886769
886970 887176
887598 887975
888344 888601
889318 889458
889724 890013
890348 890560
891210 891425
892435 892512
892754 892825
893583 893971
894907 894988
895194 895385
895790 895900
896615 896815
897746 898050
899738 900233
902141 902248
902818 903019
905306 905356
906368 906590
907229 907342
908658 909029
910414 910543
911133 911642
911897 912044
912865 912979
913379 913581
914997 915083
915898 915995
917614 918196
919887 920151
921317 921446
921685 922120
922566 922765
923147 923222
923481 923536
924713 924988
925541 925952
926266 926443
926762 926992
928663 929050
929787 929880
930563 930679
930918 931307
931548 931614
933817 934067
934674 934867
935202 935526
936024 936126
936941 937161
938359 938500
938794 939129
939374 939751
941599 941682
943591 943670
944520 945113
945942 946059
947192 947287
947762 947856
948108 948189
949266 949454
950025 950337
950589 951540
951947 952109
953243 953400
953910 953981
954565 954720
956591 956759
957651 957768
958246 958361
959681 959800
960504 960661
961599 961728
963035 963093
963720 964032
964687 965081
965357 965455
966133 966199
966443 966583
967101 967153
967625 967697
969366 969602
970417 970652
970920 971117
971766 971936
972873 972963
973199 973330
974109 974322
975629 975751
976563 976663
976904 977028
978432 978509
978843 978915
979348 979472
979807 980207
981040 981195
981951 982109
983394 983487
984953 985761
987808 988500
989550 989784
990041 990129
991091 991355
991869 991932
992530 992765
994566 994891
995724 995820
996648 996840
997341 997439
997776 997884
998189 998272
998603 998802
999238 999352
999809 999915
1000238 1000359
1000586 1000790
1001043 1001198
1004637 1004833
1005361 1005824
1006057 1006315
1006853 1007050
1007324 1007455
1007974 1009020
1010356 1010454
1010775 1010889
1011209 1011267
1011489 1012155
1013435 1013552
1014098 1014163
1016080 1016436
1017078 1017191
1017614 1017810
1018070 1018183
1018999 1019519
1019773 1019864
1021518 1021858
1023023 1023205
1023946 1024222
1024572 1024828
1026477 1026633
1027376 1027952
1028542 1028702
1028904 1029033
1029272 1029762
1030700 1030887
1031300 1031457
1032239 1032338
1034284 1034499
1036563 1036763
1037471 1037710
1038575 1038719
1039655 1039722
1040010 1040201
1040435 1040724
1041057 1041152
1041515 1041578
1042909 1043085
1044673 1044961
1045195 1045443
1046375 1046434
1047890 1048001
1048411 1048766
1049636 1049819
1050054 1050442
1052054 1052251
1052584 1052894
1054588 1054673
1055110 1055525
1056479 1056564
1057435 1057509
1057877 1057980
1058662 1058821
1059580 1059715
1060871 1060981
1061842 1061903
1062623 1062804
1063601 1063697
1064079 1064364
1065751 1065829
1066039 1066228
1066518 1066618
1067242 1067675
1069202 1069348
1069611 1069754
1070396 1070682
1071096 1071216
1071659 1071735
1073000 1073182
1073792 1073940
1075582 1076020
1076533 1076842
1077920 1078441
1078688 1078738
1079155 1079593
1080490 1080633
1081499 1081592
1082106 1082577
1082928 1083138
1083884 1084010
1084347 1084505
1085581 1085728
1086118 1086535
1088166 1088421
1089674 1089743
1090587 1090827
1092279 1092334
1092614 1092960
1093522 1093607
1094433 1095768
1097225 1097322
1097854 1097914
1098284 1098357
1098660 1098782
1099023 1099356
1100744 1100945
1101169 1101484
1101875 1101962
1102211 1102288
1102514 1102859
1104017 1104078
1104292 1104462
1104732 1105131
1108426 1108906
1109180 1109389
1109924 1109986
1110223 1110496
1111234 1111340
1111640 1111697
1112003 1112060
1112363 1112435
1112985 1113152
1113954 1114357
1115245 1115902
1116760 1117271
1117638 1117858
1118627 1119040
1119295 1119389
1119714 1119788
1120672 1121508
1123007 1123074
1123599 1123704
1124329 1124566
1125169 1125666
1125910 1126156
1127186 1127278
1127677 1127777
1128680 1128800
1129704 1129930
1130231 1130570
1130980 1131163
1132046 1132249
1132808 1133185
1133491 1134033
1134998 1135166
1135490 1135636
1136559 1136620
1137753 1137935
1138197 1138345
1138607 1138695
1140502 1140575
1140919 1140978
1142923 1143038
1143514 1143731
1144399 1144474
1145906 1146011
1146347 1146702
1146907 1147258
1147511 1147636
1147937 1148022
1148642 1149164
1149431 1149671
1150521 1150840
1153003 1153395
1155921 1156029
1156427 1156519
1156800 1157107
1157510 1157932
1158175 1158436
1159681 1159826
1161788 1162067
1162329 1162461
1163150 1163433
1164037 1164285
1164817 1164994
1166852 1166985
1167343 1167395
1168201 1168331
1168556 1168689
1171064 1171231
1172763 1172820
1173254 1173322
1174905 1175147
1175712 1175922
1176166 1176545
1176802 1177069
1177301 1177398
1177657 1177742
1178006 1178581
1180770 1180898
1181344 1181435
1181699 1181803
1182444 1182830
1183326 1183404
1184193 1184366
1185524 1186011
1186980 1187115
1187742 1188158
1190440 1190649
1190965 1191421
1192142 1192297
1192825 1193506
1193792 1193996
1195050 1195125
1195605 1196188
1197000 1197341
1197732 1197807
1198042 1198177
1199126 1199226
1199472 1199816
1200447 1200519
1201304 1201401
1201910 1202259
1202739 1202836
1203288 1203433
1204132 1204183
1204791 1204953
1206566 1206760
1207028 1207237
1207478 1207705
1209277 1209528
1209979 1210081
1210569 1210716
1211129 1211244
1211599 1211719
1212061 1212467
1214401 1214896
1216269 1216330
1216780 1216890
1217742 1217892
1218985 1219037
1220548 1221025
1221444 1221513
1222158 1222507
1223456 1223561
1225206 1225376
1225594 1225691
1225992 1226087
1227445 1227919
1229921 1230040
1230352 1230405
1231384 1231490
1231731 1231836
1232427 1232511
1232836 1233167
1234466 1234553
1234955 1235032
1235419 1235473
1235819 1236137
1236869 1237096
1237406 1237657
1237965 1238221
1238579 1238772
1239250 1239725
1240878 1241138
1241920 1242087
1242312 1242517
1243082 1243332
1243792 1243865
1244130 1244401
1246194 1246341
1249085 1249393
1249940 1250048
1250270 1250495
1250737 1250916
1251440 1251547
1251817 1252035
1252406 1252673
1253699 1253759
1254172 1254274
1255404 1255497
1257682 1257733
1258253 1258477
1258965 1259243
1259503 1259561
1261318 1261374
1262067 1262397
1262624 1263152
1263681 1264116
1264385 1264528
1265061 1265209
1265434 1265615
1265952 1266512
1267555 1267685
1267931 1268180
1268452 1268673
1269094 1269487
1269931 1270147
1270378 1270491
1271476 1271639
1271886 1272302
1274102 1274282
1274522 1274699
1275218 1275420
1275663 1275725
1276549 1276784
1278265 1278344
1279054 1279273
1279909 1280002
1280289 1280365
1281340 1281445
1282357 1282502
1283308 1283373
1284005 1284103
1285608 1285730
1286885 1287105
1287201 1287479
1288332 1288844
1289517 1289801
1290074 1290483
1291203 1291450
1291698 1291946
1292739 1292868
1293297 1293865
1294784 1294988
1295481 1295536
1296586 1296643
1297189 1297451
1298124 1298202
1298504 1298622
1298925 1299242
1299628 1300706
1302132 1302251
1303194 1303775
1304518 1304655
1304976 1305290
1305939 1306122
1306598 1306918
1308182 1308309
1308956 1309021
1309276 1309805
1310263 1310997
1311278 1311423
1311680 1311848
1312168 1312247
1312765 1312987
1313325 1313438
1314325 1314493
1314731 1314798
1315735 1316143
1317745 1317853
1318505 1318602
1319284 1319453
1320011 1320090
1320671 1321380
1322122 1322376
1323250 1323845
1326119 1326317
1326879 1326944
1328430 1328503
1328733 1329008
1329249 1329332
1330560 1330963
1331432 1331795
1332073 1332652
1333027 1333099
1333341 1333923
1334574 1334716
1336832 1337402
1337794 1338452
1338756 1339254
1339553 1339605
1340366 1340888
1343268 1343377
1343733 1344020
1344837 1344898
1345913 1346062
1350457 1350718
1351549 1351685
1352935 1353404
1354079 1354184
1357203 1357502
1358243 1358445
1359098 1359437
1360009 1360150
1360482 1360859
1361657 1362080
1362334 1362409
1363305 1363401
1364337 1364891
1366588 1366742
1367303 1367388
1368196 1368506
1368753 1368915
1369982 1370094
1370339 1370564
1371146 1371558
1372122 1372181
1372407 1373273
1373790 1373967
1374386 1374446
1377142 1377234
1377663 1377823
1378047 1378578
1379097 1379603
1380483 1380558
1381654 1382040
1382568 1382627
1382905 1383320
1384090 1384459
1385308 1385531
1386479 1386531
1387352 1387551
1389859 1390016
1390662 1390948
1392411 1392537
1393281 1393506
1394908 1395229
1395493 1395690
1396001 1397286
1397513 1397643
1398002 1398365
1398975 1399255
1399558 1399663
1400613 1400946
1401537 1402152
1402532 1402878
1403113 1403445
1403814 1404059
1404315 1404501
1404754 1404937
1406922 1407144
1407698 1408175
1408396 1408646
1408883 1409134
1409817 1409987
1410244 1410413
1410828 1410882
1411797 1411870
1412190 1412268
1415310 1415415
1415966 1416463
1417702 1417759
1418019 1418144
1419048 1419192
1419439 1419497
1419756 1419824
1422679 1422829
1423214 1423346
1424154 1424304
1424812 1425153
1425863 1426149
1426591 1426702
1427261 1427615
1428795 1429102
1429458 1429580
1430938 1431020
1431625 1432218
1433658 1433997
1434472 1434994
1435227 1435556
1436027 1436446
1437149 1437708
1438489 1438556
1438828 1439870
1440514 1440618
1440938 1441043
1441354 1441454
1442597 1442882
1443833 1443923
1444151 1444237
1444720 1444776
1445164 1445760
1446870 1446925
1447744 1447906
1448946 1449077
1449853 1449958
1450505 1450572
1451094 1451545
1451826 1452057
1452695 1452835
1453114 1453213
1453427 1453506
1454221 1454358
1454587 1454718
1455100 1455229
1455469 1455600
1455826 1455962
1456558 1456643
1457132 1457335
1457816 1457993
1458232 1458377
1460490 1460580
1461172 1461422
1462074 1462309
1463213 1463283
1464016 1464303
1464870 1465231
1465506 1465605
1466403 1466512
1467237 1467538
1467855 1469008
1469244 1469881
1471013 1471156
1471667 1471770
1472403 1472541
1473138 1473293
1473622 1473704
1475253 1475316
1477472 1477531
1477947 1478090
1478320 1478444
1478852 1478933
1479407 1479465
1481211 1481421
1481725 1481889
1483371 1483428
1485020 1485366
1485855 1485948
1486228 1486813
1487757 1487962
1488186 1488818
1489445 1489610
1490151 1490577
1490799 1490853
1492580 1492659
1493352 1493799
1494523 1495197
1497441 1497547
1498876 1499209
1499513 1499742
1501010 1501176
1501423 1502021
1502285 1502573
1502926 1503138
1503637 1503863
1505017 1505214
1505571 1505758
1506335 1506451
1506910 1507825
1508051 1508180
1508974 1509262
1509560 1510166
1510617 1510720
1510957 1511165
1511785 1512069
1513469 1513593
1513838 1513922
1514711 1514787
1515029 1515159
1517233 1517290
1518698 1519353
1519861 1519984
1520940 1521484
1522462 1522710
1523300 1523363
1524005 1524452
1524900 1525097
1525680 1525855
1526091 1526259
1526496 1526551
1526946 1527162
1527430 1527612
1527892 1528169
1528407 1529253
1530554 1530802
1531133 1531335
1531984 1532166
1532397 1532648
1535243 1535474
1537047 1537266
1538195 1538272
1540324 1540377
1540697 1540772
1541345 1541668
1544157 1544741
1545767 1545841
1546919 1547258
1547463 1547532
1548089 1548309
1548802 1549044
1549291 1549506
1549899 1550027
1550289 1550451
1551059 1551402
1552156 1552309
1552557 1552764
1553229 1553735
1554007 1554111
1554564 1554980
1556289 1556505
1556869 1556944
1557574 1557714
1557990 1558156
1558383 1558878
1559106 1559207
1559442 1559986
1560329 1560550
1561746 1562037
1562629 1562691
1563100 1563372
1563622 1563675
1564266 1564496
1564915 1565005
1565536 1565768
1567446 1567632
1568134 1568543
1569105 1569501
1570416 1570694
1571330 1571454
1572848 1572994
1574293 1574351
1574837 1575180
1575721 1575974
1577139 1577370
1578987 1579097
1579900 1580004
1580597 1580651
1580957 1581288
1581521 1581828
1582130 1582471
1582958 1583114
1583406 1583472
1585072 1585145
1585662 1585882
1586335 1586444
1587033 1587580
1588619 1588765
1589019 1589302
1589541 1590152
1590415 1590986
1591625 1592219
1592965 1593119
1593348 1593518
1594118 1594568
1595024 1595164
1595514 1595850
1598401 1598565
1599050 1599240
1599603 1599920
1600578 1600677
1601785 1601904
1602146 1602209
1602755 1602835
1605230 1605805
1606140 1606429
1607003 1607132
1609166 1609247
1610463 1610579
1611165 1611359
1612675 1613130
1613629 1614163
1615478 1615870
1616909 1617192
1618564 1618619
1618862 1618997
1619875 1619933
1620309 1620385
1620765 1621043
1621723 1621940
1622667 1622873
1623833 1624151
1625359 1625540
1625773 1625946
1627947 1628030
1629215 1629333
1630858 1631242
1631481 1631772
1632332 1632584
1633318 1633663
1634212 1634742
1635058 1635837
1636245 1636410
1637415 1637615
1638402 1638790
1639428 1639651
1640153 1640350
1640862 1641048
1641616 1641795
1642365 1642676
1643409 1643493
1643797 1644276
1644689 1645131
1645838 1646368
1648928 1649070
1649855 1649933
1650155 1650303
1650972 1651353
1651724 1651776
1652940 1653033
1653263 1653345
1653711 1653813
1654725 1654921
1655317 1655532
1656117 1656269
1656697 1656841
1657395 1657504
1658506 1658644
1659976 1660062
1662544 1663109
1663476 1663571
1663952 1664015
1664833 1665302
1667598 1668484
1670045 1670574
1671463 1671798
1672774 1672836
1673559 1674170
1674590 1675188
1675415 1675486
1675727 1676249
1676649 1676710
1677378 1677572
1678075 1678334
1678992 1679063
1679595 1680135
1680795 1680902
1681129 1681348
1681754 1681955
1682188 1682529
1682923 1683097
1684442 1684549
1684876 1685374
1685590 1686110
1686339 1686506
1687098 1687397
1688229 1688653
1689738 1689787
1690324 1690439
1691732 1691789
1692165 1692319
1692589 1692849
1694208 1694316
1694887 1695224
1695668 1695812
1696373 1696970
1700094 1700242
1701826 1701888
1703062 1703143
1703540 1703730
1703991 1704179
1704411 1704526
1705786 1706248
1706690 1706859
1707904 1708005
1712739 1713114
1713355 1713432
1713864 1714076
1714367 1715034
1715599 1715752
1716291 1716348
1716668 1716804
1717553 1717716
1718234 1718468
1719795 1720091
1720550 1720766
1720995 1721094
1721644 1722178
1725319 1725589
1727230 1727372
1728885 1728952
1729207 1729308
1729819 1729936
1730259 1730328
1730784 1731028
1731921 1732019
1733434 1733548
1734282 1734341
1734632 1735200
1735824 1736143
1736458 1736514
1737737 1738027
1738592 1739231
1740186 1740573
1740894 1741065
1741558 1741629
1741924 1741994
1742276 1742495
1742853 1743166
1743486 1743604
1745505 1745649
1745961 1746064
1746609 1746687
1747221 1747491
1748358 1748446
1748712 1748919
1749224 1749273
1749633 1749833
1750450 1750542
1751653 1751866
1752120 1752172
1752988 1753413
1753848 1754091
1755480 1755653
1756072 1756138
1756658 1756973
1757684 1757903
1758481 1758585
1758907 1759194
1759442 1759904
1761054 1761259
1761790 1761849
1762095 1762258
1762522 1762611
1763053 1763108
1763315 1763562
1763810 1764803
1765452 1765501
1766660 1766793
1767516 1768090
1768587 1769241
1769482 1769537
1771551 1771692
1771955 1772116
1772466 1772599
1773982 1774223
1774539 1774812
1775906 1775984
1776770 1776994
1777991 1778135
1778383 1778511
1779257 1779337
1779558 1779645
1780459 1780817
1781991 1782089
1782533 1782721
1783000 1783152
1783489 1783539
1784143 1784642
1785131 1785256
1785842 1786250
1786659 1786933
1787161 1787435
1787773 1788304
1788587 1788971
1789601 1790010
1790976 1791299
1791936 1792189
1792659 1792920
1793771 1793870
1794443 1794553
1795151 1795227
1795589 1795652
1795898 1796581
1797140 1797445
1798564 1798731
1799874 1799966
1802518 1802678
1802928 1803258
1805601 1805761
1805991 1806192
1807358 1807719
1807962 1808114
1809850 1810080
1810581 1810701
1813673 1813857
1814132 1814351
1815130 1815243
1815489 1815987
1816648 1817069
1818280 1818649
1819021 1819390
1819647 1819758
1820308 1820408
1820922 1821026
1821870 1822076
1822999 1823326
1823652 1823859
1824420 1824612
1824953 1825061
1825647 1825731
1826528 1826830
1827094 1827620
1829559 1829781
1830172 1830288
1831820 1832047
1832831 1834604
1835811 1835868
1836302 1836362
1837120 1837555
1838043 1838559
1840816 1840919
1841893 1841981
1842269 1842332
1844764 1844880
1846008 1846127
1846908 1846980
1847465 1847588
1848136 1848204
1848671 1848950
1849525 1849628
1851249 1851369
1851596 1851781
1852303 1852649
1853023 1853262
1854731 1854993
1855775 1855857
1856080 1856976
1857266 1857326
1857907 1858088
1858420 1858606
1859305 1859639
1860103 1860221
1862507 1862802
1863654 1863826
1864916 1865144
1865827 1866085
1866661 1866721
1867124 1867199
1867459 1867582
1868043 1868116
1868962 1869108
1869400 1869846
1870105 1870175
1870880 1871121
1871807 1871996
1873079 1873134
1873750 1873924
1874144 1874339
1874547 1874640
1875619 1875743
1876719 1876968
1877273 1877554
1877819 1878051
1878436 1878685
1878977 1879129
1881153 1881405
1882048 1882235
1883832 1883992
1884345 1884629
1885087 1885178
1886542 1886616
1886864 1886955
1887591 1887992
1888230 1888293
1888658 1888882
1890241 1890340
1890879 1891238
1891665 1891862
1892160 1892235
1892477 1892532
1893108 1893371
1894894 1895051
1896274 1896448
1898421 1898641
1899308 1899535
1901687 1901790
1904825 1904882
1906083 1906195
1907258 1907396
1907900 1908165
1909796 1909899
1910463 1910607
1910908 1911614
1912721 1913027
1913331 1913402
1913639 1913692
1913898 1913950
1914259 1914426
1915337 1915514
1915758 1915984
1916713 1917113
1919113 1919403
1919870 1920057
1920621 1920891
1921156 1921225
1921427 1922159
1922898 1923050
1923985 1924058
1924299 1924723
1924958 1925168
1925418 1925485
1926007 1926149
1926394 1926566
1927186 1927497
1927937 1928151
1928502 1928576
1929408 1929658
1929947 1930131
1931311 1931446
1931708 1932214
1932852 1933074
1933387 1933478
1933798 1934001
1934257 1934372
1934885 1935114
1935319 1935569
1935823 1935875
1937053 1937151
1937856 1938087
1938294 1938660
1939377 1939488
1939715 1940135
1941119 1941627
1942448 1942562
1943309 1943632
1944206 1944857
1945511 1945606
1946230 1946424
1946819 1946897
1947305 1947431
1948403 1949032
1949345 1949457
1949746 1949797
1951502 1951716
1952207 1952732
1953984 1954154
1954962 1955102
1955427 1955511
1956148 1956592
1956833 1956895
1957367 1957466
1957784 1958329
1958584 1959060
1959879 1959965
1960317 1960605
1961445 1961751
1962407 1962609
1963143 1963421
1963695 1963799
1964015 1964183
1965536 1965847
1966110 1966361
1968124 1968212
1968816 1969290
1970746 1970920
1971343 1971531
1972348 1972458
1972720 1972787
1973877 1974072
1974308 1974380
1974939 1975037
1975656 1975729
1975992 1976067
1976383 1976439
1976780 1977183
1977902 1977989
1978214 1978385
1978664 1980038
1980294 1980812
1981296 1981444
1984026 1984605
1985299 1985411
1985768 1985943
1986285 1986809
1987448 1987690
1988629 1988855
1990072 1990523
1991370 1991826
1993018 1993195
1993621 1993777
1994498 1994603
1997052 1997419
1998114 1998448
1998986 1999235
1999989 2000273
2000555 2000669
2001279 2001453
2001832 2001905
2002144 2002370
2002941 2003218
2004121 2004187
2004436 2004524
2005295 2005476
2005745 2005816
2007157 2007554
2008859 2008919
2009900 2010199
2010893 2011016
2011735 2012525
2013639 2013699
2014998 2015188
2015402 2015577
2015886 2016155
2016929 2017155
2017675 2017943
2018224 2018370
2018595 2018690
2019156 2019300
2019973 2020076
2020384 2020470
2020882 2021055
2021697 2021830
2022976 2023073
2023730 2023802
2024066 2024218
2024962 2025158
2025367 2025883
2026366 2027299
2028097 2028553
2030804 2030905
2032562 2032823
2033143 2033193
2033423 2033577
2033829 2034197
2034669 2034808
2035055 2035365
2035603 2035685
2035960 2036078
2036305 2036401
2036642 2037082
2038013 2038188
2039087 2039171
2039606 2040091
2040369 2040571
2040955 2041036
2042742 2042895
2044875 2044934
2046623 2046693
2046955 2047438
2047664 2047729
2048890 2049030
2049383 2049622
2050346 2050639
2050889 2050977
2051384 2051552
2052201 2052332
2052559 2052627
2053647 2053983
2054229 2054437
2056302 2056440
2057082 2057381
2057744 2057974
2058823 2058901
2059496 2059682
2060254 2060344
2060899 2061021
2061743 2062282
2063787 2064266
2064994 2065051
2065285 2065458
2065693 2065819
2066332 2067190
2067460 2067701
2068129 2068202
2069177 2070190
2070681 2070909
2071228 2071390
2073798 2074355
2074821 2075041
2075606 2075745
2076101 2076626
2077243 2077347
2078151 2078443
2079196 2079291
2079605 2079710
2080607 2080768
2081001 2081287
2082004 2082062
2082816 2083640
2084216 2084480
2085072 2085129
2085692 2085774
2086053 2086446
2087499 2087549
2088323 2088410
2088964 2089192
2089767 2090023
2091858 2091954
2092547 2092880
2093847 2093926
2094541 2094904
2095359 2095570
2096660 2096860
2097561 2097610
2099896 2100018
2100229 2100548
2100950 2101328
2101685 2102847
2103054 2103148
2103961 2104046
2104642 2104864
2105859 2105988
2106913 2107155
2107571 2107647
2107920 2108007
2108482 2108926
2109356 2109738
2110087 2110182
2110432 2110682
2111900 2112179
2112782 2113184
2114531 2114615
2115879 2116049
2116297 2116375
2118909 2119298
2119588 2119781
2120017 2120276
2120803 2120910
2121203 2121292
2121638 2121978
2122226 2122391
2123258 2123313
2124174 2124587
2126795 2126866
2127635 2127918
2129491 2129713
2129974 2130137
2130480 2130667
2131208 2131582
2132220 2132877
2133288 2133460
2133698 2134157
2134638 2134716
2134917 2135025
2135473 2135526
2136680 2137432
2138090 2138156
2138392 2138686
2139277 2139459
2140310 2140486
2140994 2141271
2142799 2142883
2144472 2144732
2145433 2145514
2146281 2146333
2146594 2146710
2148261 2148472
2148921 2149183
2149628 2149688
2150136 2150591
2151021 2151105
2151358 2151785
2152184 2152644
2153279 2153397
2154058 2154979
2155465 2155592
2155838 2156045
2156428 2156538
2156938 2157024
2157240 2157303
2157548 2158418
2158731 2158852
2160155 2160565
2160818 2161279
2162021 2162133
2162344 2162426
2163099 2163289
2164817 2164924
2165203 2165339
2165987 2166041
2167156 2167597
2168074 2168288
2168528 2168593
2169520 2169772
2170200 2171671
2172414 2172587
2173058 2173215
2173732 2174070
2175413 2175803
2176950 2177242
2177920 2177969
2178170 2178450
2179397 2179707
2179965 2180611
2181066 2181236
2181818 2181883
2182288 2182396
2182756 2183338
2183905 2183998
2185130 2185318
2186007 2186377
2186699 2186984
2187211 2187308
2187527 2187659
2187912 2187978
2189088 2189211
2190868 2191361
2191671 2191888
2192637 2192791
2193998 2194108
2195294 2195392
2196142 2196277
2197061 2197254
2197885 2198526
2199608 2199744
2200701 2200751
2201931 2202022
2202561 2202816
2203839 2203927
2205527 2205620
2206005 2206325
2206595 2206721
2208637 2208852
2213487 2213623
2213857 2213947
2215078 2215546
2216001 2216428
2216997 2217081
2217557 2217919
2219606 2219684
2220498 2220672
2222460 2222832
2223570 2223676
2224039 2224409
2224629 2224895
2225616 2226006
2226512 2226585
2227382 2227609
2228630 2228821
2229195 2229325
2229555 2229759
2229973 2230046
2231042 2231356
2232637 2232774
2234454 2234606
2236977 2237257
2238377 2238484
2240002 2240171
2241365 2241700
2242600 2243045
2245720 2246016
2246276 2246686
2247221 2247706
2248691 2248774
2249943 2250163
2251647 2251852
2252839 2252904
2253934 2254003
2254983 2255118
2255353 2255507
2256001 2256281
2256666 2256722
2257910 2258071
2260430 2261070
2261283 2261343
2265021 2265208
2266213 2266434
2266939 2267126
2268516 2269052
2269307 2269372
2269774 2270067
2270312 2270727
2272468 2272572
2273709 2273913
2274187 2274635
2275424 2275479
2276324 2276390
2276934 2277072
2277318 2277615
2279307 2279379
2280171 2280255
2280914 2281081
2281433 2281687
2282064 2282356
2283383 2283465
2284569 2284623
2284886 2285146
2285701 2285771
2286093 2286152
2287026 2287138
2287569 2287843
2288594 2288788
2289057 2289882
2292798 2292920
2293165 2293390
2294091 2294222
2294599 2295121
2295349 2295462
2295812 2296369
2296635 2296830
2297298 2297392
2297820 2297951
2298497 2298645
2298900 2299130
2300390 2300494
2301301 2301390
2302355 2302689
2303235 2303289
2303593 2303681
2304465 2304595
2304854 2304940
2305186 2305380
2305888 2306235
2307071 2307122
2309083 2309463
2309712 2310189
2310867 2311220
2311971 2312098
2313766 2313995
2314343 2314772
2315012 2315124
2316448 2316590
2317133 2317253
2317496 2317603
2318076 2318155
2318558 2318638
2319722 2320197
2320649 2320923
2323037 2323281
2323909 2324031
2324276 2324472
2327357 2327432
2328420 2328880
2329261 2329384
2330516 2330631
2331329 2331804
2332044 2332559
2332766 2333490
2333874 2333987
2334736 2334882
2335177 2335510
2335801 2335862
2337233 2338012
2339477 2339608
2340296 2340712
2341828 2341911
2342231 2342521
2343138 2343233
2343544 2344042
2344494 2344703
2345137 2345254
2345876 2345988
2346939 2347029
2349288 2349438
2349706 2349875
2350107 2350318
2350807 2350974
2351306 2351590
2352299 2352354
2353479 2353594
2355611 2355829
2356190 2356421
2356655 2356907
2357440 2357729
2357974 2358232
2358909 2359112
2359519 2359611
2362346 2362415
2362824 2363202
2365387 2365536
2366728 2366843
2368393 2368839
2369142 2369243
2369497 2369951
2371226 2371531
2372294 2372369
2374349 2374508
2375528 2375889
2376136 2376347
2376746 2377217
2377886 2378220
2379188 2379373
2379627 2379725
2380108 2380231
2380493 2380667
2382369 2382533
2383905 2384173
2385079 2385237
2385470 2385808
2386755 2387182
2389131 2389302
2389949 2390015
2390493 2390572
2392505 2392707
2393437 2393522
2394198 2394459
2394973 2395221
2395488 2395558
2396166 2396254
2396595 2396686
2396910 2397055
2397311 2397443
2397756 2397818
2398541 2398689
2399240 2399417
2400754 2401288
2401969 2402066
2402659 2402760
2404527 2404787
2405031 2405183
2405422 2405614
2406034 2406231
2406502 2406582
2407327 2407541
2409005 2409354
2409591 2409661
2410673 2410981
2411352 2411682
2411907 2412020
2412513 2412603
2413126 2413359
2413770 2413821
2415263 2415488
2415780 2415887
2416159 2416262
2418036 2418139
2418388 2418552
2419513 2419822
2420047 2420491
2420962 2421249
2422341 2422432
2422746 2422796
2423103 2423302
2424813 2424894
2427647 2427711
2428567 2428716
2430018 2430068
2430899 2431113
2431598 2432097
2432435 2432863
2433357 2433419
2433741 2434275
2434531 2434642
2436493 2436542
2436899 2436997
2437281 2437335
2438404 2438861
2439153 2439291
2441412 2441550
2442279 2442407
2444445 2444588
2444935 2445194
2445537 2445604
2446244 2446644
2446994 2447352
2448918 2449010
2449528 2449907
2450572 2451244
2451796 2452436
2453048 2453182
2454409 2454780
2455942 2456032
2456513 2456608
2457001 2457170
2458187 2458676
2459226 2459292
2461067 2461378
2462110 2462185
2463540 2463620
2464060 2464296
2465622 2465772
2466835 2467363
2467873 2467928
2468565 2468911
2469155 2469304
2470988 2471153
2472211 2472405
2472941 2473218
2473805 2474000
2474457 2474747
2474970 2475211
2475860 2476132
2476790 2476925
2477887 2478514
2479153 2479237
2480096 2480364
2480926 2481210
2481440 2481798
2482771 2482864
2484163 2484319
2484823 2485076
2485439 2485683
2485938 2486081
2486737 2486957
2487909 2488171
2489784 2490063
2490834 2491056
2491809 2491927
2492324 2492577
2492821 2493039
2494033 2494498
2494740 2494938
2495306 2495732
2495966 2496055
2496377 2496430
2496926 2497149
2498469 2498844
2499103 2499500
2499964 2500287
2501295 2501356
2501828 2502137
2502601 2502888
2503587 2503749
2504296 2504796
2505043 2505218
2506081 2506274
2506827 2507181
2510492 2510936
2511957 2512348
2513804 2513880
2514475 2515502
2515861 2515960
2516722 2516966
2517476 2517617
2518778 2519099
2520292 2520462
2520992 2521110
2521591 2521673
2521994 2522209
2522810 2523389
2523976 2524087
2524340 2524391
2526138 2526229
2526462 2526651
2528589 2528649
2532540 2532688
2532950 2533078
2533506 2534010
2534770 2535048
2535580 2535649
2536165 2536218
2536820 2536950
2538236 2538448
2538770 2538929
2539184 2539912
2540653 2540765
2542668 2543001
2543438 2543538
2544291 2544342
2545233 2545381
2545619 2546175
2546442 2546803
2547478 2547856
2549195 2549278
2550045 2550172
2550438 2550496
2550924 2551180
2551917 2552025
2552497 2552860
2553687 2553957
2554297 2554350
2555048 2555232
2555540 2555634
2557398 2557473
2557889 2557956
2558197 2558454
2560519 2560892
2562046 2562249
2562852 2563002
2563245 2563352
2563727 2564162
2564643 2564957
2566151 2566299
2566954 2567151
2567692 2567905
2568611 2568695
2569284 2569797
2570335 2570593
2570904 2571567
2574818 2574879
2575998 2576090
2578684 2579715
2579994 2580100
2581303 2581467
2581695 2582145
2582359 2582510
2584477 2584563
2585179 2585236
2587541 2587593
2588323 2588376
2589630 2589904
2590360 2590888
2592067 2592171
2592626 2593011
2593699 2594832
2596029 2596220
2596811 2597170
2597599 2597923
2599778 2600457
2600698 2600785
2602976 2603551
2604637 2605361
2605772 2605954
2606365 2606480
2607678 2608486
2609249 2609547
2609819 2610033
2610898 2611185
2611471 2611985
2612464 2612885
2614792 2615158
2615847 2615933
2616336 2616810
2617148 2617331
2618193 2618263
2618602 2618694
2619177 2619274
2619640 2619875
2621095 2621349
2621670 2621842
2624768 2625525
2625764 2625881
2628842 2628996
2629597 2629831
2630619 2630744
2631105 2631632
2631986 2632262
2632733 2632798
2633249 2633388
2634112 2634414
2634726 2635030
2635911 2635995
2636637 2636697
2637117 2637168
2637392 2638104
2639100 2639196
2640274 2640535
2642105 2642584
2643012 2643173
2643474 2643574
2644410 2644583
2646385 2646520
2647378 2647627
2648238 2648371
2648802 2648874
2650322 2650386
2650867 2651083
2652087 2652249
2652500 2652692
2652933 2653273
2653478 2653537
2654183 2654429
2655340 2655487
2655978 2656361
2656863 2657095
2657384 2657882
2658354 2658661
2658962 2659056
2660460 2660588
2661323 2661389
2662444 2662807
2663035 2663226
2663934 2664072
2665258 2665388
2668031 2668261
2668621 2669007
2670209 2670485
2671482 2671737
2672619 2672671
2673256 2673388
2673866 2674030
2675149 2675404
2676529 2676626
2677237 2677306
2677558 2677805
2678043 2678224
2679595 2679648
2680143 2680384
2680694 2681368
2683178 2683275
2683499 2683752
2684135 2684276
2684771 2684969
2685515 2685669
2688481 2688557
2689027 2689129
2689354 2689589
2689894 2690019
2690394 2690557
2690884 2690952
2691950 2692380
2692631 2692932
2693186 2693454
2693749 2693918
2694166 2694368
2695266 2695332
2695586 2695753
2696298 2696641
2698349 2698565
2700214 2700449
2701286 2701509
2702269 2702368
2703154 2703413
2703661 2703724
2704053 2704350
2704599 2704674
2704925 2705000
2707266 2707449
2708353 2708407
2708781 2709076
2710075 2710213
2711312 2711408
2711817 2712005
2712520 2712689
2712966 2713045
2714132 2714333
2716214 2716419
2716828 2717046
2717827 2717916
2718425 2718535
2719463 2719566
2720364 2720512
2720845 2721662
2722187 2722336
2723633 2723718
2723987 2724344
2726034 2726094
2726556 2727310
2729748 2729799
2730422 2730724
2731371 2731501
2731987 2732037
2732345 2732693
2733161 2733264
2733492 2733840
2735134 2735610
2736153 2736243
2738341 2738760
2739569 2739950
2740653 2740711
2740935 2741172
2743612 2743734
2744554 2744848
2745588 2745755
2747503 2747740
2748001 2748123
2749368 2749911
2750464 2750943
2753225 2753329
2753818 2753932
2754533 2754679
2757444 2757643
2757942 2758096
2758452 2758643
2758903 2759084
2759335 2759532
2759773 2759849
2760280 2760630
2760896 2761293
2762310 2762384
2762704 2762814
2763645 2763756
2764358 2764637
2765391 2765544
2767537 2767861
2768219 2768306
2768563 2769082
2769423 2769679
2770204 2770336
2772158 2772345
2772603 2772657
2772874 2772995
2773703 2773791
2775637 2775818
2776159 2776212
2776431 2776566
2776997 2777098
2777339 2777464
2778976 2779085
2779990 2780146
2780405 2781034
2781262 2781316
2781908 2782038
2783020 2783396
2784616 2784736
2785972 2786053
2787327 2787459
2788055 2788471
2788986 2789084
2789619 2789953
2790488 2790665
2790954 2791297
2793805 2793999
2797195 2797457
2797742 2797942
2799984 2800632
2801202 2801278
2802107 2802215
2802781 2802956
2803190 2803259
2803513 2804046
2804770 2805003
2806235 2806311
2807637 2807690
2808396 2808610
2809186 2809409
2811678 2811900
2812999 2813050
2813537 2814222
2815397 2815562
2815870 2816755
2818243 2818302
2818551 2818770
2819192 2819310
2821454 2821559
2821978 2822044
2822268 2822475
2823423 2823862
2825480 2825533
2826159 2826277
2827639 2827723
2827976 2828196
2828658 2828778
2829394 2829738
2830091 2830185
2830435 2830488
2830987 2831437
2832398 2832620
2833368 2833490
2833850 2833971
2834790 2835052
2836422 2836942
2839914 2840011
2840756 2840807
2841285 2841783
2843142 2843353
2844216 2844369
2846777 2846845
2847053 2847161
2847819 2847871
2848895 2849053
2849483 2849859
2850396 2850516
2851340 2851921
2852318 2852471
2853095 2853194
2853519 2854165
2854369 2854785
2855969 2856024
2856725 2857234
2857493 2857925
2858236 2859019
2859387 2859537
2860707 2861120
2862796 2862886
2863263 2863400
2863810 2864068
2864480 2864754
2865542 2866187
2866447 2866530
2869074 2869153
2869406 2869518
2870550 2870632
2870854 2871228
2872621 2872981
2873840 2873952
2874367 2874531
2874894 2874946
2876035 2876220
2878035 2878214
2879694 2880102
2880529 2880592
2880831 2880995
2881482 2881994
2882266 2882905
2883714 2884000
2884249 2884795
2885115 2885201
2886028 2886633
2886877 2887191
2888180 2888271
2890592 2891027
2892000 2892070
2892658 2892813
2893519 2893715
2894661 2894829
2896027 2896134
2896628 2897004
2898314 2898402
2899730 2899849
2900400 2900716
2901234 2901428
2902211 2902381
2904215 2904772
2905443 2905819
2906641 2906960
2907213 2907452
2907665 2907999
2909952 2910126
2910779 2910830
2911092 2911216
2911776 2911966
2912397 2912562
2913012 2913107
2913956 2914515
2916117 2916262
2917717 2917826
2918632 2918750
2919125 2919585
2919842 2919901
2920415 2920545
2921665 2921721
2922443 2922733
2923737 2924008
2924308 2924503
2925286 2925432
2926225 2926290
2926705 2926909
2928027 2928094
2928579 2928721
2929027 2929374
2929656 2929969
2931680 2931918
2932362 2932619
2933473 2933585
2934108 2934192
2935598 2935827
2938071 2938225
2939205 2939381
2939908 2940074
2940603 2940763
2941006 2941310
2942224 2942432
2942695 2942901
2943228 2943278
2944478 2944534
2945292 2945691
2946139 2946404
2946627 2946707
2947472 2947556
2948278 2948803
2950097 2950975
2951406 2951601
2952183 2952304
2952810 2952865
2953500 2953552
2954533 2954791
2955072 2955188
2956056 2956302
2956606 2956774
2957021 2957145
2957758 2957868
2959680 2959884
2960101 2960184
2960913 2961168
2961637 2962046
2962498 2962551
2962837 2962922
2963129 2963257
2964062 2964277
2965138 2965316
2965899 2966048
2966303 2966378
2966601 2966664
2966935 2967067
2967637 2968232
2968526 2968677
2970314 2970571
2971679 2971936
2972243 2972308
2973123 2973425
2974019 2974393
2975342 2975483
2975699 2975751
2976436 2976522
2976898 2977228
2978541 2978855
2979100 2979243
2979563 2979933
2980237 2980333
2981728 2981790
2982051 2982631
2983381 2983559
2984503 2984746
2985375 2985518
2985945 2986041
2986301 2986560
2986835 2987098
2987400 2987460
2987783 2987873
2988139 2988275
2989039 2989209
2989459 2989741
2990529 2990872
2991598 2992096
2993256 2993485
2994178 2994288
2996457 2997607
2998092 2998193
2999003 2999310
2999789 2999841
3000262 3000394
3001907 3002163
3002474 3002686
3003256 3003585
3003807 3003861
3005146 3005261
3007254 3007419
3008030 3008091
3008804 3009162
3009586 3009907
3010353 3010640
3010959 3011237
3011767 3011995
3012863 3012932
3013935 3014005
3014301 3014550
3015746 3015811
3016291 3016633
3016876 3016956
3017209 3017534
3018212 3018311
3019099 3019193
3019508 3019638
3022289 3022503
3022746 3022874
3023491 3023775
3024048 3024152
3024450 3024549
3025546 3025605
3026027 3026242
3027338 3027471
3029472 3029713
3029968 3030428
3031636 3032259
3032705 3032775
3034544 3034957
3035323 3035417
3036237 3036340
3036962 3037246
3037799 3037859
3038712 3038808
3039372 3039442
3040420 3040689
3040974 3041111
3041345 3041470
3041834 3041932
3042202 3042268
3042510 3042921
3043350 3043944
3044766 3045108
3045588 3046030
3046806 3047063
3048855 3049025
3049248 3049613
3049850 3050052
3050265 3050367
3050590 3051031
3051759 3052239
3053915 3053975
3054697 3055041
3056732 3056868
3058024 3058315
3058553 3058651
3059878 3060094
3060622 3060981
3063265 3064516
3065056 3065273
3065528 3065578
3066280 3066501
3067959 3068036
3068762 3068815
3069031 3069761
3070071 3070172
3070427 3070510
3071192 3071466
3072693 3073600
3075518 3075605
3075879 3076021
3076510 3076921
3078091 3078250
3078898 3079148
3079412 3079602
3080968 3081099
3081429 3081559
3082796 3082856
3083435 3083626
3085997 3086051
3086293 3086412
3087290 3087988
3088742 3088867
3089949 3090343
3091043 3091243
3092587 3092695
3093223 3093341
3093602 3093659
3094111 3094178
3095368 3095594
3096664 3096935
3097302 3097735
3097973 3098050
3098363 3098415
3098658 3098770
3099657 3100105
3100395 3100969
3101223 3101940
3102480 3102588
3103541 3103671
3104996 3105081
3105438 3105491
3106564 3107051
3107415 3107511
3107769 3107963
3108795 3108934
3110185 3110526
3110990 3111395
3111684 3111737
3112206 3112255
3113450 3113766
3114404 3114485
3115040 3115222
3115649 3115805
3116780 3116834
3117986 3118378
3119040 3119214
3119968 3120087
3120834 3120999
3121482 3121836
3122069 3122155
3123439 3123802
3124563 3124676
3124933 3125412
3125724 3126591
3126848 3127350
3128081 3128215
3129070 3129141
3130242 3131273
3131843 3131929
3132505 3132646
3134104 3134367
3135248 3135595
3136078 3136170
3136430 3136727
3137603 3137721
3138736 3139027
3139432 3139486
3139912 3139969
3141589 3141831
3142735 3142877
3143335 3143425
3144331 3144971
3145303 3145441
3145811 3146312
3146775 3146907
3147226 3147386
3148076 3148481
3148848 3149449
3151140 3151825
3152077 3152540
3153114 3153255
3154755 3154902
3157931 3158110
3158441 3158556
3159522 3159594
3160076 3160274
3160524 3160737
3161982 3162379
3162623 3162888
3163104 3163742
3164844 3165037
3165338 3165571
3166049 3166779
3167164 3167313
3167900 3167966
3168359 3168417
3168664 3169007
3169461 3169626
3170551 3170986
3171858 3171925
3173524 3173734
3174445 3174569
3175691 3175824
3177445 3177690
3178077 3178198
3178604 3178688
3179598 3179979
3180361 3180465
3180927 3181023
3181870 3182189
3183267 3183469
3184659 3184904
3185157 3185258
3186246 3187305
3187795 3187979
3188536 3188649
3190595 3190993
3191279 3191623
3191950 3192003
3192234 3192353
3193232 3193337
3193954 3194022
3194259 3194358
3195019 3195264
3197001 3197123
3197358 3197593
3198221 3198350
3199388 3199604
3200648 3200701
3200965 3201363
3201669 3201720
3203554 3203862
3204560 3204621
3206132 3206839
3208251 3208621
3209992 3210295
3210997 3211100
3211587 3211745
3212318 3212495
3213211 3213776
3214413 3214548
3216167 3216357
3217509 3217581
3219070 3219145
3219676 3219802
3220150 3220522
3220932 3221119
3221721 3221887
3222478 3222799
3224234 3224336
3224878 3225135
3225839 3225915
3226432 3226627
3226881 3226937
3227186 3227304
3227532 3227635
3228080 3228453
3229192 3229536
3229920 3229976
3231128 3231334
3233172 3233559
3233781 3233944
3234755 3234859
3236921 3237058
3239205 3239386
3239793 3239954
3240205 3240402
3240963 3241179
3241574 3241714
3242294 3242414
3243030 3243318
3243630 3243739
3246286 3246403
3246983 3247330
3247758 3248002
3248403 3248471
3248923 3249165
3249665 3250067
3250299 3250399
3252841 3253039
3254054 3254215
3254887 3254948
3255988 3256519
3256806 3256949
3257336 3257447
3257958 3258061
3258304 3258364
3258690 3258885
3259661 3259821
3261291 3261431
3262522 3262589
3263988 3264077
3264983 3265218
3266065 3266216
3268331 3268439
3268690 3269079
3270775 3270825
3271822 3271903
3272157 3272367
3273060 3273203
3274701 3275229
3275473 3276067
3276607 3276806
3278095 3278240
3278753 3279521
3280764 3280863
3281090 3281175
3283528 3283633
3284404 3284464
3286094 3286168
3287056 3287178
3288652 3289035
3289414 3289711
3290628 3290689
3290936 3291064
3292220 3292382
3292690 3292743
3293585 3293757
3294063 3294633
3294864 3294932
3295158 3295370
3296611 3296757
3297656 3297855
3298276 3298464
3298945 3299026
3299864 3299986
3301154 3301221
3301548 3301600
3301996 3302087
3302717 3302887
3303150 3303451
3303692 3303899
3304225 3304356
3304682 3305209
3306371 3306692
3307172 3307589
3308579 3308662
3309311 3309529
3309767 3310242
3310700 3310988
3311809 3312087
3313138 3313675
3315958 3316121
3316899 3317094
3318009 3318075
3318338 3318643
3319631 3319727
3320029 3320203
3320616 3320696
3321131 3321364
3322059 3322158
3322891 3323252
3324403 3324492
3325100 3325288
3326027 3326128
3327625 3327870
3328176 3328254
3329934 3330133
3330454 3330533
3331158 3331271
3332183 3332558
3333850 3333932
3335006 3335231
3335963 3336154
3337465 3337551
3337902 3338091
3338837 3338939
3339529 3339748
3340052 3340177
3340596 3340735
3342313 3342490
3342787 3342994
3343700 3343792
3344101 3344196
3345631 3346328
3347038 3347360
3347651 3347758
3348023 3348090
3348865 3348945
3349473 3349580
3349850 3350131
3350354 3350434
3351082 3351170
3351409 3351580
3352610 3352959
3353231 3353579
3353807 3353972
3355197 3355452
3355833 3356037
3357346 3357652
3359217 3359384
3360203 3360262
3360521 3360671
3361338 3361559
3362227 3362420
3362842 3363158
3364909 3365019
3365285 3365417
3365647 3366966
3367585 3367767
3369722 3369873
3371410 3371750
3371972 3372023
3372595 3372670
3372906 3372992
3374316 3374592
3376351 3376402
3377463 3377819
3378487 3378569
3378807 3379040
3379274 3379397
3379622 3379819
3381405 3381534
3381870 3381928
3382907 3382966
3383214 3383274
3383556 3384250
3385286 3385704
3386287 3386724
3387718 3388055
3388295 3388540
3388878 3388962
3389984 3390054
3390297 3390376
3390968 3391086
3391643 3392172
3394796 3395242
3395702 3395792
3396404 3396551
3397088 3397143
3397723 3397794
3400090 3400362
3400877 3400975
3402223 3402296
3402521 3402656
3404054 3404455
3404687 3404938
3405894 3406194
3406540 3406871
3408314 3408619
3408887 3409549
3410054 3410243
3410587 3410714
3412161 3412218
3413875 3414359
3414727 3415057
3416415 3416576
3417046 3417112
3417373 3417478
3417906 3417974
3418283 3418399
3419029 3419197
3419553 3419613
3420267 3420587
3420888 3421145
3421573 3421812
3423352 3423440
3423642 3426822
3427065 3428444
3429626 3429810
3430051 3430356
3432012 3432216
3433082 3433165
3433423 3433623
3434277 3434513
3435094 3435202
3435425 3435664
3436246 3436490
3436721 3436808
3437069 3437137
3438163 3438398
3440128 3440244
3440482 3440661
3441079 3441280
3441516 3441735
3442006 3442341
3442747 3442809
3443103 3443182
3443439 3443505
3444559 3444749
3445034 3445491
3446321 3446879
3447485 3447662
3448248 3448389
3448634 3448868
3449129 3449282
3449764 3449901
3451973 3452258
3454738 3454819
3455678 3455825
3456637 3457310
3457773 3457874
3458989 3459217
3459448 3459547
3460110 3460387
3461005 3461640
3462049 3462105
3462704 3462872
3464273 3464539
3466247 3467159
3468219 3468654
3469183 3469240
3471136 3471233
3471798 3472583
3473205 3473579
3474366 3474442
3475387 3475917
3477820 3478306
3478740 3478800
3479340 3479541
3479831 3479891
3480261 3480414
3483710 3484008
3485128 3485799
3486142 3486354
3486592 3486963
3487237 3487384
3487627 3488066
3488318 3488473
3488785 3489066
3491133 3491457
3492193 3492252
3492720 3492971
3493551 3493810
3494491 3494629
3497415 3497614
3499861 3500262
3502184 3502287
3503727 3503919
3505385 3505620
3505955 3506205
3506449 3507096
3507600 3507770
3507992 3508051
3509665 3509879
3510209 3510323
3511012 3511134
3512318 3513274
3513744 3514015
3514678 3514830
3515281 3515374
3516486 3516555
3517719 3517929
3518159 3518211
3518569 3518643
3519721 3519860
3520759 3520981
3521218 3521653
3522649 3522933
3523774 3523952
3526419 3526610
3527666 3527734
3528037 3528149
3528730 3529105
3529815 3529975
3530308 3530779
3531927 3532021
3532384 3532655
3533068 3533203
3533992 3534146
3534719 3534769
3537299 3537349
3537637 3537716
3538845 3539115
3541164 3541414
3541658 3541838
3542523 3542739
3543143 3543319
3543924 3544182
3545548 3545716
3548803 3548868
3549546 3549759
3550121 3550216
3550890 3551052
3553704 3554446
3554783 3554891
3555115 3555218
3556262 3556321
3557509 3557581
3557827 3558007
3558266 3558443
3558665 3558958
3559208 3559268
3559815 3559946
3561069 3561401
3562528 3562948
3564814 3564961
3565279 3565663
3566329 3566543
3566861 3567051
3567309 3567368
3567659 3568080
3569228 3569331
3569655 3570053
3570285 3570507
3570801 3570928
3571649 3571771
3572862 3573008
3574909 3575064
3575579 3576069
3576917 3577204
3577575 3577633
3579028 3579106
3579331 3579732
3580041 3580093
3581769 3582487
3583215 3583307
3583554 3583975
3585664 3585735
3586141 3586253
3587506 3587688
3588079 3588852
3589101 3589863
3591856 3592021
3592365 3592522
3593013 3593106
3593567 3593866
3595295 3595661
3596204 3596507
3596862 3597122
3597737 3598113
3598706 3598837
3599402 3599615
3599858 3599964
3601275 3601830
3602051 3602104
3602993 3603173
3603757 3603812
3604048 3604303
3604538 3604685
3605081 3605210
3607010 3607269
3608085 3608430
3609083 3609246
3609593 3610304
3610702 3610814
3611258 3611368
3612190 3612368
3613159 3613362
3613943 3614011
3614515 3614951
3615359 3615414
3616507 3616597
3617104 3617439
3617667 3617843
3618948 3619233
3622386 3622857
3623294 3623472
3624207 3624527
3624615 3625162
3625389 3625770
3626147 3626308
3627482 3627607
3628206 3628294
3628607 3628864
3629447 3629862
3630209 3630351
3630586 3630884
3631341 3631440
3631720 3631811
3632732 3633031
3634032 3634272
3635206 3635570
3636776 3636988
3637258 3637452
3638007 3638530
3639023 3639126
3639348 3639601
3640356 3640684
3641188 3641408
3641735 3641860
3643423 3643614
3644909 3645112
3646122 3646241
3646518 3646570
3647551 3648058
3648718 3648784
3649146 3649639
3650446 3650617
3650874 3651090
3651813 3653074
3653892 3654443
3654761 3654979
3655840 3656124
3656562 3656690
3657451 3657931
3658264 3658427
3659058 3659196
3659422 3659500
3660284 3660411
3661527 3661585
3661842 3662256
3662484 3662553
3664701 3664755
3665118 3665201
3665473 3665677
3666172 3667105
3667343 3667544
3667766 3668050
3669661 3669811
3671163 3671218
3671575 3671691
3671966 3672038
3673064 3673708
3674273 3674758
3675815 3675869
3677165 3677875
3680242 3680568
3681572 3681676
3682729 3682883
3683377 3683470
3683964 3684234
3684596 3684682
3684906 3684989
3685216 3685463
3685787 3686021
3687404 3687535
3687759 3688014
3688268 3688323
3691085 3691140
3691391 3692257
3693519 3693613
3695132 3695616
3695884 3696036
3696962 3697267
3697519 3697865
3699527 3699631
3700453 3700520
3700869 3701139
3702090 3702209
3702562 3702792
3703369 3703458
3703963 3704038
3704648 3705403
3705728 3705820
3706032 3706225
3708423 3708591
3709285 3709385
3710311 3710572
3710844 3711006
3711522 3711652
3711951 3712026
3712599 3712671
3713742 3713992
3714430 3714509
3715213 3715467
3715780 3715849
3716087 3716643
3717111 3717301
3717966 3718024
3718356 3718515
3718738 3718948
3719196 3719273
3720363 3720435
3720675 3720777
3721009 3721250
3721716 3721767
3722299 3722447
3722749 3722878
3723282 3723347
3724800 3724873
3725948 3726187
3726440 3726573
3726840 3727062
3727449 3727848
3728321 3728974
3729216 3729268
3730201 3730352
3731463 3731704
3732018 3732419
3732917 3733104
3734749 3735123
3736546 3736855
3737969 3738090
3738840 3739471
3739810 3739859
3741087 3741387
3741711 3742373
3743958 3744229
3744483 3744574
3745220 3745365
3745724 3746104
3746618 3746821
3747901 3747960
3748222 3748319
3748556 3748763
3748992 3749427
3749663 3749784
3750007 3750386
3751492 3751885
3752637 3752758
3753695 3753746
3754291 3754445
3754660 3754847
3755573 3755650
3755902 3756084
3756349 3756422
3757349 3757528
3758260 3758355
3759514 3760008
3760469 3761027
3761432 3761590
3762503 3764000
3764245 3765049
3765446 3765570
3765828 3766104
3766466 3766667
3767386 3767553
3768480 3768774
3769441 3769894
3770143 3770725
3770964 3771131
3771551 3771691
3772246 3772426
3773075 3773593
3774448 3774513
3774845 3775021
3775658 3776112
3776844 3777007
3777340 3777554
3777793 3778212
3778926 3779090
3779433 3779560
3779867 3780254
3780704 3780762
3780987 3781304
3781875 3782215
3782599 3782687
3783193 3783436
3785276 3785651
3786571 3786794
3787071 3787192
3789573 3789917
3790173 3790390
3791299 3791401
3791642 3792013
3792578 3793355
3793608 3793920
3794318 3794540
3794804 3794893
3795986 3796255
3796496 3796584
3796792 3796954
3798918 3799013
3801139 3801228
3803004 3803210
3803790 3804285
3804798 3804924
3805726 3805871
3806608 3806693
3807373 3807483
3807985 3808442
3808930 3809222
3809680 3810044
3810289 3810456
3811567 3811688
3812162 3812274
3814759 3815223
3816399 3816773
3817016 3817332
3818369 3818469
3820020 3820072
3820314 3820386
3821717 3822032
3822656 3822824
3826725 3827055
3828604 3828827
3829603 3829745
3831033 3831161
3831527 3831791
3832197 3832346
3833812 3834284
3834757 3834839
3835082 3835411
3836251 3836336
3836595 3836754
3837575 3837627
3837991 3838235
3839637 3839711
3840681 3840921
3841447 3841509
3842871 3842988
3843224 3843328
3844555 3844642
3844892 3845265
3845516 3845931
3846164 3846357
3846667 3846762
3847880 3848067
3848418 3848552
3849155 3849560
3849970 3850161
3850392 3850580
3850942 3851346
3851784 3851920
3852169 3852709
3852946 3853791
3854316 3854452
3855378 3855467
3856748 3856859
3857173 3857587
3858627 3858919
3859517 3859974
3861387 3861724
3862638 3862894
3864402 3864793
3865832 3866090
3867286 3867568
3868092 3868370
3868994 3869322
3870263 3870593
3871217 3871445
3873064 3873780
3874236 3874619
3874909 3874968
3875191 3875657
3877097 3877153
3879031 3879227
3880677 3880765
3881012 3881365
3882908 3883249
3884075 3884342
3885480 3885550
3886841 3886916
3887404 3887768
3888028 3888280
3889035 3889196
3889969 3890154
3890468 3890619
3890857 3891394
3891760 3891908
3892384 3892452
3893039 3893340
3893688 3893823
3894079 3894241
3894679 3895210
3897590 3897751
3898884 3899036
3899867 3900200
3900684 3900755
3900962 3901210
3902255 3902325
3902634 3902725
3903122 3903200
3905352 3905432
3905653 3905928
3906292 3906410
3908843 3909181
3909589 3909873
3910605 3910705
3911730 3911837
3912094 3912624
3912960 3913047
3913294 3913467
3914929 3915253
3915810 3916510
3917880 3917981
3918512 3918609
3918844 3919089
3919757 3919881
3920128 3920799
3924109 3924486
3925046 3925366
3925608 3925968
3927074 3927175
3927770 3927840
3928114 3928330
3929378 3929735
3930364 3930469
3930927 3931215
3932399 3932523
3932858 3933101
3934041 3934345
3934579 3934667
3935853 3936007
3936385 3936438
3936715 3937089
3938370 3938560
3939733 3939962
3940396 3940446
3940685 3940822
3941184 3941445
3941750 3941906
3942165 3943178
3943929 3945475
3945735 3945913
3946157 3946505
3946754 3946907
3947820 3947996
3948745 3948899
3950853 3951118
3951707 3951907
3952363 3952459
3952839 3953116
3953422 3953724
3954536 3954608
3954832 3954892
3955157 3955309
3956595 3956772
3957134 3957476
3957808 3958061
3958661 3959015
3960071 3960378
3960917 3961223
3961461 3962078
3962758 3963139
3963394 3964109
3964729 3964998
3966607 3966659
3966994 3967062
3967303 3967475
3967721 3967822
3968235 3968318
3968966 3969315
3970500 3970596
3971520 3971570
3971967 3972180
3974361 3975062
3975872 3976004
3976310 3977112
3977663 3977867
3978436 3978552
3983254 3983606
3984053 3984277
3984589 3985028
3985947 3986192
3987138 3987557
3988996 3989077
3989718 3989789
3990301 3990408
3991334 3991457
3992529 3993364
3994525 3994671
3994950 3995192
3995803 3996084
3996390 3996660
3997717 3998453
3998821 3999362
4000282 4000402
4002382 4002842
4003183 4003589
4004117 4004197
4004993 4005058
4006793 4007032
4008759 4008979
4009222 4009705
4010897 4011091
4011488 4011581
4012030 4012728
4013086 4013171
4013448 4014200
4014459 4014518
4014958 4015253
4015902 4015965
4016205 4016797
4017881 4018061
4018462 4018723
4020105 4020344
4022228 4022723
4024577 4025149
4025844 4025909
4026532 4026722
4027178 4027576
4028754 4028903
4029876 4029956
4030222 4030843
4031485 4031700
4032361 4032489
4033074 4033285
4033719 4033872
4034332 4034392
4034792 4035047
4035636 4036909
4037112 4037240
4037488 4037744
4037996 4039244
4039491 4040325
4040557 4040693
4040928 4040998
4041482 4042188
4043239 4043332
4043699 4043985
4044226 4044763
4044991 4045212
4046831 4046906
4047493 4047581
4047821 4048163
4048897 4049088
4049430 4049531
4050696 4051001
4051539 4051610
4052162 4052401
4053436 4053558
4054103 4054179
4054507 4054627
4054881 4055618
4056270 4056414
4056985 4057152
4057544 4057629
4057874 4057986
4058303 4058561
4058792 4058909
4059155 4059208
4060009 4060287
4062051 4062312
4063319 4063437
4063685 4063785
4064255 4064495
4064737 4065034
4065323 4065788
4066366 4066552
4068069 4068196
4068613 4068728
4069791 4070117
4070485 4070577
4070822 4071013
4071664 4071725
4072329 4072685
4072995 4073560
4073937 4073998
4074313 4074542
4075009 4075167
4075565 4075663
4076399 4076464
4076740 4076805
4077433 4077635
4078429 4078487
4079164 4079608
4080416 4080705
4081125 4081215
4082814 4082934
4083197 4083427
4083858 4083989
4085184 4085393
4086366 4086417
4086684 4086842
4087273 4087627
4087847 4088187
4088990 4089094
4090209 4090330
4092861 4092981
4093211 4093433
4094242 4094554
4094784 4095471
4095865 4095938
4096469 4096575
4097065 4097151
4098195 4098335
4099298 4099426
4100589 4100883
4101819 4101885
4103155 4103331
4104438 4104537
4105708 4105976
4106217 4106594
4107439 4107601
4108926 4109032
4110799 4110894
4111098 4111166
4111522 4111612
4112290 4112497
4114630 4114878
4115123 4115388
4115961 4116113
4116385 4116664
4117636 4117744
4118490 4119257
4120757 4120909
4121269 4121344
4122517 4122638
4123491 4123867
4124425 4124590
4124811 4124986
4125211 4125406
4125729 4126100
4126306 4126576
4126871 4127307
4127885 4128125
4129898 4130053
4130741 4131180
4132020 4132083
4132795 4132937
4133768 4133834
4135051 4135318
4136255 4136883
4137089 4137250
4137632 4137830
4138109 4138175
4138715 4138780
4139082 4139132
4139400 4139513
4141195 4141318
4141982 4142433
4143458 4143644
4143978 4144151
4144481 4144665
4144963 4145037
4145264 4145410
4145780 4145838
4146951 4147057
4147279 4147375
4148018 4148082
4148665 4148870
4149289 4150037
4150721 4150864
4151114 4151220
4151454 4151630
4152460 4153182
4153929 4154049
4154254 4154307
4154763 4154961
4155726 4155871
4157043 4157413
4157624 4158214
4160398 4160655
4160875 4161045
4161530 4161643
4163132 4163279
4164486 4164593
4165664 4165888
4166476 4168098
4168471 4171468
4172009 4172113
4172465 4172526
4173097 4173400
4174864 4175130
4175974 4176205
4176772 4176984
4177231 4177726
4179304 4179380
4179744 4179795
4180536 4180701
4180927 4181063
4181945 4182301
4184022 4184177
4185405 4185695
4186749 4187194
4190091 4190564
4191028 4191085
4191605 4192011
4193520 4193733
4194303 4194373
4196702 4197023
4197835 4198004
4198316 4198558
4199379 4199428
4199687 4199845
4200111 4200586
4201685 4201819
4202060 4202185
4202408 4202712
4203364 4203452
4203737 4203829
4204464 4204622
4205796 4206644
4207336 4207842
4207970 4208113
4208352 4209603
4210117 4212844
4214357 4214433
4214645 4215076
4215571 4215726
4216586 4216664
4216986 4217035
4217793 4218069
4218376 4218671
4219805 4219873
4220906 4221136
4221486 4221539
4222540 4223021
4223229 4223393
4223684 4223779
4224345 4224415
4224644 4225018
4225742 4226130
4226382 4227205
4227980 4228038
4228269 4228844
4229283 4229483
4230012 4230147
4230863 4231096
4231782 4231865
4232185 4232241
4232590 4232825
4233712 4233848
4234076 4234297
4236806 4236899
4237163 4237527
4237758 4237871
4238183 4238239
4238528 4238764
4240143 4240393
4241951 4242316
4242750 4242850
4243986 4244177
4245666 4245723
4246564 4246850
4247425 4247673
4247929 4248307
4248676 4248829
4249352 4249438
4249695 4249745
4250679 4250906
4251191 4251468
4253063 4253187
4253926 4254335
4257896 4257984
4258565 4259042
4259395 4259501
4259745 4260174
4260442 4260717
4260941 4261007
4261619 4261688
4262483 4262818
4263845 4263995
4264628 4264699
4265702 4265796
4266920 4266988
4267405 4267699
4268461 4268680
4269770 4270008
4270449 4270615
4270844 4271318
4271526 4271591
4273930 4274110
4276522 4276811
4277340 4277423
4279452 4279501
4280449 4280589
4280902 4281486
4282537 4282704
4284093 4284571
4284893 4285162
4285418 4285475
4285735 4285815
4286411 4286576
4286864 4286937
4287195 4287396
4287836 4288211
4288681 4288866
4289998 4290170
4293004 4293177
4296411 4296509
4296780 4297048
4297382 4297471
4298037 4298282
4299104 4299215
4299794 4300122
4302699 4303136
4303910 4303959
4304362 4304640
4305175 4305389
4307111 4307568
4308412 4308488
4309051 4309176
4309404 4309488
4310130 4310290
4311450 4311518
4311829 4311897
4312136 4312191
4313544 4313794
4314031 4314291
4314746 4314881
4315791 4316035
4317251 4317315
4317743 4317974
4318756 4318888
4320070 4320125
4320575 4320681
4321080 4321165
4321473 4322003
4323136 4323325
4323849 4323934
4324463 4324742
4325008 4325621
4325918 4326013
4327202 4327317
4327774 4327984
4328399 4328931
4329163 4329316
4329731 4329999
4330230 4330849
4331647 4331733
4332198 4332279
4332836 4333047
4333659 4333843
4335367 4335500
4337601 4337795
4338650 4339055
4339599 4339769
4340426 4340763
4341041 4341385
4341784 4342008
4342882 4343057
4343610 4343717
4343941 4344430
4345636 4345760
4346861 4346928
4348264 4348345
4348620 4348789
4349326 4349382
4350230 4350441
4351150 4351379
4351615 4351695
4352818 4353269
4353780 4353987
4355807 4355902
4356313 4356462
4356847 4357054
4357565 4357768
4358484 4359139
4359641 4359894
4360586 4360982
4361594 4361729
4362202 4362266
4362786 4362902
4364256 4364540
4366050 4367113
4368143 4368213
4369093 4369696
4369969 4370282
4370512 4370600
4371490 4371610
4372285 4372469
4373677 4373733
4374685 4374818
4376934 4377088
4378371 4378439
4379340 4379393
4379660 4379718
4381428 4381571
4381811 4381862
4382288 4382558
4383035 4383187
4383800 4384093
4384455 4384536
4385337 4385395
4386367 4386456
4386661 4386776
4387023 4387204
4387642 4388109
4388339 4388450
4388767 4388882
4389535 4389698
4389933 4390125
4390351 4390456
4390713 4390897
4391140 4391712
4392136 4392359
4393073 4393356
4393674 4393775
4394556 4394974
4395460 4395569
4396408 4396818
4397988 4398083
4398657 4398740
4399365 4399554
4399833 4400032
4401486 4401869
4402189 4402417
4403359 4403473
4404066 4404308
4404542 4404760
4405306 4405367
4406615 4406802
4407285 4407435
4407660 4407779
4408436 4408683
4409699 4409771
4411303 4411405
4412041 4412141
4412900 4412949
4413753 4413960
4416941 4417000
4417706 4418351
4418683 4418734
4419407 4419547
4419810 4419998
4420433 4420616
4421117 4421174
4421565 4421619
4421846 4422216
4423343 4423460
4423728 4423794
4424063 4424153
4424628 4424986
4425971 4426197
4427148 4427314
4427892 4427955
4428441 4428671
4429112 4429277
4429770 4429884
4432891 4433009
4433270 4433328
4434124 4434343
4434599 4434826
4436258 4436404
4438432 4438547
4439004 4439066
4439770 4440347
4440887 4441261
4441526 4441868
4442338 4442529
4443086 4443293
4443551 4443601
4443979 4444313
4444730 4445051
4445558 4445742
4446331 4446537
4446861 4446912
4448685 4448779
4449361 4449444
4450828 4451375
4451988 4452160
4453101 4453204
4453474 4453623
4454053 4454194
4454402 4454544
4455448 4455640
4455905 4456153
4456634 4456777
4457014 4457196
4457498 4457671
4458882 4459068
4459292 4459342
4459543 4459599
4460856 4460946
4461485 4461617
4462841 4462925
4463229 4463320
4463574 4463945
4464263 4464333
4464564 4464624
4465278 4465472
4466174 4466312
4466957 4467068
4468538 4468665
4469026 4469481
4471423 4471561
4472304 4472903
4473218 4473293
4474842 4475048
4475752 4475801
4476287 4476368
4476653 4476877
4477616 4477934
4478837 4479020
4479619 4479808
4480605 4481106
4482935 4483201
4484651 4484895
4485365 4485715
4485949 4486179
4486793 4486884
4487190 4487314
4488466 4488664
4489951 4490093
4491666 4491746
4492158 4492655
4492886 4493541
4493798 4493888
4494359 4494475
4494904 4495082
4495720 4496656
4497680 4497922
4498325 4499216
4499587 4499674
4500453 4500574
4500850 4501029
4501620 4501916
4503022 4503085
4503577 4503797
4504552 4504736
4505499 4505758
4506640 4506816
4507371 4508503
4508959 4509330
4509884 4510142
4510655 4510821
4511381 4511509
4513847 4514152
4514723 4515024
4515419 4515630
4515953 4516048
4516488 4516546
4516751 4516905
4519251 4519366
4520420 4520593
4521511 4521789
4522283 4522775
4522998 4523271
4524210 4524477
4525255 4525424
4526179 4526281
4526518 4527070
4527926 4528091
4529788 4530036
4530903 4531002
4531409 4531641
4532235 4532289
4532854 4532911
4533709 4534319
4535569 4535937
4537055 4537408
4538380 4538456
4539181 4539263
4539784 4539873
4540209 4540260
4540493 4540639
4540908 4541082
4541532 4541781
4542015 4542238
4542776 4542867
4543357 4543751
4543997 4544177
4544584 4544951
4547593 4548464
4548702 4548764
4549957 4550118
4550818 4551553
4553070 4553246
4553770 4553824
4554251 4554392
4554700 4555084
4555958 4556045
4556630 4556715
4557548 4557615
4558493 4558656
4559228 4559309
4559731 4560003
4561853 4562178
4562918 4563211
4563632 4564171
4564431 4564711
4565617 4565716
4566554 4567304
4567737 4568066
4568282 4568463
4568716 4568984
4569265 4569331
4570246 4570467
4571178 4571281
4571629 4571961
4572303 4572802
4573550 4573983
4575018 4575130
4575649 4575870
4576447 4576526
4577008 4577326
4578245 4578481
4579020 4579158
4580170 4580282
4580662 4580930
4582256 4582576
4583106 4583197
4584176 4584391
4584614 4584902
4585526 4585609
4585990 4586044
4587322 4587600
4587837 4587958
4589016 4589108
4591719 4591773
4592144 4592718
4593123 4593320
4593661 4593863
4594143 4594279
4595039 4595704
4595975 4596171
4597192 4597329
4598865 4599163
4600312 4600471
4601509 4601607
4601833 4602081
4602306 4602480
4604584 4604893
4605341 4605618
4607002 4607071
4607337 4607605
4608943 4609458
4609872 4609972
4610340 4610583
4611468 4611641
4611853 4612021
4612513 4612674
4612920 4613280
4613682 4613813
4615950 4616019
4617229 4617695
4618381 4618702
4619643 4620005
4620432 4620484
4620880 4621175
4621624 4621783
4622574 4623082
4623658 4623937
4624540 4624757
4624995 4626061
4626304 4626601
4627621 4627705
4627949 4628043
4628629 4628720
4629213 4629564
4630294 4630374
4631075 4631399
4631867 4632113
4632963 4633021
4633322 4633396
4634017 4634083
4634513 4634876
4635133 4635537
4635801 4635978
4636230 4636288
4636648 4636911
4637315 4637496
4637931 4638149
4639434 4639740
4640423 4640666
4641155 4641652
