gi_556503834_ref_NC_000913.3_
1 122
4183 4426
10516 11989
12530 12728
14447 14629
17533 18472
19410 19795
28242 28356
29517 30821
31618 33018
38196 38276
39871 39985
41105 41499
43754 44225
47272 47703
50146 50274
51877 51972
54144 54619
55235 55557
56193 56282
59295 59393
60929 61056
61734 62089
62825 63265
70395 70478
75178 75374
76669 77321
83469 84412
89989 90311
93335 93409
95896 96559
97255 97454
98773 99476
102398 103224
107343 108366
109251 109798
110981 111313
112058 112109
113965 114449
121611 121928
124040 124215
125038 125138
125769 126312
127788 128386
131233 131765
132882 133133
134139 134346
135001 137749
139337 139514
140132 140980
144507 144738
145686 145789
146851 147517
149066 149603
152468 152650
153252 153392
159173 159781
163043 163220
164601 164881
165917 166076
171348 171857
172594 172763
173559 173980
174559 174860
176265 176788
177311 177757
178507 178909
179700 180538
185667 185845
187037 187708
189494 189819
191566 192153
200567 200649
202164 202370
205198 205451
206596 206646
207936 208128
210593 210706
215272 215367
216348 216943
218074 218252
219240 219449
223446 225738
229669 229844
230632 230719
233110 233318
234110 235129
236428 236954
239152 239825
241122 241516
244152 244382
247542 248208
249831 250924
251723 251988
257424 258620
260106 260536
264061 264490
268887 268988
270567 272029
273380 275095
277763 278564
279190 281597
284408 285622
286143 286686
287977 288250
289575 289742
290689 291396
292373 293666
295320 295747
296251 296333
296848 297272
298840 299251
300947 301043
307930 308041
309420 310275
311695 311753
312399 312727
313552 313753
315283 316851
317741 318255
319221 319592
322361 322714
327373 327979
329307 329537
336102 336195
338005 338145
339749 340164
342909 343503
345918 346473
348019 348971
349594 349686
352780 353525
356001 356337
357407 357777
358971 359120
359678 360135
360894 361297
366160 366493
370952 371197
371711 371815
372697 372953
373999 374054
374609 375469
377185 377368
377956 379085
379806 380230
387242 387960
395489 395562
397334 397435
398544 400164
401593 402850
403505 404381
405337 405563
406393 406447
408000 408196
410432 411119
413583 413929
414528 414986
416115 416227
416893 417031
417908 418014
419609 419730
422243 422972
427087 427381
428197 429026
430867 431074
432338 432511
434785 435518
436685 436926
437444 437509
440225 440400
441016 441181
441772 441826
442538 444398
445121 445650
450798 450900
452066 452149
453152 453537
454496 454828
455580 456214
457691 457826
459613 459957
460642 460812
463366 463647
465350 466770
467742 467877
469057 469132
469678 470034
471466 471654
473447 473832
475617 476220
477520 477638
478378 478856
479682 480095
485032 485733
486767 488090
491459 492209
492733 492855
496423 496738
497731 497988
498727 498829
500993 501910
502590 502699
503437 503781
504477 504647
505268 505586
510803 511392
512443 513196
514767 514870
516128 516487
517232 517350
518225 518434
519568 520323
523914 524090
524877 526868
528122 528250
530053 530207
531608 531900
532661 533121
533909 534040
534583 534677
536090 537203
538057 538635
541041 541254
543548 543712
545183 545364
546012 546125
548659 548931
551100 551769
553551 553710
554466 555176
555694 555842
560900 561240
562347 563020
565048 565359
566826 568073
570552 570736
571329 571805
573597 573705
574587 576278
576857 576909
577979 578605
579138 579525
580175 580646
581721 581936
582444 583868
588735 589308
594181 594315
594849 595644
596882 597024
597913 598135
599339 599468
600243 600396
602868 603275
604267 604513
605072 606433
607813 609599
610999 611507
612304 612638
615775 615885
618933 619066
620007 620103
622338 622405
623313 623548
627555 628433
629746 630490
632188 632331
633249 633334
634706 635190
636057 636433
638107 638310
643879 644477
647827 647930
649336 649715
650296 650715
652131 652348
653968 654224
657129 658075
658865 659311
661469 661764
663705 663835
664419 664887
667833 668084
668984 669228
670673 670756
671280 672712
673229 674015
675574 676756
678994 679309
682006 682113
684515 684760
686996 689782
690894 691049
696010 697326
698695 698959
700526 700656
703534 703677
705103 705793
706611 706868
708422 708474
710127 710333
712944 713285
714188 714309
714999 715572
718677 718756
721218 721464
722620 722925
723780 723942
724499 725446
726984 727062
727977 728037
729435 733595
734203 736010
737961 739300
742395 742804
743614 744209
744752 745115
755131 755294
757908 759189
762243 763263
764817 764880
765382 765479
769605 769673
773636 773729
775157 775627
776416 776956
780608 781367
782135 782529
790959 791146
792410 793465
794571 794941
797445 798210
799484 799975
802325 803366
805858 806143
807004 807085
809640 810360
812263 812500
816278 816818
817982 818174
818767 818920
821763 822480
826632 827040
831209 831342
831868 831982
838282 839174
842080 842914
845435 846340
846981 848610
849131 849670
852593 852815
856022 857035
858143 858205
862621 862983
864432 864776
865818 865876
869654 869808
870465 870660
871271 871609
876831 877391
879269 879565
881177 881398
882686 883123
885951 886005
890109 890274
891649 891859
893653 893748
896695 896795
899363 900764
902098 902327
902961 903460
904345 904765
906329 906480
907947 908244
910514 911485
912151 912379
914760 915961
922827 922925
923762 923833
925160 925870
927345 927734
928633 928748
930022 930176
930729 930895
935191 935800
936332 936872
938230 939286
941184 941353
943464 943750
945124 945573
947734 947902
949952 950080
951817 951935
952469 952583
954523 954681
956605 956733
958626 959270
960289 962339
963230 963542
964788 965241
969105 969468
970466 971224
972722 973480
974005 974091
981889 981945
983066 983409
984500 985450
986145 986369
987155 987282
987867 987971
989827 989961
991492 992101
994854 994907
995885 996162
996877 997247
998218 998288
998957 1000248
1001357 1001658
1002865 1003173
1004045 1004512
1005081 1005301
1005824 1006113
1007614 1008024
1012314 1012594
1015673 1016288
1017411 1017943
1019891 1020007
1021105 1021176
1023611 1024057
1027068 1027147
1028108 1028370
1029564 1029748
1031025 1031101
1032967 1033895
1034528 1035599
1036916 1037102
1041340 1041437
1043677 1044125
1048493 1048887
1049833 1050702
1051459 1051700
1055324 1055623
1057647 1057767
1058599 1058743
1060194 1060326
1062995 1063128
1066293 1066523
1068351 1068687
1069380 1069715
1071867 1072049
1072688 1072821
1073479 1073987
1080687 1081198
1081716 1082125
1083733 1084053
1086869 1086923
1091912 1092152
1094299 1095467
1096824 1097625
1099604 1100081
1101594 1101990
1107397 1107661
1108295 1108430
1110220 1110515
1111168 1111633
1113171 1113460
1114504 1114600
1116878 1116927
1119130 1119272
1123054 1123570
1125184 1125323
1126359 1126723
1127566 1127757
1130684 1131673
1134488 1134934
1137448 1137742
1139608 1139987
1141321 1141482
1146052 1146118
1147519 1148184
1148977 1149229
1149752 1149986
1150878 1151198
1152242 1152451
1157535 1157737
1161664 1162071
1163355 1163729
1165201 1165355
1166356 1167025
1167903 1167961
1170266 1170488
1173176 1174092
1174901 1175384
1177490 1177829
1182147 1182301
1183788 1183855
1185045 1185178
1190878 1191427
1194193 1194897
1195519 1196193
1202127 1203481
1206448 1206734
1207468 1208121
1208441 1208722
1209491 1209680
1212286 1212499
1213855 1214004
1216179 1216573
1218447 1218954
1224069 1224272
1226796 1226940
1229010 1229348
1230112 1230181
1232485 1232712
1233775 1234534
1236297 1236466
1237564 1237626
1243540 1243620
1244212 1244959
1245648 1246458
1248283 1248827
1250358 1250866
1252698 1252749
1253807 1255454
1259829 1260350
1260943 1261173
1262415 1263265
1264301 1264466
1266330 1266446
1267918 1267999
1269060 1270030
1270620 1271152
1271729 1271888
1275251 1275503
1276201 1276356
1280475 1280718
1281939 1283100
1284347 1284608
1286458 1286968
1287841 1288025
1288715 1288947
1289537 1289720
1292629 1293342
1297259 1298134
1299549 1300773
1308234 1308406
1310842 1311198
1313536 1313916
1314803 1314856
1316109 1316393
1321417 1321564
1323421 1324298
1325906 1326006
1330187 1330331
1332603 1333008
1337672 1337854
1340164 1340895
1343368 1343738
1346929 1347122
1348164 1349306
1350896 1350995
1354571 1354993
1359209 1359763
1361786 1362314
1363728 1364260
1365104 1365183
1367814 1368310
1370868 1370928
1373763 1374638
1375210 1376100
1376692 1377241
1377878 1378375
1378878 1379191
1380092 1380184
1380724 1381207
1381959 1382187
1382824 1383053
1384769 1385301
1387175 1387504
1388162 1388954
1391213 1391494
1392461 1393011
1398695 1399426
1400799 1401282
1402955 1403102
1404497 1405465
1406089 1406157
1408877 1409115
1410168 1410530
1422293 1423199
1424506 1424679
1425545 1425676
1427617 1430074
1431728 1434882
1436888 1437933
1439202 1439307
1447205 1448463
1449103 1449893
1451582 1452234
1453384 1453592
1454317 1454887
1456892 1458532
1466452 1466948
1467523 1469185
1470491 1470879
1474603 1474741
1476059 1476934
1481825 1482167
1484936 1485009
1485851 1485992
1486665 1487606
1488258 1488656
1494158 1494319
1494884 1495069
1496382 1496523
1500382 1500817
1501365 1503122
1503792 1503901
1507180 1507745
1508329 1508458
1509662 1509765
1510634 1510954
1511667 1511717
1512676 1512802
1513498 1513784
1517295 1517748
1518682 1519416
1519917 1520116
1522811 1523475
1531498 1532896
1533685 1533847
1536529 1536585
1538133 1538450
1539178 1539789
1542925 1543546
1545240 1545618
1547057 1547526
1548380 1548987
1549612 1549666
1551557 1551808
1552384 1552737
1554903 1556929
1557565 1557735
1562283 1563426
1564814 1564956
1565568 1565699
1567322 1567494
1569269 1571846
1576528 1576601
1577677 1577837
1582457 1582541
1583403 1583780
1584519 1585040
1587651 1588045
1589702 1589788
1591161 1593059
1593696 1593818
1599114 1599410
1599910 1600023
1600567 1600643
1604688 1604919
1605943 1606056
1607260 1607840
1608468 1609081
1609583 1609782
1611579 1612730
1616622 1616780
1618169 1618504
1619161 1619297
1621295 1621415
1622001 1622570
1628461 1628625
1629774 1629956
1635876 1636384
1638090 1638525
1641768 1642023
1643662 1643951
1645664 1645880
1650193 1651809
1652498 1652572
1656499 1656985
1657939 1660037
1665726 1665964
1667603 1668458
1670745 1671738
1672494 1672573
1673354 1674010
1677655 1678021
1678814 1679976
1683188 1683285
1684385 1684592
1685096 1685933
1687000 1687649
1688185 1688361
1689041 1690142
1690693 1691016
1692860 1693681
1694374 1694519
1696962 1697157
1699111 1699358
1700657 1700788
1705521 1706171
1706900 1707084
1708774 1709008
1712461 1712612
1716434 1716989
1717703 1717954
1719911 1720396
1723557 1723673
1724831 1725085
1725664 1726217
1729317 1729606
1733501 1734304
1741214 1741383
1742671 1743173
1747822 1747899
1749493 1749749
1750612 1750749
1751423 1752376
1753738 1753845
1754430 1755332
1755844 1756067
1757076 1757180
1760722 1762230
1765740 1766238
1767223 1768110
1769360 1769793
1772288 1772726
1773727 1775214
1776408 1776555
1777628 1778192
1779117 1780224
1782974 1783583
1784247 1784331
1787258 1787503
1788220 1788722
1789695 1789824
1790971 1792026
1798579 1799019
1800803 1801158
1801884 1802160
1804363 1804574
1806956 1807044
1808650 1808858
1810161 1810336
1814450 1814684
1815572 1815806
1819552 1819713
1821760 1822122
1824818 1824922
1827567 1827988
1829144 1829289
1830249 1831005
1833610 1833770
1837725 1837956
1847818 1847995
1849030 1849851
1852275 1852333
1853288 1853722
1855548 1855721
1860202 1860993
1862997 1863386
1867791 1868137
1868893 1869519
1870462 1870737
1875277 1875777
1876394 1876607
1877428 1877720
1879605 1879705
1880454 1880666
1882529 1883854
1884508 1884748
1890075 1890265
1891976 1892153
1892663 1892824
1894733 1895114
1896604 1896892
1897676 1898806
1899309 1899756
1901995 1902210
1903028 1903302
1904565 1904648
1905647 1905813
1907227 1907842
1908825 1909461
1909982 1910259
1912268 1912345
1913315 1913866
1915670 1916170
1922019 1922304
1923754 1924619
1926116 1926241
1927874 1927999
1931356 1932747
1933329 1934643
1936514 1936599
1940674 1940933
1942729 1943178
1944876 1945486
1946341 1946771
1948722 1948840
1949344 1949636
1950448 1950655
1951741 1952019
1954064 1954953
1955932 1956002
1956605 1956960
1959370 1959532
1960054 1961187
1963143 1963331
1969860 1970484
1971057 1971695
1972557 1972899
1973497 1973587
1975895 1976443
1978558 1979435
1980590 1980763
1983361 1983894
1985371 1986478
1988720 1988795
1992076 1992833
1993502 1993729
1994584 1994664
1996325 1996430
1998115 1998275
2004136 2004265
2009939 2010887
2014298 2014526
2015067 2015348
2021621 2022486
2023037 2023473
2027608 2027902
2029824 2029947
2030773 2030911
2034924 2035292
2039656 2039926
2041811 2041909
2043367 2043538
2044587 2044823
2045502 2045724
2046789 2047459
2048651 2048717
2049714 2050350
2053205 2053462
2054434 2055284
2056506 2056897
2059077 2059845
2062253 2064390
2065945 2067769
2068515 2070606
2073419 2073730
2075751 2076173
2078013 2078304
2078853 2079069
2080835 2080945
2081740 2081904
2082636 2082823
2083752 2083886
2084752 2085398
2088594 2088702
2089384 2089812
2091569 2091883
2092996 2093173
2095457 2095532
2096262 2096542
2097382 2097741
2099047 2099173
2099689 2099775
2100485 2100566
2101683 2103100
2104852 2104992
2106722 2107001
2109530 2109946
2111396 2111546
2114729 2115845
2117318 2117402
2118653 2118738
2119603 2120126
2121825 2121969
2126066 2126736
2128063 2129746
2133211 2133648
2136420 2136685
2137388 2137889
2143662 2143937
2146726 2146883
2147392 2147694
2151195 2152373
2154053 2154295
2156674 2157168
2159137 2159923
2160476 2161088
2162498 2162690
2163959 2164712
2165316 2165669
2166917 2167030
2167700 2167888
2168523 2168649
2170046 2172083
2173022 2174113
2176199 2176898
2181083 2181897
2183390 2183729
2184623 2184960
2186065 2186255
2188225 2188279
2191279 2191670
2192837 2193013
2195062 2195415
2196192 2196298
2196860 2197343
2197921 2198619
2201360 2201763
2202717 2203261
2206217 2206350
2207644 2208078
2208870 2208958
2213811 2214738
2216521 2216614
2217300 2217415
2218130 2218530
2219255 2219832
2220653 2220709
2224020 2224378
2224943 2225732
2228647 2228736
2229918 2230253
2231552 2231822
2233137 2233316
2234044 2234425
2240028 2240234
2243385 2243484
2244599 2244834
2248481 2248622
2252054 2252535
2255142 2255606
2256197 2256262
2257181 2257267
2260505 2260748
2261336 2261712
2262645 2263276
2265692 2266612
2274212 2274280
2276519 2277348
2281897 2282315
2283457 2283612
2285167 2285398
2287377 2287431
2288789 2290492
2292466 2292955
2294096 2294565
2297164 2297352
2298881 2299449
2300601 2301125
2301627 2302330
2304172 2305111
2305742 2305881
2309045 2309771
2314763 2315266
2316085 2316657
2318868 2319017
2319681 2319988
2320530 2320654
2323557 2323729
2326265 2326350
2327439 2327543
2330056 2330554
2332348 2332453
2335048 2335619
2339534 2339799
2341645 2341959
2343660 2343888
2347329 2348361
2349636 2349930
2352338 2352470
2353878 2354328
2357938 2358235
2359058 2359162
2359989 2360084
2361951 2362192
2363566 2363816
2364431 2364693
2369198 2369686
2373612 2373993
2380175 2381569
2382271 2383076
2385365 2385472
2386373 2386597
2387155 2388120
2390546 2391448
2399720 2399930
2400524 2400587
2402148 2402380
2404140 2404955
2405984 2408048
2408718 2408895
2412603 2412728
2414682 2415032
2419566 2419805
2428011 2428970
2430815 2431051
2431686 2432411
2434043 2435205
2436696 2436812
2437415 2438107
2439494 2439599
2443312 2443377
2444849 2445066
2447592 2447988
2448694 2448760
2455808 2456568
2459704 2460326
2464574 2465821
2466559 2466700
2467501 2467663
2468635 2468844
2469504 2469599
2475631 2476545
2477430 2477693
2479578 2479652
2481344 2481666
2482183 2482514
2487216 2487303
2493877 2494470
2495436 2495694
2497169 2497400
2499540 2499633
2501256 2501433
2503397 2503683
2504578 2505743
2506414 2507966
2509579 2510276
2513710 2515562
2520974 2521172
2521329 2521651
2522556 2522814
2523421 2523553
2525151 2525761
2529454 2529686
2531204 2531507
2538098 2538175
2540428 2540539
2542967 2543240
2543744 2543902
2544835 2544945
2545486 2547834
2550282 2551186
2558324 2558408
2560478 2562043
2568835 2569088
2569863 2570182
2571420 2571496
2574486 2574546
2576905 2577263
2579814 2580263
2582594 2582844
2590430 2590487
2591325 2591551
2595347 2595570
2597518 2598135
2598939 2600317
2602927 2603725
2607961 2608254
2609922 2610488
2611356 2611494
2614236 2614404
2618259 2618449
2621485 2622291
2627718 2628138
2630568 2631420
2632377 2632754
2633730 2634107
2634708 2634925
2635485 2635934
2637029 2637234
2639465 2639782
2641538 2641825
2645249 2645497
2650727 2651639
2653163 2653476
2654748 2654873
2658262 2658387
2660723 2661810
2662311 2662610
2665420 2665539
2670227 2670741
2672186 2672543
2673129 2673242
2674121 2674435
2676111 2676708
2677604 2677710
2679558 2679692
2683817 2684167
2685766 2685995
2687388 2688259
2689414 2690745
2692185 2692613
2693239 2693330
2694754 2694969
2698638 2698859
2699870 2699957
2700781 2701011
2704150 2704548
2705821 2706098
2706946 2707629
2709779 2710011
2710671 2710800
2711524 2711643
2716107 2716198
2719005 2720089
2723013 2723608
2726119 2732369
2733001 2733519
2735281 2735587
2736627 2737092
2739505 2740301
2742297 2742540
2744204 2744571
2745169 2745307
2745930 2746017
2746899 2747134
2749447 2750721
2755543 2756034
2756986 2757623
2758940 2759062
2759637 2760835
2762522 2763030
2764183 2764322
2768021 2768085
2768662 2768788
2769647 2771340
2772068 2772420
2773407 2773500
2775038 2775454
2777660 2779509
2785571 2786587
2788776 2789166
2789831 2790321
2793900 2794909
2796565 2796798
2798042 2798174
2799245 2799309
2800306 2801173
2802857 2803031
2817387 2819431
2820861 2820941
2821627 2822294
2824223 2824279
2827056 2827161
2828143 2828997
2830487 2830674
2832926 2834400
2835073 2835437
2836035 2837143
2838102 2838430
2838983 2839159
2844546 2845952
2846623 2846730
2848559 2849002
2849552 2849607
2850631 2850952
2851849 2851969
2853997 2854520
2859073 2859582
2863333 2863797
2865185 2865554
2868274 2868566
2869922 2870021
2870615 2871566
2873239 2873993
2876727 2877009
2882943 2883680
2885423 2885474
2886018 2886316
2889257 2890913
2896481 2897141
2901450 2901884
2903556 2903732
2906552 2906851
2907837 2908194
2910123 2910176
2910777 2911048
2913045 2913259
2917760 2918424
2919669 2919720
2922269 2923243
2926717 2926866
2927573 2927805
2930485 2930786
2934802 2935002
2937443 2937798
2938673 2939132
2940526 2941405
2942741 2942995
2943640 2944118
2944748 2945079
2945862 2946242
2948801 2948895
2949492 2949671
2953021 2953185
2953739 2954157
2956126 2956258
2956905 2957382
2958693 2958878
2960904 2961309
2962255 2963024
2967819 2968397
2969079 2969425
2971502 2971870
2973130 2973934
2975065 2975436
2977582 2977781
2979763 2980435
2981788 2982254
2982855 2983191
2987250 2988153
2991591 2992519
2993735 2993886
2996416 2998116
3000123 3000310
3002370 3002506
3007318 3007505
3008462 3008547
3011506 3011731
3012996 3014298
3015561 3016141
3016724 3016999
3022079 3022942
3023459 3024717
3025452 3025931
3029219 3029949
3031250 3032140
3032729 3033010
3033802 3034717
3035226 3035997
3037181 3037286
3038413 3038471
3043532 3044525
3045157 3045421
3046921 3047018
3050870 3051052
3052353 3052598
3055624 3055814
3056383 3056451
3059636 3060348
3062365 3063393
3065027 3065140
3066277 3066402
3068395 3068565
3069376 3069668
3072231 3072396
3073263 3073483
3074605 3074792
3075914 3076105
3077480 3077795
3083448 3083531
3087495 3087597
3089449 3089546
3090460 3090817
3091458 3091730
3093080 3093402
3093954 3094385
3097691 3097797
3099570 3099659
3100190 3100507
3101059 3101224
3102000 3102530
3105032 3105090
3106047 3106751
3108027 3108300
3110362 3111003
3112454 3112845
3115951 3116549
3119127 3119779
3120952 3121204
3123541 3124128
3130198 3131457
3135148 3135458
3136930 3137151
3140021 3140185
3142382 3142737
3144136 3144241
3145989 3146216
3147617 3147852
3148756 3149197
3149856 3150005
3150697 3150808
3151046 3151881
3153122 3153293
3158815 3159038
3161232 3161285
3163101 3163464
3165887 3166262
3167122 3167444
3168271 3168321
3173010 3174064
3177347 3177683
3178294 3178381
3180693 3180895
3181937 3182160
3184000 3184063
3184584 3184790
3185479 3187388
3191352 3191914
3193275 3193692
3195761 3196410
3197359 3197650
3198737 3200586
3203330 3204443
3206164 3206227
3207770 3208522
3212984 3213059
3214881 3215879
3220353 3220807
3225829 3226014
3226644 3226797
3228386 3228700
3232734 3232848
3237750 3238462
3239958 3241009
3244407 3244559
3246888 3247285
3248505 3248683
3249767 3249874
3250394 3250923
3252728 3252866
3254968 3255238
3257847 3258172
3259632 3260405
3261586 3261980
3262697 3262985
3264007 3264544
3266169 3266238
3269236 3269465
3271147 3271459
3272920 3273408
3276451 3276684
3277469 3277591
3278256 3278437
3278956 3279072
3279793 3280068
3280981 3281196
3288606 3288819
3291283 3291569
3296460 3297192
3299301 3299445
3300147 3300203
3300779 3301028
3303026 3303265
3308158 3308380
3308941 3310370
3311542 3311929
3313264 3313636
3315153 3315597
3317068 3317354
3318088 3318956
3319571 3319813
3323899 3324124
3324702 3325084
3329745 3329921
3331120 3331235
3332111 3332683
3339819 3340189
3341520 3341606
3342400 3342460
3343416 3343500
3346305 3346815
3349134 3349265
3349979 3350146
3351347 3351447
3353878 3353958
3355410 3355730
3356429 3356856
3359169 3360842
3362465 3362591
3365128 3367123
3368661 3368789
3372357 3372472
3373671 3373902
3375236 3375453
3376541 3376597
3379580 3379638
3385246 3385552
3386205 3386331
3389853 3390512
3398631 3398700
3401449 3401708
3402639 3403069
3407093 3407532
3408478 3408682
3412013 3412517
3413564 3413796
3417010 3417190
3418403 3418690
3420802 3421108
3422258 3426748
3427262 3429295
3433010 3433067
3434039 3434239
3434750 3435062
3436769 3436971
3437696 3437928
3438842 3439129
3439824 3439883
3440921 3441976
3442630 3443165
3445076 3445322
3448265 3448486
3450430 3450919
3453438 3454363
3455846 3456156
3457171 3457269
3457825 3457920
3462257 3462507
3464908 3465022
3468832 3469443
3470071 3470142
3471717 3471817
3472724 3472890
3475234 3475390
3478021 3478769
3480281 3480385
3480985 3482010
3483050 3483445
3484209 3484275
3489286 3489420
3491381 3492339
3496758 3497222
3499062 3499236
3499948 3500105
3502088 3502468
3503605 3503889
3509394 3509906
3510446 3511323
3512395 3513677
3521442 3522285
3523526 3523613
3524408 3524513
3527509 3527942
3534573 3534848
3536108 3536418
3539467 3539775
3541346 3541806
3542307 3542754
3544228 3544623
3545601 3545809
3546433 3546879
3547839 3547889
3550685 3550743
3551593 3552121
3553787 3554047
3556634 3556804
3557563 3557759
3558426 3558737
3559504 3560311
3561980 3563643
3564577 3564677
3569357 3569581
3570800 3571202
3573581 3573673
3575699 3575789
3579112 3579776
3581756 3582869
3583495 3584419
3587265 3587975
3588715 3588907
3593154 3593522
3598312 3598524
3599242 3599546
3600644 3600819
3602683 3604043
3608171 3608300
3609071 3609450
3612453 3612749
3614620 3614726
3616320 3616443
3618659 3618808
3622832 3622989
3623641 3625628
3626385 3626853
3631053 3631445
3635730 3635991
3636631 3637169
3637717 3638141
3638918 3639437
3640722 3640904
3642438 3643034
3643586 3643731
3645027 3645301
3648161 3648391
3649141 3649531
3650086 3651364
3651882 3653478
3656076 3656568
3658106 3658448
3661372 3661756
3664987 3665039
3665663 3665787
3667891 3668159
3669298 3669876
3673033 3673741
3674569 3674949
3680220 3680634
3682602 3682848
3684433 3685032
3688959 3689564
3691173 3691704
3692551 3692618
3693803 3694065
3695039 3695534
3700169 3700579
3702061 3702298
3704800 3705069
3709060 3709220
3711299 3711605
3712750 3713096
3716378 3716434
3717668 3717744
3722093 3722242
3722752 3722843
3724296 3724715
3725628 3725739
3726341 3726475
3727144 3727900
3730178 3730693
3732371 3732576
3733128 3733747
3736453 3736527
3744081 3744931
3753138 3753298
3754172 3754837
3755437 3756129
3756930 3757131
3757673 3757827
3761352 3765906
3767132 3767609
3768281 3768709
3771240 3771954
3775959 3776077
3782884 3783417
3784607 3785240
3786785 3788024
3789828 3789885
3792219 3792397
3792957 3793061
3793588 3793896
3796187 3796524
3798918 3799028
3801258 3801463
3802041 3802747
3804502 3805066
3805686 3806043
3809981 3810308
3813292 3813666
3818320 3818434
3819022 3819331
3821477 3821575
3822796 3822866
3823447 3823964
3825442 3825526
3827302 3828127
3828767 3829192
3833603 3833714
3838375 3839143
3841028 3841424
3842485 3843623
3846314 3846384
3849155 3849601
3850289 3850401
3852543 3852648
3853378 3853591
3856735 3857599
3858903 3859105
3860401 3860757
3861258 3862016
3863520 3863973
3864529 3865003
3866763 3867786
3873052 3873255
3873756 3875101
3879564 3880174
3880764 3881151
3883271 3883446
3884238 3884376
3885021 3885564
3886575 3888080
3889986 3890930
3893866 3894006
3895837 3896323
3902958 3903311
3903864 3904068
3905578 3906244
3908327 3908389
3909632 3909820
3911941 3911998
3912532 3912610
3914878 3915233
3917082 3917171
3920049 3920595
3921259 3922052
3923387 3923716
3929893 3930419
3931048 3931369
3934006 3934057
3935086 3935194
3937207 3937540
3941406 3946894
3949054 3949497
3950441 3950719
3952604 3952739
3955720 3955861
3962099 3962212
3962973 3963144
3965917 3966242
3966882 3966932
3968826 3969378
3970959 3971477
3972066 3972459
3976031 3976093
3977068 3977119
3977883 3977983
3979102 3979390
3981288 3982100
3982604 3983377
3984141 3984603
3986660 3987082
3989284 3989708
3992164 3992424
3996602 3996663
3997285 3997378
4002783 4003085
4006331 4006414
4007717 4008094
4010335 4011052
4012489 4013483
4014125 4014985
4016387 4016524
4017226 4017292
4020345 4021448
4025085 4025156
4025904 4026276
4029791 4030147
4032463 4032612
4035220 4040790
4041875 4042464
4044597 4046076
4046625 4046937
4048852 4049446
4051059 4051470
4053346 4053994
4058319 4058626
4060383 4060663
4062246 4062504
4063154 4063904
4067667 4067822
4068557 4069616
4070506 4070664
4071267 4071910
4073851 4074170
4075270 4075321
4077448 4077517
4078763 4078981
4079711 4080543
4082848 4083711
4084409 4084485
4086134 4086610
4092715 4093460
4094904 4095142
4096136 4096353
4096885 4097784
4098560 4098946
4099463 4100267
4103136 4103439
4105488 4105815
4106695 4106864
4108618 4108791
4112073 4112753
4114820 4114908
4115819 4115904
4117345 4117517
4118443 4118861
4123132 4123228
4125446 4126751
4129582 4130292
4131736 4131917
4134148 4134339
4136344 4136475
4137302 4137787
4138825 4139773
4143396 4144933
4145483 4145649
4146374 4146562
4147394 4147534
4148206 4148473
4150372 4150636
4153034 4155203
4157003 4157071
4157704 4158768
4160501 4161222
4162913 4163637
4165238 4165378
4166348 4172275
4172879 4173356
4175329 4177130
4177238 4177318
4181210 4181398
4183425 4183514
4187933 4188294
4191265 4191398
4194890 4195972
4200242 4201026
4202804 4203267
4204235 4204359
4206199 4206261
4209703 4214956
4215469 4215643
4216304 4217335
4218583 4218701
4220039 4220677
4222863 4223512
4225036 4225120
4232699 4233049
4233790 4234354
4235222 4235552
4236102 4236334
4237560 4237888
4243133 4243552
4245268 4246406
4246923 4247463
4248146 4248357
4249331 4249456
4255585 4255920
4256486 4256598
4259542 4260105
4260680 4260915
4262014 4262258
4263771 4264387
4268243 4268449
4269072 4269786
4271151 4271370
4274160 4274331
4274892 4276297
4279190 4279687
4280636 4281123
4281664 4282333
4284452 4284561
4287346 4287443
4288316 4288467
4292056 4292146
4295729 4296043
4299620 4300290
4306103 4306423
4307522 4307908
4309178 4309882
4310849 4310934
4311477 4311537
4314293 4314819
4316298 4316511
4317405 4318087
4319474 4320535
4323216 4324427
4324931 4326644
4327349 4327447
4328164 4328243
4333502 4333943
4336908 4337023
4341801 4341974
4343138 4343675
4344433 4344549
4346430 4346649
4348515 4348701
4349399 4349766
4351258 4351538
4353235 4354230
4356411 4356847
4358796 4359439
4360874 4361037
4361871 4361943
4362955 4363303
4364724 4364952
4365488 4365744
4367667 4368441
4369026 4369108
4371249 4371498
4372119 4372221
4373403 4373750
4374410 4375237
4377855 4378104
4379633 4380443
4381193 4381702
4385072 4385481
4386130 4386501
4389567 4389726
4390958 4391073
4392186 4392688
4394038 4394206
4396841 4398855
4399465 4400039
4401418 4401711
4403095 4403410
4404162 4404836
4406284 4407193
4407771 4408137
4408848 4409306
4409860 4410168
4411701 4412193
4413549 4414221
4414777 4415102
4419656 4419837
4420582 4421379
4422043 4422963
4424331 4424959
4428043 4428727
4429226 4430076
4431425 4431750
4432341 4432409
4435894 4436053
4439304 4439554
4441344 4442031
4443202 4443452
4445371 4445424
4446822 4447031
4448507 4448809
4451885 4452193
4454387 4454636
4457751 4457940
4461254 4461536
4462668 4462782
4464591 4464672
4465362 4466450
4467327 4467505
4468767 4468842
4470160 4470952
4471451 4471905
4474592 4474723
4476107 4476687
4478196 4479750
4480836 4481145
4483449 4483528
4484046 4484238
4485228 4485651
4486344 4486486
4487459 4487570
4488533 4488594
4489242 4489586
4491470 4492375
4493083 4493270
4496149 4496511
4497917 4499771
4504821 4505783
4507211 4509006
4509829 4510936
4512577 4512730
4513249 4513498
4515325 4515615
4518669 4519154
4521698 4522172
4522704 4522952
4525308 4525393
4528393 4528942
4530063 4530135
4536790 4539018
4541168 4541236
4542798 4543083
4544253 4544645
4546116 4546278
4547101 4547710
4548372 4548464
4549360 4549502
4553045 4553343
4555111 4555165
4555978 4556206
4557991 4558340
4558902 4559140
4559890 4560071
4560570 4560763
4561302 4561594
4562270 4562381
4565658 4565997
4567500 4567836
4569798 4570467
4574943 4575120
4576871 4577386
4578798 4578891
4579610 4579800
4580354 4580513
4581181 4581402
4582146 4582399
4590023 4590594
4591330 4591751
4592599 4592940
4593829 4594628
4596713 4597108
4597779 4597839
4598796 4599572
4600170 4600728
4604282 4604392
4609476 4609576
4610195 4610983
4611488 4612205
4614245 4614357
4616213 4616439
4616993 4617146
4618988 4619294
4619927 4620318
4621105 4621186
4624726 4625361
4628463 4628911
4630861 4631061
4632039 4632191
4633147 4633362
4636600 4637248
4637793 4637889
4638567 4638808
4639413 4640159
4641249 4641652
