gi_556503834_ref_NC_000913.3_
223702 225738
228675 228928
257985 258599
270616 271684
279240 280035
290518 291324
381335 381884
391785 392890
566848 567958
574663 575713
608084 609274
687924 688972
729879 731580
732354 733152
734815 735021
737061 738327
781654 781767
1049982 1050468
1094322 1095422
1097038 1097325
1269705 1270341
1299572 1300620
1396116 1397166
1432351 1432665
1467986 1469295
1528404 1529221
1532194 1532721
1632637 1634945
1635916 1636815
1650920 1651471
1978645 1979193
2066253 2067222
2069017 2070194
2101823 2102871
2118464 2118560
2170246 2171351
2288996 2289982
2304650 2304709
2514350 2515540
2521128 2521443
2726346 2731295
2817860 2818473
2996438 2997614
3130223 3131269
3186172 3187349
3365650 3366676
3423336 3428917
3583504 3584122
3619299 3619410
3620322 3620666
3621267 3622785
3623912 3625400
3652107 3653159
3666282 3667260
3762479 3765776
3766362 3766570
3767297 3767503
3941739 3946872
4035242 4040723
4094310 4094493
4166376 4168137
4168698 4171888
4176156 4177032
4207920 4208000
4209703 4213089
4296210 4296433
4325900 4326261
4498883 4499435
4507536 4508602
