Salmonella_0916_Taxon017_
1 255
1504 1785
3534 5296
5809 7221
7992 10313
12853 13726
15547 16016
20592 20725
21915 22034
23606 24515
25105 26708
27410 29090
30727 31557
32064 32295
33665 34679
36248 36407
37137 37362
40226 40758
41746 42154
45054 46725
51331 51451
52515 52628
53495 54510
55521 57307
58842 64293
65148 67161
68960 69439
70413 72295
74241 75087
77805 77918
81949 83426
84309 84512
85356 85614
87402 88629
89477 89908
92189 92924
94407 95649
96301 97239
98000 99773
100529 101635
102371 103041
104222 104333
104840 105572
107715 107908
108473 110240
111998 112195
113243 113559
114381 115003
115637 117209
117749 117821
119487 121257
122852 123552
125531 126027
126547 126606
127366 127504
130415 131689
132240 133541
134100 134351
134999 135644
138770 139615
141994 142448
143658 148061
149571 149935
150552 156326
158284 158621
159161 159214
160259 164769
165638 166495
167356 167476
168172 168909
173928 174139
174728 174999
175568 177682
178246 179623
180404 180520
183104 183436
185194 185285
187676 191132
191655 192365
193529 193805
194558 194904
195838 197418
197926 198589
203931 207600
208347 208540
209207 210326
211396 211963
213047 214121
214988 216339
217172 219651
220383 220943
224397 224807
225590 226143
226878 228393
229208 230447
231269 232217
235828 236358
239437 241344
242640 243000
245189 248667
249527 249871
250553 250892
252349 252826
254095 254202
254963 258036
262552 263135
263689 264322
265898 266153
269327 270793
272998 273812
277160 280080
283142 285854
286720 287323
287956 288198
288962 289815
291001 292795
294308 295606
296465 297801
298310 300816
301333 302552
303213 303347
306576 306714
307301 307727
308502 308911
309812 310169
312978 313161
315121 315335
320130 321852
322513 322933
324286 324611
325237 325427
328413 328543
329172 329644
330378 333080
334833 338568
339548 342871
344026 344294
346563 346784
348261 349885
352884 353818
355698 358019
359659 361998
364028 365884
367323 367566
368193 369058
369770 371778
372398 372624
373197 374363
374992 375364
376355 376554
378025 378989
381584 382121
383815 384015
385449 385752
387358 388581
391386 391763
392368 392784
393300 393481
394061 395778
397990 399042
400640 400819
402505 403440
404548 405230
406220 406337
408506 408769
410349 410718
411475 411635
413071 413443
414240 415151
416536 416801
419342 419494
420270 421330
422982 423258
423989 424373
425014 426157
427686 428058
430744 431215
432075 432124
432835 433449
437072 437779
438582 439530
440223 441714
443922 444054
447528 449766
450512 451110
452074 452792
453418 454287
455314 455989
457024 457907
460345 461660
467957 468127
469163 470142
470888 472783
477627 480302
481791 483135
484109 484601
485167 485601
487653 488323
489394 489820
490442 492714
493827 494694
497227 498135
500782 501088
502648 502906
506070 506672
507347 507450
509890 510788
511741 512294
513591 513761
515457 515980
516694 517302
522553 523161
523770 524503
525598 526276
526941 527500
528232 528559
529529 531571
532895 534986
536015 536472
538487 538786
539560 540164
543018 543199
546085 547143
547828 548139
548695 549075
550940 551071
556072 556759
557711 558548
559384 560094
560818 563992
565544 565964
568136 569126
570546 570770
572695 575220
575977 576916
577482 577671
582532 583209
586781 587263
587785 588175
591344 591453
592041 592252
594132 594189
594875 594962
595541 595693
598258 598699
599525 599784
600819 601126
603237 603911
607030 608581
609214 609505
610704 611789
612965 613888
614554 614611
618113 618751
619355 619845
621513 621738
622657 623636
624168 625952
627294 627647
628683 629948
632035 632748
634587 636132
637820 637932
639184 639316
639947 640160
643780 644829
647872 649027
650284 652720
654129 654811
656306 657579
660174 661043
661680 662138
663633 664067
670030 671422
673264 674510
675456 675596
676238 676488
678841 678934
679492 681745
684013 684384
685850 686862
687616 689043
689589 690987
692729 693298
693968 694779
699667 699815
701635 702389
703895 704794
705886 705988
709327 711727
712779 713229
713815 714069
714839 716281
717506 717795
720821 720964
722399 722760
724601 725067
728788 730271
731299 731429
732044 732724
734624 734709
736546 736923
737511 738164
739362 740208
743536 743595
744612 745458
753196 753495
755078 756643
757954 758025
758736 760647
761556 762841
763835 764271
764834 765497
766057 768229
769295 770347
772575 773034
773750 774287
775353 775868
776546 776884
778199 778620
779839 779942
780623 780844
781638 781837
784083 784470
787514 788193
789442 790056
791020 791084
792150 792890
793452 793635
795070 795461
795990 797632
800642 800949
803143 803722
805858 808432
810531 810697
812687 813082
815044 816808
817325 817507
818612 818767
819331 819450
820787 821796
823304 823444
824132 824548
826768 827254
830416 830532
831851 832439
836302 837274
839895 840893
843908 844162
844713 846401
847231 848262
850449 851228
853246 853686
854290 854904
857236 858468
860228 860507
861865 862513
863085 864209
868182 868480
869003 869379
870639 871887
873234 874889
875460 875761
876335 876455
878599 879003
879555 880360
881086 885240
885839 886211
887292 887529
890148 890310
891037 892976
893930 894423
899442 902324
903140 904552
905625 906057
907412 907526
909109 909779
910668 912711
914113 915486
917303 917836
918384 918912
919498 921030
922076 923451
923976 925612
927683 928511
929093 929217
930224 934187
934885 935444
936088 936349
937286 937804
938377 938512
939253 942599
943504 943589
944265 944734
946164 946358
948344 948850
949430 949885
950643 951103
952631 953013
953737 953855
954659 954850
955863 958071
962734 963770
964412 965675
966224 966469
967252 967781
968325 968482
969014 969297
977430 977977
980905 981160
981709 982028
983633 984491
990452 990991
991897 992761
994286 994348
997652 997820
999714 999921
1002773 1003791
1006975 1008819
1009579 1010248
1011227 1011408
1012484 1012967
1014170 1015084
1018134 1018590
1020468 1020707
1022710 1023289
1025370 1025997
1028162 1028536
1029809 1030635
1032029 1033568
1034154 1035595
1037636 1041776
1042508 1043416
1043955 1044958
1045498 1045662
1046225 1047493
1048139 1050324
1050958 1051151
1052065 1052670
1054599 1054784
1055792 1056201
1057452 1057786
1059412 1059677
1060996 1063815
1064729 1065247
1067792 1069199
1069987 1070353
1071419 1072803
1074066 1074697
1075632 1075859
1076384 1076854
1077518 1080741
1083085 1083242
1084056 1084649
1085174 1085473
1086976 1087048
1089799 1090207
1095136 1095469
1096245 1096681
1100014 1100123
1100722 1101965
1102498 1103395
1104076 1105178
1106781 1107203
1108376 1109205
1110342 1112329
1113589 1113845
1114398 1114780
1115696 1116203
1116842 1117010
1118387 1120340
1121044 1121152
1121768 1122525
1123932 1124447
1125217 1125532
1126074 1126552
1128735 1129396
1129990 1131579
1134127 1135299
1136774 1137980
1138481 1139362
1140396 1141135
1141662 1142471
1143087 1143752
1144293 1144417
1145018 1145333
1145850 1146468
1147672 1148833
1149522 1153218
1153733 1153888
1155129 1155328
1158692 1158938
1161031 1162827
1164254 1164591
1165686 1167395
1168019 1170788
1171297 1171437
1175864 1176143
1179693 1179935
1181034 1183493
1189474 1191108
1192455 1193919
1194971 1196211
1196751 1198742
1199813 1200142
1201734 1201915
1202503 1202759
1203431 1207732
1209338 1209543
1213221 1213800
1215392 1216727
1219594 1220113
1220966 1222006
1223122 1223188
1227139 1227348
1228972 1229080
1229588 1231125
1232186 1233506
1234625 1235392
1236457 1236607
1237337 1238310
1239636 1240062
1240612 1240823
1242003 1242702
1243837 1248046
1248632 1249029
1250476 1250759
1251432 1252110
1252930 1253607
1255147 1255372
1256151 1256337
1259956 1260283
1262203 1262880
1265497 1265614
1266657 1267442
1268722 1268795
1270642 1272490
1272993 1273769
1275128 1275913
1277622 1278187
1280159 1280883
1282190 1282463
1283926 1284163
1284796 1285293
1287462 1290489
1294558 1294773
1298093 1298193
1299157 1299827
1302378 1302836
1304036 1304371
1306863 1307430
1308376 1309558
1310144 1310362
1311776 1312549
1314897 1315410
1316516 1317372
1317984 1319811
1321809 1322288
1324528 1325695
1326810 1327732
1328307 1329605
1330290 1330447
1331908 1332208
1333009 1333081
1333628 1333881
1336927 1338248
1340652 1340952
1343185 1343692
1345019 1346239
1348322 1348396
1350285 1350930
1353741 1354122
1355081 1356692
1358250 1360299
1363097 1363787
1364289 1364461
1365090 1365806
1367990 1368223
1370101 1370912
1372628 1373269
1375067 1375553
1376064 1376585
1381217 1382059
1382563 1383697
1385755 1385936
1393273 1397598
1399084 1399456
1400161 1401595
1402239 1402600
1404761 1405224
1405919 1407656
1409082 1409382
1415147 1417744
1422177 1422499
1423925 1424144
1424687 1425239
1426632 1426887
1427399 1428738
1434104 1434383
1434983 1435396
1436148 1436263
1438004 1438071
1439560 1439786
1441683 1442861
1443558 1443720
1444327 1445065
1449033 1449288
1451540 1451809
1453090 1454064
1456138 1458185
1460522 1460600
1461840 1462931
1463439 1463508
1464893 1464956
1466541 1466865
1467585 1467676
1472249 1472790
1473624 1474267
1474866 1474933
1476089 1476385
1478250 1478805
1479417 1479595
1480434 1480499
1481017 1482644
1483243 1483424
1484486 1484693
1486795 1486993
1488902 1489613
1490945 1492054
1493488 1494254
1496040 1497075
1497699 1498290
1499252 1500502
1503034 1503301
1506601 1506973
1509767 1510315
1512639 1514983
1516204 1516545
1518934 1521506
1522286 1522659
1526162 1526775
1531819 1531944
1534350 1534418
1538063 1538508
1539058 1540190
1540733 1541435
1542582 1542916
1543741 1545756
1546402 1546748
1547754 1548087
1550562 1551629
1552393 1552976
1553522 1553807
1554784 1555690
1560706 1561295
1561994 1562241
1566364 1568412
1568963 1569778
1573848 1575196
1577670 1578524
1580473 1580876
1582139 1583245
1585442 1586025
1587172 1590207
1590860 1591158
1592414 1593584
1597656 1599033
1599666 1599794
1600457 1601308
1602293 1603487
1606252 1606459
1608268 1608495
1609118 1611063
1612266 1612396
1613911 1614399
1615364 1615555
1616794 1616992
1617905 1619698
1622666 1623217
1625084 1625304
1626159 1626380
1629033 1629631
1631689 1631957
1632648 1632709
1636457 1636689
1637290 1638364
1639726 1640827
1641619 1641911
1643577 1645042
1646189 1646892
1648156 1648363
1649008 1650533
1651195 1651504
1652015 1652163
1655497 1656112
1657983 1658510
1659191 1659392
1660145 1660357
1661879 1662590
1663225 1663529
1667916 1668394
1669414 1670305
1674756 1676287
1678191 1679382
1680711 1681013
1686650 1688300
1690648 1690779
1691983 1692886
1695028 1695438
1696103 1696252
1699035 1700070
1701520 1702400
1704031 1704270
1705206 1706047
1706638 1707110
1707775 1708411
1710892 1711645
1713052 1713357
1716690 1716879
1720431 1720740
1721430 1721779
1723979 1724578
1727538 1729304
1729951 1730081
1730768 1732364
1732917 1733573
1734565 1734620
1735828 1736091
1738284 1738797
1739756 1741011
1742587 1742672
1743908 1744962
1745489 1749076
1750324 1750736
1753986 1754179
1755291 1756029
1758362 1760812
1762691 1765795
1767040 1767316
1767936 1768970
1769541 1769885
1774133 1774414
1776509 1777767
1781064 1781283
1782733 1782923
1784496 1785418
1786891 1787230
1788022 1789252
1793384 1794033
1795097 1795352
1797018 1797265
1797812 1799809
1803576 1803751
1806621 1806881
1807425 1807619
1808547 1808627
1809713 1810306
1811112 1811958
1812502 1812788
1814036 1815209
1818411 1818665
1819193 1819563
1822210 1822771
1825974 1826130
1826825 1827596
1828284 1828854
1829435 1831187
1831932 1832166
1833051 1833170
1833750 1834241
1835049 1835189
1835862 1837357
1840761 1840969
1842517 1844936
1845962 1846235
1848215 1848529
1849193 1849300
1850865 1851674
1853175 1853955
1855794 1856065
1856677 1858471
1859451 1859505
1860199 1860514
1864972 1865112
1867648 1869055
1869558 1869770
1872005 1872831
1874003 1874151
1874663 1876334
1879742 1880548
1881193 1881787
1882369 1882834
1883345 1883418
1883957 1886549
1887462 1888286
1890082 1892572
1894501 1894825
1897306 1897866
1899607 1900142
1901767 1901838
1903023 1903915
1904465 1904882
1905512 1906387
1907135 1907263
1908013 1908451
1909022 1909131
1911236 1911310
1913374 1914059
1914627 1914970
1918015 1918749
1920728 1921119
1921678 1922519
1924337 1925434
1927222 1927462
1931913 1932554
1933625 1934218
1934916 1934983
1935936 1936281
1937661 1938603
1939438 1942255
1943541 1944942
1945633 1946985
1947881 1948359
1949017 1949612
1952035 1952460
1952965 1953766
1954790 1954994
1955613 1955912
1956579 1956642
1960935 1961054
1964819 1965633
1966996 1967293
1967968 1968761
1969700 1970762
1971299 1972016
1972530 1973829
1975788 1976056
1977653 1978780
1980045 1981789
1983483 1983903
1985469 1985619
1986696 1988206
1991145 1991677
1993891 1994019
1996265 1996641
1997393 1997933
1998677 1999068
2003756 2004688
2006252 2006312
2006937 2007291
2008146 2008920
2009679 2010431
2010932 2011244
2013127 2013436
2013940 2014869
2016009 2016323
2018210 2020168
2022469 2022831
2026880 2027247
2028742 2029374
2032049 2032214
2032756 2033088
2033681 2034584
2035768 2036121
2036885 2037062
2038825 2039616
2040950 2041936
2047537 2047877
2048738 2049264
2051109 2052061
2052601 2053843
2054386 2055593
2056095 2056813
2057420 2057837
2058369 2058659
2059340 2059608
2062352 2062516
2063182 2063410
2064866 2067267
2071777 2078730
2079573 2079656
2080847 2080951
2083390 2084292
2087226 2087871
2089388 2090017
2090880 2092057
2095279 2096959
2097811 2099598
2100966 2101883
2103011 2103062
2104227 2104769
2105474 2105542
2106176 2106660
2107963 2108193
2108707 2109276
2111948 2112531
2113579 2114254
2118834 2120621
2124513 2126162
2128315 2128476
2129124 2129273
2129810 2132147
2133080 2133841
2134406 2134674
2138787 2138996
2140002 2141190
2142704 2143817
2147337 2148585
2149344 2150788
2152044 2152625
2154353 2156111
2156966 2157416
2157930 2159991
2160907 2161764
2164191 2164258
2166020 2169332
2170065 2171148
2171770 2172380
2173060 2173208
2174527 2175498
2176579 2177353
2177890 2178290
2180790 2180849
2183486 2185768
2187197 2187391
2188502 2189217
2189765 2190265
2191329 2191810
2192467 2195802
2198783 2198947
2200030 2200626
2201893 2202192
2202837 2204214
2205055 2205359
2206021 2206115
2208933 2209284
2211201 2212904
2214805 2215261
2216888 2217263
2220683 2220852
2221717 2221778
2223209 2224409
2225276 2225928
2227266 2228799
2229941 2231838
2232663 2232799
2238455 2238756
2240107 2242182
2244404 2244804
2246075 2247191
2248135 2248350
2250181 2250552
2251839 2253082
2255319 2256671
2257480 2257720
2258313 2258826
2259696 2260044
2261903 2262673
2264459 2265724
2266982 2267146
2267951 2270892
2271996 2272136
2272644 2273063
2275660 2276005
2276973 2277568
2279320 2279502
2280121 2281144
2282260 2283297
2284071 2284638
2285436 2285581
2286374 2287076
2289698 2289925
2290701 2292155
2292686 2293974
2294540 2295223
2295727 2297058
2298545 2299794
2300539 2301549
2302661 2303203
2303844 2306364
2307631 2308000
2309785 2311073
2314898 2315190
2315700 2315813
2317489 2317544
2319357 2319628
2321773 2322372
2324814 2325318
2327748 2328492
2331097 2331428
2334070 2335695
2336988 2337313
2338351 2340269
2341139 2341221
2341983 2342581
2343172 2344360
2345444 2346269
2347139 2348073
2348635 2348853
2349529 2350690
2351350 2351805
2352347 2352701
2353268 2353545
2354265 2355214
2355989 2356711
2361376 2362293
2364058 2366363
2368747 2369677
2375083 2375636
2376982 2377084
2379444 2379676
2380513 2380631
2381730 2384010
2387016 2387150
2388765 2389115
2390574 2391411
2393961 2394934
2397539 2398068
2398696 2399392
2399917 2401215
2404552 2404759
2406103 2406313
2406957 2408124
2410197 2411938
2414525 2414578
2415453 2415694
2416848 2419648
2420441 2422649
2425596 2425746
2426467 2426566
2427613 2428076
2428706 2429092
2429989 2432068
2433391 2435368
2435961 2436309
2438347 2439857
2443801 2443952
2445575 2445856
2449116 2449620
2450633 2451175
2451974 2452297
2452893 2453489
2456332 2456859
2460141 2460634
2461399 2462503
2463933 2464611
2466250 2468339
2470298 2470587
2472517 2472991
2474050 2474176
2476734 2477766
2479703 2480489
2481965 2485270
2486037 2486608
2488991 2489172
2490063 2491866
2492702 2492975
2494212 2495024
2498289 2499464
2500032 2502610
2505891 2506008
2506612 2507185
2507710 2508845
2509496 2509924
2510433 2510664
2511253 2512996
2513599 2514221
2520625 2521129
2522909 2523005
2525338 2525628
2527012 2527857
2528511 2528726
2529586 2529687
2531920 2533548
2535808 2536419
2537893 2539217
2540079 2541490
2542152 2544413
2545030 2545250
2547294 2549828
2552246 2552454
2556630 2558234
2559066 2559215
2559748 2559967
2560556 2560670
2561727 2563822
2566481 2566863
2568292 2570362
2571021 2576478
2579030 2579771
2581741 2583194
2584028 2586124
2586770 2589631
2591792 2591907
2593711 2595162
2598845 2599939
2604153 2605213
2606239 2607397
2608164 2610284
2612646 2613454
2614493 2615282
2615813 2617132
2619316 2620885
2621883 2622121
2624718 2627106
2627875 2628442
2629846 2631367
2632534 2634446
2635999 2638204
2639567 2640424
2641078 2642821
2643370 2643819
2644339 2644560
2646492 2647343
2648684 2648826
2651814 2652520
2654353 2655097
2655669 2658781
2660989 2661237
2662612 2663144
2663816 2664176
2665761 2667159
2668167 2669006
2671919 2672163
2672821 2673515
2675227 2675879
2678829 2678890
2679551 2679837
2680469 2681321
2682918 2683820
2684795 2684897
2687017 2687247
2688732 2689131
2693055 2693530
2694592 2694882
2697454 2698022
2700657 2701257
2701814 2702002
2704351 2706708
2707536 2708259
2709835 2710021
2712778 2714195
2715143 2715344
2715951 2717333
2718040 2718245
2720872 2721764
2723863 2724901
2727015 2727950
2729841 2730119
2731931 2732397
2732956 2733191
2734088 2735033
2735823 2735995
2737102 2738005
2738551 2738638
2740958 2741475
2742088 2744876
2745378 2745493
2747652 2748133
2748675 2751583
2752111 2754914
2756832 2757158
2759429 2760331
2760886 2760953
2763165 2764350
2764865 2765112
2766443 2766718
2767223 2767693
2768303 2770055
2770839 2772017
2772577 2773212
2773785 2775537
2776877 2777143
2777994 2778771
2782362 2783256
2784478 2784603
2785980 2787364
2787978 2788680
2791622 2791863
2792458 2793139
2794912 2795637
2796556 2797135
2797710 2799679
2800253 2802594
2803808 2804875
2809197 2810043
2811511 2812444
2813045 2813483
2819047 2820168
2821617 2822540
2824092 2824678
2825742 2826107
2826811 2826989
2830917 2831816
2833575 2833740
2834915 2835056
2835584 2836960
2837512 2837724
2839938 2840718
2843171 2843536
2844608 2847706
2851845 2853810
2854946 2856947
2857575 2858621
2859881 2859968
2860516 2860622
2863074 2863559
2864956 2866105
2867819 2868416
2870432 2870686
2871752 2872308
2873555 2874460
2877760 2878192
2881030 2881788
2883802 2884824
2885495 2886474
2887587 2890100
2891444 2892212
2892760 2893181
2893813 2894601
2895223 2895667
2897534 2898338
2898911 2899314
2900690 2900972
2901691 2901765
2903415 2903674
2904831 2905728
2906280 2907154
2908302 2909394
2910257 2910848
2912010 2912424
2913109 2913223
2916058 2916152
2917025 2917612
2920543 2921114
2923585 2923750
2926130 2926340
2929364 2929612
2931101 2934933
2938616 2939242
2942321 2942712
2945165 2946752
2947442 2947780
2948282 2948587
2952783 2953005
2954927 2955129
2955734 2957042
2958110 2959444
2961997 2962502
2966894 2967186
2970068 2971155
2971703 2971978
2973284 2973557
2974103 2975000
2975598 2975689
2980189 2982660
2986474 2987294
2988152 2991462
2992354 2992689
2993620 2993701
2995562 2999120
3001509 3001898
3006902 3007840
3008479 3008550
3009964 3010138
3012275 3012458
3013841 3014366
3015614 3016081
3016850 3017479
3017984 3018452
3019097 3019311
3020511 3021294
3021863 3022644
3023290 3023512
3024553 3024877
3025420 3025717
3026476 3027306
3028949 3030701
3033378 3033483
3035564 3036222
3036970 3037806
3039115 3039260
3042658 3044167
3045796 3045982
3047051 3047362
3051647 3051903
3053613 3055084
3056024 3056149
3056686 3058520
3060269 3060857
3061812 3062335
3063164 3063654
3069319 3070913
3071604 3072560
3076318 3077772
3078345 3080527
3082523 3084146
3084737 3085321
3089685 3090287
3090822 3091685
3092390 3092987
3094698 3096573
3098309 3099444
3099959 3100233
3101631 3102167
3103786 3104234
3105316 3105634
3106250 3107947
3109995 3110070
3114504 3116659
3119018 3119614
3120641 3121068
3121890 3122217
3122944 3124759
3126197 3127274
3127891 3128683
3129536 3129610
3130775 3132555
3133104 3133734
3135833 3136083
3136978 3137605
3140526 3142234
3144999 3145171
3145765 3148238
3148768 3150967
3151719 3152196
3153534 3154169
3154716 3154786
3157824 3159081
3160243 3161954
3164138 3166263
3168712 3169713
3170402 3172397
3173857 3173919
3174928 3175091
3175993 3176231
3177363 3177959
3179183 3179469
3180195 3182715
3185854 3188916
3189591 3190208
3191136 3193057
3193876 3195686
3196368 3196932
3198548 3200713
3204419 3205078
3208002 3210093
3210803 3210983
3212309 3212707
3214665 3216200
3219592 3219681
3220825 3221679
3223374 3223493
3226669 3227389
3228489 3230249
3235084 3235247
3235915 3236104
3238136 3238768
3239329 3240160
3240753 3240910
3241584 3242501
3243039 3243665
3247501 3248457
3249703 3250103
3252013 3253460
3254335 3255717
3256353 3258575
3262973 3265554
3266715 3268487
3270944 3271909
3273900 3274286
3274934 3275110
3279033 3279665
3284750 3286211
3288729 3289037
3291792 3292022
3293415 3295263
3295801 3296028
3296710 3297673
3298286 3298744
3299631 3300066
3300963 3303468
3305060 3305202
3307920 3309940
3310876 3311356
3313908 3314208
3315264 3315818
3316934 3317936
3320135 3321590
3322911 3323527
3325137 3326511
3329321 3330037
3331657 3332619
3333520 3334679
3335823 3336579
3337577 3338775
3340318 3340428
3345617 3347535
3353405 3355106
3357079 3357715
3358245 3358438
3360211 3361149
3362197 3364190
3366396 3367013
3368542 3370257
3370856 3371877
3372495 3377072
3378213 3379283
3380207 3380590
3381859 3382574
3384949 3385352
3387548 3387795
3388838 3389213
3394411 3395556
3396201 3396969
3398226 3398792
3400564 3400751
3406038 3406233
3409721 3410057
3410631 3412989
3415363 3415498
3417816 3418448
3419707 3420104
3420926 3421005
3421575 3422466
3424133 3425284
3427546 3428437
3429818 3430413
3431375 3432024
3433844 3434596
3436030 3436153
3436656 3438168
3439048 3442984
3445061 3445698
3446294 3447045
3447704 3447804
3448979 3449129
3449729 3450149
3453047 3453794
3454757 3455563
3456169 3456634
3457247 3457496
3458549 3459108
3459714 3460363
3461540 3462775
3464865 3465151
3468091 3468607
3470629 3471605
3472579 3472679
3473722 3474103
3474676 3476551
3479573 3480946
3484581 3487158
3487749 3488454
3489334 3490681
3492942 3493337
3493870 3494560
3495994 3496349
3498871 3499303
3499809 3501285
3502113 3502243
3503357 3504113
3506527 3509093
3513621 3513866
3514628 3515633
3516683 3517714
3519647 3521427
3522014 3522346
3527973 3528551
3529978 3530166
3531751 3534583
3535190 3535695
3536262 3537587
3542005 3544303
3546083 3546600
3547907 3548739
3549357 3551822
3552528 3553283
3554580 3554710
3557240 3561362
3562560 3562678
3565183 3566936
3568017 3568074
3571908 3571974
3572556 3572747
3573781 3573857
3574498 3579694
3582326 3582871
3585017 3585243
3587189 3588610
3589579 3591386
3592547 3599403
3599953 3600153
3603678 3604606
3605478 3606605
3611613 3612112
3612639 3613558
3614231 3614834
3615786 3616639
3621723 3621936
3622960 3623107
3624405 3626825
3628451 3629904
3631215 3634030
3634676 3635557
3636669 3636880
3637868 3640241
3641014 3641102
3642825 3643129
3645704 3646945
3648125 3648377
3648961 3649162
3649771 3650045
3653909 3655153
3655958 3657402
3659538 3660019
3661509 3662376
3662965 3663369
3664422 3664555
3665214 3665791
3666727 3669913
3670538 3670998
3671751 3672540
3673202 3673598
3674648 3675778
3677029 3677126
3679355 3679717
3680269 3682310
3683252 3683429
3684174 3684695
3686813 3689309
3690265 3690558
3693677 3693969
3694722 3694886
3700675 3701175
3701982 3704910
3705511 3706389
3707001 3707268
3707800 3708364
3709317 3709592
3710951 3711830
3712369 3712959
3714617 3714922
3715464 3716083
3718395 3719131
3720133 3720591
3726243 3726616
3727210 3728017
3729450 3730001
3731972 3733469
3734295 3734621
3735777 3738432
3739293 3739653
3740382 3741197
3744088 3744847
3746335 3746429
3747154 3747393
3749348 3751515
3752340 3752426
3753493 3753778
3754392 3754611
3755240 3755959
3757048 3757218
3758565 3758760
3760081 3760788
3761407 3761781
3763394 3764916
3767150 3767998
3768737 3768806
3769561 3770435
3772977 3773508
3775097 3777566
3778161 3778283
3779589 3779861
3781754 3781877
3783371 3785238
3786659 3786980
3787929 3790755
3791939 3792146
3792884 3793595
3794282 3794557
3800304 3801619
3803222 3803314
3803888 3804307
3804960 3805307
3806433 3807235
3810156 3810383
3810912 3812196
3812736 3815918
3818101 3818687
3819416 3820246
3821976 3822321
3823448 3824155
3825394 3826391
3828306 3828808
3829469 3829867
3830852 3831316
3831914 3833114
3834087 3834782
3837918 3838406
3839663 3840533
3841109 3841392
3842331 3842669
3843640 3845138
3847074 3847513
3848154 3848784
3854374 3854498
3855531 3856331
3860531 3861175
3862344 3862476
3864769 3866228
3867088 3867222
3868979 3869302
3870717 3871168
3871756 3871893
3872664 3872804
3874083 3874361
3877297 3877691
3880928 3881116
3882624 3882796
3885700 3885912
3886477 3887113
3889967 3890394
3891068 3891602
3892105 3892341
3892873 3893101
3895940 3896173
3900896 3901734
3902860 3904471
3906704 3906776
3907598 3908175
3910533 3910846
3911981 3913360
3914066 3914519
3916178 3916479
3919553 3921011
3922898 3923110
3923996 3924975
3926152 3926250
3927661 3928991
3930465 3930535
3931036 3931163
3934792 3935041
3939706 3939902
3941041 3943445
3944088 3944551
3945457 3945637
3946176 3946806
3950789 3951016
3953241 3954031
3954573 3956208
3957396 3958933
3959972 3960554
3961116 3962348
3965872 3966936
3967972 3968171
3971096 3971159
3972322 3972872
3975745 3976996
3978200 3978350
3979280 3979880
3981002 3981369
3982816 3984512
3987581 3988220
3989068 3989439
3990855 3993644
3994527 3995094
3995846 3997710
4003325 4004133
4007224 4007414
4009057 4012334
4014176 4015038
4019983 4020406
4020950 4021662
4022269 4023082
4023684 4025016
4025626 4025721
4026598 4027212
4028392 4029003
4031934 4033506
4034096 4034655
4037200 4037623
4038245 4040465
4041305 4042700
4044738 4044840
4045602 4046265
4046926 4047245
4050825 4051157
4051709 4053139
4055976 4056601
4057836 4059388
4064124 4064255
4065339 4065905
4067836 4070072
4070648 4070770
4072566 4072812
4077220 4077503
4081678 4083208
4083816 4084160
4089561 4091129
4091769 4092212
4093558 4093786
4094518 4095242
4095996 4096881
4097747 4098296
4099175 4100028
4101195 4101270
4102179 4102448
4104498 4104562
4105941 4106675
4108674 4108776
4109779 4113107
4115311 4122211
4122975 4123700
4126660 4129624
4131528 4132637
4133428 4133620
4134384 4135774
4136890 4138430
4140601 4141431
4146499 4146989
4148372 4149057
4149696 4150770
4151681 4151850
4153347 4153588
4155882 4156601
4157237 4157683
4160192 4160378
4162893 4163293
4164793 4164978
4165631 4165781
4166475 4166733
4167704 4167991
4168783 4169403
4170062 4170686
4174125 4175344
4176458 4176619
4177933 4179619
4180865 4183444
4187017 4187701
4188230 4190123
4192019 4192273
4193114 4193616
4194658 4195692
4196219 4196459
4197404 4198145
4199226 4203798
4206250 4206561
4207329 4209453
4210017 4210896
4212276 4212520
4213425 4213847
4216387 4216736
4218350 4218612
4220253 4220649
4221847 4221978
4222855 4223507
4225435 4225729
4226996 4228241
4229251 4229636
4231377 4232516
4233156 4233242
4236112 4237500
4238133 4238336
4238985 4240246
4240762 4241021
4242235 4242723
4245266 4246666
4247275 4248492
4250890 4250962
4251479 4252374
4252975 4253058
4254070 4254566
4255089 4256557
4257266 4257530
4258996 4259226
4261349 4262302
4263202 4263391
4265064 4265552
4271517 4271743
4274787 4276078
4278930 4279387
4280151 4282639
4283473 4285182
4286465 4286683
4288484 4288545
4289402 4289457
4290543 4291595
4293106 4298709
4299213 4303768
4304929 4306517
4307243 4307351
4307980 4309168
4310300 4310350
4310859 4311616
4312219 4312391
4314841 4315711
4316310 4317965
4318824 4318907
4319410 4319702
4321145 4321367
4322655 4323261
4323963 4324327
4324938 4325707
4327307 4327788
4328395 4328732
4329322 4329744
4330295 4331246
4334019 4334523
4335398 4335471
4336737 4336823
4337460 4337884
4338906 4339018
4339675 4340425
4340962 4342680
4343228 4344963
4345467 4346296
4347301 4349217
4350927 4351517
4352138 4353296
4353979 4354622
4357318 4359928
4361609 4361909
4362463 4362976
4363633 4367466
4369812 4369901
4372511 4372747
4376051 4376802
4377471 4377565
4379973 4380784
4382850 4385367
4386364 4386661
4389219 4389571
4390275 4390557
4391190 4392074
4395773 4396121
4397371 4398905
4399427 4399679
4400182 4402374
4403298 4403555
4409167 4409221
4410408 4411280
4412276 4414067
4417260 4418293
4420699 4421229
4424462 4426196
4426989 4428522
4430497 4431466
4432144 4432711
4434749 4435936
4436885 4439618
4440933 4441708
4442849 4443101
4447003 4447410
4448448 4449379
4450045 4450880
4451428 4452457
4455011 4455698
4457290 4457687
4459335 4459554
4462209 4462434
4463762 4464238
4464760 4465013
4465824 4466363
4467898 4468132
4469977 4470030
4471456 4472160
4475234 4475522
4478015 4478294
4479030 4479135
4479853 4479981
4480794 4481071
4481889 4482164
4482689 4483247
4485376 4486164
4487466 4487964
4489509 4491257
4491897 4492453
4494170 4495983
4497980 4498130
4498800 4498886
4499396 4499474
4500878 4501253
4501802 4502741
4504917 4505532
4506095 4506499
4507095 4507257
4507927 4508894
4511999 4512325
4512904 4513036
4513573 4514100
4514845 4514984
4515830 4516021
4516610 4517823
4521039 4521302
4522945 4523466
4524077 4526612
4528009 4528144
4531000 4531121
4532026 4533515
4534270 4536305
4538079 4539486
4541149 4541351
4542375 4542974
4544686 4545110
4546821 4548181
4549646 4550136
4551608 4553281
4553844 4554818
4555539 4555775
4556624 4557402
4559355 4559834
4561335 4561754
4563280 4563826
4565231 4566772
4567628 4568746
4569791 4569999
4570691 4570833
4571655 4573549
4574842 4576744
4577907 4578213
4579791 4581884
4582386 4582824
4583799 4583966
4588042 4588346
4588979 4589681
4590192 4590300
4591736 4592714
4593260 4593336
4594091 4594289
4595493 4596148
4598633 4598856
4599653 4599797
4602724 4603041
4604058 4604293
4605720 4606006
4606883 4607496
4610084 4610258
4610922 4611231
4613503 4613741
4614303 4616170
4616791 4617604
4618415 4619598
4620544 4620984
4621690 4621864
4625647 4626795
4628939 4629932
4630529 4631355
4632147 4632382
4633910 4634070
4634682 4635052
4635872 4637285
4638437 4638620
4640274 4641104
4642734 4643752
4644472 4644940
4647801 4647858
4648976 4650920
4651989 4652052
4653212 4655349
4655912 4656118
4657503 4658686
4659568 4661031
4663644 4663860
4665710 4667009
4668487 4669138
4669771 4671164
4672018 4672369
4674180 4674387
4675113 4675613
4676246 4678379
4679184 4681401
4682587 4683135
4685318 4686191
4686908 4688672
4689992 4693138
4695023 4695304
4696684 4697995
4701418 4702792
4703936 4704071
4705360 4706633
4709889 4711045
4711920 4712565
4713613 4713853
4716234 4719435
4720655 4721489
4722127 4722224
4724161 4725504
4727811 4727949
4728635 4728931
4729519 4730744
4732078 4732884
4733420 4734298
4734851 4735323
4736441 4738496
4739012 4739955
4740524 4741744
4742316 4744030
4744592 4744980
4746236 4747276
4748762 4749112
4749721 4750808
4753447 4755363
4756709 4758233
4758769 4760418
4761798 4762208
4763463 4763645
4765571 4765721
4766271 4768183
4771281 4772495
4773480 4773878
4777043 4777258
4781282 4782142
4785566 4785654
4786726 4787585
4788314 4788735
4792935 4793203
4795310 4796390
4799326 4799868
4801211 4801495
4802013 4805850
4807064 4811234
4814935 4816437
4817607 4819509
4820495 4821449
4822509 4824487
4827712 4828174
4829197 4829387
4831230 4831374
4833693 4833980
4834924 4835719
4836234 4836466
4837919 4838014
4839257 4840563
4841245 4841655
4842354 4842846
4843987 4844338
4845579 4847895
4848632 4848966
4849959 4852167
4853163 4855005
4855659 4856237
Salmonella_0920_Ancestor_
1 255
1504 1785
2303 2524
4412 5296
9030 9644
11131 11504
13826 14794
16882 20725
21488 22567
23107 23579
25018 26088
26815 27705
28961 29081
30899 32280
34542 34750
36754 37247
38829 39432
40111 40979
45189 45686
46502 46866
48370 48494
52868 52957
53485 53907
55190 57044
57767 58391
59002 59265
61203 61438
63705 64225
64748 66241
68266 68515
69831 70310
71878 73585
74424 76657
77240 78035
78616 78688
80013 80800
81434 82837
84242 84439
87743 87964
88529 88722
90865 91597
92104 92215
92748 94066
95794 96772
97278 97373
100108 101381
102130 103413
104876 105876
108195 108628
109135 109528
110202 111081
112815 113390
114182 114488
115252 115912
116817 117860
118519 118632
119316 120432
123081 123347
124963 125115
126124 127477
132666 133708
134792 134967
136257 136965
141016 141754
142934 143922
145861 148031
150459 150674
151287 151446
152351 154637
155749 156150
156785 158887
159493 160776
164142 164373
167312 167852
168442 168918
170747 171031
173545 174139
174728 174999
175568 176233
177157 177682
179447 180588
183957 185285
186133 186753
194558 194904
195838 196417
197926 199606
200218 201142
202572 203417
205016 206085
208347 208540
209744 210326
213740 214388
214988 215819
219315 219651
221480 222615
227581 227836
229065 229407
231927 234562
235828 236146
238176 239968
240506 241704
242640 244107
245189 245388
249601 249871
251561 252055
253367 254202
259886 260214
260730 262452
265107 266153
267845 268266
269327 274562
275110 275713
277160 277385
278237 278353
281320 281734
282499 282565
287956 288198
288859 294506
296181 297115
298158 299439
300919 302820
303536 303905
305143 307303
307937 308083
315724 316827
317584 318189
318826 319463
320114 320827
323422 324005
324575 324738
325388 325783
329969 332199
332713 332908
333616 334133
334664 334878
335530 336556
338303 339171
339792 340423
342451 342634
343285 343423
343994 345789
346732 348339
351529 351662
355791 356630
357204 358571
359659 360354
362098 362411
365328 366027
370332 371411
372541 372751
373414 373869
374992 376065
376697 378651
382538 382889
384182 385117
386803 386982
388278 388678
390680 391327
393466 394322
395354 395830
396336 397556
400068 400264
401442 402173
403489 404617
406990 407488
408534 409597
411068 411153
411809 411929
415242 415626
416357 416633
419323 419570
420775 422004
423906 424493
425266 425375
426172 427880
429053 430064
430655 431648
433967 434625
435772 436342
439211 439530
440223 440495
442602 442929
444128 444265
449451 451634
454830 456038
457405 457661
459036 459759
460627 461707
462306 462856
463474 463545
465356 465543
467597 467881
469726 469799
472353 472438
473108 474031
475196 475394
476797 476907
477908 480150
481206 481946
483037 483549
486518 486717
487990 488084
488859 489820
490442 490784
492345 492714
494303 494694
497227 498135
498826 500052
500844 502026
502648 502906
504090 504394
507347 509790
511680 512580
514327 514742
515457 515980
517556 518868
520246 520914
521525 523161
524203 524503
525598 527500
528379 529429
535605 537194
537708 538786
539560 540164
541244 541717
542996 543200
544644 545304
546085 547143
547866 548139
548695 550000
551414 551520
552030 552986
554492 554848
555426 555972
560818 560976
561683 562355
565189 565669
566401 567681
568231 568726
569233 569492
572695 573242
574007 574152
577482 577671
579498 580436
583309 584069
586226 587263
587785 588175
589477 589645
590779 591403
592041 592252
593227 594962
596301 598699
599376 601684
602609 603137
604011 604758
605627 606299
607054 609505
611889 612457
614554 614611
616364 616554
617732 617987
618778 618860
621418 623070
623635 625311
625852 626033
627092 627443
628267 628648
631344 631939
633150 633996
636214 636802
637513 637823
638480 638872
639579 641892
644497 644637
647600 647714
651171 651986
653875 654592
656672 661196
661897 662375
664189 664716
666990 667834
668915 669287
669886 670365
671918 672064
673015 674040
676123 676372
677147 679666
681992 682590
684165 684289
685377 686123
687044 688609
690917 691333
694619 696036
697687 698453
699241 700430
702423 703040
703646 705302
706453 707119
708725 709749
710964 711218
712392 712864
713986 714599
716155 716514
720164 722107
722687 724021
724577 726904
727431 728433
729021 730008
730578 730971
731922 733619
734887 735769
737595 737801
738318 738883
739665 740576
741372 741944
742539 744753
746018 746870
752486 754484
755106 756604
757258 758102
760398 760710
761352 763175
764897 766319
768221 768761
769725 769789
770399 771078
771695 772340
772906 774503
775387 775458
776378 777585
780839 781376
782651 782833
783415 784224
784779 785296
789597 789782
790855 791291
795752 796317
796855 797328
798584 798903
800745 801930
803055 803850
806487 807583
808216 808296
808931 809053
809668 809764
811531 811590
816899 817063
817715 819656
821135 821433
822402 823082
823697 823827
827251 829166
829668 830150
831136 831277
831815 832550
833594 835883
837331 837620
838845 839091
840001 840287
841123 841311
841897 842347
843399 844447
845222 846116
847056 849206
850941 851210
854434 856406
858087 859472
862247 863223
863787 864429
866083 866171
870254 870681
871213 872535
873952 874093
875834 876285
877843 878888
879530 879670
881335 882017
882593 882961
884394 884697
886733 887278
888642 889366
890085 890798
891426 891961
896285 898210
901830 902879
904231 905294
906018 907604
908334 908597
910499 911619
914530 918549
919730 920171
921045 922117
924589 924688
925258 926436
929174 929423
931058 931697
933388 933613
934789 935501
936380 936579
937621 937753
938742 938969
939551 942491
943542 945402
946735 949285
950074 950582
951830 951950
952624 955117
956364 957704
963449 963640
968414 969265
969833 970311
971941 972135
972728 972904
973565 974162
974710 974795
975700 975921
976935 977514
979145 979922
986300 986999
987754 988075
988714 990352
992635 993776
995985 997820
998516 999921
1000904 1002200
1002773 1002984
1005162 1005966
1006975 1007363
1007951 1008186
1010033 1011408
1012014 1012545
1013740 1017414
1018690 1019214
1019763 1020218
1023881 1025636
1026515 1027351
1029131 1029629
1030177 1030613
1034154 1034513
1035066 1035595
1036403 1037907
1042745 1042833
1043996 1044495
1046220 1050060
1050958 1051151
1052770 1052986
1053717 1054033
1055309 1056201
1057565 1058304
1059412 1059677
1060403 1060504
1061922 1062321
1064729 1066999
1072196 1072483
1073843 1074724
1075231 1075532
1076954 1078285
1080229 1081311
1082154 1082524
1083085 1083242
1085166 1087706
1091985 1092594
1095133 1095507
1096245 1096681
1098467 1104299
1105029 1109376
1109975 1110970
1112429 1114208
1114716 1115596
1118387 1119579
1120082 1120726
1121768 1123205
1123761 1124447
1125217 1125304
1126652 1127196
1127700 1128855
1130741 1130950
1131470 1131579
1132478 1132692
1133260 1133603
1134990 1135898
1136491 1137152
1138080 1138388
1139009 1140513
1144293 1144417
1145018 1145333
1149522 1150079
1152887 1153063
1154178 1154295
1154886 1156854
1158692 1158938
1159509 1159830
1160346 1162165
1163394 1163632
1164254 1165178
1165686 1167395
1173063 1176652
1178039 1180714
1183273 1183493
1184968 1185719
1186601 1188625
1190746 1191108
1194971 1195322
1197338 1197713
1198842 1199166
1199813 1200142
1200830 1201188
1201734 1201915
1202503 1202759
1203431 1203725
1205430 1205651
1207832 1208311
1209335 1209543
1210827 1211577
1212107 1213862
1217308 1217528
1218829 1220113
1220966 1221523
1223112 1226243
1226858 1227348
1227911 1229488
1230474 1231125
1233417 1233506
1236457 1236607
1242593 1242713
1243837 1243987
1244622 1244708
1247468 1248046
1248632 1249029
1249538 1249887
1250476 1251185
1251849 1252110
1253349 1253607
1254595 1256337
1257676 1258668
1259450 1260283
1266824 1268622
1269393 1270061
1271619 1271826
1272590 1272893
1274379 1274968
1276481 1278187
1278986 1279645
1282190 1282463
1282996 1284163
1287462 1287717
1291201 1291386
1292608 1295323
1295839 1297345
1299060 1300581
1301102 1303287
1304036 1304094
1305323 1307243
1307790 1308536
1309547 1310524
1311056 1312383
1313016 1314007
1318506 1318589
1322803 1323315
1325424 1326456
1330290 1330447
1333009 1333081
1334422 1334874
1335394 1337125
1338348 1339611
1340124 1340945
1341616 1342451
1344194 1345296
1348322 1348396
1351216 1351861
1353329 1353641
1356146 1356475
1357120 1359556
1361345 1361959
1362789 1364312
1366360 1366690
1369491 1369569
1370079 1370977
1372577 1373003
1373862 1374486
1376554 1377871
1381717 1383236
1383835 1384108
1385058 1385354
1388386 1389485
1390770 1391610
1392258 1392887
1396877 1397242
1399780 1399865
1400476 1401385
1402522 1402837
1404373 1404628
1405192 1405421
1406021 1406127
1407116 1407335
1407902 1408661
1409707 1410854
1411452 1413416
1416943 1417638
1418149 1418539
1419573 1420811
1421878 1422885
1426860 1428084
1429665 1430253
1431199 1434278
1435560 1435815
1439715 1440110
1440747 1440946
1441501 1442752
1443710 1443980
1444675 1444776
1445324 1445505
1446070 1446918
1449201 1449539
1450609 1454575
1455707 1457242
1457991 1458972
1461776 1463122
1463688 1464337
1465531 1467490
1469335 1470291
1471257 1471391
1472911 1474219
1474981 1477213
1477981 1478602
1479359 1479732
1481753 1481902
1484329 1485309
1487106 1487609
1489671 1490041
1491443 1494589
1495193 1496104
1498217 1498394
1500989 1501167
1503407 1504166
1507248 1508236
1509138 1509287
1512938 1515407
1520119 1521267
1522766 1527178
1527787 1528089
1533880 1534044
1534641 1535760
1538429 1540133
1543775 1544951
1546455 1547288
1550667 1551244
1553992 1555527
1556202 1557319
1559028 1559657
1561992 1562477
1564604 1565186
1566590 1567475
1568146 1568479
1569485 1569831
1573317 1574698
1576938 1577175
1582414 1583736
1584289 1584414
1585714 1586758
1587896 1589242
1590171 1590307
1593574 1593932
1597399 1598261
1600125 1601830
1603451 1604319
1607039 1608646
1610624 1611788
1612932 1613199
1613785 1615228
1615731 1615890
1617081 1617401
1618226 1618534
1619158 1619382
1620890 1621647
1623337 1623575
1624640 1625951
1627871 1628623
1629353 1629586
1630127 1632066
1632586 1633689
1638934 1639326
1643542 1644280
1644887 1645049
1650485 1650615
1651707 1652099
1654386 1654645
1655624 1657029
1657922 1658867
1659854 1659981
1661573 1662424
1663087 1663215
1663986 1664135
1664940 1666417
1667356 1667910
1669403 1670810
1671914 1672153
1673089 1674993
1675669 1678917
1679831 1681240
1681996 1683799
1685692 1687455
1688108 1688623
1689313 1693585
1694172 1694292
1695421 1695885
1696846 1697187
1699439 1699633
1700800 1702503
1704019 1704461
1705086 1705661
1708266 1708524
1709509 1710555
1711791 1711932
1712543 1712845
1713372 1714019
1714638 1715108
1716420 1716531
1719072 1719180
1719723 1720105
1724041 1724488
1725141 1725359
1726695 1727266
1727965 1729586
1730863 1731284
1731937 1733304
1733841 1734251
1738500 1738921
1739800 1740879
1750324 1750750
1751499 1751851
1752359 1754722
1755849 1756971
1758362 1759349
1760153 1760331
1761388 1761804
1764128 1764180
1765533 1765795
1766549 1768479
1769541 1769737
1771338 1771633
1772189 1772277
1772843 1777173
1778344 1779554
1781064 1781234
1781847 1783626
1786595 1786699
1788579 1789212
1790009 1790111
1790949 1791028
1793467 1794576
1795097 1795394
1796023 1796497
1797018 1797265
1797812 1797889
1799115 1799223
1799909 1800746
1801646 1801944
1803493 1805763
1807425 1807619
1808547 1810228
1812053 1812788
1817281 1819563
1820813 1822771
1823437 1823953
1826499 1826725
1827360 1827743
1830539 1831187
1831932 1832166
1832931 1833170
1839384 1841687
1842970 1843086
1844032 1845618
1846121 1846211
1848242 1848601
1850064 1850204
1850867 1851273
1851819 1853022
1853908 1854001
1854662 1854977
1856705 1857588
1859111 1862818
1864455 1865983
1866647 1870140
1873435 1875419
1875998 1876471
1877436 1877914
1882795 1883714
1884596 1885205
1885740 1886357
1886932 1887624
1890812 1890879
1891577 1892170
1893668 1893882
1895340 1899740
1903518 1904117
1905631 1906946
1907673 1908432
1911736 1912421
1913096 1913676
1914485 1914559
1916654 1916773
1918532 1918660
1920913 1922325
1922850 1923339
1923957 1924028
1924540 1924955
1926770 1929264
1930970 1931357
1933223 1933740
1938433 1939340
1942377 1942861
1944587 1944674
1945247 1945871
1947407 1947459
1948251 1948785
1952455 1953201
1955274 1955513
1956579 1960134
1961633 1962369
1963530 1963775
1964349 1964720
1965957 1967293
1967968 1968221
1969277 1969903
1971299 1971998
1972530 1973071
1975055 1976694
1978776 1980705
1982994 1985733
1986268 1986396
1988091 1990157
1991197 1991564
1994668 1994818
1996384 1996804
1999352 2002961
2005758 2006312
2007391 2008046
2008742 2008920
2009679 2011121
2012504 2013599
2014443 2015002
2016748 2017023
2019634 2019905
2020654 2020818
2021409 2021876
2022498 2023156
2023902 2024028
2024729 2025434
2025995 2026357
2027123 2028086
2030427 2030616
2031307 2033238
2034057 2034886
2035390 2035699
2036744 2036986
2037919 2038639
2039804 2040168
2043552 2044221
2045473 2050464
2051360 2052468
2053179 2053769
2054281 2054684
2056908 2057428
2059102 2062067
2063253 2063692
2065951 2066218
2067928 2068288
2069622 2069783
2070709 2071367
2072809 2072928
2074143 2076245
2081002 2082730
2084301 2084456
2085124 2085586
2089467 2089760
2090369 2090611
2093626 2093730
2094244 2095470
2096876 2097031
2098999 2099905
2100750 2102796
2104936 2108527
2109607 2109748
2110312 2110531
2112310 2112555
2113265 2115717
2117188 2118509
2119884 2120166
2122738 2123375
2124643 2125487
2126883 2127507
2129943 2130134
2133836 2135691
2137888 2138125
2139657 2139861
2141216 2142892
2144290 2144341
2145348 2147251
2148562 2148707
2150497 2152262
2155199 2156130
2157051 2157286
2158177 2158268
2161210 2161542
2162693 2162883
2163481 2164348
2166761 2167214
2172769 2173419
2173958 2174247
2174975 2175265
2175946 2177661
2178958 2179122
2181475 2181720
2182534 2183091
2183922 2186278
2187488 2189294
2190540 2191157
2192041 2192871
2196383 2196451
2197119 2197698
2198863 2200480
2204214 2204866
2208697 2210228
2212017 2213638
2215075 2215632
2216472 2217389
2217946 2218041
2218948 2219667
2220203 2220335
2221356 2222653
2223343 2223465
2224888 2225016
2226287 2226476
2227903 2228741
2229539 2231109
2238172 2238517
2239123 2240456
2242041 2242895
2247031 2247195
2247760 2248353
2249252 2249718
2250982 2252274
2253013 2253456
2254172 2254785
2256457 2256697
2257506 2258046
2259494 2259719
2260254 2260995
2264903 2265727
2268001 2268813
2271995 2272554
2274642 2275722
2276330 2277229
2278420 2278632
2279891 2280115
2280620 2280807
2283515 2285278
2285903 2287746
2288249 2288399
2289768 2290087
2291609 2292531
2293325 2294382
2294923 2295011
2297942 2298060
2299478 2301173
2303076 2304229
2304893 2305873
2306376 2308156
2308818 2309049
2310541 2310741
2311901 2312284
2315230 2315394
2316428 2316843
2318797 2318982
2319503 2320390
2322230 2322390
2326403 2328033
2329368 2329429
2330420 2331425
2334698 2335341
2337413 2338251
2339094 2339376
2340040 2340269
2341139 2341221
2341883 2343269
2343860 2344360
2346082 2346269
2347508 2348853
2349413 2350745
2351784 2353488
2355989 2356496
2357086 2357443
2358119 2358813
2359472 2360683
2362100 2363516
2367556 2369042
2371469 2371535
2372129 2372377
2373222 2374038
2377884 2378630
2379444 2380631
2381404 2381920
2382493 2382631
2383767 2383997
2384519 2385120
2387016 2387907
2388535 2388665
2389491 2389760
2392028 2393422
2395719 2396148
2396658 2397439
2400696 2401215
2402088 2402463
2403059 2404759
2405592 2407715
2408224 2409039
2409720 2410567
2413338 2413965
2414518 2414913
2415453 2416748
2417793 2418081
2419012 2419570
2420317 2420441
2421300 2421784
2423153 2423763
2424278 2425746
2426467 2426566
2427613 2428015
2431204 2432068
2433391 2434896
2436946 2437811
2439334 2440121
2441011 2441927
2442825 2445816
2447369 2448207
2451251 2451874
2452893 2455777
2456332 2457269
2458279 2458908
2459489 2460041
2462285 2462662
2463933 2465658
2466706 2466809
2468881 2469634
2470438 2471614
2472517 2472991
2474050 2474176
2475511 2476049
2476734 2477293
2477866 2478884
2479703 2480489
2481075 2481384
2481965 2483473
2484172 2484272
2486428 2490283
2491058 2492019
2492702 2492975
2494814 2495604
2496367 2496567
2497182 2497301
2498289 2498493
2502389 2503213
2503731 2505235
2505891 2506078
2507907 2508403
2510463 2510664
2513526 2514118
2514745 2515263
2516876 2517702
2520832 2521716
2522892 2523628
2524333 2524778
2525338 2525628
2527667 2527857
2528586 2529687
2531268 2532138
2533428 2534103
2534664 2536802
2542152 2542704
2544104 2544413
2545030 2547060
2548936 2549625
2551641 2551939
2552554 2552899
2553635 2553958
2555801 2555896
2556427 2556797
2557321 2557796
2558754 2561118
2562347 2562539
2564342 2564673
2565865 2566805
2579319 2579840
2580548 2581641
2582755 2583194
2584028 2585826
2589287 2590768
2598968 2600625
2603826 2604272
2606563 2607066
2608218 2608872
2609424 2610887
2611629 2612248
2613816 2614257
2614871 2615439
2616000 2616083
2616806 2617094
2618161 2618650
2623725 2624582
2625945 2626162
2627306 2627798
2628534 2630106
2630913 2631029
2633483 2633737
2636934 2637700
2639531 2642732
2645430 2645721
2648054 2648336
2648867 2649265
2651266 2653120
2656085 2656652
2657333 2658836
2664659 2664740
2665761 2666371
2667259 2667454
2668167 2669006
2670024 2670668
2671919 2672229
2672821 2673175
2674609 2675391
2677046 2677883
2680326 2680762
2681624 2682474
2684391 2684767
2687017 2687247
2688732 2689911
2690981 2691333
2694592 2695309
2697454 2698469
2698995 2699280
2699874 2703738
2706513 2706708
2707536 2707811
2710524 2710790
2712398 2712678
2713565 2714432
2718040 2719382
2720873 2721130
2722827 2724150
2725001 2725989
2727797 2728523
2729609 2730119
2730685 2731831
2733007 2733294
2734088 2736802
2737349 2738038
2738558 2738642
2739306 2741375
2742643 2742749
2746428 2747000
2749018 2749535
2750892 2753103
2755849 2756032
2758806 2759280
2760385 2760968
2761617 2763911
2765985 2766389
2770073 2770296
2774127 2774197
2774767 2775245
2775818 2775945
2780610 2782881
2784103 2784417
2785228 2786178
2786818 2787610
2789321 2792051
2792633 2801660
2802195 2804868
2805382 2805989
2806683 2807595
2809729 2810616
2811811 2812173
2814930 2815055
2815909 2816670
2817498 2817816
2818430 2819670
2821170 2822315
2822910 2824165
2825364 2825568
2826810 2833046
2834260 2834517
2836017 2836945
2837631 2838430
2839098 2839924
2844035 2846759
2847852 2848265
2848970 2849509
2851531 2851969
2852654 2852883
2853533 2853974
2854544 2855130
2856461 2856596
2857263 2857357
2858169 2858473
2859803 2861213
2862094 2862268
2864027 2864767
2866329 2867412
2869326 2871162
2871752 2873059
2874999 2875747
2876686 2877660
2878750 2879566
2880335 2881827
2883385 2884825
2886367 2888084
2890200 2891081
2892268 2892495
2894588 2894775
2895327 2895663
2897740 2898693
2899290 2899366
2900083 2900365
2901267 2901893
2903139 2903521
2907795 2908295
2908843 2909114
2909711 2910106
2910948 2911910
2912524 2912611
2915337 2915502
2918705 2919817
2920376 2921114
2922038 2927597
2928686 2929503
2931320 2931486
2935526 2936270
2936917 2937441
2937972 2938163
2940268 2940659
2941374 2942414
2945062 2945542
2949196 2951823
2954978 2955129
2955734 2956098
2956743 2957042
2959544 2960049
2961723 2961997
2964730 2967186
2968130 2971155
2971719 2971978
2975598 2975689
2976713 2977422
2980189 2980608
2982760 2984544
2986474 2986774
2989152 2990961
2991868 2993520
2995373 2995838
2997180 2997268
2999883 3000297
3001509 3001898
3002525 3005504
3008475 3008550
3012935 3013123
3014284 3015889
3017544 3017656
3023822 3024062
3024618 3025535
3026755 3029627
3031191 3031449
3033997 3034988
3038037 3038213
3039505 3040293
3041478 3045122
3046095 3046353
3047399 3047585
3048219 3049114
3049990 3050125
3051262 3051917
3054121 3054266
3054774 3056411
3059898 3060003
3061016 3061934
3062680 3063542
3066655 3066905
3067920 3069466
3070002 3071072
3074192 3075623
3077723 3079326
3079940 3080311
3080989 3081237
3081772 3083193
3084737 3088894
3089425 3089585
3090326 3091067
3091785 3092987
3095388 3095485
3096363 3096573
3097799 3098729
3099887 3102167
3104803 3105526
3106250 3106885
3108885 3112681
3113195 3113284
3114504 3114886
3116457 3118146
3119714 3119943
3125597 3126457
3127082 3127274
3129555 3129674
3133104 3135169
3135833 3136083
3136978 3137943
3140471 3140664
3142982 3144212
3144999 3145171
3147706 3148238
3151719 3154088
3154716 3154786
3155440 3155696
3156823 3157245
3157824 3159081
3161684 3163063
3163674 3164500
3166116 3166263
3172497 3173151
3174137 3176231
3176836 3177959
3179255 3180098
3181249 3181549
3182812 3183313
3183940 3185335
3185854 3186154
3186697 3187220
3188668 3189734
3190326 3191629
3193582 3194827
3195468 3196300
3196814 3196964
3197485 3197969
3198487 3198930
3201471 3202151
3203439 3203914
3205178 3205877
3207331 3207621
3214397 3214650
3215906 3216870
3217613 3218466
3219325 3219725
3223161 3223304
3223905 3223984
3226866 3227730
3228408 3228790
3229412 3229547
3230260 3230804
3235289 3235585
3238745 3238872
3240103 3240613
3241393 3241913
3242974 3243390
3244159 3244952
3245459 3246684
3247286 3247841
3251137 3251228
3251758 3252462
3253371 3254020
3254717 3255218
3255797 3256072
3257115 3257490
3258362 3259035
3259558 3259961
3260546 3262921
3263737 3264696
3265434 3266198
3268370 3268427
3273033 3274054
3279201 3281452
3282813 3283968
3285253 3285812
3286472 3286665
3287829 3288219
3292084 3293102
3293686 3294594
3295619 3296393
3298998 3299287
3300479 3302829
3303515 3303885
3307036 3307333
3308331 3309087
3309633 3310487
3311984 3313253
3314873 3315589
3316893 3318789
3319506 3320311
3320876 3321952
3323320 3323966
3324875 3325998
3326974 3327976
3328487 3331597
3332171 3333603
3336403 3336809
3338934 3339123
3339950 3340197
3341942 3342940
3344844 3346066
3347927 3348200
3350297 3352460
3354313 3355902
3356547 3356726
3358878 3360836
3361740 3362619
3364036 3366647
3367246 3367827
3368612 3368935
3370345 3370653
3373459 3376323
3380069 3380761
3382945 3384234
3384880 3385852
3386399 3386631
3387742 3387964
3394876 3395207
3396453 3396820
3398105 3398879
3399404 3401145
3403522 3404157
3407380 3408297
3408806 3411273
3411802 3414148
3417521 3417617
3420360 3420660
3424185 3425318
3425983 3426510
3427285 3428610
3430345 3430539
3431199 3431603
3432701 3433266
3434817 3434992
3436346 3436568
3437487 3438268
3439871 3441342
3442748 3442984
3446478 3447045
3447996 3448127
3448979 3449129
3449729 3449896
3450403 3450659
3451598 3451921
3457178 3459108
3461773 3461860
3462875 3463194
3463841 3464283
3464865 3465151
3465730 3466918
3469127 3469537
3471040 3471224
3472579 3472679
3473925 3474103
3474699 3475107
3475918 3476508
3477099 3478512
3481046 3481993
3483591 3484501
3487749 3488454
3490219 3493209
3493870 3494043
3497258 3497848
3499339 3500135
3501073 3501435
3502205 3503473
3505399 3505766
3506271 3507213
3508075 3508452
3509342 3511609
3513010 3513659
3515067 3515918
3516449 3517038
3517645 3521949
3522545 3522867
3524973 3525366
3529080 3530552
3531077 3535034
3535632 3536294
3537348 3538792
3539318 3539799
3542308 3542690
3544033 3545448
3546541 3548647
3549357 3550152
3554580 3554710
3555575 3555684
3558104 3558337
3559434 3559493
3560791 3561719
3562270 3563355
3563888 3564215
3565244 3565386
3566589 3572179
3572771 3573911
3575556 3575818
3581000 3581860
3583520 3584706
3585686 3586625
3587567 3587965
3588570 3588842
3591482 3596220
3598409 3599719
3600314 3600677
3601840 3603379
3604035 3604527
3606895 3607188
3607861 3609388
3612914 3613295
3614559 3615270
3615786 3617765
3618270 3618496
3619454 3619933
3620601 3620779
3621724 3621936
3625765 3625821
3627179 3627436
3628027 3628989
3629592 3631301
3632096 3632344
3635198 3638164
3641014 3642076
3643004 3643114
3643622 3645129
3645704 3646171
3649771 3650045
3650666 3650902
3652013 3654279
3655958 3656670
3657920 3658963
3659538 3661639
3662476 3663369
3664355 3664455
3664962 3665121
3667337 3667771
3670640 3670998
3671525 3671651
3672640 3673426
3677226 3677911
3678500 3679717
3682022 3682310
3683252 3684695
3685245 3685595
3686161 3686366
3687590 3687717
3688502 3689309
3689971 3690558
3692325 3694823
3695807 3696955
3697955 3698395
3703102 3703281
3703808 3704186
3707001 3707268
3708202 3709592
3711654 3711830
3712369 3712663
3713646 3713976
3715464 3716083
3716768 3717165
3719898 3720859
3722030 3722582
3723107 3726214
3728979 3729350
3730862 3733215
3735357 3735606
3736939 3737094
3737822 3738572
3739708 3740085
3742211 3744083
3745964 3746214
3747071 3748272
3748811 3752236
3755433 3755877
3758689 3759859
3761280 3761427
3762511 3765340
3768131 3768357
3768952 3769700
3770754 3770937
3773010 3775555
3778520 3778849
3780185 3780684
3783216 3783987
3785628 3786437
3787758 3787953
3788522 3789470
3791907 3792126
3792748 3793302
3794092 3794178
3794715 3795236
3796420 3796709
3798023 3798172
3798956 3799364
3804042 3805326
3805864 3806136
3810588 3810741
3812050 3812223
3815281 3816621
3817490 3817566
3821677 3821876
3823571 3824814
3825813 3826460
3827235 3828051
3829697 3831370
3833027 3833702
3834584 3834724
3835495 3835632
3836771 3837583
3839374 3840198
3840983 3841060
3841566 3841802
3843836 3845044
3846213 3846395
3847927 3848351
3849272 3850549
3852890 3853014
3854172 3854877
3856357 3857704
3858723 3859234
3860369 3861227
3862250 3862392
3863330 3863748
3864719 3866279
3868982 3871971
3872606 3873012
3876072 3877009
3878580 3879082
3879742 3880055
3880997 3881994
3882624 3882796
3884020 3884276
3884865 3885600
3888963 3889434
3889967 3891356
3892105 3892341
3892873 3893101
3894815 3898395
3899034 3899620
3900500 3900861
3902422 3906116
3906704 3906776
3909594 3909953
3913187 3913360
3914235 3915302
3916178 3923896
3925065 3925413
3926152 3926250
3926851 3927561
3928755 3928991
3930635 3931747
3932454 3932847
3935503 3936041
3937194 3940009
3941021 3941584
3945113 3945357
3947318 3950281
3952822 3954030
3956308 3956638
3959972 3961911
3963555 3965045
3966445 3966936
3968797 3969214
3974540 3975002
3978482 3978556
3982142 3985155
3990837 3991159
3992112 3992431
3993092 3993902
3994467 3995456
3996144 3996691
4001000 4001112
4003354 4003905
4005593 4006625
4008604 4009336
4010566 4010986
4011821 4013778
4014612 4015156
4016523 4017986
4019198 4019439
4022425 4022869
4023372 4023767
4024404 4024729
4025279 4032489
4033916 4035746
4037306 4038571
4041391 4041947
4044230 4044520
4045324 4045524
4046180 4046304
4048763 4048859
4049618 4050943
4053864 4054029
4054584 4054825
4057071 4057783
4058578 4058981
4061413 4061666
4062198 4062357
4063036 4063197
4063985 4064537
4065273 4065498
4067673 4067865
4069589 4069715
4071359 4073626
4075741 4075832
4077675 4078368
4079425 4079599
4081507 4081699
4082837 4083091
4087751 4087848
4088859 4089654
4090228 4090881
4091559 4091877
4092856 4093951
4094798 4095624
4096173 4097623
4098901 4100779
4101332 4101672
4102422 4103591
4104297 4104848
4105961 4106511
4107156 4108113
4108675 4110012
4110540 4110904
4111410 4111785
4112320 4117173
4117945 4118092
4118691 4119130
4120951 4121870
4123313 4123567
4125475 4126034
4128645 4128845
4130108 4131031
4131855 4132874
4134851 4135043
4135883 4136407
4137553 4137670
4138220 4138931
4140697 4140938
4141447 4143455
4144051 4145598
4147746 4149431
4150150 4151443
4152190 4153093
4153607 4153809
4154606 4155249
4157118 4158113
4158677 4158775
4159578 4160253
4160985 4161213
4162867 4163542
4165310 4168068
4169625 4170955
4171563 4171991
4173888 4174167
4175767 4176362
4177640 4178862
4179590 4179948
4181033 4181256
4182337 4182866
4183766 4183868
4184871 4185122
4186935 4187075
4187670 4187865
4189930 4191903
4193492 4193793
4195913 4201366
4202050 4202290
4203384 4203669
4204893 4208286
4209150 4209259
4210808 4212665
4213298 4215980
4217305 4217644
4218428 4218987
4221909 4222344
4223066 4224384
4224921 4225255
4225788 4228447
4229506 4229676
4230518 4230805
4233342 4233693
4235278 4235405
4236575 4237500
4238127 4239109
4242823 4244587
4245266 4245555
4247794 4248067
4249003 4249993
4252186 4252321
4253009 4253482
4254070 4254430
4255089 4255859
4257266 4259226
4261349 4262028
4263318 4265624
4266831 4267029
4269618 4270490
4272112 4273445
4273957 4274104
4275812 4276647
4277401 4277871
4278524 4279419
4280698 4281646
4282555 4282979
4283802 4283900
4286000 4286635
4287610 4288721
4291917 4292599
4294036 4295297
4298062 4298592
4301211 4301317
4302493 4302643
4306495 4306584
4307302 4307876
4308813 4309430
4311009 4313035
4314154 4314248
4315193 4315506
4316720 4317872
4318642 4319008
4319533 4319595
4321588 4323524
4324039 4325165
4327108 4327240
4328524 4328757
4330959 4332804
4334580 4334721
4336865 4337220
4338297 4338490
4340473 4341223
4341880 4342073
4344075 4344161
4344812 4345556
4346375 4347947
4348624 4348691
4350454 4356910
4357637 4358862
4359531 4362074
4364336 4364588
4365187 4365505
4367263 4367338
4368070 4368226
4369768 4370039
4370548 4370598
4373018 4373655
4377130 4377874
4378654 4379468
4382313 4382894
4384258 4385041
4386595 4386921
4389441 4389580
4390410 4390617
4393048 4393477
4394642 4396101
4397038 4397190
4399189 4399351
4400562 4401151
4402317 4403244
4403942 4405542
4406784 4408486
4409604 4409877
4411221 4412215
4414027 4419987
4421275 4422344
4423201 4423256
4424342 4426805
4427481 4428041
4428753 4428906
4430458 4430690
4431207 4431447
4432844 4433006
4434569 4435184
4435824 4436703
4437360 4437507
4439783 4443465
4446558 4447548
4449467 4449703
4450396 4450555
4451367 4451630
4452137 4453355
4456854 4458212
4459030 4459307
4460903 4460968
4461873 4462086
4463554 4463902
4464579 4464685
4465459 4467176
4467941 4468645
4471806 4471880
4472540 4473081
4473848 4473964
4474519 4474572
4475863 4476339
4476873 4477181
4477776 4478747
4479263 4481782
4482353 4482811
4485190 4486407
4487616 4488295
4490722 4491611
4493657 4494157
4494732 4495810
4496342 4497337
4499268 4499343
4500015 4500383
4503023 4505729
4507746 4508535
4511085 4511271
4513556 4513805
4514720 4515639
4517580 4517881
4518872 4519302
4521827 4522357
4522982 4524249
4526712 4528044
4528742 4530404
4531000 4531121
4531905 4532608
4533351 4533515
4535501 4536993
4537622 4538566
4539155 4540043
4541149 4541351
4541921 4543109
4543719 4545110
4545895 4547427
4549715 4551892
4553155 4553864
4554406 4556450
4559272 4560521
4561384 4562425
4562985 4563303
4564152 4564388
4567655 4567952
4568612 4568746
4569791 4569999
4570691 4570833
4577907 4578626
4579347 4579591
4582386 4584976
4586935 4587216
4588042 4588346
4590192 4590300
4592441 4592714
4593604 4595395
4596248 4596841
4597508 4598856
4599653 4600350
4601634 4602090
4603141 4603512
4604058 4606006
4608305 4608381
4609029 4610178
4611764 4612840
4613503 4613741
4616791 4617181
4617704 4618585
4619091 4619158
4619688 4619913
4620544 4620984
4621659 4623511
4624243 4624550
4625122 4625547
4626086 4628330
4629799 4629938
4631153 4631355
4632007 4632382
4633554 4635052
4637306 4637912
4638437 4639178
4640495 4642006
4642727 4644381
4646551 4647387
4649573 4649964
4650514 4651119
4651854 4652156
4655663 4656315
4656909 4658175
4659422 4660909
4664527 4665555
4668706 4668871
4671007 4671282
4673305 4674272
4675725 4678215
4678878 4679099
4680262 4680459
4681758 4681945
4682832 4683427
4684918 4684999
4685834 4686131
4686679 4687394
4688183 4688248
4692411 4694298
4695553 4696186
4697501 4698321
4701083 4703040
4705348 4705869
4706530 4707085
4708638 4709236
4710856 4711131
4712561 4713519
4714425 4716413
4717457 4718287
4718846 4718994
4720337 4720728
4721267 4721771
4723577 4724342
4725460 4726972
4729603 4729694
4732273 4732451
4734061 4734331
4735319 4736026
4737885 4738092
4739802 4741322
4742163 4742501
4743134 4743785
4748323 4748795
4749806 4750994
4753876 4754133
4754655 4754731
4755357 4757065
4758773 4758961
4760549 4761200
4763780 4764098
4766475 4766613
4768154 4768699
4770355 4770819
4771560 4771617
4776971 4777624
4778836 4779108
4779671 4780756
4784890 4785532
4786755 4787705
4788835 4790004
4791229 4793203
4793894 4797115
4797927 4798393
4801211 4801495
4805714 4807380
4807898 4810264
4811234 4811895
4812460 4814147
4816178 4817808
4819017 4819509
4820121 4821403
4823559 4824487
4826315 4826610
4827712 4827940
4831230 4831374
4832915 4834349
4836234 4836643
4837394 4838078
4841482 4841655
4842354 4842846
4844228 4844338
4845993 4846158
4847480 4850057
4851541 4852167
4855435 4855744
4857304 4857432
