Salmonella_0985_Taxon018_
1 255
1192 1441
5195 5296
11029 11528
16841 16940
20300 20725
21488 21748
22767 24237
26930 33671
39437 39534
41723 41823
51667 51843
54242 54395
59485 59611
62729 63287
70413 70581
71589 71828
78018 78318
79975 80232
83526 84455
85356 85614
91123 91435
95428 95797
99665 100429
104840 104893
105496 105640
106441 106727
109286 109761
112015 112183
112703 112843
113600 114332
114837 115043
118045 118302
126461 126719
128531 128690
129542 130841
131367 131689
132197 132829
139393 139615
140745 141423
142659 142899
145940 146286
149583 149825
150443 150651
153911 154130
156065 156190
164649 164756
166385 167833
169290 169536
171242 171385
174400 174628
178246 178402
179065 179383
181502 181668
185853 185981
189108 189208
205033 205228
209794 211395
211977 212459
213933 214254
218994 219294
220263 222106
232060 234507
242556 242859
245062 245283
247031 247212
255365 256179
258793 258950
260490 260641
263507 263885
266095 266661
274050 274236
275584 275798
278197 278396
278968 279614
298444 298678
303516 303834
305175 305566
308383 308524
309949 313008
319726 319855
320496 322246
324298 324611
329236 331276
331808 332415
334611 335710
336212 336447
339893 339972
341916 342030
342672 342871
343561 343926
349245 350455
355661 359164
361760 361961
363182 363283
364572 364781
368689 369717
370235 370631
372866 373007
374485 374635
378025 378930
386771 386900
390847 392023
395298 395688
403092 404261
407433 408794
410313 410543
412692 413593
414374 415603
416146 417012
418134 418670
427710 427942
429739 429805
436998 437779
439164 440173
445336 445686
447200 448261
449451 451371
454905 455000
456880 457011
459744 461094
465356 465488
470079 470605
471549 471907
474778 475328
486733 486968
488356 488777
496245 497134
507000 507450
512717 512994
522553 523161
523740 524151
527049 527779
532131 532279
537717 541517
542915 543212
551037 551336
565847 565964
569877 571754
574079 574155
579139 579425
587983 588144
590226 590697
593372 593726
595432 595693
597889 598480
599252 600719
601770 601981
609615 609998
617232 617505
619003 619121
619625 619885
621513 622012
628192 628444
631623 632154
633212 633375
636577 636875
639497 640481
647464 648303
657760 657892
658684 658773
666508 666633
673891 675356
686067 686181
688929 689043
693664 693886
697139 697347
698863 699804
701438 701535
704887 705117
705872 705985
711827 712698
716705 716912
720821 720913
722295 723890
727168 727301
728892 729551
730604 731429
732485 732603
733421 733859
734657 734774
735556 735869
741730 742168
743536 743595
747762 748108
748889 749191
750744 750938
753196 754346
758809 759559
760106 760650
765697 766229
769127 769242
770747 771361
772338 772484
778785 778860
779657 779808
781654 782126
791195 791707
794892 795209
800750 800979
804844 805729
808256 809207
812504 812588
813182 813722
814536 815456
816116 817688
827014 827254
831103 832444
835136 835952
837610 837810
839694 840694
841223 841707
844262 844529
845611 846154
847305 847601
852919 853440
855011 855712
856489 856634
857234 860093
861425 861765
862768 862908
866119 866265
869207 869790
871071 871369
876702 876903
879103 879267
881887 882034
886869 887529
888434 888557
893937 894116
895819 896322
900084 902348
906135 906401
914464 914537
921640 922205
927657 928034
928566 930151
935718 935935
940322 940400
945730 946022
950703 951098
955281 955451
976951 978173
979459 979538
980992 982129
982702 983819
985005 985220
987388 988164
990897 991128
995965 999092
999647 1001075
1001617 1003437
1003999 1004173
1005142 1005440
1006585 1008186
1010014 1010694
1011227 1011483
1012481 1012550
1013740 1014522
1020220 1020504
1023669 1023781
1025370 1026026
1028173 1028488
1030606 1030864
1035512 1035600
1037250 1038009
1041971 1042833
1045791 1045960
1047174 1047373
1049982 1050130
1050958 1051467
1052811 1053019
1054599 1056201
1058739 1059157
1060029 1060303
1066835 1067022
1070408 1070776
1071605 1071752
1072989 1073181
1079627 1080360
1083342 1083538
1086962 1087048
1091626 1091867
1099850 1100883
1101387 1102461
1102977 1103651
1104220 1105452
1105955 1111349
1113312 1113608
1114231 1114321
1114880 1115095
1118387 1118791
1123337 1123413
1127331 1127855
1128446 1128635
1131235 1131593
1134127 1134736
1135964 1137545
1138080 1138367
1139204 1139362
1155639 1156854
1158692 1159318
1159870 1160112
1162648 1162788
1164691 1164845
1165516 1165729
1166600 1167007
1169262 1169404
1171543 1171686
1177524 1177737
1179396 1179595
1183273 1184024
1185006 1185431
1186132 1186424
1191184 1191363
1191891 1192206
1193687 1193910
1194971 1195024
1197534 1197767
1199248 1199713
1200536 1201915
1202503 1202759
1203431 1203928
1205427 1206100
1210178 1211234
1212107 1212561
1216363 1216709
1217287 1217617
1219861 1220037
1221016 1221532
1222938 1223088
1224285 1224621
1225733 1225829
1226824 1227334
1229002 1230154
1234571 1234908
1235492 1235679
1236205 1236634
1237337 1237458
1238421 1238510
1244631 1244708
1254281 1254428
1255147 1255372
1256967 1257672
1259110 1260283
1261670 1263470
1266934 1267136
1271614 1271851
1274154 1274405
1278018 1278187
1281845 1284240
1285616 1286141
1286783 1288092
1292050 1292351
1295423 1295555
1299732 1300113
1304214 1304371
1308376 1310362
1313327 1313846
1314513 1314692
1316144 1316354
1319909 1320001
1321017 1321387
1331908 1333747
1337677 1337806
1342197 1342425
1343873 1344166
1345019 1345256
1347262 1347520
1348322 1348601
1351942 1352262
1353329 1354381
1362298 1362370
1365145 1365245
1367982 1368223
1371062 1371281
1371967 1372267
1373049 1373253
1375653 1375737
1382986 1383139
1393674 1393947
1398184 1398367
1429875 1430652
1432008 1432332
1446302 1447080
1450777 1450845
1453972 1454089
1457111 1457548
1458217 1458814
1462398 1462640
1464574 1464724
1470263 1470463
1477683 1477850
1481039 1481863
1489233 1489511
1491698 1491984
1500602 1500665
1503626 1503873
1516609 1517252
1518934 1520070
1523377 1523690
1524353 1525504
1528264 1528835
1534273 1534718
1536582 1536703
1538174 1538996
1542027 1542933
1551286 1551491
1555322 1556193
1558473 1558714
1560026 1560176
1564927 1565423
1573899 1575431
1578667 1579341
1581278 1581749
1583647 1584093
1584754 1585824
1591184 1591383
1592811 1592985
1595241 1595519
1599085 1599156
1602900 1603020
1607740 1608035
1609000 1609953
1612942 1613179
1616794 1620726
1631689 1631810
1642297 1642711
1645767 1647047
1648037 1648192
1652704 1652949
1659246 1659437
1662942 1663732
1664978 1666130
1667638 1667807
1668871 1672519
1679898 1680375
1682639 1683687
1687908 1688016
1688584 1688867
1694762 1694844
1699164 1700246
1701051 1702384
1704415 1704940
1707297 1709186
1719755 1719838
1721497 1722050
1728731 1729293
1737203 1739032
1741613 1741697
1744660 1745568
1746955 1747748
1750410 1750750
1751951 1752237
1753584 1753727
1760232 1760421
1763293 1763513
1764014 1764408
1767936 1768144
1773206 1773984
1775023 1775730
1776874 1777173
1787944 1788190
1788967 1791176
1791982 1792283
1793881 1794065
1797812 1798306
1799119 1799698
1807425 1807619
1811932 1812110
1817118 1817601
1822231 1823055
1824750 1825198
1827349 1827607
1829052 1829471
1832626 1833151
1838418 1838638
1842981 1843261
1845406 1845618
1847630 1847795
1849375 1849738
1850867 1851333
1853255 1853323
1854093 1854912
1860777 1861298
1871023 1871738
1881047 1881240
1888777 1888880
1889514 1889859
1894982 1895084
1897360 1897413
1908930 1909129
1910286 1910531
1913508 1913558
1918141 1918660
1928034 1928102
1930030 1930319
1932103 1932675
1936847 1938233
1941926 1942201
1946254 1946443
1946953 1947014
1947559 1948555
1952427 1952619
1954378 1955567
1964623 1965658
1967968 1968221
1969676 1970745
1971332 1971541
1972903 1973071
1975788 1975879
1980365 1981147
1981965 1982252
1994825 1994974
1998924 1999163
2004524 2004702
2006534 2006832
2009679 2010345
2012816 2012991
2013940 2014154
2015712 2015896
2017431 2018941
2024509 2024765
2028008 2028857
2030458 2030622
2032178 2032412
2034032 2038047
2038623 2040663
2043552 2043745
2044976 2047095
2047694 2047910
2048529 2049897
2055694 2055853
2062729 2062940
2063881 2064138
2066766 2067093
2075137 2075901
2082544 2082782
2084235 2084655
2085352 2085483
2090698 2090752
2095023 2096435
2100745 2101034
2107109 2107163
2108072 2108312
2110264 2110428
2112102 2112219
2116399 2117251
2118419 2118641
2120137 2120427
2124197 2125753
2130474 2130592
2133805 2134527
2135538 2135746
2136521 2136931
2138086 2139704
2145667 2146527
2153587 2153817
2156146 2156389
2158682 2159273
2161510 2161808
2169102 2171218
2172681 2172960
2177469 2177688
2179020 2179838
2184406 2184900
2189765 2189984
2193010 2193102
2194544 2195072
2195953 2196131
2197748 2199280
2204158 2204635
2206450 2206854
2207403 2207745
2209383 2209752
2211519 2212532
2217557 2217697
2218482 2220234
2222753 2223266
2223995 2225128
2226270 2226514
2228230 2228741
2230880 2231109
2233179 2234092
2243035 2243183
2246326 2247137
2247745 2247986
2248878 2249428
2257772 2259811
2266005 2266527
2270507 2271024
2276441 2276492
2285822 2286007
2286632 2286911
2287809 2287983
2289215 2289668
2296510 2296796
2298935 2299696
2300540 2300684
2310541 2310741
2311688 2312799
2319503 2319665
2326015 2326303
2329405 2330345
2332029 2332181
2336172 2336452
2337118 2337303
2340793 2341169
2343172 2343269
2343894 2345415
2347508 2348178
2348698 2351152
2351653 2352722
2354148 2354466
2356936 2357137
2357872 2358019
2358913 2359623
2360141 2361095
2362100 2362293
2367746 2367881
2370868 2371435
2386007 2387150
2387658 2387907
2390147 2390424
2393564 2394204
2395467 2396148
2404678 2404737
2412356 2412861
2419402 2419570
2421698 2421759
2433695 2434896
2442023 2442730
2447141 2447620
2457979 2458179
2459489 2459792
2468663 2468786
2492702 2492975
2496451 2496609
2499746 2499932
2506612 2507166
2509365 2509552
2510164 2510949
2513075 2513420
2516897 2517891
2520151 2520506
2527667 2528610
2529787 2530099
2533463 2533548
2544176 2544413
2546394 2546986
2551927 2551978
2557636 2557766
2561707 2562537
2564069 2564266
2567692 2567766
2572273 2572413
2574760 2577183
2579388 2579739
2584028 2584599
2585289 2585462
2589092 2589241
2591028 2591861
2592859 2593082
2595851 2596160
2611060 2611472
2615348 2615713
2619246 2619790
2620985 2621203
2639385 2639815
2643749 2644101
2645541 2646046
2649892 2652185
2653828 2654169
2659698 2660609
2661785 2662365
2667823 2668079
2670024 2670177
2672821 2673385
2676266 2676376
2679030 2679238
2684391 2684767
2688084 2688252
2691433 2692081
2693971 2694492
2697459 2697694
2700553 2700831
2701408 2702002
2704239 2704778
2707136 2707436
2709908 2711606
2718708 2719196
2724248 2724713
2727849 2727950
2732821 2733396
2734742 2736784
2738454 2738636
2739301 2739844
2740400 2740585
2741727 2741988
2744329 2745056
2745927 2746166
2751437 2752011
2754776 2755034
2757478 2758261
2759903 2760807
2763735 2770302
2770814 2771749
2772615 2773215
2773785 2774964
2776442 2776777
2778093 2779177
2783905 2783995
2784530 2784603
2788818 2788902
2790840 2791303
2792561 2793421
2794036 2794373
2794937 2795637
2796179 2798573
2799347 2799707
2800253 2802257
2807189 2807616
2830932 2831193
2833431 2835018
2836617 2836908
2838258 2838418
2839081 2839225
2841020 2841415
2844240 2844743
2849557 2849705
2857561 2858200
2871284 2872751
2881068 2881151
2882086 2882415
2883226 2883659
2884438 2885521
2888563 2888779
2891199 2891478
2896324 2896444
2897192 2897913
2899725 2901893
2903139 2904628
2905932 2908262
2910948 2912561
2915002 2915284
2916031 2916465
2917712 2917993
2923547 2923750
2935806 2935993
2936703 2936864
2942345 2942413
2944829 2945327
2952243 2953087
2954986 2956108
2959330 2959562
2963187 2963279
2966637 2967186
2970421 2970674
2971245 2971603
2972231 2972573
2973284 2973466
2975598 2975856
2978418 2978552
2984339 2984544
2985368 2985803
2986873 2987059
2989340 2989837
2995340 2995838
3001418 3002154
3008470 3008550
3009054 3009363
3013198 3013603
3019105 3019570
3025423 3025617
3026198 3026315
3026826 3026976
3033702 3033901
3035141 3035382
3038022 3038117
3038723 3040816
3043258 3043378
3045752 3045979
3053613 3054523
3060590 3060830
3067462 3067746
3069292 3069941
3072425 3073240
3076045 3076234
3080256 3080527
3085157 3085321
3090387 3090634
3091412 3091685
3094544 3095445
3097040 3097297
3100818 3101027
3104497 3104703
3105388 3105672
3106637 3106885
3109448 3110395
3116457 3118346
3125027 3126289
3136978 3137056
3145037 3145669
3147513 3147795
3148752 3148998
3151719 3151879
3153183 3153703
3158017 3158150
3161684 3161907
3164409 3164510
3169813 3169967
3175993 3176184
3180702 3181157
3191729 3194148
3198505 3202171
3207976 3208897
3211644 3211852
3216012 3216200
3221807 3221985
3226332 3226473
3233759 3233920
3235915 3236651
3239522 3239788
3245781 3245951
3248235 3248405
3249695 3250390
3255820 3256082
3261179 3261965
3268917 3269728
3270539 3270773
3271726 3271962
3272682 3273606
3281323 3281628
3282458 3282756
3285204 3285800
3286777 3286993
3288376 3288530
3292042 3292312
3294539 3295094
3296272 3296497
3298101 3298324
3301412 3301586
3302783 3303042
3309477 3310366
3311381 3312213
3312715 3313874
3321546 3321806
3334918 3335704
3336412 3337042
3340997 3342033
3345593 3345874
3347938 3348464
3349813 3350280
3353472 3353689
3354772 3354892
3359160 3359620
3361204 3361513
3362685 3362835
3364347 3364546
3366419 3366512
3371108 3371415
3371994 3372262
3376141 3376915
3383655 3383874
3385492 3386491
3392531 3393835
3400851 3401981
3407450 3411264
3415373 3415498
3417830 3418044
3419253 3419883
3420693 3421005
3426439 3426680
3427349 3427970
3435101 3435168
3446960 3447045
3449812 3449986
3454701 3455300
3458414 3458678
3460780 3461043
3461581 3461860
3462565 3462775
3463545 3464094
3466467 3466992
3470274 3471899
3474010 3474103
3474709 3474865
3484675 3484969
3490219 3490400
3495484 3497028
3506010 3506232
3508109 3509093
3511009 3511280
3512218 3512304
3514249 3514535
3516195 3518103
3520220 3522446
3528270 3528633
3531969 3532219
3540588 3540815
3543333 3543921
3548214 3548747
3551237 3551470
3552594 3553838
3558437 3558502
3561645 3564083
3564825 3566123
3566709 3566796
3567756 3570641
3573957 3574246
3577456 3577637
3586352 3587414
3588065 3588552
3593305 3595648
3604759 3605713
3606357 3606449
3607302 3607559
3608594 3609001
3611822 3612029
3612825 3613105
3617656 3617749
3621980 3622302
3624443 3624922
3625591 3625855
3628439 3628688
3631311 3633130
3633700 3634019
3636186 3636403
3636937 3637061
3640441 3643060
3645347 3646147
3646832 3650601
3654140 3654315
3655347 3656182
3658690 3658936
3668948 3669972
3673002 3673302
3674438 3674518
3676157 3676368
3677147 3678293
3681300 3681701
3682410 3682795
3686161 3686596
3688654 3688781
3692990 3693228
3694043 3694286
3695497 3695773
3698699 3701135
3703808 3704013
3706056 3706396
3707438 3707700
3712132 3712679
3715623 3715850
3717300 3717688
3728653 3728882
3729630 3730001
3730617 3730792
3739715 3740281
3749080 3750011
3753493 3753770
3756526 3756775
3758096 3758226
3759069 3759307
3765016 3765275
3769681 3769851
3776930 3777069
3779098 3780321
3789164 3789234
3791314 3791482
3806433 3808398
3809380 3810914
3812002 3812495
3813173 3813634
3816721 3817566
3823870 3824155
3826031 3826491
3831584 3831814
3834126 3838122
3847765 3848023
3850884 3850983
3851643 3852309
3856431 3856651
3868909 3869687
3871756 3872159
3874890 3875422
3878059 3878862
3880502 3882083
3883148 3883626
3886642 3887868
3888963 3889434
3893201 3893432
3894815 3895354
3898214 3898359
3902860 3902946
3907730 3907976
3914235 3914519
3921305 3921974
3923965 3924139
3925230 3925425
3928232 3928980
3929718 3929885
3932446 3932943
3936337 3936534
3939710 3939802
3940937 3941235
3951536 3952019
3953562 3953788
3961080 3962863
3965527 3966048
3966769 3967644
3972357 3972935
3973873 3973997
3977325 3977649
3989162 3989334
3989931 3990166
3996103 3996402
4001985 4002157
4002715 4002927
4003589 4004021
4012577 4012928
4013626 4014296
4014873 4018575
4019796 4020643
4023309 4023421
4024338 4024793
4027023 4027556
4029482 4029696
4035286 4036060
4040106 4040362
4041066 4041877
4044378 4045575
4053739 4054031
4054628 4054995
4056753 4057095
4057598 4057885
4059030 4059204
4069495 4069674
4073642 4073871
4077745 4079250
4080920 4081171
4081759 4084937
4088014 4088277
4091891 4092047
4096007 4096876
4100480 4100594
4106468 4106985
4109172 4110679
4112408 4112652
4114706 4115082
4115802 4116475
4117486 4119392
4120016 4120382
4128264 4128516
4129273 4129465
4136021 4137426
4140573 4141561
4145941 4146158
4147659 4147891
4149555 4149836
4151694 4152801
4155592 4156099
4158750 4159652
4160907 4161197
4161795 4162024
4163782 4165084
4171113 4173473
4174619 4175028
4175767 4176362
4178605 4179637
4180757 4181281
4182088 4183883
4185265 4185410
4187405 4187847
4195790 4199831
4200338 4202286
4205495 4205701
4209050 4209259
4210808 4211825
4223784 4224057
4229981 4230176
4233342 4233818
4244876 4245166
4248758 4248903
4251818 4252060
4258873 4259057
4261353 4262760
4265212 4265290
4273391 4273717
4279411 4279479
4280228 4280318
4281013 4282539
4283449 4284153
4285271 4285363
4286465 4286685
4289386 4289460
4293682 4293852
4295289 4295455
4296991 4298214
4301418 4302244
4310044 4310198
4312567 4312824
4316377 4316557
4319410 4320401
4324663 4326178
4328443 4328702
4329504 4329744
4332910 4334334
4335200 4335471
4340504 4340713
4343853 4344963
4347527 4347807
4350865 4351893
4357629 4357907
4358434 4358628
4361643 4361910
4362491 4362939
4365766 4367352
4370566 4372368
4376051 4376311
4377489 4377744
4380593 4381161
4383824 4384106
4385495 4385728
4388148 4388569
4390425 4390892
4393136 4393192
4398973 4399679
4400182 4400351
4403629 4403862
4410792 4411380
4411972 4412190
4413443 4414067
4418961 4419599
4420176 4422787
4423473 4423754
4424954 4425346
4431776 4432044
4435592 4435851
4442825 4442969
4448501 4450893
4451398 4451676
4454517 4454654
4456253 4456632
4457290 4457382
4459335 4460838
4461436 4463192
4463740 4464806
4466137 4467489
4479051 4479135
4479873 4480193
4480794 4481398
4482689 4482888
4486793 4487345
4488073 4488666
4489610 4489749
4496047 4496359
4497980 4498130
4498800 4498886
4499448 4500340
4502817 4503112
4515025 4515907
4520046 4520852
4521402 4521462
4523529 4523743
4529982 4530525
4534340 4535296
4538442 4538520
4542375 4542674
4544169 4545110
4547880 4547996
4552032 4552192
4556643 4556942
4559545 4559894
4560429 4560493
4561875 4562590
4563972 4564384
4567628 4567735
4574381 4574721
4577903 4578792
4581248 4581694
4583799 4583966
4586852 4587415
4590886 4591121
4593326 4594950
4596667 4596845
4603618 4604293
4610765 4610975
4615501 4616123
4624876 4625122
4626252 4626780
4628546 4628847
4632130 4632356
4634651 4635772
4646555 4647245
4650768 4651220
4652524 4652964
4654438 4656487
4659764 4659986
4663509 4663944
4665418 4665649
4673368 4673476
4676805 4676953
4680099 4683927
4685328 4685812
4686676 4687216
4687858 4688768
4698589 4699212
4702539 4702792
4711145 4711388
4728294 4729070
4730287 4730669
4734445 4734603
4735154 4735316
4739738 4742207
4743767 4744303
4747491 4747581
4749960 4750047
4752234 4752471
4755600 4756911
4757959 4758516
4764848 4764982
4765571 4765709
4770279 4770331
4770905 4770993
4774822 4775628
4776607 4777281
4780960 4781200
4787362 4787628
4801669 4801838
4805961 4806451
4808652 4808891
4819017 4819167
4820825 4821267
4824292 4824981
4832730 4833112
4834913 4835385
4836282 4836472
4837119 4837283
4837919 4838430
4840652 4840835
4841482 4841833
4842536 4842933
4843519 4843774
4845540 4846723
