gi_556503834_ref_NC_000913.3_
19937 20423
223766 225191
225834 228745
258049 258535
274095 275009
279804 279971
290582 291210
391849 392827
525993 526579
566907 567894
580575 581221
608148 609210
687987 688910
732131 732420
734289 734979
737143 737558
1049969 1050408
1094385 1095362
1269222 1270152
1299635 1300558
1396180 1397102
1427893 1428242
1468050 1470375
1532691 1532774
1552176 1552226
1570811 1571683
1632953 1634881
1650984 1651408
1978644 1979129
2066316 2067174
2069081 2070132
2101887 2102806
2118464 2118560
2170310 2171287
2289057 2289973
2304390 2304615
2514414 2515477
2726181 2729063
2818145 2818196
2996492 2997551
3130260 3131205
3186236 3187286
3269846 3269958
3365680 3366614
3392070 3392161
3423788 3428851
3470305 3471053
3583568 3584058
3619414 3620666
3621740 3621894
3624527 3625336
3652171 3653095
3762405 3765704
3941583 3943230
3943825 3946810
4035306 4040709
4166440 4171620
4207965 4210022
4212959 4213023
4295976 4296240
4325989 4326177
4498308 4499371
4507599 4508540
