Salmonella_0900_Taxon001
232119 232229
379525 379804
617506 617558
745882 745938
1168319 1168574
1641162 1641358
2026553 2026639
3396294 3396352
3695303 3695384
3753092 3753254
4007580 4007655
4686491 4686600
4755525 4769582
Salmonella_0920_Ancestor_
63879 64225
65701 66499
289081 294452
335900 336113
337105 337318
534536 534640
819573 819656
844327 844558
999478 999808
1000766 1000957
1025116 1025636
1099905 1099974
1100794 1105034
1110052 1110870
1135535 1135822
1136884 1137535
1184986 1185088
1224141 1224508
1964819 1964923
2045783 2046165
2048346 2048794
2348499 2349080
2579319 2579840
2630908 2631029
2735264 2735402
2736039 2736537
2737751 2738569
2790172 2791233
2794669 2794786
2795587 2801005
2803107 2803226
2804655 2805685
2826988 2832216
2932791 2932873
3194702 3194827
3518979 3521976
3566681 3570117
3570648 3572129
3598983 3599372
3635218 3635664
3723107 3723362
4025621 4030759
4112320 4117309
4135864 4135993
4195913 4201366
4350975 4356188
4360717 4361680
4414874 4420057
4436068 4436347
4560041 4560510
4596570 4596841
