Buchnera_aphidicola_Acyrthosiphon_pisum_ancestor
1 101
4252 4435
7796 7994
21804 21858
24541 24707
46912 47074
56929 57385
61259 61457
66029 69014
74722 74886
85127 85343
87293 87500
89366 89753
94409 94527
107771 108026
108573 110506
116333 116613
120978 121278
128951 129455
131253 131391
134039 134190
135197 135489
164799 164913
170069 170357
175149 175226
181217 181300
182289 182536
194420 194666
209400 209769
211745 212043
215991 216112
219173 219410
236168 236271
241923 242171
255270 255408
255939 256128
265641 265781
267110 267290
271905 272626
276916 277150
280669 280866
285490 286300
289391 289568
290202 290386
290909 291383
309564 309674
321339 321530
324316 324740
326559 326789
330758 331236
346111 346708
358533 359233
366915 367816
371620 371922
378339 378692
385396 385723
395717 395855
418665 419508
429766 430029
448595 448915
449653 449705
453465 453756
458592 458759
461621 461711
463893 464031
465983 466040
468522 468686
473905 474229
485135 485939
491518 492683
494518 495193
509880 509960
512477 512696
516997 517359
520233 520581
525427 525571
530046 530177
562461 563107
598441 598693
600551 600601
603340 603670
620840 620953
625029 625159
631083 636588
637126 638193
Buchnera_aphidicola_Acyrthosiphon_pisum_0990
1 101
4252 4435
7796 7994
21804 21858
24541 24707
25607 26236
61570 61822
63680 63730
66469 66799
83969 84082
119772 119903
124378 124522
129368 129716
132590 132952
137253 137472
140010 140069
154737 155431
164010 164814
175720 176099
179408 180150
184986 185153
188015 188105
190287 190425
192377 193096
203354 203617
222183 222503
228457 228590
231103 231284
254094 254232
264226 264553
271257 271610
278027 278329
282714 283034
290716 290927
303241 303838
318713 319191
323160 323390
325209 325633
328419 328610
340275 340385
348350 349196
349727 349916
359429 359569
360898 361078
370704 370938
374457 374654
379278 380088
383179 383241
389951 390425
390948 391666
407778 408026
413678 413781
424561 427041
430539 430776
433837 433940
437906 438204
440180 440549
452842 453670
455283 455529
467413 467660
468649 468732
476882 477170
484622 485150
514460 514752
515759 515910
518558 518696
520494 520998
528671 528971
533336 533616
541923 542178
550776 551196
555422 555540
560196 560583
562449 562656
564606 564822
575063 575227
590348 590478
612470 612632
622487 622943
626817 627015
638040 638193
