gi_556503834_ref_NC_000913.3_
1 238
1148 1320
2418 5645
8286 8875
11371 14270
17477 18942
19506 20838
22303 22490
23010 23077
23822 24170
24928 26415
27189 27243
27749 28623
29675 31414
33225 33445
35666 36722
37374 41094
42771 44926
47001 47563
48423 52722
55644 55954
57278 59908
60612 61492
62556 66648
68083 68251
69411 70002
72174 75378
75883 76079
77683 77788
79230 79459
81617 81742
82347 87239
88010 88716
89997 90076
91049 92105
92863 93038
93686 94828
95390 99460
100350 103781
107049 109887
110458 111589
113544 113798
115240 118437
119398 120017
120603 121678
122283 122692
123240 124584
125102 126906
128068 132319
133756 133957
135599 136262
138364 139034
140192 140385
141475 142759
143337 143561
144157 147104
149464 149611
150154 151090
152606 153591
157619 158009
159763 159901
160827 161004
162498 162641
163146 165104
167139 168274
168992 170466
171310 173735
174560 175023
176794 177474
178102 178380
180434 181607
182179 182487
184342 185724
186523 187355
188575 190612
192021 192721
193569 194154
195468 195755
196628 196716
197332 201050
203318 203416
205218 208249
209069 209737
210321 211407
212682 213500
214495 215442
216516 219064
222055 222252
222989 223624
223700 228785
230982 231078
231874 232852
233495 235685
236498 237374
241640 242773
244735 245511
248068 250032
250651 251133
251860 253659
255840 256617
257922 258603
259324 259575
260285 261757
262365 262874
265241 265755
266313 269035
269800 270618
272051 276016
277377 277489
278392 280779
281511 283186
283872 285242
286687 289241
290448 291313
292156 292852
295197 301314
302339 305399
308545 308604
310289 310431
312482 313390
314162 318235
319876 320836
321518 323352
325240 325914
326924 327055
329747 331315
332912 335323
336816 336912
337673 338364
339781 340039
342430 342919
345081 345997
348643 349877
350037 350563
351490 352017
354329 358349
359568 360023
360836 362193
363493 368018
369210 370945
371566 371738
372476 375291
375946 378170
379104 379688
381258 382834
383743 383902
384595 385717
386553 386613
387834 388317
388978 390345
391769 394751
395302 396331
400649 400889
401531 401626
402122 404140
404732 407663
410791 412256
412903 413420
414357 415187
416342 416461
417368 417843
419309 420465
423401 425151
425766 427638
429150 430896
431473 433160
433934 435659
436640 440269
442275 443055
443642 445078
446747 448832
449543 450200
450976 455050
456054 457209
459067 459244
461578 461955
462553 463881
464696 465737
468051 469328
472120 475001
475527 476435
477130 477243
479974 480029
481490 483304
483901 484821
486831 488789
489599 489722
490502 490670
491448 492622
494741 496704
497894 500635
501320 503363
504733 506170
508683 508761
509300 509427
511217 511852
512716 513440
514699 515304
516510 516605
518182 518837
521186 525124
525786 530308
534353 534936
536011 539747
540852 543324
544643 546483
547843 548269
549172 549584
550340 552282
553520 555429
556247 556306
557650 558783
559328 559475
561397 563699
564335 564402
564972 565845
566745 567962
569644 569797
570427 576523
578576 583549
584322 584518
585079 587344
589460 590433
592032 593107
594361 596196
596798 597830
600746 603032
604061 605885
607265 609749
611356 611517
612672 614332
616978 618807
619342 621846
626359 627926
628617 630523
631577 632911
634198 634640
636271 636761
637344 637760
638317 640049
641570 642672
643569 643957
644986 645223
646146 647058
647958 650280
650944 652334
653231 653577
654704 655224
656499 656631
658697 658819
659410 659521
660617 661196
661854 662830
663482 664403
665094 669771
670501 671123
671951 672975
674602 676744
678928 679944
680455 682639
683333 683652
684247 686461
687503 691698
692206 692371
693305 693737
695425 706040
707561 708124
708644 711973
714713 715157
715976 720501
721249 722568
725023 726990
728238 734147
736682 739592
740483 742345
742882 743094
743981 744233
745357 745618
746672 747555
748599 750414
751048 751865
752757 753274
754088 754222
754788 756458
759392 761921
762546 763205
763960 764066
764798 765958
766569 767449
768075 769929
771944 772736
773394 773554
774081 775252
777660 777754
780077 781695
783929 785405
787983 788229
788973 790441
791119 793987
794833 797543
798647 804155
805012 805091
806514 806999
807797 807984
809015 809144
809767 810008
810826 811782
813929 815739
817202 818055
819595 820496
822172 822507
823393 823714
825417 826281
827007 827545
829456 829578
830196 832651
835196 836218
836985 838529
840569 841032
841841 842343
843686 847019
847630 848209
850118 851660
852440 853866
854478 854730
856232 856402
856979 857673
859187 861583
862368 862852
864199 866453
867020 869197
870732 872289
872832 875375
876669 878163
879366 881354
881878 884826
885481 888655
889567 890836
891718 892469
895256 897676
898357 898422
899129 901377
903277 904172
904829 905355
906169 906599
907785 908276
908979 909817
911397 912994
913724 914479
915222 916352
918449 919458
920031 920973
922068 922152
923159 923342
924176 924637
925370 927431
928898 929635
930291 931661
933691 936620
938416 938465
939173 942869
943380 943873
944644 944992
947232 952477
953705 954068
956166 956242
957161 957819
958566 962870
965003 965547
966198 967059
967949 974359
975418 975540
977237 977303
978535 979608
982775 983998
984978 985654
986266 987850
989240 990268
990928 994898
995825 996136
996731 997243
998178 998250
999571 1000626
1001176 1001758
1002518 1002984
1006264 1006408
1007265 1007781
1008379 1009133
1010794 1010962
1011822 1015784
1017351 1017650
1018192 1018261
1020359 1020433
1021037 1024316
1025036 1027030
1027913 1027991
1028500 1028764
1030247 1030452
1032477 1033213
1033921 1034565
1035988 1037164
1039873 1041197
1042658 1044439
1047118 1050684
1051271 1053300
1054408 1058710
1061834 1064263
1065971 1066044
1066693 1070733
1073021 1073863
1074561 1074878
1076073 1076648
1077991 1078329
1079170 1080681
1081662 1083677
1084825 1087019
1087545 1088010
1089212 1089427
1089951 1090199
1091030 1091752
1092445 1093222
1093824 1098715
1099586 1100859
1101394 1101553
1102142 1102517
1104626 1105044
1107392 1107832
1108702 1108907
1110037 1112558
1114699 1114965
1116404 1117005
1119349 1119840
1121233 1122759
1124111 1125614
1127663 1127767
1128323 1129535
1130045 1130099
1132401 1134529
1135141 1135221
1135753 1138218
1139274 1139654
1140778 1142313
1143966 1144801
1145715 1146084
1147661 1150498
1151220 1151950
1152508 1153441
1154167 1155548
1156320 1156566
1157197 1160192
1161120 1165871
1166690 1167055
1168818 1170367
1171930 1173243
1175264 1175547
1176275 1176330
1179079 1179414
1180400 1181083
1181676 1182584
1183225 1184425
1185203 1185554
1189092 1190201
1191302 1191844
1193347 1195623
1197207 1197277
1202028 1202749
1204264 1209352
1209994 1210519
1211237 1212599
1221530 1223510
1224213 1224384
1224980 1228781
1229324 1232852
1233947 1235216
1236005 1237533
1238648 1241004
1242810 1244531
1245621 1247084
1248545 1251694
1252801 1253077
1254137 1255157
1255891 1256881
1257883 1258104
1258714 1261164
1262514 1262876
1263428 1264864
1266290 1266630
1268688 1271321
1273010 1273812
1274473 1277818
1278782 1282798
1284159 1285016
1285545 1285877
1286594 1287766
1288784 1290106
1291044 1291201
1291952 1293663
1295101 1295505
1297644 1298026
1299176 1304061
1305437 1305528
1306819 1307941
1312633 1316609
1317855 1319213
1320008 1320106
1321416 1322905
1323867 1324608
1325335 1329617
1330451 1332691
1333526 1336571
1337075 1337219
1338431 1338973
1339880 1340203
1341268 1342396
1343393 1344772
1345580 1346375
1348580 1350484
1351447 1351519
1352087 1357625
1358786 1362021
1362894 1363121
1366009 1366440
1367278 1367548
1368287 1370331
1373117 1375300
1377827 1378886
1379821 1380166
1381990 1384221
1385272 1386771
1388736 1389887
1391286 1391826
1392567 1397961
1399948 1400518
1401700 1402835
1403589 1403729
1404365 1406453
1407843 1407933
1408598 1408953
1409775 1409865
1410742 1414618
1416574 1417274
1418118 1418299
1419259 1421418
1423215 1423560
1424698 1425336
1425878 1426613
1427282 1429022
1430395 1430968
1431489 1431929
1433678 1438670
1439609 1440105
1440960 1442819
1443919 1444899
1445684 1447179
1449137 1449596
1450412 1451047
1454473 1454550
1455859 1457562
1460308 1463527
1464265 1470444
1471058 1474366
1476135 1477258
1478561 1479310
1480562 1480684
1481433 1482511
1483233 1484309
1485312 1487524
1488369 1488877
1491579 1491678
1492605 1497586
1498362 1499771
1500541 1501008
1501563 1502471
1503592 1503678
1505571 1506112
1506936 1507211
1507789 1508491
1509952 1510134
1510833 1511505
1513317 1514371
1515563 1518046
1518751 1521941
1523097 1525344
1526082 1526163
1527595 1528241
1529442 1529756
1530807 1530876
1531386 1534535
1535598 1536000
1537062 1538733
1540762 1544237
1544842 1544980
1545963 1546867
1547476 1548446
1549519 1552639
1553717 1555035
1558658 1559482
1560434 1562234
1562814 1566050
1566628 1570368
1572164 1573435
1574399 1575001
1575754 1575835
1576984 1577285
1579586 1579874
1580400 1580508
1581045 1582042
1582906 1584648
1585938 1587059
1587740 1588070
1589833 1590622
1593719 1594176
1594788 1594922
1595734 1597155
1597715 1597794
1599164 1600544
1604114 1607202
1608752 1608902
1610154 1610579
1612236 1614377
1615052 1615677
1616229 1616639
1618976 1619508
1621844 1621942
1622551 1622912
1624513 1625651
1627575 1627887
1628458 1629059
1629564 1630886
1633228 1637614
1638568 1638643
1639905 1640450
1642268 1644296
1645317 1646441
1647636 1648627
1650966 1651916
1652437 1655331
1657049 1658203
1661131 1661918
1664514 1664591
1665169 1667852
1668849 1671863
1672903 1673493
1674727 1679013
1680389 1680779
1682584 1686550
1687939 1690135
1695857 1695952
1696838 1697702
1698280 1698369
1699016 1701252
1701773 1701840
1702407 1702557
1703680 1703742
1705226 1707625
1708712 1713455
1714867 1718879
1719449 1719693
1720511 1720724
1721784 1722245
1722883 1722951
1723989 1724606
1725730 1726054
1729401 1730894
1731914 1732245
1732973 1735491
1736288 1737933
1739513 1739843
1740696 1741270
1742009 1742512
1743127 1743410
1745053 1746158
1747188 1749379
1750205 1751315
1752241 1752825
1753471 1754713
1755632 1756381
1759381 1759884
1761514 1761703
1763244 1764119
1764702 1766099
1767161 1768002
1769174 1769852
1772295 1772726
1773562 1774052
1775552 1776425
1777158 1777430
1778176 1778602
1779402 1779975
1781112 1781686
1783616 1785753
1786467 1787922
1789799 1790435
1791663 1791849
1792638 1793811
1794506 1796063
1797295 1797480
1798511 1799796
1801124 1804034
1805820 1806408
1807780 1808017
1809413 1809489
1812111 1812331
1812849 1814268
1814920 1816357
1818023 1818402
1819903 1821390
1823954 1825243
1826570 1828329
1828956 1829617
1832389 1833860
1836412 1836722
1837456 1837557
1838270 1839841
1840550 1841746
1842420 1842527
1843334 1847091
1848770 1851287
1852044 1852258
1852884 1853391
1854530 1855241
1855801 1856256
1859831 1860294
1861316 1862792
1864052 1864683
1865545 1868508
1869632 1871263
1872013 1872606
1873491 1874151
1875447 1876270
1877588 1880441
1881088 1881459
1882832 1883577
1884137 1886608
1887413 1888067
1888854 1890480
1892593 1895261
1896300 1897112
1897892 1898881
1899399 1900372
1901389 1902177
1903142 1903986
1905564 1905697
1907527 1909218
1911422 1911670
1912672 1913042
1913799 1914128
1916466 1916652
1917166 1920687
1921447 1923913
1924676 1925334
1926951 1927368
1928295 1929426
1930006 1930087
1930838 1931020
1932202 1932574
1933088 1936250
1938091 1938336
1939285 1940097
1941324 1943117
1943772 1946147
1947855 1948392
1949493 1950208
1951356 1951612
1952318 1953708
1954274 1955609
1956140 1956755
1957506 1959266
1959872 1960628
1961726 1966493
1967499 1967770
1968426 1970367
1971456 1971569
1973953 1976237
1976773 1979797
1981575 1984613
1986306 1987434
1987973 1988209
1988822 1989033
1990312 1992359
1996502 1998033
2000556 2000803
2001736 2002672
2003878 2004830
2005636 2007659
2008966 2010448
2011895 2012183
2015159 2015307
2016386 2019684
2020734 2021014
2023520 2025345
2026754 2026805
2027314 2027609
2029449 2029659
2030632 2032844
2033412 2034124
2037440 2042839
2044053 2044595
2045459 2045526
2046971 2047775
2049972 2050121
2050742 2052221
2052839 2059057
2059598 2062139
2062963 2068013
2070274 2071180
2072375 2073257
2074043 2074292
2076470 2076740
2077804 2079035
2079618 2082016
2082802 2083207
2083938 2084303
2085291 2086063
2089494 2089840
2090679 2100705
2102854 2103715
2104630 2105608
2106203 2108576
2109354 2112256
2113519 2114056
2115861 2117617
2118540 2118617
2119137 2119510
2120586 2121978
2123039 2125146
2126396 2128195
2130166 2130394
2133455 2134115
2135553 2136038
2137031 2137553
2138477 2138635
2139161 2141017
2141588 2143357
2145715 2145817
2146618 2150282
2151815 2153529
2154228 2154375
2155186 2158235
2158766 2160589
2162516 2167125
2167744 2168375
2168930 2169266
2174031 2176182
2176701 2176919
2177645 2180894
2182730 2183116
2183883 2186516
2187135 2187555
2188545 2191916
2195516 2196038
2197206 2202450
2204186 2206473
2207311 2207648
2209344 2212553
2213091 2213785
2214845 2215439
2215946 2218288
2219059 2219621
2223392 2224527
2225042 2226815
2228113 2230568
2231143 2231419
2232300 2232556
2233279 2233491
2236053 2238231
2238856 2238924
2240658 2240758
2241347 2242415
2243013 2243860
2244747 2245167
2246885 2246976
2248395 2248605
2249176 2252540
2253249 2253809
2254381 2254528
2255313 2255507
2256583 2257566
2258137 2259603
2260717 2261224
2262396 2263149
2264581 2267422
2267960 2269323
2270826 2271199
2271757 2272279
2273037 2273148
2274094 2275805
2276379 2276865
2277629 2277744
2281396 2283166
2285282 2287544
2289006 2290049
2290889 2291526
2292088 2294434
2295283 2297220
2297990 2300859
2302968 2305702
2308332 2308709
2309565 2309641
2313067 2318816
2319771 2320662
2321279 2324450
2325243 2325400
2326081 2327664
2329278 2330226
2331505 2332395
2333298 2333453
2335098 2335545
2336227 2336905
2339148 2339462
2340353 2342856
2343564 2344930
2345781 2346507
2347240 2351727
2353390 2355882
2356600 2356991
2357642 2358293
2359633 2364314
2365043 2365131
2365643 2365827
2368736 2369096
2370954 2374535
2378130 2378195
2378800 2379226
2380215 2380914
2384184 2385404
2386070 2387519
2389495 2390926
2391746 2392852
2394704 2395903
2400257 2402130
2402958 2403452
2404299 2405839
2406650 2408797
2409896 2410347
2411975 2412476
2413114 2413610
2414685 2414986
2415666 2415775
2416693 2419944
2421593 2422262
2423224 2423478
2425126 2425258
2427454 2427730
2428826 2430304
2431115 2433034
2433553 2436193
2438416 2439952
2440504 2441458
2442957 2444717
2445312 2445519
2448288 2450110
2450852 2451424
2453689 2454261
2455573 2457575
2459396 2459922
2460820 2461786
2462420 2462486
2463300 2464035
2465057 2465848
2467156 2468536
2469397 2470173
2470677 2474527
2475242 2475298
2475846 2476420
2478792 2479067
2481764 2482359
2483782 2484868
2485492 2485598
2486300 2487813
2490494 2491658
2492739 2493060
2494032 2494289
2495182 2497029
2498562 2498917
2499437 2500394
2503059 2506760
2507310 2507681
2508969 2512213
2513350 2515583
2517247 2518430
2519226 2521665
2522603 2525692
2526243 2527229
2528831 2529016
2529882 2529965
2530554 2531065
2531573 2534062
2534955 2535071
2535594 2541613
2542123 2542323
2543077 2543246
2544853 2545830
2547174 2547235
2548645 2548822
2549525 2550440
2551470 2551583
2552647 2553733
2554275 2554501
2555702 2556002
2557549 2557754
2559416 2562938
2565921 2566221
2566959 2571103
2573687 2574352
2574998 2575522
2576079 2576204
2576774 2578942
2579501 2580564
2582427 2583274
2585107 2585571
2588154 2588251
2589071 2590096
2591510 2592972
2595250 2595634
2596994 2597770
2598768 2599071
2600889 2600989
2603346 2603463
2607075 2607863
2608467 2608926
2609446 2610334
2612201 2613434
2614464 2616600
2617467 2619388
2620404 2620562
2621514 2622789
2623656 2624095
2624996 2626177
2628902 2630948
2632266 2633518
2634562 2635826
2637192 2638491
2639331 2640381
2643987 2644149
2645462 2646992
2647563 2648500
2649861 2650241
2651603 2654424
2655238 2655333
2656452 2656697
2657401 2657499
2658311 2658800
2659686 2659936
2660552 2660763
2661905 2662332
2663330 2664983
2666294 2666464
2667472 2669524
2670124 2672320
2672829 2673609
2674186 2675098
2676483 2676644
2677145 2677922
2678604 2679123
2679662 2680549
2682607 2682684
2684469 2684657
2686976 2687452
2689852 2692757
2693465 2693668
2694645 2695023
2695606 2695996
2696934 2697019
2698101 2698714
2701433 2701752
2704832 2707917
2709917 2711852
2712820 2713973
2715727 2715910
2717220 2718131
2718892 2719723
2720347 2720444
2722110 2723256
2724375 2724435
2725033 2729589
2731094 2732138
2734212 2737171
2737821 2740377
2741190 2742155
2744688 2746021
2747292 2750871
2752196 2756256
2757455 2757946
2758842 2760331
2760972 2761102
2761607 2762041
2763205 2763374
2764112 2765899
2767572 2769989
2770945 2771660
2772414 2772563
2773958 2776450
2777068 2777736
2778823 2780655
2781399 2781711
2782280 2782820
2785557 2786214
2787493 2790262
2790797 2791114
2793264 2793751
2794862 2797667
2798434 2798938
2799705 2800439
2801243 2801629
2802432 2805234
2807286 2808031
2809027 2811334
2813361 2814881
2815561 2816080
2817413 2817462
2817862 2818810
2819831 2819972
2821279 2822636
2824441 2825423
2826060 2828199
2828807 2830785
2832088 2832921
2833606 2833976
2835095 2835179
2839003 2839251
2841134 2841317
2842902 2843075
2845839 2846597
2847768 2848399
2848937 2852178
2854281 2857138
2857731 2858022
2858530 2858590
2859533 2860722
2862623 2863653
2864386 2864886
2866749 2869069
2871806 2872155
2873212 2874319
2874922 2875386
2877902 2878969
2879819 2879983
2882205 2882402
2884134 2885848
2886953 2888635
2890782 2891834
2893375 2894337
2895262 2895761
2899082 2899221
2900029 2900394
2901842 2905144
2906557 2908118
2908807 2910883
2911700 2913770
2914340 2914551
2915743 2916141
2918217 2920549
2921402 2921462
2922839 2923464
2925048 2925243
2926435 2927145
2928916 2929071
2931087 2933618
2934394 2937569
2939445 2943861
2945433 2946544
2947175 2947604
2948146 2951334
2953357 2954641
2960486 2962047
2962609 2964170
2965329 2966460
2969226 2970731
2973060 2973593
2975055 2975388
2976060 2976541
2978281 2979761
2982430 2984163
2984873 2986736
2987254 2987382
2988979 2992105
2992733 2994857
2995816 2997610
2998371 2999579
3000082 3000301
3000957 3003505
3003999 3004877
3005556 3006976
3010062 3011879
3012625 3012701
3014050 3019533
3020113 3021975
3023343 3023858
3025636 3027002
3027739 3028765
3029452 3029531
3030117 3031979
3033202 3036016
3036636 3039866
3040689 3040890
3043144 3048391
3049050 3050066
3051450 3051937
3052740 3052832
3053376 3053732
3054475 3054524
3056534 3057050
3057629 3058211
3059684 3060453
3061150 3062657
3067475 3068050
3069257 3069444
3070076 3071343
3072310 3075535
3077032 3077491
3078368 3079247
3083282 3085174
3085868 3086374
3088640 3090731
3091677 3091809
3092538 3095284
3097351 3098276
3100678 3101339
3101998 3103014
3103703 3105367
3106338 3106876
3107408 3107922
3108611 3113477
3114176 3114610
3115554 3118694
3119999 3122987
3124204 3127608
3128478 3129450
3130211 3131577
3132334 3136765
3138399 3138714
3142569 3143136
3143766 3144917
3147542 3148021
3148900 3149256
3150694 3151335
3152557 3153054
3155078 3155415
3156676 3156929
3159406 3161133
3161717 3163546
3164717 3166818
3167389 3170734
3171440 3173296
3173911 3174883
3175683 3175982
3176881 3177254
3179006 3179227
3180378 3180526
3182602 3182679
3183856 3187405
3188435 3189383
3190304 3192766
3193440 3194047
3194636 3195586
3196110 3196975
3197491 3198848
3201785 3202275
3204421 3205542
3206149 3210973
3212801 3215597
3216011 3217403
3218471 3223925
3224588 3224825
3225511 3229958
3230725 3231833
3232381 3233913
3234743 3234866
3236009 3238797
3239775 3240313
3244816 3246193
3248282 3251781
3252661 3253639
3257480 3258627
3260677 3261924
3262475 3262537
3263497 3264366
3265058 3267264
3267931 3268740
3269836 3271810
3272378 3274359
3274984 3276677
3278312 3278399
3279325 3279886
3280615 3281229
3281755 3284739
3286288 3287615
3290016 3294066
3294584 3294702
3295312 3296103
3296807 3297080
3297907 3298080
3298644 3299805
3304959 3305165
3305759 3308496
3309002 3309468
3310726 3312650
3313251 3316459
3317353 3317915
3324162 3328475
3329241 3329593
3330449 3332520
3333211 3337502
3340558 3340760
3342316 3345127
3345634 3345912
3347548 3350812
3351511 3351828
3353013 3354738
3355371 3356594
3359278 3359532
3360146 3361514
3362689 3362807
3364371 3366659
3369394 3371056
3371909 3372264
3373149 3373973
3374731 3374894
3375428 3376192
3377205 3378440
3379193 3379291
3380891 3381838
3383439 3384837
3385349 3385446
3385994 3389035
3391043 3392478
3395016 3396820
3397431 3400463
3401651 3402367
3403575 3403676
3404254 3406158
3406660 3409885
3410729 3411024
3411742 3414132
3414907 3415887
3417034 3417383
3420881 3421688
3422374 3431100
3432633 3432711
3433491 3436459
3437534 3438073
3438825 3439600
3441333 3441817
3442526 3442786
3443608 3444196
3445614 3449927
3450692 3452023
3453419 3453985
3455434 3457694
3458371 3459592
3460127 3460724
3463231 3464189
3464714 3465539
3466603 3467612
3469060 3469283
3469851 3471118
3472090 3473815
3475037 3476921
3477476 3478706
3479711 3480661
3481921 3481993
3482620 3483779
3484598 3484946
3486544 3487201
3488219 3488366
3490268 3491904
3492587 3492762
3493493 3494591
3495193 3496523
3497372 3499018
3500072 3501566
3503582 3507471
3511147 3512196
3512903 3514597
3516890 3516996
3517790 3518463
3519925 3521650
3523616 3524575
3525743 3525827
3527156 3527532
3529613 3530645
3532770 3532951
3534287 3534718
3535247 3535425
3536037 3536112
3537300 3537503
3538368 3539316
3539931 3543227
3543872 3546902
3548064 3550734
3551688 3551807
3553142 3553314
3555179 3555600
3557073 3558239
3560332 3562756
3563622 3564740
3565285 3565577
3566642 3567180
3568025 3568148
3568895 3570077
3572980 3574525
3575739 3575816
3576654 3576724
3578583 3583589
3584379 3585389
3586058 3586750
3587486 3591045
3591966 3593007
3593641 3595015
3596249 3597088
3597793 3597851
3598448 3600132
3601362 3601864
3602555 3604635
3606678 3608177
3610316 3611451
3612527 3613180
3614032 3614462
3616036 3617069
3617855 3618098
3618752 3618923
3620512 3622947
3624079 3625957
3626556 3626656
3627863 3628087
3628623 3630701
3632516 3633287
3638524 3639682
3641285 3642038
3642809 3643330
3645053 3645600
3646205 3649510
3650741 3651458
3652022 3653883
3655356 3660115
3661851 3662791
3664648 3665041
3666072 3667323
3668171 3668224
3669336 3669452
3670185 3670242
3672362 3674927
3676671 3677792
3678528 3681575
3685084 3686678
3687236 3688357
3690710 3691861
3693331 3695678
3696554 3696624
3697425 3697919
3698717 3699672
3700719 3702387
3703608 3704663
3705999 3707667
3708630 3709377
3710619 3712898
3713903 3714770
3715524 3717036
3718676 3722171
3723080 3724332
3725758 3726650
3727885 3729302
3729937 3730477
3731661 3732747
3733592 3735150
3736221 3736281
3739146 3742705
3743391 3745170
3746498 3747193
3748139 3750513
3751176 3752202
3752964 3753213
3753823 3754996
3755524 3756850
3758404 3759654
3760371 3761106
3761740 3767552
3770142 3774330
3776383 3776812
3777647 3780474
3781545 3782928
3785109 3785454
3786595 3786699
3788560 3789571
3790102 3790258
3791106 3791986
3793975 3795013
3795650 3795809
3797339 3800633
3801449 3801537
3802433 3803120
3804568 3806013
3807099 3807608
3809067 3810410
3810933 3812238
3813431 3813873
3815858 3816094
3819113 3822215
3824628 3825269
3826643 3829829
3830769 3831999
3833046 3833104
3836809 3837533
3838155 3838485
3839214 3839609
3840497 3841876
3842816 3843006
3845073 3847025
3848513 3856173
3857611 3858128
3859466 3859633
3860145 3861414
3862170 3865076
3869069 3869144
3870244 3871185
3872017 3872489
3873819 3874443
3875000 3875375
3876039 3876447
3877513 3877884
3880117 3881321
3884947 3886599
3887218 3888486
3890273 3890463
3891717 3893320
3896255 3896583
3897101 3898504
3899270 3901772
3902307 3902404
3906894 3910814
3911648 3912340
3913298 3913493
3914224 3915631
3918741 3920111
3921029 3921464
3922666 3923020
3925188 3925405
3926998 3927055
3928402 3929658
3931522 3932574
3933128 3933230
3934011 3937130
3940688 3947117
3948828 3951012
3952460 3954949
3955458 3955632
3956706 3959091
3959990 3961059
3961943 3963827
3966997 3968288
3969642 3969903
3971200 3973973
3975195 3978201
3979775 3979857
3980479 3980773
3982357 3982853
3984029 3984486
3987190 3987657
3988175 3988882
3989870 3990596
3992165 3993055
3994110 3994495
3995257 3996937
3997594 3998312
3998917 4000297
4001717 4002590
4005302 4005381
4007065 4007366
4009269 4010018
4010752 4011728
4012834 4012992
4013683 4015073
4016883 4018778
4020814 4021201
4021883 4022054
4023522 4024284
4024951 4025349
4026554 4027403
4029151 4030069
4032033 4032591
4033307 4033394
4034263 4036999
4037399 4040849
4042082 4042954
4044032 4048240
4049256 4052318
4055151 4055240
4056967 4057609
4058218 4059099
4059771 4061393
4062045 4063071
4066522 4069761
4070657 4071804
4075135 4076038
4076955 4078297
4079302 4079666
4080383 4081229
4082016 4083089
4084936 4086172
4087446 4090795
4091491 4094829
4096009 4096645
4098132 4099937
4102328 4103558
4104429 4106391
4107233 4107759
4109165 4109669
4111173 4112232
4114838 4115401
4116210 4116393
4120497 4121559
4124169 4124512
4125562 4125661
4126308 4126379
4127974 4129791
4131076 4131649
4132315 4134002
4134519 4135308
4135850 4136388
4136891 4139409
4140503 4142683
4144029 4144750
4145571 4148733
4149541 4149908
4150922 4151132
4152351 4152610
4153447 4156008
4157246 4157695
4159983 4160880
4162355 4162835
4163463 4163781
4164639 4165059
4166034 4166298
4166588 4175527
4177432 4177899
4178445 4179334
4180094 4180337
4181035 4183264
4184182 4186317
4188671 4191501
4193031 4193479
4194871 4196503
4197706 4200487
4202742 4204725
4205657 4209920
4215015 4215844
4217232 4217630
4218359 4218564
4220735 4221792
4222334 4224242
4225834 4226247
4226955 4227615
4229140 4229395
4230151 4231120
4231955 4232168
4233583 4235342
4236901 4237941
4238970 4239398
4240265 4240606
4242104 4242392
4243779 4244241
4245752 4247253
4247910 4249299
4249807 4250349
4251666 4252231
4253618 4254300
4254944 4255059
4256669 4257094
4258044 4259457
4261955 4263657
4266577 4266796
4267334 4268218
4268917 4269046
4270868 4274615
4275167 4275483
4276013 4276158
4276822 4280199
4280937 4281377
4281884 4282513
4283430 4284501
4288322 4288887
4289772 4290198
4291043 4291167
4292753 4292862
4295973 4296827
4299207 4299923
4300702 4301197
4302464 4302632
4303669 4304055
4305316 4305720
4307555 4310674
4311215 4312608
4313518 4315010
4316641 4317854
4319924 4323047
4324044 4324402
4325985 4327569
4328194 4329773
4330318 4331046
4331760 4333026
4334230 4335440
4336819 4338595
4339570 4341784
4342583 4345814
4346606 4346657
4347662 4347714
4348333 4349267
4351325 4352636
4353298 4357454
4358729 4358900
4359715 4361135
4361705 4363459
4364527 4365525
4367037 4370883
4372963 4374615
4375540 4375615
4377057 4377341
4379335 4379830
4380576 4383908
4384884 4385729
4386591 4386827
4388944 4389012
4389799 4391139
4393356 4394249
4395562 4397119
4397692 4398683
4400127 4401542
4402616 4405170
4406255 4407428
4409593 4409677
4410377 4410893
4413117 4413380
4415072 4417450
4418575 4418801
4420781 4421058
4421946 4422664
4423252 4423627
4425220 4431537
4432064 4432758
4433298 4434542
4435209 4438166
4439195 4439348
4440324 4440545
4441189 4441471
4442700 4443599
4444805 4445332
4445836 4447139
4447855 4448998
4449578 4452635
4453153 4454064
4454939 4455931
4456899 4457518
4458213 4458853
4460528 4462532
4463381 4464756
4465479 4467705
4468294 4469500
4470171 4470259
4471108 4472285
4473692 4474235
4475251 4475607
4476134 4476451
4478150 4478661
4481892 4485626
4486605 4486683
4487533 4488226
4489047 4489509
4493028 4493100
4495461 4496005
4497457 4502761
4503336 4503450
4504264 4505378
4506632 4510045
4511184 4512461
4513218 4514589
4516690 4516864
4517669 4517764
4518505 4518736
4519543 4522325
4522850 4526316
4527146 4527536
4529002 4531399
4534103 4537294
4538219 4542670
4544072 4545207
4545726 4547037
4548574 4549860
4550683 4552794
4553307 4554167
4555233 4556434
4558116 4560400
4560990 4561182
4562235 4562518
4563658 4565055
4565637 4565888
4566615 4567768
4570877 4571117
4571671 4571748
4572751 4574363
4578910 4579235
4580262 4582019
4582970 4584443
4586180 4587160
4589850 4591108
4592123 4593300
4593829 4594626
4595995 4597390
4598628 4599084
4599698 4599778
4604663 4608178
4609711 4611169
4612450 4614642
4615432 4616694
4617195 4617554
4620778 4623653
4624938 4626173
4627724 4628125
4631462 4633401
4636211 4636282
4638845 4641652
