Ecoli_0920_Ancestor_
1 111
65987 66042
67207 67263
82236 83247
91391 92426
134899 135080
230084 230183
231055 231123
239906 240110
246290 246590
272328 272624
281969 282190
294523 294852
377737 382975
419176 424462
496331 496513
550047 555327
563387 563485
644010 649050
825085 826844
923566 924471
937667 938903
965426 965679
968041 971289
991079 991135
1006708 1007278
1036397 1036602
1119719 1120239
1123723 1123800
1145076 1145171
1162115 1167537
1224149 1225153
1228721 1228970
1242971 1243160
1307614 1308121
1341308 1341662
1351919 1352045
1403487 1404591
1459557 1460496
1485344 1485543
1542439 1542505
1593212 1594334
1635265 1635389
1645229 1645812
1720819 1721003
1726616 1726697
1727687 1727949
1752350 1752770
1850629 1850700
1859735 1864643
1883977 1884130
1984410 1984470
2000114 2000302
2075285 2076225
2212670 2212968
2217901 2217997
2226642 2226734
2250559 2250748
2259710 2259856
2277991 2278141
2285874 2286245
2300789 2301790
2330643 2330795
2366999 2367315
2389785 2389946
2419475 2420538
2488053 2488899
2520413 2521685
2523627 2524529
2525471 2525646
2605340 2605900
2666980 2667054
2685821 2685902
2696983 2697158
2853206 2853268
2914250 2914311
2939354 2939759
2954011 2954434
2956156 2958145
3038536 3038619
3057988 3058743
3078192 3078435
3163103 3163319
3164613 3166150
3193661 3194666
3231390 3231680
3245414 3245571
3287705 3291257
3306729 3306978
3320585 3321092
3493232 3493821
3495391 3496461
3528757 3528829
3540496 3540851
3693499 3694181
3706601 3706651
3794443 3794726
3837657 3837993
3855814 3856422
3857589 3857876
3860358 3861167
3901852 3902819
3916905 3917026
3923420 3924089
3940470 3940526
3961328 3961532
3982591 3982813
3983410 3983703
4009014 4010396
4015178 4015869
4022868 4023934
4064274 4064792
4103346 4103780
4197931 4198997
4208313 4209445
4218708 4219031
4233091 4233367
4241118 4241210
4250514 4250736
4274410 4275476
4299502 4300264
4310791 4311529
4315312 4316750
4319128 4320152
4332150 4332797
4341694 4341825
4349156 4349206
4361954 4364917
4365467 4366964
4393206 4393296
4411501 4411788
4536357 4537488
4540750 4541320
4601414 4601557
