Ecoli_0965_Taxon014_
15442 16660
223678 228950
257963 258620
274010 275040
279218 279825
290496 291346
311994 318931
331751 349777
378322 380224
381089 382456
462772 463916
608062 609280
611717 612012
689555 689810
693220 697141
752570 753541
1065551 1066581
1095564 1096097
1306289 1306736
1404760 1405660
1428152 1428215
1434035 1434676
1468165 1470424
1588087 1589166
1640631 1641971
2050182 2051568
2066364 2066880
2068711 2069617
2125933 2126381
2224446 2225438
2317597 2317811
2418681 2419868
2520112 2520364
2696716 2698828
2699482 2702365
3081961 3082431
3116238 3117268
3219752 3220894
3375724 3376754
3381035 3381120
3423253 3427351
3497678 3499179
3583483 3584140
3619400 3622781
3652363 3652937
3692597 3692749
3764411 3765772
3941404 3943581
3974660 3977271
3978247 3978501
4037832 4040586
4112330 4115903
4242179 4242347
4306745 4311798
4462991 4464132
4527786 4528893
4641476 4641652
