Escherichia_coli_O157_H7_0965
2389 3564
5791 5986
7537 7820
13721 14372
15911 16176
16775 16993
20942 22406
23568 24237
24887 25206
27455 27601
31569 32186
33145 33671
39385 39751
40451 40577
44714 44835
45341 45711
47625 47734
52127 53242
55264 55518
58849 59572
61075 61137
65034 66178
68410 68544
69956 70667
71228 71391
72088 72327
73580 74080
84314 84366
88452 88838
94162 94387
96252 96361
97617 98013
99950 100862
102106 102422
103376 103455
109339 109536
114656 115994
118366 118610
121491 122127
134655 134970
139469 139618
143885 144131
146722 146915
149815 150841
160180 160512
170661 170991
172837 173408
176125 176312
176844 176923
177427 177520
178303 178564
181299 181393
183339 183497
184799 185461
187754 188381
190176 190467
193962 194586
199346 199718
208888 208999
210288 211356
215220 215461
217549 218167
220917 221052
224510 224771
225711 225888
235095 235245
239272 239636
241374 241511
242884 243058
253515 254425
257934 258732
260328 260560
261333 261730
262649 263950
278601 279183
281856 282544
284260 285704
290951 291819
294112 294168
295862 297066
297690 297757
302825 303085
304602 304803
312361 312570
314523 314578
317020 317642
320066 320976
323308 323731
329998 330164
330962 331280
333037 333827
335988 336194
337257 337571
341656 342078
344301 344694
349563 349681
352251 352353
354513 354790
358097 358394
359641 359774
361272 361525
362794 363382
365544 365988
367367 368018
369408 369478
370166 370527
375915 376224
382728 382919
384876 385038
385665 386340
387336 387831
392945 393265
394613 394869
402117 402229
405648 407257
411486 411791
416788 417045
420295 421280
422363 422541
423236 423872
426894 427225
433699 433891
443685 444191
444968 445131
449469 450106
454660 456870
459833 460094
462091 462257
467451 468880
473139 474153
474988 475186
477648 477984
483422 484301
487910 488249
492097 492167
494345 494548
499151 499489
503268 503618
504759 505398
508117 508493
510627 511555
513328 513508
514902 514980
516189 516297
517934 519666
522609 522766
529544 530496
532278 532618
533816 533882
534385 534834
539032 539307
539827 539923
541427 541617
549324 549449
563721 564634
571262 571406
573326 573517
574548 575551
576495 576953
581200 581304
582218 582331
590455 590909
591516 591818
594992 595313
596681 596969
601255 601987
604472 604641
609860 609995
612026 612650
616830 617474
619266 619611
622147 622336
622990 623071
625314 626073
627335 627610
638495 638571
644063 644808
646483 646583
647601 648347
649255 649448
655503 655735
657076 657286
660890 661180
661827 662090
665757 666068
666579 667263
668391 668975
671706 671821
673680 674107
675319 675456
676398 676645
678013 678505
680206 680425
682942 683171
684240 684711
687258 687563
694417 694661
697906 698087
705733 705985
711260 713319
718192 718914
720663 721378
724905 725164
728545 728890
730968 732017
735385 735445
736115 736250
737157 737343
739215 739728
744769 745468
752719 753587
759610 760294
761749 761971
765135 765698
766399 766545
767477 768740
770186 770329
770857 771340
772201 772980
773731 774018
774822 775448
781077 781311
782323 782681
783531 783830
788977 789622
790417 790671
793113 793370
798621 798894
805600 805751
814208 814381
815841 815950
817640 817955
821453 821794
823847 824117
825411 825587
829251 829485
832952 833091
839270 839528
842205 842412
844654 845272
846697 847374
851408 851789
856566 856900
859983 860408
860964 861074
862243 862334
864082 864250
865276 865671
868652 869148
869806 870189
871144 871357
877673 877840
879903 880220
884083 884772
885806 886779
892409 892824
896070 896122
896810 897175
897896 897981
900772 900944
901683 902147
903850 903959
905768 905905
908981 909065
910221 910902
914106 914278
915720 915782
916929 917334
919480 919539
922320 922645
926234 926768
928972 929293
932668 932919
936305 936655
937450 938843
948447 949043
952445 953092
955460 956020
957061 957409
959510 960086
963698 963766
964776 964870
965960 966206
968747 968834
971028 971235
971827 972006
974418 974683
975391 976094
977407 978343
979407 979752
983352 984205
985233 985632
991532 991921
995793 996013
998524 998758
999978 1000210
1001956 1002730
1006175 1007200
1008329 1008597
1009164 1009769
1010735 1011125
1016124 1017503
1018155 1018267
1019283 1019532
1021365 1021646
1024415 1025011
1037483 1038406
1039262 1039382
1041746 1041915
1044984 1045591
1051240 1051405
1057481 1057714
1060221 1060830
1062940 1063051
1064385 1064909
1066263 1066694
1067483 1067732
1069187 1069275
1071982 1072038
1072733 1074149
1075670 1075906
1078106 1078425
1081051 1081546
1084098 1084542
1090790 1091506
1094173 1094230
1098915 1099153
1104515 1104568
1108603 1108980
1109491 1109659
1112789 1113121
1117827 1118328
1132800 1133400
1135029 1135263
1138014 1138428
1140698 1140874
1150381 1150440
1153078 1153303
1156177 1156463
1157321 1157540
1163498 1163564
1166169 1166307
1172739 1172978
1174635 1174877
1178460 1179047
1180645 1181049
1183399 1183453
1187367 1188174
1192524 1192725
1195250 1195446
1197742 1197979
1200135 1201027
1203323 1203508
1205144 1205860
1209912 1210169
1211222 1211565
1220800 1220920
1225386 1225640
1227990 1228271
1233847 1233990
1235104 1235243
1236022 1236204
1240602 1241136
1242645 1242891
1243512 1243589
1245202 1245424
1253054 1253804
1257859 1258023
1260527 1260999
1261573 1261674
1263367 1264697
1267212 1267578
1272837 1272910
1273960 1274217
1274901 1275282
1277737 1278014
1280467 1280646
1282685 1282755
1284643 1285510
1292472 1292716
1293526 1293785
1294835 1294893
1298285 1299377
1308785 1309021
1311381 1311461
1313084 1313769
1321400 1321507
1322032 1322707
1325602 1325723
1327027 1328362
1329378 1329916
1335593 1335868
1337670 1338326
1338949 1339940
1340489 1340759
1344206 1344264
1347184 1347544
1350017 1351069
1352078 1352220
1356990 1357091
1357827 1358047
1360821 1361525
1379330 1379531
1380849 1381071
1385492 1385556
1386527 1386782
1387879 1388047
1390910 1391644
1395393 1395781
1398064 1398334
1399485 1399685
1402079 1402301
1403262 1403554
1404764 1405025
1406187 1406821
1408651 1409235
1409736 1410047
1411293 1411524
1412664 1413346
1417006 1417204
1423606 1423702
1424336 1424487
1430687 1430832
1436224 1436302
1443335 1443528
1444161 1444238
1450170 1450612
1451634 1451806
1452329 1452393
1453172 1453377
1467267 1467886
1470019 1470090
1471813 1471985
1474982 1475295
1480256 1480876
1481843 1482215
1486035 1486154
1486830 1488118
1492140 1492625
1498323 1498699
1499299 1500012
1503301 1503495
1506061 1506487
1507581 1508525
1511429 1511514
1519774 1520045
1524752 1525234
1527701 1527972
1529416 1529526
1531016 1531436
1532620 1533144
1538741 1538849
1540528 1540729
1541951 1542056
1543784 1544408
1545377 1545437
1552053 1552202
1560157 1560323
1564597 1564786
1566091 1566331
1568081 1568255
1569098 1570399
1572169 1572393
1573501 1574250
1575304 1575358
1576942 1577557
1578962 1579098
1580032 1581268
1581951 1582535
1584783 1585001
1586345 1586587
1587344 1587448
1588320 1588465
1590258 1590428
1593811 1593929
1596241 1596445
1597263 1597533
1601697 1602085
1603071 1603160
1606567 1607948
1609811 1610476
1611023 1611076
1615730 1616207
1617520 1617696
1619702 1619769
1630514 1630688
1633069 1633987
1637890 1638263
1639538 1639830
1640726 1641498
1642613 1643112
1650815 1651081
1653256 1653318
1654473 1654770
1657184 1657350
1664072 1664295
1666514 1666679
1668191 1668548
1677298 1677521
1678218 1678761
1680539 1680892
1683821 1684028
1687831 1690214
1691093 1692074
1693030 1693081
1699055 1699642
1700691 1700857
1701961 1702840
1704158 1705428
1706803 1708090
1713079 1713151
1715111 1715401
1716219 1716482
1717424 1717991
1725952 1726299
1728970 1729088
1731806 1732363
1739517 1739931
1741216 1741896
1746240 1746966
1751210 1751533
1755074 1755527
1758924 1759246
1760214 1760758
1763461 1763806
1768194 1768296
1768965 1769287
1770918 1771131
1776384 1776955
1777507 1777828
1778643 1779257
1780931 1781319
1784320 1784830
1787758 1788184
1791191 1791481
1795465 1795525
1797420 1797500
1800738 1801546
1806727 1807490
1809689 1810713
1813873 1814232
1814744 1814967
1819495 1819851
1822297 1822482
1823646 1824280
1825548 1825623
1827178 1827367
1829733 1830628
1834127 1834500
1836740 1837296
1839581 1840043
1841412 1841629
1845236 1846246
1849310 1849591
1850324 1850568
1851441 1851508
1855793 1856082
1858572 1859277
1860283 1860743
1861945 1862449
1870392 1871368
1872462 1873657
1876615 1876731
1879244 1879730
1880452 1881141
1888442 1889744
1894662 1895105
1895976 1896569
1897700 1898484
1899082 1899791
1903662 1903992
1905713 1905965
1906746 1906966
1907765 1907818
1917648 1918132
1918998 1919552
1922548 1923460
1926546 1926820
1928454 1928764
1935789 1936050
1939637 1939722
1942555 1942858
1944675 1945544
1946651 1947080
1948418 1948668
1950141 1950859
1952350 1953023
1956104 1956369
1961217 1961337
1965176 1965359
1968595 1968751
1970765 1971083
1976292 1976611
1977420 1977662
1980340 1980889
1983063 1983457
1986521 1986640
1990782 1990949
1993565 1994044
1994652 1994876
1995698 1996097
1996998 1997198
2000531 2000860
2002001 2002899
2004123 2004173
2005033 2005645
2008390 2008783
2010655 2010962
2014938 2015223
2015834 2016452
2018403 2018635
2021934 2022714
2023246 2023906
2025166 2025229
2028776 2029286
2032574 2032913
2040979 2041178
2043953 2044211
2048560 2048778
2049703 2049860
2055112 2055449
2055971 2056582
2059584 2060099
2060719 2060865
2061591 2062456
2063810 2064018
2066728 2067167
2070917 2071485
2074306 2074355
2080291 2080614
2082012 2082394
2084798 2085083
2088567 2088691
2091244 2091440
2092431 2092563
2095167 2096582
2099541 2099704
2100669 2100772
2102936 2102990
2105386 2105559
2106242 2106763
2107648 2108085
2109721 2109895
2111015 2111097
2112733 2113388
2114252 2115111
2118604 2118760
2119460 2120153
2121556 2122123
2122890 2123198
2124759 2124842
2131170 2131333
2136490 2136717
2139637 2140541
2141579 2142662
2143658 2143848
2144943 2145451
2151842 2152031
2155476 2155718
2156730 2156876
2158604 2158930
2161985 2162553
2169505 2170098
2174432 2174565
2180957 2181237
2183639 2184781
2190367 2190779
2192853 2192966
2194712 2195276
2202736 2203021
2209159 2209324
2216122 2216303
2218126 2218330
2220387 2220980
2222434 2222712
2228795 2229057
2230090 2230723
2231695 2231816
2233268 2234521
2239956 2240401
2241761 2241950
2243160 2243479
2244585 2245456
2251314 2251436
2252309 2252719
2253513 2254589
2256711 2256953
2262928 2263133
2270381 2270535
2271476 2271565
2274695 2274829
2277247 2277426
2281164 2281627
2286012 2286205
2289206 2289587
2293849 2294520
2296006 2296928
2297524 2297845
2301694 2302345
2305843 2306293
2308849 2308964
2313736 2313818
2317902 2318267
2323580 2323856
2326065 2326219
2334847 2334954
2335523 2335586
2337139 2337791
2338789 2339205
2339740 2340065
2340668 2341212
2346391 2346493
2347679 2347845
2348939 2349565
2351112 2351626
2352975 2353203
2362110 2362451
2363386 2363476
2364674 2365235
2365906 2366163
2366703 2367619
2370057 2370201
2375089 2376323
2378074 2378272
2379636 2379963
2385142 2385387
2385958 2386079
2387398 2387581
2390023 2390109
2393920 2394238
2403047 2403138
2405568 2406271
2408522 2409101
2410655 2411312
2414975 2415783
2418191 2418247
2418866 2419113
2424057 2425034
2425661 2425921
2431495 2431711
2432344 2432903
2435767 2435987
2439099 2439234
2446915 2447067
2447886 2448876
2450519 2450768
2454603 2455079
2457522 2458437
2460068 2460172
2464094 2464168
2466575 2466624
2471053 2471350
2475478 2476209
2480217 2480511
2483414 2483598
2486808 2487010
2487541 2487714
2492160 2492654
2495618 2495744
2496485 2496722
2498817 2499066
2500256 2500815
2502548 2502912
2507314 2507919
2509207 2509370
2511564 2512121
2514625 2514972
2515811 2515949
2518326 2518579
2521356 2521624
2523678 2523884
2525629 2525749
2526853 2526947
2528704 2529097
2532043 2532123
2534214 2534535
2540285 2540384
2543779 2543997
2547325 2547884
2549643 2550251
2553073 2553912
2556999 2557072
2557738 2558859
2559508 2560385
2561599 2561744
2564058 2564417
2568195 2568553
2569277 2569669
2575089 2575319
2575883 2576359
2576860 2577007
2578147 2578282
2578843 2579306
2581993 2582564
2583946 2584200
2586436 2586537
2588417 2588772
2589384 2590042
2594870 2594962
2604891 2606034
2607045 2607305
2610338 2611042
2611852 2612205
2615314 2616707
2629426 2629508
2630759 2631099
2632296 2632501
2639424 2639531
2642449 2642590
2644128 2644376
2653299 2653433
2660810 2661117
2663973 2664056
2665699 2665967
2667994 2668618
2671261 2671396
2674993 2675204
2678454 2678706
2679360 2679522
2684099 2684301
2686626 2686764
2689133 2689383
2690471 2691114
2692945 2693110
2694586 2694899
2695608 2695707
2697218 2697516
2698463 2698818
2700938 2701044
2703002 2703154
2703832 2703919
2705250 2705495
2715001 2715086
2717972 2718224
2719919 2720073
2728869 2728986
2731530 2731716
2738358 2738478
2747572 2748027
2748745 2749480
2750271 2750520
2751123 2752325
2753008 2753792
2755063 2755318
2759318 2759630
2760890 2761376
2764689 2764974
2765672 2765990
2766533 2766863
2773624 2774432
2775731 2776017
2782309 2782603
2785533 2785623
2786619 2786918
2789250 2789487
2792932 2793080
2795177 2795343
2796942 2797345
2800112 2800814
2802226 2802313
2806581 2806733
2808126 2808441
2809652 2809887
2812264 2812776
2814008 2814660
2815217 2815600
2816452 2817124
2821209 2821336
2825002 2825573
2827801 2827936
2830532 2830647
2831405 2831540
2836927 2837019
2847057 2847439
2849048 2849165
2850750 2851367
2853728 2853859
2855802 2856033
2856868 2857610
2860990 2861423
2864487 2864798
2865744 2866152
2868371 2868939
2869621 2869987
2870525 2870837
2873058 2873280
2874351 2874443
2874981 2875452
2878510 2878855
2879603 2880004
2881820 2882040
2883014 2883389
2889927 2890288
2891532 2891644
2894238 2894609
2897518 2897960
2899292 2901103
2903895 2904071
2909664 2909876
2910387 2910474
2918812 2919050
2920146 2920247
2922194 2922903
2923627 2924414
2926532 2926846
2927414 2927475
2929668 2930871
2931454 2931560
2932674 2932804
2933712 2933935
2937138 2937590
2941123 2941463
2956035 2956465
2958632 2959469
2962401 2962626
2963462 2963632
2966086 2966481
2967242 2967316
2968781 2969323
2970902 2971910
2972690 2973163
2974675 2974910
2975624 2976709
2977492 2977771
2979931 2980438
2988768 2989365
2990408 2990616
2995733 2996035
2996584 2996702
2997785 2999225
3001424 3001828
3004342 3005309
3007560 3007611
3008937 3009106
3010704 3010995
3012800 3013007
3015508 3015590
3019032 3019373
3023078 3023307
3027796 3028707
3030997 3031397
3038316 3038425
3041651 3041818
3043752 3045111
3047357 3047689
3051012 3051406
3053182 3053266
3059250 3059423
3062835 3063336
3065656 3065982
3067966 3068144
3069004 3069072
3071770 3072311
3075590 3075680
3084701 3085194
3086992 3088155
3088951 3089321
3090097 3090185
3092250 3092768
3093680 3094624
3095199 3095560
3099755 3100717
3104093 3104791
3105309 3105486
3107140 3108012
3109034 3110412
3112721 3113359
3114536 3114762
3117354 3117420
3119174 3119535
3124930 3125394
3126178 3126421
3130863 3131096
3142705 3143211
3146927 3147366
3147961 3148199
3148826 3149529
3153883 3154293
3156652 3157202
3159396 3160031
3161393 3161710
3162894 3163093
3164301 3164676
3165560 3165711
3173265 3174221
3178125 3178188
3182785 3183259
3183947 3184263
3185573 3185955
3187532 3187775
3189206 3189558
3190162 3190456
3191594 3192498
3193538 3194030
3196368 3196610
3198198 3198443
3201819 3202085
3210089 3210296
3212132 3212501
3227741 3228399
3230501 3230903
3233466 3233558
3237761 3237870
3240012 3240264
3249802 3251094
3255919 3257896
3258876 3259127
3261345 3261839
3266371 3266537
3267835 3267998
3269008 3269077
3271627 3272135
3272652 3272755
3273350 3273750
3275217 3275705
3276829 3277067
3279372 3280114
3281296 3281892
3286078 3286437
3291477 3291563
3297542 3297911
3298685 3299589
3302126 3302845
3307677 3307959
3309712 3310365
3312674 3312861
3315645 3316675
3319037 3319529
3326038 3326342
3328149 3328575
3330259 3330509
3332843 3332897
3335284 3335953
3339286 3340624
3342030 3342547
3343071 3343189
3345498 3346497
3347020 3347313
3351140 3351286
3353980 3354274
3355253 3355312
3358528 3358767
3360974 3361102
3367800 3368425
3375169 3375537
3377023 3377443
3378054 3378342
3379785 3379928
3380679 3381454
3385159 3385485
3387766 3388023
3395236 3395442
3397035 3397455
3402052 3403503
3406831 3406940
3408530 3409760
3414673 3414936
3417870 3417992
3418643 3418972
3422824 3422913
3424688 3424909
3433247 3433657
3435740 3435955
3437433 3437753
3439923 3440093
3442344 3443560
3444817 3444979
3447504 3447894
3448572 3448812
3451636 3451952
3453834 3454214
3455873 3456085
3460491 3461144
3463449 3463554
3464943 3465057
3467651 3467793
3469852 3470090
3475234 3475730
3478828 3479778
3481736 3482001
3485834 3486314
3488523 3488784
3490569 3490753
3491505 3491795
3492608 3492770
3493791 3493916
3498253 3498480
3500391 3500703
3503700 3503787
3508615 3508994
3510160 3510844
3518230 3518309
3519302 3519449
3520089 3520351
3521902 3522505
3523246 3523325
3527466 3527801
3531012 3531188
3533320 3533519
3534219 3534280
3537856 3538018
3540187 3540289
3542253 3542447
3543016 3543637
3544349 3544989
3545909 3546138
3548727 3548973
3551316 3551632
3555798 3556610
3559830 3560403
3562843 3563168
3565335 3565550
3569064 3569269
3570625 3570976
3575972 3576209
3577188 3577832
3582512 3582725
3583460 3583789
3586062 3586179
3586721 3586841
3587585 3587849
3593173 3593434
3597308 3597688
3598233 3598282
3601481 3601703
3606055 3606369
3609322 3609672
3610978 3611200
3612177 3612401
3613322 3613444
3614276 3614325
3616765 3617038
3618013 3618620
3620668 3620741
3621536 3622015
3623435 3624273
3625715 3626331
3627009 3627980
3631028 3631613
3638757 3639632
3640940 3641059
3642131 3642624
3643236 3643695
3645309 3645477
3649801 3649961
3651531 3651644
3654104 3655260
3656664 3657335
3658683 3658886
3661758 3661888
3663693 3664404
3667562 3667691
3670363 3671334
3672137 3672512
3673269 3673447
3674824 3675546
3682685 3682769
3692035 3692206
3693022 3693445
3694663 3695043
3696904 3697493
3698110 3698343
3698913 3699255
3700084 3700211
3703079 3703322
3703943 3704096
3704613 3704672
3705206 3706918
3707755 3708164
3710264 3710522
3711872 3712080
3713429 3713721
3714739 3714795
3719436 3720293
3722114 3722705
3727838 3728513
3730447 3731498
3744008 3744632
3753701 3754040
3759845 3760309
3762279 3762836
3765067 3765693
3769552 3769614
3770298 3770378
3775318 3775591
3776297 3776420
3782085 3782226
3791773 3791914
3792635 3792854
3793406 3794112
3796231 3796537
3799759 3800007
3802222 3802302
3803355 3803861
3810598 3810982
3815105 3815529
3820291 3820452
3823384 3823732
3827504 3828040
3828862 3829082
3829586 3829754
3834260 3834453
3835450 3835550
3842087 3842243
3847214 3847762
3848569 3848776
3851749 3851829
3857453 3857696
3858382 3858620
3860051 3860754
3863756 3864039
3867992 3868562
3869236 3869291
3871650 3872714
3877033 3877082
3878724 3878808
3884771 3884856
3885878 3886218
3886761 3887006
3890489 3890887
3901053 3901663
3906525 3906737
3908270 3908461
3909144 3909326
3909972 3910502
3911887 3912058
3914631 3915615
3921534 3921841
3922630 3922998
3923797 3924104
3924909 3925357
3927781 3928879
3930051 3930341
3931834 3932182
3941250 3941404
3942168 3942643
3945485 3945699
3949084 3949483
3952137 3952317
3956765 3956825
3960728 3961278
3961878 3962166
3963790 3963954
3968689 3969550
3980746 3980890
3986360 3986852
3988962 3989042
3992066 3992177
3993575 3993654
4001025 4001417
4007533 4008270
4008920 4009034
4009960 4010116
4013345 4013421
4014705 4014877
4019091 4019279
4019996 4020058
4021033 4022083
4022614 4023143
4025659 4026656
4028730 4029473
4035387 4036021
4038290 4039205
4041215 4041322
4045184 4045288
4045840 4046043
4050971 4051380
4052795 4053707
4054856 4055179
4056069 4056310
4057428 4058216
4060017 4060128
4063530 4063659
4065818 4065929
4066592 4066827
4072374 4072602
4073143 4073345
4075550 4075987
4077685 4077944
4079115 4079171
4081479 4081594
4083351 4083924
4085599 4085841
4087059 4087618
4088478 4089140
4089833 4090556
4091837 4092118
4097006 4097296
4099935 4100095
4103890 4104063
4106196 4106296
4107114 4107776
4111675 4112629
4113278 4113563
4114074 4114296
4117564 4117788
4127142 4127733
4128305 4128610
4129519 4129577
4130243 4130386
4136348 4136541
4137191 4137316
4138779 4139384
4140662 4140890
4142822 4143534
4144281 4144333
4144842 4145129
4146118 4146368
4148265 4148419
4149137 4149537
4150230 4150544
4154253 4154451
4155467 4155553
4157202 4157372
4161453 4162796
4164564 4164825
4169657 4169791
4170340 4170632
4177339 4177421
4181627 4181876
4183360 4183611
4184769 4184948
4185476 4185644
4187200 4187583
4191314 4191659
4193427 4194006
4194907 4195097
4199463 4199540
4200488 4202473
4204159 4204477
4207379 4208080
4209167 4209571
4213766 4213917
4218220 4218345
4220970 4221223
4223410 4223585
4227149 4227354
4234958 4235818
4238998 4240025
4241626 4241783
4242496 4243080
4246224 4246338
4251609 4252268
4255380 4255660
4256351 4256652
4257764 4258042
4259044 4259172
4260798 4260946
4262810 4263237
4265605 4267575
4268109 4268371
4273582 4274046
4279568 4279689
4280505 4280903
4281881 4282207
4284486 4284578
4286975 4287377
4295021 4295346
4296116 4296971
4298719 4299513
4300702 4301881
4303450 4303548
4304462 4304706
4305355 4305428
4310399 4310732
4311750 4311960
4313883 4315545
4324886 4325399
4329163 4329457
4334532 4334648
4336593 4336944
4339866 4339998
4342208 4342453
4344772 4345360
4357216 4357528
4360811 4361392
4362338 4363409
4364741 4365041
4366109 4366749
4369134 4369465
4370453 4370871
4372846 4373540
4374809 4375065
4378930 4378989
4379784 4379879
4380685 4380981
4384799 4384896
4386900 4387202
4392035 4392170
4392675 4393106
4393633 4394298
4398516 4398571
4399211 4399569
4401599 4402222
4404229 4404361
4407561 4407818
4408346 4408617
4411507 4411953
4412988 4413214
4415108 4415655
4418832 4418996
4421698 4421766
4422762 4423644
4425509 4425583
4426236 4426829
4427909 4428093
4428613 4428916
4432829 4435065
4435860 4436048
4436982 4437248
4437908 4437996
4439246 4439443
4445124 4445285
4449334 4449829
4459224 4459419
4461606 4462991
4463746 4463850
4466336 4468426
4469159 4469210
4472670 4473250
4479525 4479729
4480555 4481047
4481773 4481972
4485817 4486144
4492706 4492978
4502762 4503093
4503653 4503842
4504983 4505055
4506841 4507089
4508184 4508902
4509409 4509651
4513815 4514267
4515074 4515545
4519653 4520813
4522376 4522450
4523133 4523486
4527963 4528981
4533566 4533707
4537259 4537584
4539785 4540133
4542266 4542518
4549215 4549318
4550056 4550271
4553598 4553759
4556850 4557293
4558277 4558745
4561270 4561556
4568085 4568396
4569189 4569418
4571065 4571400
4573867 4574110
4575737 4576419
4577129 4577768
4578945 4579103
4582594 4582877
4586582 4586671
4588234 4588662
4591405 4591614
4592654 4593215
4595240 4595342
4597849 4598362
4599812 4599870
4604096 4604154
4605436 4605653
4609846 4610067
4611043 4611245
4613373 4613605
4614467 4614593
4615944 4616742
4617304 4617860
4620860 4620951
4624430 4624690
4627560 4628132
4631765 4631922
4637821 4638197
4639134 4639287
4640820 4641405
4643351 4644387
4646023 4646934
4648424 4648593
4650255 4650500
4653534 4654033
4658805 4659442
4661065 4661266
4662335 4662396
4664220 4664286
4667740 4667988
4669906 4671421
4672293 4672457
4673205 4673278
4674621 4674779
4675791 4676105
4679556 4679971
4681191 4682299
4683966 4684293
4688348 4689488
4691453 4692058
4692623 4693042
4697554 4697977
4707565 4707835
4708722 4710124
4712807 4712913
4713804 4714158
4716117 4716489
4733759 4734110
4735799 4735887
4739547 4740292
4742068 4742365
4746703 4746779
4748380 4748842
4750290 4750449
4751276 4752326
4755475 4755654
4757317 4757413
4758975 4759173
4760095 4760190
4761307 4761468
4766678 4766738
4770034 4770263
4771826 4772852
4773373 4773427
4774210 4774276
4774845 4775301
4776806 4777103
4781056 4782031
4784356 4784828
4792655 4792852
4795736 4796050
4797023 4797122
4798230 4798546
4801248 4801624
4802507 4802835
4804898 4805046
4806902 4806958
4811734 4812329
4814936 4815018
4815550 4815651
4816177 4816442
4817067 4817142
4820044 4821102
4827065 4827270
4829488 4830248
4830854 4830920
4833266 4833435
4834102 4835092
4836166 4836530
4838407 4839424
4840276 4840438
4841304 4842076
4842610 4842711
4849328 4849442
4852921 4853112
4855001 4856255
4857523 4858097
4860168 4860423
4861636 4862063
4864537 4864776
4866480 4866531
4873302 4873535
4875270 4875873
4878743 4880004
4880852 4880910
4881825 4881973
4883113 4883358
4885930 4886230
4887250 4888003
4889233 4889424
4890138 4890918
4892421 4892513
4896460 4896764
4900082 4900326
4907415 4907636
4909027 4909689
4911055 4911199
4911820 4912008
4913724 4914339
4916256 4916512
4928295 4928364
4931054 4931353
4935408 4935669
4940908 4941144
4953761 4954066
4955657 4955751
4957495 4957653
4960821 4961145
4962370 4962634
4963669 4964378
4973458 4973733
4976575 4977140
4977886 4978014
4978736 4979089
4980240 4980621
4982350 4982667
4983227 4983327
4984644 4984947
4989996 4990266
4992983 4993131
4998358 4998659
4999959 5000009
5002590 5002787
5006083 5006381
5008168 5008226
5008975 5009928
5012663 5012916
5013812 5014300
5016177 5016469
5017238 5017411
5018465 5019153
5024899 5025312
5026419 5026692
5030551 5030690
5034071 5034336
5036830 5037172
5039980 5040198
5040772 5041046
5047815 5047962
5051423 5051724
5053333 5053527
5054753 5055267
5058908 5059132
5060060 5060406
5062717 5063479
5065472 5065615
5067272 5067448
5067980 5068583
5069282 5069612
5070425 5071931
5075987 5076196
5079811 5079995
5081625 5082203
5083193 5084250
5087292 5087384
5088355 5089400
5092176 5092514
5097080 5097230
5099943 5100039
5102616 5102995
5104902 5105415
5107870 5107926
5109537 5109820
5111227 5111855
5126282 5126562
5127151 5127437
5128506 5128610
5129924 5130483
5131424 5131609
5136452 5136526
5138682 5139123
5140035 5140144
5141014 5141264
5143913 5144367
5144876 5145119
5148651 5148787
5149737 5150973
5152488 5153117
5154353 5154516
5156382 5158256
5159075 5159130
5160595 5161749
5162383 5163201
5166417 5166776
5170473 5170583
5174054 5174663
5181068 5181233
5182896 5182983
5184319 5184434
5188346 5188413
5190934 5191329
5192390 5192951
5193956 5194147
5194755 5194814
5198161 5198411
5200260 5200680
5201527 5201598
5203772 5203981
5207659 5207753
5209311 5209608
5210954 5211285
5220140 5220271
5225677 5226436
5228868 5229034
5231476 5231919
5232581 5232953
5234042 5234566
5235539 5236600
5238743 5238920
5240792 5240869
5248150 5249245
5251949 5252192
5256505 5256791
5257522 5257618
5258283 5259059
5260446 5261083
5264022 5264693
5266082 5266381
5270107 5270993
5273364 5275547
5276879 5276994
5278385 5278673
5281507 5281976
5282559 5282913
5284179 5284328
5285933 5286361
5287616 5287726
5288857 5289898
5292352 5292646
5296563 5296748
5301214 5301399
5303316 5303457
5304051 5304502
5305184 5305533
5307230 5307370
5308341 5310205
5311690 5312200
5314378 5315273
5316527 5316998
5319649 5320270
5327566 5327642
5329793 5330187
5330903 5331455
5341342 5341501
5345813 5346060
5346651 5346929
5348728 5350008
5351204 5351655
5356539 5357214
5358812 5359048
5366941 5367402
5373668 5373815
5374355 5374421
5376649 5376793
5380575 5380865
5381977 5382383
5384796 5384930
5391852 5392131
5393250 5394204
5395358 5395899
5404572 5405385
5407679 5407877
5409629 5409790
5413272 5413535
5421122 5421529
5425526 5426110
5427409 5428108
5430744 5431494
5433339 5433629
5437453 5437910
5438561 5438626
5440663 5440751
5446319 5446393
5453708 5454032
5459992 5460054
5467182 5467303
5470586 5470745
5472447 5472570
5474733 5476389
5476978 5477706
