Ecoli_0920_Ancestor_
60609 61015
65987 66042
67207 67263
82236 83247
91391 92426
134976 135080
239906 240110
246350 246597
272328 272624
281969 282190
294522 294870
377737 382862
389185 389342
413984 414616
419017 424406
507859 507924
550137 555506
644010 649257
803219 803458
825085 828298
923566 924471
937667 938903
965426 966546
968041 969264
1006708 1007278
1123712 1123854
1161912 1167278
1224148 1225153
1228649 1228970
1242971 1243160
1341308 1341662
1403487 1404591
1459557 1460496
1588543 1588888
1593209 1594334
1635265 1635389
1645229 1645812
1727687 1727949
1859531 1864643
2075285 2076225
2175831 2175999
2212670 2212968
2226642 2226734
2259696 2259856
2285876 2286305
2300790 2301786
2316289 2316380
2366999 2367315
2419475 2420536
2487957 2488899
2520413 2521685
2523604 2524529
2525471 2525646
2605456 2605900
2666980 2667054
2696983 2697198
2939354 2939775
2954011 2954866
2956044 2958050
3038536 3038619
3057988 3058454
3163103 3163319
3164574 3166185
3166852 3167332
3193661 3194666
3231390 3231673
3245399 3245571
3290204 3291322
3320456 3320557
3493244 3493744
3495400 3496461
3528719 3528811
3540496 3540877
3693551 3693752
3794443 3794726
3809044 3809128
3837657 3838031
3855805 3856413
3857650 3858657
3860368 3861167
3901852 3902755
3923420 3924089
3940470 3940526
3961328 3961532
3982591 3982813
4009371 4010396
4015113 4016119
4022868 4023934
4064274 4064795
4103346 4103832
4197931 4198997
4208313 4209445
4218708 4219031
4233129 4233367
4274502 4275476
4299500 4300264
4310791 4311529
4315850 4316750
4319142 4320159
4332227 4332797
4361954 4367240
4411501 4411788
4536341 4537488
4540750 4541320
4601414 4601557
Ecoli_0906_Taxon007_
80559 80702
187114 187401
371773 372096
503847 503903
524705 524909
564862 565348
653553 653927
677725 678394
796078 796361
897052 897253
1138153 1138325
1332974 1333066
1358148 1358431
1940046 1940120
1961276 1961491
2091263 2091438
2121891 2122058
2255252 2255568
2309777 2309945
2330090 2330250
2463847 2464145
2473599 2473691
2855855 2855979
2865819 2866402
3076254 3076333
3103650 3104004
3276632 3276894
3347644 3347833
3380210 3380531
3615980 3616128
3787346 3787585
4105016 4105173
4125647 4125698
4139532 4139736
4162890 4162955
4219349 4219570
4379426 4379722
4421745 4422010
4455724 4455828
4512801 4512857
4538011 4538066
