Ecoli_0918_Taxon019_
1 240
2403 5177
7475 8297
10748 11181
11809 12854
15473 16633
19807 22654
25589 28690
29224 30302
30827 37674
39310 43701
44227 45043
55053 55305
55877 55991
58752 60438
61864 63209
66199 66658
67825 69377
69916 70533
78487 79582
85669 85883
86649 88890
89419 95107
98543 101186
101912 108497
121211 121445
127923 128014
130136 139209
139984 141543
143355 144048
145236 151005
155228 157552
159309 160705
161415 164070
167767 167973
171219 175111
181341 181521
183807 184923
187090 187704
191601 198558
199845 210652
212656 212930
215742 216376
218317 223717
231434 233944
237462 237694
244087 246447
250355 258119
267339 270551
271124 272260
272880 273556
274241 274413
275329 276575
277630 280889
283488 283891
285785 286046
287157 288644
292359 292598
297427 306649
307208 309403
310245 310351
315528 326701
328212 328343
332308 340995
342064 348783
349433 356409
356993 357284
363363 365889
371805 373504
380162 381364
389889 395038
396381 396672
397319 400237
400745 404999
411453 411624
415176 418236
419787 420493
421186 421699
429921 432183
432854 436828
441877 442290
444206 444960
448354 458484
459227 461433
461951 462845
464473 464655
469400 469539
483888 486987
487491 496708
499283 500088
500683 506776
507370 510786
513451 515126
519328 533394
534857 539213
541799 542692
543731 549510
554262 555772
557662 565643
589162 590871
592115 593084
597385 598636
599245 602800
606674 607125
607656 613019
614846 621571
624915 625328
625987 626986
630857 630916
635496 636995
637580 638094
640398 643562
645054 650093
654262 658320
659841 662765
666811 667032
671104 673289
674717 679831
682013 688598
699644 700014
700520 712226
719726 722643
725597 730309
740985 743828
744378 744634
748111 753121
757322 759976
763240 765218
766653 767181
768729 769985
770496 774664
777775 799107
804169 804351
806487 806677
808857 814378
815049 815566
817859 827448
830535 831444
832674 832924
834942 835209
849764 859307
859877 862387
863954 865624
868147 869845
870730 873443
875564 876347
876990 882240
882844 885417
888238 890715
892256 910361
911330 912829
914171 914476
923847 934371
935633 939763
945374 948200
949893 950008
950553 951259
954208 954373
960747 966402
966951 967521
983269 985012
985799 987178
992345 992477
994929 995082
998343 998535
1004240 1006862
1008425 1015633
1016220 1017371
1018559 1023026
1027865 1030035
1032479 1050506
1053071 1054097
1060858 1061249
1062486 1063219
1064586 1073899
1074959 1075375
1079380 1079685
1089989 1092184
1092905 1096329
1097302 1097843
1103523 1104470
1105186 1108675
1109214 1109851
1114850 1116132
1120754 1122570
1123122 1128655
1131664 1132586
1134121 1134406
1136976 1145924
1146430 1151248
1156341 1157112
1159761 1159906
1160812 1171685
1172249 1172334
1179400 1184182
1196334 1204232
1205526 1205785
1206315 1206469
1208399 1208603
1211858 1212092
1216399 1217963
1229470 1231012
1231513 1244181
1247066 1247182
1249652 1250161
1259092 1264307
1265898 1267221
1277907 1278204
1280416 1292042
1296392 1297770
1308109 1308319
1308830 1314691
1315229 1316125
1316984 1319021
1320211 1324706
1340775 1350148
1355892 1357449
1359429 1363127
1363809 1373357
1376959 1377183
1377771 1383963
1384554 1386933
1389363 1390191
1390725 1393767
1398879 1401660
1419042 1421210
1424244 1427922
1429436 1429822
1433485 1433577
1436600 1438832
1440986 1442360
1442891 1445920
1460954 1463573
1464262 1467507
1470296 1474056
1475327 1475536
1476256 1477041
1477837 1480610
1481205 1483169
1483683 1484807
1489012 1490569
1491150 1491885
1495267 1495643
1496594 1498311
1499652 1500475
1501559 1504870
1505417 1506843
1510014 1510466
1512231 1517911
1519314 1526448
1529130 1531043
1541959 1542086
1545913 1546016
1546849 1547983
1553118 1554341
1556100 1561037
1564012 1564162
1565787 1566136
1580068 1580137
1582802 1586517
1587240 1593312
1597804 1602706
1605510 1615102
1620535 1622450
1627267 1636193
1638616 1639264
1639823 1645103
1646624 1649218
1650745 1660929
1663474 1666151
1677726 1677915
1679967 1680145
1683184 1701708
1702319 1706631
1707700 1707749
1715929 1717408
1718028 1721434
1723999 1738762
1743731 1743787
1744425 1744949
1749751 1754556
1760595 1760709
1771631 1771749
1775337 1777630
1778434 1781484
1782151 1785887
1787696 1789782
1790311 1790497
1792660 1793847
1798067 1801854
1817036 1817876
1823715 1823853
1827919 1829197
1831487 1831632
1834068 1834279
1835444 1836054
1836659 1837222
1838220 1854718
1855234 1858541
1859667 1859899
1860909 1861662
1862344 1862677
1863565 1869615
1871667 1875426
1876102 1876156
1884525 1886128
1889463 1891946
1892702 1897366
1898072 1901035
1901592 1902235
1906748 1911390
1921754 1930013
1930747 1933982
1942442 1944420
1945155 1946144
1946789 1947366
1950538 1950767
1955186 1955642
1957517 1960145
1962117 1962875
1963505 1963966
1969959 1971479
1972951 1977458
1980011 1985278
1985793 1989462
1992740 1994035
2001134 2003258
2010163 2011189
2011775 2014493
2023092 2024068
2024640 2032132
2032720 2036734
2037293 2042495
2046825 2047667
2053167 2053289
2061651 2062105
2063257 2064035
2073495 2074513
2076964 2084234
2084845 2085191
2092954 2094453
2096521 2096741
2097331 2098063
2099310 2099416
2101410 2102898
2108932 2114169
2115480 2119455
2120213 2122906
2123642 2124899
2129051 2131858
2134413 2136301
2137829 2137969
2138567 2144980
2146949 2152367
2154077 2154239
2155067 2162372
2162993 2165361
2169588 2171824
2173520 2176039
2186852 2194346
2199961 2200215
2200826 2201252
2206868 2207118
2208035 2212431
2213164 2213661
2215757 2227826
2233840 2234247
2236106 2239526
2240559 2242567
2245075 2249926
2250460 2250660
2255186 2262273
2262824 2263143
2263886 2266516
2268710 2273096
2275813 2277966
2278637 2280929
2293197 2293583
2296491 2299533
2301171 2303476
2304005 2307345
2307955 2308371
2311432 2311612
2313354 2313699
2314832 2315686
2322552 2325834
2330379 2330605
2332068 2333327
2337744 2339670
2340367 2342534
2344301 2346900
2349339 2350452
2350979 2351617
2355915 2357168
2357708 2364881
2367198 2367455
2375448 2378340
2381910 2386761
2387884 2388369
2388947 2389145
2395909 2397771
2398734 2400638
2406069 2407311
2408874 2411124
2421165 2434011
2434521 2437239
2443610 2443680
2445244 2445351
2446776 2450095
2461900 2462079
2465077 2469223
2473972 2475617
2479294 2483377
2487793 2489767
2493073 2503852
2515841 2517042
2519667 2521336
2528686 2530202
2530789 2535252
2537590 2538957
2544871 2550131
2552058 2557610
2562283 2562494
2564521 2564781
2565286 2569968
2572583 2574749
2575959 2588555
2592570 2594001
2602220 2602355
2605866 2609264
2609796 2610653
2611951 2613497
2614297 2616584
2620155 2623681
2637387 2641562
2645691 2655865
2661013 2666562
2667669 2669665
2670982 2672676
2674276 2674534
2679329 2684200
2684766 2689647
2691720 2691981
2697526 2707190
2711370 2711912
2712630 2714997
2715656 2721663
2722727 2723096
2724980 2725765
2726294 2730945
2736359 2736861
2740509 2740603
2744075 2744275
2745738 2745804
2750107 2752133
2754343 2756155
2756864 2757186
2760484 2763502
2766063 2778921
2782093 2784889
2786540 2789079
2791633 2792923
2793750 2794933
2802343 2802905
2806712 2807436
2808949 2816351
2818270 2828047
2828726 2829181
2831669 2834980
2847940 2849031
2855403 2858174
2858894 2859167
2866096 2867253
2868899 2872193
2872790 2873189
2875235 2879818
2881613 2895080
2896747 2903347
2903900 2908063
2912713 2919164
2921746 2921994
2926947 2932370
2934050 2934195
2943035 2944326
2944916 2949152
2950726 2959465
2964256 2972975
2977076 2979066
2986176 2993027
2998529 2998762
3002993 3024278
3029375 3033085
3033685 3035582
3039093 3040519
3043192 3043370
3046058 3047845
3048815 3054486
3056177 3056621
3057234 3063405
3064202 3068228
3071717 3075323
3076273 3076897
3081345 3082603
3085042 3093514
3097713 3100753
3102321 3111227
3125048 3127556
3140085 3140282
3143643 3155523
3162373 3171419
3180426 3183139
3185116 3187358
3191736 3194565
3195121 3204860
3206577 3211699
3223123 3224722
3238538 3243155
3243676 3250622
3259825 3260509
3273084 3292306
3293502 3298606
3299481 3300592
3301704 3306197
3308896 3309147
3321565 3322877
3323429 3328547
3329146 3330112
3337181 3339891
3340568 3359865
3360498 3362115
3374446 3376091
3378994 3379200
3384398 3385136
3388661 3390972
3391806 3395873
3396469 3402576
3404960 3408693
3409869 3411191
3415023 3417547
3424501 3425973
3426786 3428205
3432323 3432502
3438489 3444600
3445335 3446431
3450699 3450998
3453356 3453508
3455622 3458524
3468016 3468493
3475011 3477020
3481976 3485998
3493717 3495111
3495699 3496612
3502634 3502805
3503651 3506833
3512235 3514471
3516018 3516122
3516787 3520710
3521245 3522318
3530218 3530408
3532720 3533415
3542324 3552402
3552984 3560361
3562273 3568468
3570037 3570231
3571116 3571287
3572388 3578772
3579416 3579743
3588102 3588317
3594481 3594890
3595689 3598819
3610865 3615563
3618021 3619149
3620094 3626227
3634303 3634408
3635059 3636509
3640368 3643668
3644563 3646433
3646936 3650685
3651282 3661831
3662743 3663734
3665137 3665696
3669219 3669808
3675184 3682894
3683676 3684715
3687753 3687978
3690537 3691100
3693958 3695971
3702920 3705561
3706178 3708231
3709624 3714967
3730217 3733130
3737719 3739195
3739842 3743071
3759967 3764007
3765938 3766114
3777475 3779545
3780371 3787145
3789666 3790470
3816464 3828848
3829912 3834218
3840399 3852474
3859025 3859154
3859685 3869273
3870617 3873014
3879007 3884019
3889487 3893713
3897165 3903279
3904820 3908622
3921783 3927619
3929539 3932482
3933089 3934992
3936356 3936802
3938514 3938726
3939376 3939962
3951071 3952481
3955681 3964022
3964544 3964652
3967486 3969154
3969701 3970225
3970785 3973840
3974410 3975656
3976927 3979529
3980585 3982906
3984037 3985793
3990111 3991023
3992658 3993637
3997162 3997220
3998936 3999131
4001480 4002012
4004182 4004375
4009797 4012257
4014957 4020011
4024932 4025679
4026671 4026723
4027336 4027702
4029064 4039079
4039803 4040571
4045236 4047539
4048054 4050217
4052507 4061242
4063260 4074379
4077483 4081299
4082112 4083837
4085413 4085509
4089024 4092311
4095710 4096838
4098264 4103086
4103910 4119400
4121142 4122678
4125473 4125719
4127591 4131974
4134168 4134388
4134937 4135235
4137357 4141122
4144748 4144975
4147687 4149357
4151899 4153287
4155068 4155529
4156087 4158373
4159116 4159285
4163226 4167046
4168080 4168331
4172658 4174913
4185273 4191209
4191888 4193748
4199822 4210813
4211525 4213641
4220289 4226109
4251309 4255387
4255899 4256088
4257745 4261961
4262607 4263283
4264188 4265632
4268266 4277608
4278724 4279017
4284703 4284875
4286639 4288067
4293095 4298576
4304028 4305966
4306606 4316361
4322750 4324774
4325719 4325914
4327418 4329281
4331094 4331280
4332001 4332234
4333769 4334983
4337955 4341468
4342014 4347689
4349063 4352003
4357878 4358577
4360987 4361239
4363387 4365792
4366303 4366466
4371994 4384127
4386137 4386789
4387697 4387984
4389857 4390987
4399141 4400506
4401611 4406099
4407661 4411312
4415891 4416390
4416977 4417669
4422164 4424658
4428067 4428179
4429225 4429307
4433326 4433443
4435705 4437973
4440480 4441616
4442198 4445078
4447265 4447324
4456936 4463615
4466406 4467540
4468142 4468807
4475297 4477830
4478773 4481275
4481865 4483248
4486735 4488395
4488917 4490282
4490988 4493530
4495679 4499016
4505963 4506046
4507498 4507899
4508848 4510944
4511918 4513161
4513895 4517982
4525111 4528481
4533706 4534948
4537539 4538667
4539908 4545526
4553913 4555812
4567649 4567909
4568770 4568945
4577832 4577999
4585195 4590971
4591573 4592967
4597909 4598138
4601148 4601400
4609883 4610227
4618455 4621599
4623445 4632536
4635031 4637229
