e_coli_k12_gi_556503834_ref_NC_
66564 66648
223564 228906
258007 258577
270638 271662
274253 274526
279400 279997
290540 291302
349880 349972
357557 357675
375051 375185
391807 392873
566870 567936
574685 575691
580408 581263
608106 609252
687945 688952
696430 696541
729901 730436
731211 731274
732089 732276
734247 734999
736482 737554
781234 781745
1050004 1050450
1094343 1095404
1097222 1097560
1269321 1270291
1286772 1286883
1299593 1300600
1396138 1397144
1434073 1434250
1466538 1466756
1468068 1470417
1528426 1529075
1531990 1532816
1552098 1552303
1633192 1634874
1636357 1636793
1650942 1651450
1978602 1979171
2066275 2067156
2069039 2070174
2101845 2102849
2170268 2171329
2289015 2290014
2304390 2304728
2514372 2515519
2518036 2518150
2521007 2521126
2521198 2521421
2662443 2662519
2726172 2729145
2730885 2731273
2818122 2818199
2947449 2947515
2996458 2997593
3130240 3131247
3186194 3187328
3365651 3366656
3392070 3392161
3423526 3428818
3583526 3584100
3620750 3622763
3624532 3625378
3652129 3653137
3666304 3667238
3708458 3708570
3762363 3763874
3764689 3765728
3941541 3946850
4027511 4027609
4035264 4036993
4040436 4040746
4166398 4171866
4176178 4177010
4207942 4212859
4296031 4296320
4325907 4326274
4392360 4392582
4498280 4499413
4614568 4614668
