gi_556503834_ref_NC_000913.3_
19895 20428
66745 66829
223564 227493
228547 228783
258007 258513
270638 271471
274054 275050
279262 280013
290540 291296
316317 316384
357575 357675
381357 381892
391799 392873
525889 526621
566870 567936
574637 575691
608106 609252
687942 688952
729901 730436
731157 731537
732071 733154
734247 734999
736482 737567
780754 781146
781658 781745
1049927 1050450
1094343 1095404
1097060 1097537
1269343 1269612
1286896 1287524
1299593 1300555
1396138 1397143
1428037 1428171
1466537 1466756
1468008 1470383
1531977 1532816
1632985 1634921
1635938 1636793
1650942 1651490
1978602 1979171
2066275 2067155
2068964 2070174
2101807 2102849
2170268 2171329
2289015 2290014
2304559 2304913
2514372 2515518
2521137 2521421
2662308 2662398
2726161 2727462
2728253 2729889
2730706 2731273
2759993 2760107
2817887 2818390
2996458 2997592
3130240 3131212
3186272 3187328
3365651 3366656
3423526 3428809
3470263 3471095
3583595 3584100
3620766 3620869
3621895 3624824
3652131 3653137
3666304 3667238
3708458 3708539
3762501 3765730
3941541 3946680
4035264 4036993
4037803 4040746
4153571 4153693
4166398 4171866
4207942 4213067
4295934 4296282
4325941 4326241
4392410 4392567
4498280 4499413
