Buchnera_aphidicola_Acyrthosiphon_pisum_ancestor
1 2240
3237 4404
6838 7696
9455 11617
12216 13045
16438 17410
18388 18862
21675 21935
29382 30302
30935 31011
32236 34157
34662 36990
41281 41650
42419 43084
46912 47106
50046 50728
52447 52738
54531 56685
57485 58154
60400 62836
63392 64863
66171 68282
71691 73064
74722 75158
78998 79388
82927 86078
86661 89266
90132 90994
93916 95405
97823 98108
103111 104586
105316 106441
107797 108117
111528 111829
114833 118926
120681 120878
122884 123174
124128 127538
129584 129706
131253 131477
134402 134550
135739 136094
137715 140038
141348 141455
146542 147131
147939 148187
150092 150368
153989 156898
158992 161723
168332 168505
169998 173903
174772 176148
178553 181503
182289 182543
186341 187883
188965 189500
192095 192759
194116 194873
195593 196534
199951 200649
201187 204216
205355 208973
209586 210573
212329 212840
214128 217523
218563 218752
222537 222834
223803 224010
224848 226100
228896 229233
230002 232089
232639 233577
234623 234912
240630 241223
245596 249361
253400 253536
254051 254834
255508 255720
258863 259447
260096 260230
260937 261538
262654 264137
265888 266256
267404 267624
268526 268862
269715 270081
271905 272137
274995 276458
278773 282772
286036 288319
290202 290386
292219 292510
293023 294982
295548 296725
299226 299335
300253 301238
303504 307091
308080 313034
314031 315013
317416 317613
320517 321530
322066 322303
322876 323047
323668 323754
324456 325308
326917 327767
328457 329323
330610 331622
332241 332498
333034 336288
338139 339001
341395 341557
346662 346807
348980 352477
355675 356693
359252 361710
362559 363911
367075 367239
368430 369480
373507 374212
377485 378144
378792 382223
383811 384083
384694 387732
390148 390330
391070 392225
393599 393877
399188 399397
402344 403551
405356 407399
409063 410442
411087 411385
414398 417697
418332 419124
419673 423354
423998 424576
425657 426686
429059 429875
430388 433955
434672 436380
437603 437851
438688 439293
440087 440900
441518 442712
443981 444988
446220 447159
450360 451414
454897 456584
457448 461044
463090 464359
467828 467943
470225 471408
472180 472428
473836 474050
475247 475435
476690 476916
477524 477953
479882 480395
482935 483061
486321 487511
488422 488673
489330 491434
491969 493033
493958 494453
495008 497322
497871 500373
501109 504019
508640 508722
510864 511021
515621 517777
518976 519366
520882 522378
524197 527997
530504 530926
531492 541801
542864 543528
544981 545071
546149 546423
547831 551005
552024 552434
555087 555752
557370 557832
559612 562362
565523 566435
566993 568060
569458 569564
571130 573185
574187 575179
580340 580941
581618 581798
583407 585678
586313 588305
589069 589975
591104 591377
592014 592353
599303 599928
600551 600726
603304 603449
604256 606501
612284 612591
613859 614871
615896 616172
625241 625738
627016 629626
631253 632888
633977 634911
636944 637519
638493 638646
639408 639986
640535 641799
Buchnera_aphidicola_Acyrthosiphon_pisum_0980
3237 7093
8211 8585
9978 10102
13577 15647
17201 18862
19955 20767
21675 21935
22460 23366
24059 24781
26059 28928
37861 38308
39824 40660
41733 42630
44747 44927
45700 45991
50126 50273
51534 52098
52614 54506
55106 55482
56110 56927
58053 60449
62309 64787
66137 66981
68758 69797
72124 72302
73364 74516
75886 77410
78146 80312
80933 81209
81742 82509
84514 85388
87169 88730
89251 90013
90553 90629
93656 93801
94399 95397
96379 96554
97177 97802
98811 99085
102656 104267
104878 104968
106421 107568
109920 109992
114673 114955
115876 116014
118266 118454
120470 122547
123679 123855
124622 125260
126527 127021
128830 129289
131657 132490
134087 136447
138170 138828
139415 139509
140169 140629
141227 141309
142718 144326
146984 147056
149576 149872
150497 150587
155496 157428
158097 158465
159084 160486
161007 162907
164653 165851
167424 167503
170482 170737
171251 171358
174514 174702
175247 176842
177698 178301
179757 180255
180990 184307
184948 186135
187217 187692
189869 190154
194632 194884
197084 198219
199571 200385
201005 201817
202744 203083
203656 203827
204448 204534
206844 207974
210203 212402
213021 213278
213814 214007
217168 219298
220784 221536
222437 223954
224674 226198
227442 227587
229760 230216
231785 233257
234081 236355
238057 239096
244418 247083
247855 248019
251152 252239
255706 257702
259572 260436
262707 264863
267699 270133
270928 271110
274355 276228
276735 280177
280844 282521
284952 285603
286136 286403
287237 287506
289843 289976
291015 291222
291867 292165
292935 293931
296729 297194
299613 300430
300973 301768
302305 303038
304294 306767
307422 308017
308646 309209
310871 312478
314429 314675
316241 317054
317848 319996
323711 323999
325611 325698
327670 329379
334659 334847
337011 337468
338017 338106
338901 341245
342179 342749
343291 343349
343914 344370
345505 345731
346777 346887
348858 349696
350614 350723
351824 353695
357026 357730
358649 358968
359563 360558
361630 361803
363629 363913
364516 365888
366647 367077
371701 372927
375054 377238
377812 379324
379868 380234
381087 382225
384646 385050
385812 386101
389112 389853
390595 393690
394229 394441
397540 398054
398619 400716
405239 409319
409986 415733
416936 417310
421675 423346
423849 424376
426777 428555
429304 430183
431197 431386
434425 434648
437109 437620
438304 439276
445733 446299
449300 452119
453850 457090
457954 460583
463333 465950
466738 468732
471150 473242
481444 481617
482166 484561
485195 486140
486730 487515
491638 492099
493069 493378
496618 497013
497596 498443
499581 502010
504093 507803
508494 508601
510321 510602
513353 514210
515399 519522
520243 520365
521147 521648
523152 523253
525921 527885
529071 529199
529803 531379
532744 533035
535911 538421
539723 542152
542825 543408
547572 549608
550223 551389
553121 554935
558540 558948
560683 560864
563118 564118
566742 569686
570561 571230
572511 573770
574791 576785
578832 579786
580637 581845
585236 585781
588591 589952
590573 593980
596493 596569
597132 597461
598738 598902
603801 606238
608434 611697
612470 615504
616098 620183
621928 622243
624505 624928
629920 630421
635456 635775
636944 637278
639868 640004
640535 640823
