Ecoli_ancestor_Ancestor_
1 1396
15165 18144
82022 83290
91348 92568
93198 114796
198612 216717
223259 223482
231236 237515
273850 283333
294371 294594
377693 382748
386023 395281
414716 422589
424292 472257
497313 509292
512646 550003
553306 555547
589601 592266
643910 669514
674454 785586
786145 828636
923423 938717
968139 968233
968919 969537
1048039 1085344
1092962 1110526
1119675 1132710
1138175 1167490
1224109 1225197
1299537 1316180
1323331 1359699
1371573 1403377
1404563 1415624
1451570 1461544
1469329 1472049
1484417 1566706
1593168 1594388
1618987 1625176
1632122 1643420
1678519 1699589
1708574 1708794
1716833 1741365
1751393 1761031
1764964 1780082
1832324 1836187
1859374 1878538
1936548 1938382
1978522 1980171
1993922 2163663
2193588 2233640
2285847 2301813
2419514 2420553
2487916 2506415
2513592 2524573
2598278 2605894
2643410 2654046
2664430 2733226
2852008 2881422
2939311 2939906
2954966 2957487
3057944 3116685
3118688 3124781
3130600 3165872
3193617 3349461
3356442 3390126
3405493 3440751
3478348 3495326
3540313 3540921
3590874 3634718
3662403 3734668
3744736 3745001
3807037 3810195
3812039 3813338
3814007 3856601
3857632 3869828
3878494 3882070
3902558 3902902
4009497 4065019
4197918 4198903
4204290 4296791
4299508 4316794
4319098 4435904
4443951 4445735
4462248 4497338
4513369 4517828
4528286 4532192
4536297 4537531
4540706 4541313
4635134 4637229
Ecoli_0990_Taxon019_
11393 85746
101358 117277
121848 140224
143019 209962
231562 323375
332308 332531
341267 356289
362335 405385
414980 510786
519854 539479
543890 549996
592829 593084
597859 625767
674878 714364
717141 774120
949851 1049363
1062448 1172802
1210219 1217945
1231197 1236079
1247066 1247182
1259311 1269314
1286990 1424355
1433706 1433946
1440986 1441100
1477580 1496336
1509970 1517643
1519214 1520288
1546891 1547983
1555980 1568484
1573422 1609175
1691596 1753888
1765529 1765866
1777919 1795388
1816570 1851557
1863521 1870079
1876102 1876156
1885906 1889727
1897427 1897841
1901135 1901355
1904957 1957087
1960764 1989506
2003358 2061311
2063257 2115104
2134373 2136094
2200061 2201295
2288570 2296503
2303576 2306505
2376538 2411055
2425565 2551452
2568923 2638409
2645553 2646627
2648378 2737034
2744130 2745804
2756389 2789293
2858101 2976826
3006234 3075263
3076229 3183533
3241560 3247658
3280942 3287572
3321607 3340566
3414981 3416069
3446004 3446537
3474336 3481205
3515287 3530311
3565627 3603419
3618040 3618220
3620201 3638061
3638591 3716031
3759593 3787166
3859543 3932080
3934781 3936802
3937843 3938770
3980580 3986056
3994703 4003551
4006945 4135265
4139893 4140981
4147781 4148766
4188958 4329215
4331056 4332276
4399332 4400317
4421666 4425127
4435798 4436406
4440529 4445407
4457053 4457660
4486673 4491943
4511000 4518935
4570610 4587011
4589098 4589205
4601345 4629788
4637285 4641652
