gi_556503834_ref_NC_000913.3_
1 26236
26978 31808
32346 49883
50400 109329
110165 165734
166243 225738
228881 239388
239474 346765
347272 381259
382818 468186
468689 478397
479167 484317
484906 525738
526812 563398
563946 566548
568035 582616
583155 607329
609165 719776
720396 728396
728950 737382
737972 748269
748783 783581
784134 834978
835678 852599
853103 947128
947684 958356
958860 1023621
1024235 1050549
1050666 1097347
1097935 1119336
1119949 1152096
1152722 1249063
1249576 1261722
1262225 1286918
1287329 1292480
1293041 1300699
1300861 1318824
1319418 1368551
1369157 1433027
1434702 1448215
1448915 1634217
1634944 1734850
1735367 1779011
1779574 1831504
1832044 1843426
1843945 1893375
1894030 1901275
1901816 1990854
1991376 2008191
2008799 2011485
2012225 2044242
2044774 2075515
2076025 2104014
2104575 2155162
2155727 2171428
2171579 2227073
2227589 2329577
2330117 2368219
2368737 2383807
2384339 2441673
2442189 2612167
2612682 2631034
2631542 2701580
2702082 2739451
2739981 2759665
2760195 2774874
2775515 2804867
2805493 2828684
2829352 2901193
2901695 2955555
2956112 3129974
3131347 3144128
3144681 3156937
3157440 3174946
3175625 3184693
3185196 3226554
3227298 3228837
3229490 3244214
3244750 3254707
3255238 3292593
3293226 3307120
3307694 3387950
3388488 3390332
3390906 3420899
3421488 3504667
3505267 3532504
3533237 3583228
3584200 3586951
3587703 3617515
3618101 3618654
3623097 3624418
3625065 3647096
3647680 3666102
3667345 3674055
3674588 3694366
3694914 3747015
3747531 3803760
3804302 3860650
3861254 3876641
3877244 3903846
3904361 3915764
3916444 3985503
3986058 4035384
4037446 4040960
4041512 4057395
4057922 4150028
4150537 4165559
4166092 4175278
4175472 4176316
4177199 4224188
4224800 4241788
4242313 4263695
4264486 4274125
4274628 4314173
4314699 4369086
4369609 4481869
4482732 4507106
4508680 4539803
4540454 4634367
4634949 4641652
