Buchnera_aphidicola_Baizongia_pistaciae_ancestor
15202 15420
44443 46309
65993 66198
69701 69801
97972 98126
99237 99287
126610 126719
203148 203367
212806 212858
282683 282812
300813 300953
317367 317524
321476 321703
329076 329362
351721 351921
360020 360721
426312 426503
431380 431594
496267 496405
501666 501938
542839 542940
596837 597151
603980 604099
615881 615980
Buchnera_aphidicola_Baizongia_pistaciae_0935
15202 15420
41217 41317
44820 45025
70142 70731
159775 159886
203947 204052
231028 231157
267328 267485
272178 272280
277421 277707
311230 311449
350949 351102
360020 360721
381022 381123
435432 435570
440831 441103
452075 452455
481545 485550
515036 515227
596837 597151
606987 607041
615901 615980
