e_coli_k12_gi_556503834_ref_NC_
1 975
2256 4942
5672 5857
6363 9040
9563 15386
16259 17628
18363 19679
20666 22432
23118 23509
24108 25511
26217 29451
30103 41074
41587 44345
45532 50171
51414 55244
56114 57521
58222 61176
62117 63977
65128 69506
70580 73838
74820 74952
75495 76334
77820 79307
79830 81123
81814 83093
84404 89200
89826 97880
100379 104234
104822 113920
114854 116672
117339 119180
120572 123127
124362 127369
127901 128623
129149 130600
131167 136717
137332 142095
142673 145305
146187 147006
147618 149275
149779 155344
156642 159726
160457 161014
161752 162058
162774 163248
164054 167880
169423 173552
174104 178493
179035 179590
180202 183884
184884 186270
186847 189062
189576 193462
194104 203362
205016 205880
206769 210549
211802 211939
212454 214059
214684 216940
217449 218803
219317 223664
225777 231660
232181 236378
237010 237418
238006 245254
245914 246607
247179 248936
249585 255324
255873 257261
257873 261034
261625 264215
264821 265847
267095 268320
269035 269957
270488 271921
272439 272558
273089 275465
276051 276851
277587 279930
280363 280938
281469 284292
284911 289316
290447 292351
293037 294393
294969 295308
295886 302079
302593 303703
304392 306903
307531 309346
310143 315298
316204 316877
318685 318838
319440 328260
329255 335182
335798 337606
338488 339282
339854 344769
345609 348011
348528 349168
349926 354911
356164 359781
361264 369270
369875 372671
373405 373974
375197 376439
376974 387657
388328 389737
390295 391988
393361 395983
396839 399675
400370 400511
401074 402807
403318 403471
404225 406064
407339 415453
416453 420022
421170 423637
425016 428599
429241 430027
430578 431740
432479 438855
439466 441216
442425 447126
447693 454576
455597 456175
456744 457410
458085 460778
461314 461644
462238 462371
462896 465747
466364 468950
469465 470177
471339 478615
479245 487115
488092 488926
489460 491501
492074 502753
503307 505767
506324 513017
513594 515101
515717 517017
517708 518239
519042 522649
523531 525586
526092 526214
526813 527818
528516 532012
532953 533228
534512 534859
535885 536581
537104 547049
547739 555343
556603 556707
557282 566849
567755 567872
568567 569469
570094 571044
571605 572517
573937 574116
574891 576366
576998 577562
578195 581665
582208 584428
585075 591735
592842 598885
599588 601660
602169 607483
609505 612160
612793 619556
620691 622931
623494 627610
628207 629101
629917 631655
632150 635734
636274 636664
637390 644086
644611 645481
646005 655509
656220 661219
661771 664343
664942 670029
670970 676248
676942 683566
684226 685779
686321 686816
687382 690794
691324 694392
695184 697095
698469 708909
709541 717750
719040 719457
720003 720289
720866 721742
722914 726139
726784 732301
733045 734172
734916 738607
739490 741986
742508 747856
748360 750571
751150 755274
755828 765451
766563 771839
772403 774484
775057 776307
777560 779608
780180 791878
792823 794448
795111 797324
797834 801779
802427 817083
817630 830041
830971 831170
831724 832736
833454 836396
837115 838002
838945 840361
841345 842034
842738 844133
845026 846793
847904 850313
850916 863102
863916 872802
873342 873858
874433 876753
877367 884415
885069 892758
893287 893461
893963 900958
901779 903590
904153 906500
907060 907308
907891 914134
914643 914721
915303 920189
921451 931656
932400 936674
937313 939548
941078 945318
945834 952853
953355 959072
959964 960635
961208 966906
967574 970837
971448 972389
972894 974680
975306 976520
977043 978120
978628 981378
982054 990696
991349 993994
994602 996945
997559 1002879
1003633 1007154
1008137 1009109
1009799 1011410
1011915 1017962
1018470 1021432
1021959 1026624
1027261 1028008
1028578 1032096
1032689 1033931
1034433 1035781
1036373 1037007
1037582 1039333
1040057 1041411
1041913 1048182
1048735 1054820
1055747 1058604
1059151 1064772
1066335 1067832
1068337 1069930
1070615 1074805
1075539 1076677
1077741 1078660
1079210 1086464
1087013 1087389
1088168 1089750
1090294 1094524
1095430 1097834
1098488 1102038
1102670 1103626
1104315 1106257
1106913 1107121
1107642 1114601
1115544 1115896
1116453 1117769
1119052 1121670
1122200 1124333
1125641 1127201
1127971 1132799
1133485 1142461
1143066 1147654
1148276 1148781
1149403 1151559
1152375 1155278
1156911 1157107
1157801 1166638
1167537 1168294
1169011 1169525
1170224 1174777
1175600 1181072
1181606 1186152
1186745 1187139
1188009 1190705
1191302 1195672
1196191 1196724
1197561 1197625
1198192 1199654
1200312 1201678
1202224 1204074
1205154 1205935
1206922 1208579
1209651 1212195
1213271 1223781
1224424 1225306
1225969 1228944
1230204 1230765
1231543 1234365
1235277 1235439
1236085 1237525
1238449 1238815
1239399 1245629
1246478 1246537
1247089 1251387
1252163 1259531
1260349 1265276
1266941 1267466
1268187 1268902
1269417 1270779
1271913 1272392
1273395 1275023
1275623 1277936
1278891 1280870
1281405 1282562
1283275 1284701
1285221 1287243
1287561 1289151
1290568 1292429
1292991 1293083
1293960 1296211
1296888 1306363
1306914 1310598
1311526 1317115
1318176 1319234
1319797 1327766
1328390 1328888
1329571 1343584
1344094 1344620
1345746 1349964
1350531 1352594
1353136 1355575
1356748 1359534
1360950 1362590
1363270 1363806
1364357 1367851
1368443 1369241
1370040 1371545
1372287 1372583
1374504 1374789
1375992 1379200
1380043 1382962
1383944 1384346
1384882 1386467
1387341 1396039
1397683 1403955
1404822 1405722
1406389 1406781
1407380 1411437
1412454 1413383
1413916 1421167
1421709 1426330
1427066 1432566
1433602 1433706
1434988 1435984
1436532 1437140
1437747 1441619
1442354 1445213
1445814 1445935
1446549 1446800
1448177 1450761
1451280 1452320
1452921 1454854
1455491 1467751
1469244 1472843
1473532 1474139
1475498 1479228
1479801 1481237
1481758 1482170
1483963 1495791
1496519 1497856
1498360 1498611
1499130 1500940
1501790 1503343
1503911 1504967
1505649 1512896
1513713 1517053
1517610 1517765
1518902 1522045
1522716 1530814
1531400 1534242
1534901 1535514
1536084 1536860
1537482 1539331
1539955 1544694
1545219 1546807
1547581 1549231
1549786 1549981
1550513 1555136
1556289 1557600
1558112 1560468
1560987 1563151
1563980 1564289
1564815 1568600
1569106 1570676
1572478 1575234
1576114 1576509
1577165 1578288
1578872 1581284
1581868 1582852
1583432 1589439
1590493 1590857
1591458 1592013
1592532 1597779
1598367 1600780
1601354 1604565
1605355 1606199
1606754 1608862
1609424 1614890
1615459 1616167
1617835 1623014
1623548 1625346
1626201 1630052
1630959 1632797
1633590 1633694
1636236 1638460
1639149 1647500
1648030 1653220
1653842 1663600
1664700 1672213
1672756 1680528
1681495 1684127
1684792 1684939
1685440 1693938
1695960 1698162
1698789 1698863
1700359 1702985
1703763 1705673
1706419 1707311
1708074 1710196
1710975 1711875
1712608 1719145
1721910 1722958
1723540 1724805
1725322 1725804
1726579 1729121
1730381 1731162
1731731 1739290
1739817 1740397
1741240 1743702
1744541 1748914
1749472 1749629
1750206 1752249
1752778 1752913
1753940 1756100
1757152 1762481
1763122 1765148
1765719 1771267
1771767 1775608
1777679 1783039
1783555 1785413
1785982 1798559
1799128 1804636
1805204 1806336
1806948 1808170
1808811 1809925
1810519 1812297
1812932 1816990
1817602 1828040
1829251 1829413
1830420 1832857
1833475 1833586
1834460 1836704
1837348 1838973
1839650 1846911
1847520 1847865
1848748 1851286
1851913 1853428
1853946 1854708
1855475 1855692
1856601 1856670
1857409 1860629
1861177 1861347
1862184 1862541
1863236 1869110
1869652 1875642
1876144 1880513
1881467 1882821
1883355 1894898
1895437 1895924
1897598 1898345
1898940 1902211
1904074 1909445
1910121 1910621
1911296 1914900
1915477 1916346
1917282 1920923
1921638 1921873
1922400 1935725
1936243 1944039
1944634 1945023
1945628 1953444
1954190 1962688
1963536 1964953
1965524 1970274
1971117 1972744
1973518 1974151
1974668 1976951
1977946 1980538
1981390 1981620
1982913 1984535
1985051 1990052
1990688 1997501
1998264 2017687
2018346 2024016
2024756 2027808
2028491 2030155
2030827 2031825
2032541 2040322
2040839 2043064
2043734 2043982
2044587 2044986
2045761 2045972
2046636 2049959
2051007 2057425
2058663 2061252
2062512 2064641
2065271 2071430
2071936 2072775
2074028 2077077
2078003 2081044
2081678 2082044
2082982 2085563
2086074 2092599
2093320 2094060
2094862 2096736
2097280 2100677
2101303 2113656
2114520 2117567
2118070 2119333
2120611 2121028
2121589 2123196
2123823 2124838
2125427 2126113
2126662 2130719
2131643 2133632
2134167 2139038
2139790 2143977
2144809 2148289
2148868 2151485
2152041 2160233
2160961 2161046
2161607 2167767
2169294 2169609
2171613 2174045
2174709 2178113
2178892 2179694
2180772 2181808
2182412 2182565
2183153 2183854
2184670 2189037
2189966 2193024
2194002 2202061
2202593 2204284
2205018 2205226
2205814 2205980
2206728 2207743
2208273 2211744
2212441 2213072
2213618 2214420
2214939 2218065
2218579 2219071
2219638 2227024
2227525 2234882
2235505 2238705
2239271 2242967
2243671 2246706
2247313 2247391
2248029 2249126
2249744 2251916
2252586 2253634
2254798 2255149
2255654 2257845
2258662 2258733
2259295 2259636
2260225 2271998
2272679 2281051
2281789 2282892
2283723 2284469
2285838 2293810
2294359 2299485
2300073 2303291
2304370 2308491
2309002 2310723
2311615 2315649
2316256 2316386
2317109 2317698
2319136 2319389
2319992 2321312
2322075 2322307
2322830 2328047
2328733 2334621
2335302 2337371
2337945 2339677
2340236 2341045
2342524 2342703
2343290 2343472
2344105 2349345
2350928 2352033
2352959 2356143
2356750 2358526
2359099 2359919
2360454 2367827
2369104 2369973
2370585 2379144
2380165 2380423
2381021 2381165
2382334 2387175
2387752 2389501
2390357 2397513
2398031 2406018
2406538 2413910
2414635 2416231
2416746 2416825
2417469 2418285
2419244 2429176
2430712 2432518
2433124 2436242
2436884 2436989
2437575 2438835
2439497 2440582
2441102 2460022
2460730 2462018
2463087 2464880
2465596 2469191
2470457 2471040
2471705 2479193
2480869 2482244
2482863 2483355
2483960 2494391
2495050 2498306
2498806 2500003
2500970 2502252
2502775 2502948
2503451 2506005
2506518 2508315
2509531 2513245
2513765 2514272
2515145 2519131
2519917 2523735
2524344 2526539
2527071 2527564
2528485 2530543
2531161 2531946
2532863 2534797
2535312 2535962
2536466 2542201
2542722 2546523
2547527 2552155
2552847 2556616
2558142 2558707
2559644 2559703
2560292 2561225
2561737 2565913
2566494 2568682
2569620 2572541
2573268 2581126
2581676 2584231
2584861 2588127
2588673 2597681
2598860 2604042
2604636 2609931
2611042 2615682
2616187 2619402
2619926 2624417
2624981 2628856
2629725 2632598
2633319 2636003
2636610 2639122
2639760 2648139
2648677 2652111
2653247 2657156
2657678 2660056
2660619 2666645
2667202 2669941
2671029 2674088
2674605 2678910
2680458 2680705
2681439 2685559
2686669 2696852
2697393 2697702
2698450 2704219
2704876 2708128
2709102 2709518
2710035 2712946
2713610 2714248
2714935 2715789
2716420 2716774
2717289 2721367
2722569 2724329
2725082 2729642
2731264 2731805
2732433 2733606
2734480 2736287
2736791 2739801
2740508 2740803
2741560 2747762
2748399 2750277
2750829 2751351
2751858 2755262
2758420 2760286
2760957 2768079
2768672 2772002
2772585 2773177
2773895 2774388
2775694 2776520
2777038 2778287
2778910 2779483
2780016 2787768
2788477 2794802
2795431 2797798
2798354 2801152
2801664 2803107
2803630 2806640
2807208 2810681
2811446 2813224
2813744 2824072
2825079 2834570
2835382 2835726
2836268 2837816
2838901 2840126
2840658 2841582
2842450 2843894
2844731 2846281
2847393 2851647
2852371 2854021
2854528 2854611
2855611 2856507
2858334 2862810
2863508 2867380
2867973 2868465
2869570 2875545
2876212 2880805
2881427 2883539
2884713 2885124
2885879 2890136
2890737 2891485
2892943 2893040
2894331 2896348
2897527 2898024
2900423 2902603
2903828 2904547
2905280 2905378
2907383 2909547
2910097 2912505
2913026 2916011
2917170 2924087
2924591 2925148
2927992 2929310
2929982 2932959
2933563 2934260
2935264 2938386
2938998 2941665
2942194 2950585
2951180 2951950
2952672 2954747
2955260 2963349
2964171 2964284
2964921 2968107
2969352 2973112
2973697 2973794
2974610 2978117
2978907 2979174
2979698 2980658
2981363 2984595
2985267 2985685
2986219 2986388
2986908 2987063
2988027 2988307
2988875 2989165
2989770 2993807
2994433 2996360
2998094 2999549
3000292 3002148
3002830 3003563
3005252 3014514
3015161 3017849
3018875 3022772
3023326 3027389
3028056 3028312
3028999 3032374
3033467 3038270
3038843 3039468
3040096 3043532
3044536 3051310
3051957 3052677
3053596 3056683
3057236 3058196
3059341 3061487
3062016 3065763
3066272 3070067
3070569 3071359
3071864 3076439
3077079 3077294
3078355 3079989
3081115 3081215
3081836 3083910
3084491 3090491
3091053 3097681
3098249 3099518
3100214 3101352
3102280 3104743
3105461 3107390
3108200 3109266
3110795 3111491
3112024 3116533
3117573 3117979
3118481 3119866
3121630 3122159
3122674 3123754
3124487 3125671
3126368 3132659
3133304 3135784
3136863 3140970
3141593 3142242
3142842 3148150
3148652 3149060
3149812 3160183
3161593 3161926
3162534 3163676
3164214 3167074
3167827 3172076
3173166 3174056
3174885 3175156
3176310 3177726
3178254 3178995
3179551 3179943
3180870 3183674
3184206 3184935
3185563 3192327
3193169 3200575
3201161 3202560
3203164 3204444
3205379 3207158
3207781 3209825
3210599 3211328
3212212 3213455
3214042 3215919
3216681 3216936
3217448 3218245
3218963 3221573
3222076 3230371
3230917 3238479
3239013 3242124
3242798 3249841
3250496 3251473
3252062 3252144
3252924 3254678
3255302 3258340
3259096 3259555
3260575 3265367
3266028 3266188
3266777 3268124
3269402 3271486
3272082 3275576
3277135 3284670
3285176 3286540
3287058 3288689
3289276 3292025
3292605 3294042
3295711 3295805
3296435 3297640
3298598 3312821
3313665 3315807
3316615 3318791
3319299 3320435
3321177 3325818
3326354 3326623
3327164 3327542
3328292 3329191
3329997 3332448
3333348 3333819
3334405 3337784
3338557 3340046
3340649 3344012
3344612 3349649
3350567 3351366
3351945 3353995
3354502 3357293
3357807 3358357
3359079 3361859
3363159 3363858
3364899 3365551
3367127 3373854
3374468 3378248
3379086 3381855
3382540 3384132
3384740 3384854
3385386 3388456
3389435 3389828
3390333 3392738
3393448 3396472
3397110 3401938
3402696 3404337
3404937 3411486
3411987 3413638
3414534 3416325
3416874 3418909
3419612 3422919
3423783 3427247
3428869 3433400
3433952 3441463
3442012 3442270
3443045 3444555
3445086 3445365
3446674 3446796
3447353 3448031
3448568 3461506
3462016 3465847
3466412 3468186
3468809 3476273
3476924 3478937
3479964 3480583
3481094 3483413
3484229 3484898
3485968 3488144
3488968 3489283
3489891 3494530
3495356 3496469
3497176 3497578
3498226 3498872
3499419 3505321
3505968 3506985
3507551 3508570
3509499 3513110
3513615 3515254
3515823 3518479
3519209 3519621
3520160 3520999
3522050 3529319
3529910 3537122
3537836 3543217
3543872 3549618
3550368 3550787
3551298 3552567
3553145 3558912
3559811 3560826
3561710 3565224
3565759 3566099
3567173 3567452
3567990 3569254
3569844 3572932
3573700 3574686
3575200 3577569
3578695 3579081
3580205 3581942
3582562 3589386
3589917 3591903
3592743 3595309
3595901 3597671
3598192 3598468
3599268 3600129
3601120 3607295
3608027 3609124
3609676 3611650
3612225 3612989
3613873 3615514
3616032 3620307
3620982 3621910
3622654 3623108
3623813 3624117
3624615 3627148
3627914 3628071
3628591 3629535
3630118 3630461
3630992 3632447
3633159 3635263
3636033 3638875
3639458 3640492
3641135 3645451
3646166 3646274
3647198 3647406
3647995 3648307
3648867 3653211
3653721 3655322
3655893 3656538
3658305 3658513
3659319 3659783
3660377 3660851
3660995 3661190
3661880 3665426
3666144 3668378
3669363 3676346
3677254 3682284
3683202 3685957
3686759 3688496
3689304 3691920
3692879 3695553
3696233 3698971
3699547 3700587
3701204 3702621
3703259 3703394
3703921 3705394
3705958 3707695
3708399 3711427
3712048 3714868
3715528 3717399
3718241 3721007
3721535 3721909
3722605 3727838
3728520 3734839
3735418 3738280
3738811 3742050
3742612 3746810
3747420 3750580
3751405 3751553
3752440 3755476
3756120 3762108
3762806 3763298
3763973 3764901
3765645 3767109
3767625 3768268
3768999 3772791
3773329 3773752
3774264 3778318
3778988 3781669
3782312 3782447
3782989 3786666
3787188 3788833
3789387 3791364
3792029 3797469
3798088 3799035
3799545 3800376
3800936 3804580
3805366 3810280
3810818 3812015
3812802 3815877
3817234 3821526
3822213 3827289
3828466 3832976
3833511 3836996
3837769 3842602
3843403 3844564
3845104 3852395
3853096 3857378
3858285 3859394
3859906 3867062
3867608 3870765
3871341 3871488
3872282 3873714
3874582 3875834
3876342 3878020
3878850 3880720
3881369 3881459
3882228 3883726
3884349 3885374
3886110 3887368
3888120 3890290
3890860 3893862
3894433 3895448
3896080 3896473
3898771 3901879
3902755 3906014
3907043 3910280
3910881 3919505
3920484 3925670
3926847 3928242
3929141 3929229
3929847 3933203
3933766 3938802
3939582 3939849
3940735 3940994
3941534 3941701
3946693 3948736
3949287 3951495
3952830 3956532
3957125 3957248
3957856 3958078
3958698 3975865
3976454 3976945
3977500 3982578
3983147 3984198
3984783 3987933
3988714 3990992
3992761 3996754
3997324 3999408
4000080 4011073
4012445 4015159
4015758 4018770
4020050 4020608
4021288 4021368
4022171 4027464
4028337 4030055
4030673 4033181
4033707 4034908
4037537 4042654
4043302 4045710
4046303 4049483
4050107 4050787
4051318 4056417
4057340 4057939
4058571 4075965
4077008 4079738
4080057 4081117
4081821 4083952
4084968 4088351
4089689 4090080
4090645 4093224
4094302 4102193
4102885 4105029
4105555 4105611
4106214 4106385
4107391 4111570
4112250 4112722
4113892 4118315
4118929 4120262
4120825 4121781
4122674 4127775
4128425 4129405
4130339 4140786
4141437 4147826
4148349 4148964
4149506 4150341
4151068 4152446
4153445 4153591
4153848 4154206
4155082 4157275
4157931 4160776
4161409 4161700
4162467 4166552
4168174 4173491
4174525 4175471
4175870 4176560
4177262 4179877
4180474 4182428
4182961 4183175
4183811 4185875
4186448 4189141
4189671 4199039
4200147 4201254
4201843 4206881
4207641 4208040
4213033 4215443
4216067 4228391
4229162 4229990
4230743 4232796
4233933 4234129
4234635 4236897
4237669 4241022
4241602 4241852
4242599 4246424
4247172 4254303
4255451 4257562
4258236 4262741
4263283 4266092
4266650 4268437
4269634 4270907
4271456 4272395
4274215 4274329
4275229 4277856
4278467 4281290
4282097 4283982
4284492 4287253
4288280 4289672
4290889 4294023
4294544 4310892
4311398 4317807
4318572 4323957
4324536 4328519
4329545 4341256
4341902 4343579
4344238 4346034
4346550 4351270
4351909 4352236
4352906 4361391
4362162 4365572
4366618 4370468
4372445 4373761
4374295 4380614
4381334 4381826
4382636 4383052
4384044 4385153
4385676 4392203
4392510 4392621
4393320 4397128
4397664 4401575
4402240 4403986
4404577 4406921
4407662 4412088
4412618 4416521
4417599 4417893
4418522 4420557
4421083 4421170
4421771 4428909
4429847 4430063
4430896 4433473
4434008 4439099
4439613 4444232
4444982 4447004
4448252 4449799
4450633 4458651
4459223 4459663
4460281 4465877
4467949 4472553
4473092 4475488
4475992 4476335
4476928 4482088
4482676 4485676
4486228 4487025
4487587 4487946
4488682 4493559
4494285 4506261
4506904 4507442
4508802 4517657
4518208 4518787
4519732 4520638
4521237 4524348
4525014 4526824
4527370 4529182
4529693 4535086
4535951 4545312
4545895 4548490
4549055 4550497
4551025 4553830
4554575 4558129
4558811 4560997
4561696 4565123
4565742 4566108
4567024 4569503
4570160 4573899
4574645 4577219
4577742 4578334
4578981 4581562
4582163 4585622
4586306 4587922
4588945 4589829
4590776 4591379
4591947 4596044
4596668 4597071
4597657 4598739
4599540 4600356
4600880 4604893
4605506 4606551
4608102 4610214
4610743 4618342
4619224 4620748
4621455 4627279
4627845 4630506
4631129 4637426
4638047 4640990
