Escherichia_coli_O157_H7_EDL933_ancestor
1 3290
3809 7121
10136 10380
14203 24131
25121 26054
26728 26843
28065 29506
30144 32508
33260 34474
34995 38020
39506 47777
48413 54117
62580 63731
64315 65378
68172 69581
71281 80302
80811 81119
83579 83767
88812 95833
97388 97954
100880 104728
105867 109592
119601 129634
130657 131602
141095 146538
147717 148792
159431 159686
179376 185159
191073 195727
196244 205039
209772 213317
217496 232303
235040 235240
237233 238557
241731 250011
253565 253849
254942 255433
256963 259683
264741 266315
267448 267576
271275 271969
272642 275497
276158 277371
278084 290921
295737 297654
298275 299439
300774 304207
314503 323203
324541 324847
329060 336033
336882 338394
340965 349428
357285 357382
358143 358214
361334 362143
369856 371470
375386 376181
377772 378778
383379 383645
386562 386732
390124 391572
392156 392984
396592 401915
405196 409738
412228 412502
421724 423077
426953 430485
431125 431410
432297 433409
439827 441290
450249 452900
456072 457511
458024 458561
459850 460094
460607 460951
467601 472209
474936 475568
476394 477000
477701 478455
479252 482037
483172 485103
485847 489149
489757 491496
494267 494517
495188 495339
497749 505035
514945 518345
518942 519022
521354 521613
524072 524261
526138 527669
532840 545838
546407 548501
553474 559136
559903 562317
563025 565415
579251 582301
588223 592356
602956 616828
617463 619156
623719 623926
624706 632493
636525 636736
639110 639221
642559 644026
644584 649422
649969 650112
652052 652592
654602 656607
658405 666649
667193 673003
681797 684653
691791 693189
694676 696298
697274 707809
716464 719481
722109 725750
726321 727567
730503 732677
740180 740761
744081 744523
749638 753314
753825 759227
768490 768950
769564 775510
776235 777848
778361 783749
784270 785997
789027 789290
791089 792227
796373 796463
798723 798872
799458 802090
805105 806185
807793 811392
814425 815187
817645 821355
826009 826568
828628 828913
829633 830676
832401 836428
838162 839203
839809 840094
840851 841592
847449 850079
850848 854113
854766 859174
863362 863883
867504 867647
868424 873348
877503 892824
894968 899112
900118 900174
900711 901159
907579 907999
908534 908735
912591 918597
919197 924202
932047 948579
950543 953840
961011 964346
964921 967036
967632 970161
985827 986769
993716 1003403
1009648 1012908
1013549 1014435
1015757 1017431
1020328 1023239
1025353 1032420
1033264 1033603
1034943 1044748
1045767 1047346
1047860 1047964
1048475 1049312
1056788 1056838
1058349 1058426
1059440 1064352
1065323 1065384
1065945 1067040
1067924 1078928
1080981 1086045
1087483 1094873
1095695 1096509
1097424 1101850
1102747 1103948
1104741 1106715
1107331 1112748
1113390 1119731
1120573 1126090
1126723 1127402
1127944 1129638
1130681 1131239
1131766 1135230
1135907 1138353
1138964 1139544
1141127 1154957
1163145 1166469
1176056 1176346
1177703 1178368
1181297 1188636
1189184 1193874
1195369 1196086
1196883 1197674
1199116 1199934
1200696 1212704
1216760 1217009
1219063 1225298
1226638 1226967
1231993 1233542
1237162 1245068
1249892 1250361
1250966 1256880
1262297 1271678
1274266 1277488
1278825 1281164
1282149 1289893
1290627 1297247
1317506 1320937
1321681 1322536
1325058 1331155
1332559 1344176
1344962 1349566
1353030 1354115
1357161 1361457
1362744 1363860
1364925 1365428
1366898 1367703
1372667 1373375
1384851 1385159
1385740 1385945
1387167 1387431
1389239 1389414
1391749 1392943
1393465 1400692
1401233 1404326
1408432 1408585
1416089 1416844
1417751 1418034
1428617 1429825
1439989 1449041
1451990 1452046
1456939 1463202
1463876 1473857
1474358 1474748
1476471 1481025
1481908 1484070
1485477 1487765
1489465 1503686
1504192 1513609
1514275 1516220
1516763 1520900
1521842 1526781
1527429 1528843
1529623 1532434
1533228 1544527
1545352 1545516
1546025 1550564
1551250 1551372
1554239 1558283
1566360 1571946
1589859 1596782
1600762 1601285
1606808 1610719
1611433 1616084
1616744 1617024
1617887 1618159
1618691 1621246
1625764 1629882
1630665 1634087
1634632 1634929
1637400 1637609
1638258 1642795
1645316 1647918
1649220 1656353
1657185 1658276
1658782 1662687
1663317 1669167
1669921 1670361
1670931 1676031
1688912 1689327
1692156 1692321
1696755 1697614
1705589 1706471
1708617 1708935
1711070 1720365
1721286 1723080
1728795 1729320
1730258 1730973
1731499 1738745
1742359 1744720
1745238 1746496
1747875 1750028
1756686 1757453
1757958 1763302
1764460 1765171
1768275 1771799
1776884 1777123
1783736 1783854
1790190 1796106
1797345 1800786
1803839 1804010
1804736 1817283
1824404 1830414
1834752 1834866
1836534 1836627
1838048 1845644
1846979 1847133
1848559 1850906
1854333 1854980
1856072 1856500
1858382 1858523
1859763 1890515
1891098 1894355
1897276 1903929
1904576 1911591
1912092 1915094
1915646 1919239
1919777 1920288
1921073 1921350
1922102 1924208
1925129 1935201
1935890 1936116
1936847 1937305
1939892 1943762
1951969 1953470
1954060 1956188
1963874 1965072
1965575 1965764
1968238 1970119
1982164 1983996
1985010 1986038
1986731 1986903
1993521 1996136
1996700 1996834
1999023 2003819
2005106 2008614
2013345 2018092
2021638 2024467
2028668 2030815
2039232 2041798
2042334 2051948
2061418 2066952
2069040 2070120
2081228 2083945
2084452 2087743
2097354 2098820
2100498 2100783
2105011 2107774
2108662 2108985
2109523 2112403
2113040 2127685
2128527 2129088
2129834 2133684
2134560 2138547
2139062 2149774
2150452 2157731
2159391 2163165
2164538 2165834
2166986 2168753
2174322 2174466
2175659 2177093
2177645 2177745
2180227 2188005
2194257 2204776
2218665 2221030
2226719 2230813
2234127 2242297
2246882 2247639
2249544 2254228
2255489 2258120
2262436 2269273
2270082 2270814
2271361 2274612
2275204 2284431
2286590 2291291
2293490 2293629
2294958 2295376
2295929 2296778
2297800 2301268
2302155 2305249
2305759 2343303
2344012 2345988
2346636 2347029
2348036 2351421
2358042 2359637
2361543 2361776
2362557 2362654
2367901 2370643
2371288 2373300
2373833 2374537
2376846 2376952
2377592 2378531
2380781 2381068
2382342 2393925
2394505 2400005
2406769 2407471
2408592 2409010
2411822 2417686
2421567 2421787
2431614 2436890
2440184 2440414
2442913 2444440
2445319 2450572
2456440 2456660
2457354 2457516
2458531 2458632
2467479 2468886
2469556 2474228
2478143 2478291
2485100 2489937
2490482 2492200
2492808 2495099
2503984 2507995
2508719 2509765
2521273 2521527
2522246 2530279
2531427 2534433
2536349 2536450
2541869 2543258
2543974 2544960
2548809 2551152
2553925 2554311
2556386 2556576
2565118 2565448
2568706 2568835
2570644 2570904
2579826 2580701
2583753 2585504
2586101 2586221
2587355 2587524
2588694 2593906
2603146 2611998
2616286 2616865
2620005 2623040
2623549 2623730
2626046 2631024
2636587 2637123
2643033 2643202
2644180 2644351
2648483 2652947
2653590 2656311
2657099 2662889
2663390 2664591
2665410 2671918
2672767 2672848
2682839 2682921
2693764 2697014
2698027 2698966
2700843 2701276
2701950 2702093
2707109 2707590
2719672 2719881
2722963 2724177
2727764 2731258
2735205 2735545
2736291 2737444
2747339 2747518
2752522 2755861
2756409 2762034
2764403 2779738
2780328 2785931
2787066 2793689
2795715 2795972
2798732 2800247
2802121 2802296
2802977 2806026
2807486 2807665
2826090 2826308
2829904 2838211
2838945 2843832
2844343 2844530
2848896 2853990
2857888 2858170
2858739 2860305
2860818 2861324
2861925 2873559
2874095 2877327
2877876 2884878
2886633 2889699
2893982 2900284
2901454 2901617
2905427 2910605
2911281 2912400
2913269 2918870
2920682 2922001
2931630 2931761
2933395 2934953
2939941 2945054
2963381 2969028
2971469 2971684
2974542 2983774
2985143 2990228
2990925 2994279
2994987 2999080
3000616 3001733
3007156 3009605
3010445 3011679
3012471 3012644
3014601 3015536
3017297 3020944
3021957 3025572
3027110 3028000
3031401 3031541
3034525 3034738
3037217 3037639
3039796 3040021
3041877 3053069
3053622 3056653
3057257 3059533
3062291 3063734
3064566 3064669
3072128 3072299
3076268 3081500
3082091 3082970
3083530 3089935
3093010 3105666
3109022 3109270
3111672 3111953
3113533 3113686
3114389 3116328
3117779 3119161
3126298 3127597
3130905 3130986
3133313 3134160
3138255 3138490
3142621 3142710
3143604 3143786
3146754 3152422
3153095 3154523
3160896 3168934
3184380 3185229
3194491 3194598
3196658 3196845
3197609 3197739
3215997 3217113
3223167 3224644
3228601 3228962
3230625 3230840
3232928 3234130
3234998 3235608
3241736 3241858
3243789 3243975
3251943 3255320
3255864 3258273
3260571 3262776
3273882 3274131
3281266 3281456
3283116 3283284
3284902 3288803
3299970 3300480
3309873 3315575
3317565 3332062
3333159 3335286
3337610 3337973
3338661 3339184
3339710 3340275
3342522 3343074
3349363 3349619
3360004 3360220
3366301 3367974
3368496 3369157
3377335 3377936
3380617 3387704
3389274 3390397
3391585 3393765
3402164 3403729
3406773 3413189
3414285 3417769
3418446 3421368
3423867 3424010
3434623 3434687
3437302 3438468
3440229 3442348
3444159 3448906
3449543 3452814
3457497 3471838
3473771 3475808
3477673 3490700
3494580 3495096
3495862 3501028
3513666 3514071
3514826 3518134
3518726 3522575
3523117 3525294
3526268 3526564
3529304 3545292
3550086 3559568
3560932 3561368
3565012 3565515
3567187 3578610
3583486 3587384
3588002 3588437
3596498 3600642
3602248 3602527
3603969 3604101
3615624 3615754
3616324 3622725
3627296 3627486
3629596 3639583
3640615 3640979
3642644 3642766
3643307 3646049
3649286 3649362
3650301 3654011
3654876 3656091
3664792 3670642
3671213 3671907
3673561 3676966
3684253 3689866
3690434 3690785
3691679 3693426
3694083 3698583
3700389 3701582
3702312 3703205
3704211 3704797
3706653 3706943
3709434 3713620
3722825 3723287
3723820 3728085
3728974 3731674
3732502 3732739
3734490 3734582
3735421 3748867
3749983 3751427
3752078 3754811
3755355 3755509
3758845 3761124
3764742 3766844
3774388 3774488
3775168 3777993
3783204 3789846
3802919 3811677
3815866 3817698
3818830 3820229
3823915 3828600
3834842 3840299
3842822 3846214
3847462 3847740
3849728 3849823
3851899 3862840
3871382 3872628
3879344 3879784
3880347 3880505
3882973 3893721
3900640 3902616
3907658 3912187
3919442 3926547
3934070 3935211
3935754 3938424
3941300 3942801
3946608 3947633
3949087 3949374
3951430 3951700
3952287 3956263
3956890 3960146
3962841 3963018
3966197 3969692
3976896 3983844
3985565 3985657
3989177 3992519
3994611 3996249
3996937 4005713
4009342 4018701
4022495 4028773
4038231 4045280
4047905 4048015
4050938 4051232
4055495 4057783
4060507 4060839
4065121 4065216
4073981 4074104
4077721 4080508
4092347 4092548
4093182 4093286
4098188 4098440
4102961 4103610
4104370 4106470
4110513 4111018
4115053 4115248
4120411 4120584
4121093 4125797
4139079 4156678
4158371 4158597
4159513 4161550
4163395 4163580
4167265 4168900
4171268 4171463
4174506 4174871
4177316 4179039
4182198 4182322
4200904 4201296
4201973 4211260
4212037 4218550
4228645 4239841
4244659 4251590
4256402 4256550
4259811 4260704
4265608 4268042
4277963 4278408
4283901 4284628
4285714 4292131
4298920 4299087
4300566 4302917
4308425 4308786
4311302 4312274
4317985 4318909
4320520 4322993
4325961 4339636
4343596 4351432
4352452 4354717
4355736 4356369
4358887 4364540
4367779 4369102
4370568 4371201
4371776 4372762
4375561 4376973
4377480 4385578
4386739 4387473
4389811 4390456
4391010 4391570
4392261 4393200
4393739 4397536
4401809 4401918
4402888 4408637
4411195 4411386
4414441 4414670
4416100 4416553
4417709 4417794
4425481 4428246
4432442 4433029
4437566 4437809
4446966 4447285
4448347 4450387
4451965 4456040
4460557 4460701
4463725 4464184
4465725 4467636
4468174 4468632
4469152 4476952
4480977 4486139
4486944 4488348
4489195 4491861
4495878 4496380
4498714 4500236
4502726 4502991
4505846 4506299
4510004 4513447
4515202 4517183
4522008 4526142
4536052 4537669
4543362 4543495
4547083 4547177
4560677 4561640
4562479 4562722
4569067 4572217
4572993 4573273
4579389 4579692
4581763 4589410
4592101 4593437
4599439 4601020
4601638 4611221
4617039 4620670
4621314 4628309
4634480 4637957
4638533 4643437
4645640 4651794
4652990 4655544
4656625 4662510
4664172 4668618
4669195 4670444
4671752 4671809
4672835 4673137
4673689 4675955
4676959 4677099
4679956 4683398
4693431 4695964
4696594 4700527
4703227 4703346
4706094 4706328
4707743 4707996
4712227 4712584
4714939 4715602
4718980 4723475
4724383 4725247
4725886 4734042
4736265 4741690
4742227 4749402
4750778 4761120
4792057 4792374
4798513 4798608
4800414 4800777
4802198 4804609
4807365 4809013
4809533 4817623
4818724 4828241
4830129 4832838
4833413 4833699
4834359 4848667
4849410 4849551
4854585 4863951
4867125 4867856
4875739 4884428
4886180 4886651
4887280 4891002
4893190 4897496
4898204 4898453
4908136 4912451
4916797 4926003
4929862 4932083
4937466 4943474
4945230 4945307
4947061 4957823
4958364 4963787
4964329 4964839
4966420 4966951
4967962 4978195
4981960 4989625
4991283 4993320
4994135 4994977
4999377 5001133
5002299 5007008
5008471 5010841
5013573 5014674
5016600 5030844
5034569 5034731
5035457 5040022
5040814 5042860
5043680 5053920
5056731 5057626
5063272 5068574
5072697 5073801
5074370 5074467
5077142 5080566
5086729 5087358
5096756 5097039
5104238 5113825
5114472 5116779
5131782 5131915
5133858 5137147
5147490 5147747
5152339 5160195
5160907 5163393
5167333 5169739
5171565 5172516
5173453 5174527
5181722 5183137
5193242 5194918
5195438 5196816
5197550 5198327
5202015 5203664
5204189 5204388
5207683 5207928
5208825 5209262
5213761 5214122
5222615 5224816
5225541 5234883
5235878 5243745
5252736 5252832
5253425 5254506
5257989 5260489
5261657 5263728
5266227 5268671
5270942 5273027
5276075 5276322
5284165 5284265
5296455 5310660
5313211 5316088
5317062 5320148
5320712 5328345
5330710 5334976
5336372 5339888
5340640 5343179
5349756 5349870
5352874 5366974
5369290 5376842
5381201 5382028
5382672 5382808
5386492 5386694
5389679 5391845
5394383 5399390
5400980 5401458
5402588 5405740
5406647 5409633
5412932 5414410
5418684 5418795
5420352 5420493
5423244 5433032
5460369 5460677
5461834 5468736
5469341 5475769
5484095 5489100
5492218 5492309
5498833 5499035
5508160 5508968
5511820 5511922
5522767 5523045
5526425 5526639
5528668 5528954
5536402 5538303
Escherichia_coli_O157_H7_EDL933_0990
6844 13590
19145 19204
23436 25302
26742 28361
30143 46846
49878 50008
52572 61049
66434 66689
67831 68242
74314 77345
79433 81816
82324 88067
98055 125600
129690 131357
133749 135009
135687 138482
142143 144622
147630 154439
155133 159946
167377 169087
169696 172279
172891 176767
177996 188118
200191 201218
207202 207371
208930 217228
217969 218873
220249 223097
229590 231335
234496 235439
238141 240735
241283 241530
242114 261919
275968 278931
281396 281725
284126 284373
286376 286666
293653 297226
300100 301732
304803 305096
307195 307412
308487 315071
315605 317982
331861 332969
336085 337620
338240 338289
338816 339017
343185 344357
344947 353502
355365 357668
358735 362140
365102 366728
369100 373074
376268 385831
386510 391775
393879 394121
399151 415605
416112 416409
418546 421191
421792 427148
427831 434839
441165 441291
443087 448677
449209 452980
453899 456103
459525 463049
463815 473894
474475 477665
478941 479326
479936 482032
482647 483418
490576 490829
493538 495307
497842 501000
502655 507506
508375 508621
514483 515615
516133 517280
535238 537860
546596 546709
549964 553150
555658 555776
556510 556732
557574 557800
561331 562092
565986 568942
571776 573108
575315 575438
576303 576947
578017 579515
581850 582915
583920 584590
585222 590983
594744 594840
601611 605677
607817 607945
613554 616289
616917 617271
619870 622262
622766 623911
628531 634917
635455 636729
637276 638782
642689 643395
643911 645726
649146 649287
649916 650835
651528 652044
658533 658779
660540 667867
670180 672750
679930 680198
681488 688014
692781 692977
695596 695893
702868 703154
707122 707641
708326 713874
718944 719463
729154 731858
733219 733444
734929 752150
752689 774551
783861 784062
785546 787292
793856 793961
808398 809223
813458 814373
816049 816492
817111 817587
818312 822753
823294 828980
829541 835940
842759 851791
852470 853554
856711 859331
859995 860654
861497 866564
871296 871472
872306 873957
874721 875002
876250 876443
879916 881899
883376 884673
891595 893030
893544 893795
902040 907619
910928 911577
915353 915797
919370 926114
931640 943476
944001 945798
947582 952422
957157 966793
968283 981748
982392 991091
992121 999863
1002452 1008074
1008781 1011591
1018256 1018531
1019702 1022814
1024051 1025662
1026178 1030244
1031634 1032052
1037460 1040200
1040789 1044952
1049723 1050328
1054861 1059515
1061086 1061361
1067267 1067415
1070639 1074325
1074886 1080427
1085124 1086342
1089282 1102955
1103538 1108484
1111186 1120467
1121346 1127402
1133779 1138931
1139873 1140026
1143905 1144260
1145657 1151207
1160959 1163705
1165833 1167365
1168570 1172183
1177446 1180098
1180931 1182071
1184653 1185357
1194575 1197191
1202348 1202666
1210706 1212911
1215903 1216862
1218682 1221179
1221847 1223757
1225888 1233550
1235702 1244627
1250953 1251994
1252766 1259862
1260654 1262798
1264738 1268574
1270734 1275141
1276609 1276756
1277432 1286129
1286652 1288274
1288779 1289719
1292448 1295059
1295649 1296134
1302009 1302282
1307798 1312773
1313282 1317555
1327562 1327780
1328553 1328671
1333760 1333940
1335763 1337995
1338677 1341680
1342287 1354318
1355068 1357628
1360634 1361071
1361696 1368072
1369113 1374615
1377154 1378196
1378711 1379789
1382802 1383195
1388935 1389103
1397215 1407783
1413751 1413855
1414504 1429185
1430985 1431157
1433706 1441360
1442031 1451364
1452267 1455401
1458946 1466539
1467044 1467985
1469093 1471446
1472051 1478684
1480317 1485629
1486159 1491187
1498259 1508094
1513710 1518010
1524765 1525167
1525819 1525920
1527068 1531377
1540318 1540940
1542056 1543948
1547149 1552623
1553265 1553497
1559508 1567110
1569215 1569364
1570653 1576569
1577339 1577596
1578143 1579677
1584867 1589085
1590576 1593235
1594634 1595172
1595811 1598043
1599936 1600199
1603133 1609920
1615453 1615726
1617225 1624510
1628649 1631057
1631655 1634235
1635908 1642073
1653625 1664069
1665282 1672335
1684382 1688153
1688827 1690574
1693587 1696168
1701455 1703970
1704868 1708988
1711063 1711332
1712395 1715736
1717837 1718769
1720496 1720701
1721750 1724168
1734211 1738634
1739165 1746955
1753885 1755517
1756293 1757387
1758583 1758633
1762061 1769030
1771925 1775486
1777462 1779195
1779702 1781212
1786684 1787819
1788851 1788945
1790771 1790859
1797603 1797891
1801985 1804863
1805504 1810923
1814472 1822794
1823547 1824039
1828474 1828837
1833254 1833491
1834985 1835249
1836278 1837366
1837984 1838729
1842320 1842532
1844768 1846133
1852414 1854358
1854946 1855654
1856577 1859067
1862099 1862385
1863511 1864937
1872315 1880749
1881513 1882675
1886366 1887105
1888830 1889868
1893473 1896884
1907071 1908171
1909081 1914059
1920813 1936113
1939843 1940223
1940898 1943110
1943818 1945192
1945699 1948565
1953783 1958363
1960289 1960426
1961545 1962038
1962549 1968474
1969480 1971131
1973384 1977318
1993997 2001299
2002456 2003342
2007482 2008946
2009582 2011513
2012356 2013026
2013632 2013892
2017245 2017421
2018433 2018672
2021541 2022901
2023760 2033476
2034010 2035733
2040414 2041686
2043108 2045391
2058047 2061617
2062215 2065023
2078970 2083934
2091933 2093478
2096133 2104183
2104702 2115440
2129865 2132232
2132847 2133041
2134953 2142943
2145693 2146464
2147393 2148190
2155886 2168071
2170915 2188844
2189380 2194045
2194617 2195263
2198178 2202724
2203337 2210161
2210852 2210974
2211899 2219035
2219781 2220237
2226863 2229587
2232628 2253918
2257718 2261966
2262808 2264001
2264857 2266922
2267466 2268521
2269086 2271675
2272465 2278339
2284435 2284673
2285236 2286807
2289322 2290584
2305281 2307071
2308476 2309028
2309816 2311355
2313081 2315403
2315911 2318761
2320422 2339838
2341401 2346792
2352407 2352591
2355601 2368408
2369053 2369799
2370755 2371821
2372465 2382862
2385292 2385961
2389913 2402489
2403354 2409106
2410136 2417306
2418528 2421036
2421552 2429433
2431562 2431764
2433347 2438340
2438996 2440301
2440854 2442796
2443357 2443946
2444648 2445458
2448856 2449969
2460195 2460559
2463466 2464590
2467520 2467655
2472419 2472550
2473757 2474065
2476316 2476849
2483611 2484868
2486414 2486505
2487893 2499732
2506038 2506315
2514801 2516237
2524804 2524935
2529842 2535280
2535901 2536014
2536860 2537013
2537716 2538060
2538857 2540998
2542288 2542884
2543476 2545442
2546015 2548534
2549080 2552893
2555046 2557005
2557842 2563753
2564293 2570278
2570853 2572224
2573514 2585156
2586466 2590805
2596173 2596948
2597825 2614694
2619338 2619565
2621013 2625326
2631791 2636445
2643165 2646040
2646868 2647199
2650034 2651589
2676262 2676364
2678397 2681567
2682110 2682231
2688184 2692232
2697722 2699811
2704256 2714564
2715697 2717086
2717691 2730818
2731580 2732356
2732888 2740031
2741354 2743093
2743891 2747607
2748177 2748341
2748929 2754290
2754838 2755612
2756148 2760799
2761315 2767552
2768772 2771513
2772014 2774511
2777708 2778483
2785369 2799379
2801901 2805352
2806228 2806474
2809388 2812556
2813704 2816155
2816686 2823892
2824823 2826952
2827509 2832811
2833321 2834589
2835291 2838012
2838640 2839247
2843416 2847939
2848636 2851460
2852320 2853083
2853646 2853728
2854403 2863619
2864239 2866236
2867542 2872959
2873615 2873889
2884994 2889825
2890425 2890560
2900471 2900682
2902516 2905443
2910389 2912117
2912837 2913018
2916662 2919876
2920898 2924469
2932667 2943005
2944535 2944831
2945522 2949259
2951476 2954247
2955873 2960368
2960967 2961564
2965222 2972097
2974811 2978897
2979471 2979836
2980906 2982444
2983046 2983349
2983882 2994496
2995117 2995504
2998859 2999098
2999623 3001125
3002559 3008123
3013864 3024098
3024676 3027173
3033761 3033907
3034836 3037859
3038996 3045560
3058387 3058678
3060450 3061029
3063654 3067380
3068713 3070555
3075564 3084572
3088512 3088588
3092135 3102262
3111758 3121037
3124635 3124927
3125656 3138864
3140926 3141253
3143746 3143883
3147316 3149924
3150574 3165093
3165707 3166575
3168766 3176387
3178315 3184290
3185089 3185229
3188410 3191482
3192126 3192555
3195652 3195915
3196919 3197022
3197981 3198329
3199021 3205839
3206493 3218613
3219144 3225034
3225726 3230808
3231318 3233023
3233619 3237393
3237903 3239993
3241191 3241609
3242119 3245176
3247416 3251512
3266296 3267588
3274231 3277811
3288660 3290396
3294506 3295267
3296763 3297219
3299682 3305906
3308022 3310297
3315956 3316021
3320709 3327068
3329072 3329289
3334678 3350584
3351959 3357448
3360006 3365037
3373226 3377974
3378568 3380273
3380838 3383237
3383775 3384840
3388597 3395914
3396435 3400371
3401012 3404839
3405489 3408040
3409036 3410364
3410877 3411042
3411731 3411957
3427582 3428693
3431656 3437242
3439313 3441135
3441660 3448724
3454982 3466347
3468340 3469515
3475689 3484062
3486509 3489285
3492530 3492813
3497186 3506089
3506592 3506877
3508489 3511535
3512100 3512386
3515029 3517502
3522931 3528255
3532027 3532777
3535202 3535832
3537328 3539867
3543882 3548782
3551432 3552471
3554503 3565628
3568429 3570703
3573222 3576674
3577185 3580598
3584496 3592210
3596569 3612259
3613831 3614517
3615217 3618258
3618813 3619878
3620768 3621377
3623131 3623767
3624975 3631043
3632091 3633361
3634501 3635020
3639244 3642423
3644924 3645272
3646052 3647396
3647919 3648333
3650636 3654161
3654835 3657094
3657685 3658390
3659229 3665038
3665540 3676804
3677608 3686754
3690030 3696653
3698639 3703562
3704149 3708399
3712044 3712564
3714618 3715299
3715975 3716686
3717268 3719690
3722191 3722387
3723037 3723829
3724411 3728299
3734967 3739206
3739927 3742341
3742926 3743672
3744510 3747834
3751682 3755525
3758230 3758459
3763456 3763537
3767014 3767235
3768586 3776176
3782029 3782335
3782981 3789044
3792480 3792639
3795602 3795740
3797259 3799974
3802423 3802681
3804694 3805426
3806409 3807147
3807872 3816687
3817574 3817931
3818732 3819109
3821180 3821503
3825031 3825507
3826246 3829996
3830499 3838401
3839773 3847655
3848176 3859979
3862151 3862417
3863521 3863730
3865538 3866106
3871943 3872499
3873012 3873250
3874547 3876053
3876571 3880114
3880832 3881280
3882416 3882723
3883360 3894439
3895797 3897274
3897777 3903191
3904334 3904473
3905649 3905902
3911364 3914391
3917435 3923479
3934264 3934536
3935124 3935805
3936400 3938421
3939021 3939685
3946808 3948644
3949321 3950672
3951347 3956702
3957634 3965040
3970307 3975673
3976309 3978421
3979932 3980030
3982428 3985317
3990153 3991069
3991690 3994401
3996080 4000250
4001116 4007828
4008563 4009609
4010934 4016792
4017931 4019611
4020679 4030050
4031402 4040603
4041142 4042324
4042857 4043566
4044284 4050648
4051219 4052289
4053395 4054232
4055298 4055832
4056981 4068827
4069471 4072219
4072791 4074488
4075505 4087732
4096332 4101043
4101570 4106120
4107663 4119624
4120578 4128135
4128715 4131588
4134433 4134647
4142877 4143079
4144343 4146382
4147153 4161641
4163192 4163601
4164174 4167489
4168260 4170742
4171430 4172904
4173580 4174553
4175302 4177205
4178511 4179406
4180062 4182758
4183417 4189730
4194691 4198591
4203980 4205312
4211609 4212690
4213225 4213504
4220035 4229619
4235637 4236443
4237294 4238466
4239037 4240943
4241661 4246445
4249682 4258569
4259169 4259459
4260391 4261450
4262434 4265286
4265879 4266358
4267367 4270107
4270869 4275845
4286614 4289775
4293540 4293739
4297097 4297628
4299671 4300034
4302943 4303106
4305875 4307594
4308354 4309174
4321226 4339471
4339992 4340782
4341834 4345362
4346096 4346789
4347408 4348370
4348875 4349837
4350544 4353225
4353779 4362875
4363591 4366273
4366945 4367093
4369643 4369781
4370685 4371101
4372077 4373927
4374457 4377795
4382368 4388841
4397179 4401235
4402596 4409072
4409579 4412574
4413440 4413979
4414969 4418581
4419539 4420904
4422455 4425948
4428919 4429752
4430272 4430985
4431642 4436120
4436756 4436884
4437697 4440458
4441102 4451048
4451863 4459141
4462143 4462224
4462730 4464251
4465685 4468822
4471216 4474032
4480657 4483437
4484965 4485179
4493130 4493763
4495880 4496558
4498006 4509240
4510108 4511645
4512783 4514439
4515634 4517605
4518282 4519899
4521223 4525475
4526222 4527183
4528707 4531019
4548789 4555338
4555862 4557893
4558559 4560012
4560644 4561388
4562078 4565530
4566257 4566864
4567919 4571050
4572455 4572917
4573518 4585178
4585831 4586358
4587107 4589064
4597687 4597787
4598292 4604168
4608301 4609392
4626797 4632292
4633039 4634710
4637520 4637867
4641039 4641337
4645091 4645293
4646796 4652579
4656016 4656249
4657860 4657924
4659747 4660776
4661299 4662526
4665781 4672443
4673090 4673233
4673814 4680713
4684478 4689736
4690295 4692975
4693944 4694790
4699696 4700661
4702228 4705668
4710983 4712766
4713535 4715268
4715930 4719740
4723636 4723864
4727517 4728553
4731281 4736387
4737681 4743795
4745123 4745209
4748036 4751185
4756109 4758477
4762140 4768783
4769371 4777653
4782528 4782695
4787638 4796301
4801978 4802163
4814800 4828658
4841991 4843460
4844876 4851314
4854870 4862828
4869918 4870524
4871425 4872152
4873222 4873301
4877953 4880554
4881767 4885764
4886455 4886598
4894108 4897457
4898928 4904957
4912201 4914831
4915749 4918473
4919204 4919766
4933253 4933611
4934230 4942893
4943562 4944293
4947969 4954166
4957883 4970529
4979158 4979247
4982007 4984459
4985173 4987966
4995318 4995601
4998883 5002017
5009991 5010383
5011215 5018804
5020605 5025270
5025834 5026635
5030609 5030894
5033427 5037205
5037947 5039364
5039885 5044764
5045793 5046924
5047570 5047759
5048300 5052083
5052809 5052889
5055595 5064453
5067004 5069868
5071035 5071236
5072965 5074401
5074911 5082000
5086054 5086513
5087191 5087606
5088124 5088326
5089042 5091440
5096571 5099603
5100250 5107991
5108951 5109186
5113557 5115190
5115812 5116776
5118616 5119199
5123916 5124559
5128520 5128682
5129611 5130606
5131372 5131978
5133981 5134797
5140806 5143483
5144511 5145384
5147114 5157689
5158495 5160286
5161805 5165224
5166535 5174324
5175759 5186596
5188855 5191122
5195514 5198280
5199785 5201911
5206267 5206904
5207607 5208649
5209313 5213264
5215098 5215393
5221844 5232820
5235703 5237028
5238913 5239147
5241673 5243759
5244427 5245546
5256749 5257333
5259698 5259823
5262847 5263505
5264955 5270188
5272673 5276784
5280147 5281034
5282225 5286619
5294362 5297910
5299138 5309687
5314254 5314505
5319600 5321045
5321616 5322886
5326895 5331428
5333005 5333125
5345594 5348911
5349446 5351490
5357291 5369707
5370705 5387258
5388627 5389929
5393680 5393922
5395327 5405087
5417066 5427074
5435262 5435501
5436378 5437952
5438613 5440966
5447610 5455756
5465960 5466886
5469105 5470604
5472836 5472951
5473865 5476494
5477359 5482664
5488254 5488690
5490823 5490923
5497161 5497924
5498547 5498782
5502093 5502249
5504990 5505080
5506523 5508060
5509495 5511720
5512248 5517256
5517778 5535564
5536843 5537108
5538268 5547323
