Escherichia_coli_O157_H7_0980
13400 15324
16485 16993
17935 18498
20578 21495
22930 23000
30871 31038
35918 37679
44914 45175
46343 46397
47015 48763
49694 49860
50544 50722
54487 55083
55865 56091
57139 57239
59909 60375
62019 66215
66863 67105
69550 70519
71228 71442
73267 73524
77735 77926
79345 79812
80588 80725
83047 83166
84289 84366
88452 88802
89533 89933
91278 91378
91942 92277
95707 96152
101274 101514
107476 107838
109051 109239
111743 112023
114155 115104
119911 120028
124176 124769
126777 127075
130218 131050
132801 133136
140572 142558
143271 143549
146584 147172
149097 149294
152722 152975
153522 153774
154397 154521
156219 156733
157490 158461
161228 161313
163918 164006
164507 165831
168764 169148
171367 171894
175219 175309
180097 180249
185096 185513
187053 187591
190637 191164
193007 193181
193912 193993
195626 195915
206639 206814
208452 211900
217369 217823
219572 219832
220534 220688
221191 221240
224424 224706
226363 226737
228961 230860
232724 233463
234562 236282
236897 236983
237533 240220
240770 241952
242624 243328
244652 244741
253911 254139
256600 257934
259323 259621
260129 260636
263232 263329
266903 267073
269051 269160
271661 271985
272529 273072
275259 276569
278907 279095
280856 281011
283263 283359
285796 285894
287562 288257
291367 291615
293864 294372
295172 296143
301030 303887
304706 305366
306876 307140
307747 308109
308804 308989
311654 313237
314566 314798
316188 316768
318421 318686
321076 322831
323416 323503
324101 324237
330892 332511
333320 333882
339759 341154
345201 346010
347596 347923
348936 349146
351101 351458
356406 358167
360174 360672
366046 366521
367311 367944
369610 369997
375084 375482
376313 376524
377102 377405
380307 380908
382769 382849
383619 383898
395724 395800
397956 399056
403214 403295
404448 404734
408881 409063
409638 409987
410761 410930
411616 411730
412479 413121
418395 418635
420014 420649
421303 421841
424048 424140
425442 425972
430434 431120
433956 434421
436383 437038
437702 437893
439518 439750
441187 441352
442671 442847
444149 444468
445764 446024
447922 448419
451469 454007
454643 455484
456956 457040
459085 459510
460201 460568
466853 467535
470031 470488
477542 478729
480476 480681
482142 482644
483467 483597
484200 484272
488678 489006
495041 496890
497450 498659
500600 500971
502804 503253
504726 505315
505899 506285
507071 508413
508999 509898
510548 511079
516322 518728
519701 519871
523490 523708
524592 524853
526458 526675
530800 531140
533799 533868
538243 538921
540071 541348
545160 546465
547972 551315
552161 552945
555486 556520
558182 558744
559262 559693
560358 560455
562880 563069
563757 565195
568017 568419
569275 569440
572103 572293
574434 574609
575552 575810
579585 581509
585921 585994
590800 591047
592850 594203
595435 596482
599290 601025
603023 603271
603978 604379
604943 606060
607684 607780
608297 609031
609580 609662
611370 612589
613092 614000
615163 615529
620349 620503
621410 621651
622756 622871
623857 624199
624728 624910
625497 625661
630103 630228
631200 631875
636456 637198
637883 639848
640526 640942
655946 656402
657076 658168
658741 659083
661436 663611
665486 667537
668391 668871
672861 674316
675753 676052
676776 676975
677965 678466
679123 679296
680106 680794
684211 684264
687346 687860
690551 691816
695304 696484
697258 697616
699996 700843
701440 701768
702674 703385
705213 705633
706671 707224
712721 713474
714522 714619
715365 715636
719553 719998
721001 721364
724186 724975
727726 727916
729953 730418
736240 736919
741290 741377
743018 743295
744015 744179
748999 749354
755153 755220
756638 756947
759239 759422
763025 763160
765640 766131
766843 767971
769717 770052
771412 771665
773085 773338
774588 775102
778399 779892
783939 784426
785080 785359
787147 787750
789459 789670
791255 791488
792813 793492
794030 794619
795353 795669
796487 796621
797167 797803
798391 800050
802572 802865
804382 804891
806281 806848
808039 808532
809631 810962
812506 812877
818986 819168
820359 820511
822043 823038
823663 823971
825128 825200
834836 834971
835620 835872
837563 838374
844966 845596
846206 847840
856429 856656
857545 857983
859044 859360
862163 862457
866231 866510
867615 867819
869321 869408
871273 871756
874436 876240
878848 879688
885011 885158
886679 887279
888327 888556
890450 890830
891871 892229
893459 893599
894972 895619
899370 899527
900615 902083
908357 908494
910505 912771
913333 914049
914923 915747
920683 920952
927663 927898
928780 929382
933857 935781
936737 937415
938039 938817
941965 943558
948121 949077
950000 950578
951502 952228
952838 954038
955063 955619
957353 958590
959648 962753
967380 968385
971870 972527
977410 977679
981225 981799
982384 982509
983948 984166
985112 986078
986641 987134
990890 991035
993026 993417
994861 995223
996113 996401
997250 998758
1007912 1011969
1012605 1012843
1014383 1014768
1018227 1018297
1019720 1020351
1022340 1022401
1023320 1027971
1030828 1030995
1031597 1031690
1032262 1032380
1034087 1034230
1034750 1035279
1038353 1038499
1041085 1041326
1043767 1044442
1050649 1052126
1053140 1054020
1055492 1055763
1058095 1058618
1059619 1060885
1061689 1062032
1062807 1063053
1065406 1066591
1068367 1068443
1074537 1075011
1075661 1076100
1078037 1078400
1081133 1081272
1082022 1083160
1083737 1084886
1085423 1085494
1087637 1088675
1091204 1091903
1095870 1096074
1096578 1098103
1098710 1099494
1104866 1107536
1110764 1110928
1117298 1117871
1119013 1119376
1119997 1120374
1123727 1123965
1124599 1124704
1125802 1126304
1129682 1130600
1132357 1133211
1134755 1134915
1139169 1139336
1141764 1142216
1144118 1144355
1145076 1145153
1146907 1147101
1147957 1148073
1150195 1150440
1152267 1154100
1158350 1159088
1159761 1159986
1160767 1161831
1163322 1163564
1164289 1164381
1164966 1166061
1166990 1167269
1169622 1170038
1170639 1171132
1171938 1173367
1175565 1175743
1176613 1176850
1178579 1178783
1181831 1182065
1191719 1191850
1192524 1192725
1199170 1201042
1204754 1205067
1208594 1208692
1211116 1211295
1213518 1213774
1223498 1225607
1227309 1228360
1235905 1236721
1239210 1239543
1240589 1241364
1242645 1242727
1244824 1244961
1245528 1245705
1247010 1247209
1251087 1251227
1252611 1253059
1256115 1256442
1260525 1261198
1261787 1261860
1262426 1262896
1266259 1266455
1273165 1273645
1274194 1274715
1275572 1275773
1277109 1277360
1282289 1282367
1287244 1287529
1289177 1289522
1290497 1290660
1291182 1291283
1292742 1293127
1293989 1294635
1295277 1295585
1298969 1299286
1300252 1300701
1302341 1302590
1308830 1309383
1311446 1311733
1312536 1313124
1313664 1314130
1315329 1315655
1316402 1316669
1318393 1319395
1321366 1321498
1323181 1324584
1328462 1328858
1332325 1333591
1334179 1334401
1337241 1338741
1343683 1343822
1346182 1347597
1353641 1353871
1354517 1355024
1355746 1356111
1357722 1358438
1360867 1361051
1361607 1361754
1363220 1363449
1367338 1367453
1369476 1369543
1371223 1371373
1371915 1371981
1372642 1373066
1374082 1375724
1382644 1382874
1387329 1387888
1390065 1390335
1391130 1391256
1394317 1394685
1399332 1399642
1400486 1401313
1402549 1402910
1404291 1406450
1408071 1408154
1409883 1411894
1412449 1412915
1415278 1415409
1416569 1416798
1422097 1422313
1422862 1422977
1423581 1424487
1426986 1427120
1427845 1427974
1430491 1430766
1434803 1435022
1436402 1437012
1439328 1439768
1446689 1446876
1447737 1448038
1451148 1451379
1457170 1457352
1459593 1460121
1463991 1465138
1469212 1469405
1473086 1473272
1474752 1475259
1476839 1477041
1478183 1479327
1479883 1480162
1480738 1481012
1482867 1482957
1485933 1486028
1488017 1488588
1490772 1490828
1491655 1491763
1493209 1493479
1496021 1496501
1497249 1497954
1499794 1500459
1502494 1502765
1506807 1507364
1510489 1510743
1512177 1513906
1517692 1517960
1522699 1522749
1528556 1528981
1531016 1531554
1532281 1532702
1539240 1539338
1539875 1539977
1547853 1549368
1551050 1551214
1557244 1557518
1558428 1558599
1561547 1562201
1563292 1563398
1564719 1564925
1568356 1568995
1569696 1569868
1571240 1571655
1573177 1573571
1575028 1575682
1578911 1579157
1581108 1581287
1582756 1583897
1585636 1585905
1587533 1589365
1590023 1590304
1592681 1592825
1593873 1594162
1594925 1595088
1601706 1602361
1604236 1604732
1606310 1606467
1607420 1608218
1610635 1611235
1612195 1612341
1616243 1616646
1620309 1621266
1625854 1626088
1627466 1627605
1631632 1632119
1638566 1638878
1639467 1639806
1643212 1643511
1644172 1644380
1646390 1646562
1654459 1654700
1658774 1659162
1661640 1661693
1662215 1662313
1664086 1664295
1667756 1667857
1670056 1670177
1672624 1673229
1675352 1675433
1676053 1676185
1677452 1677521
1679980 1680108
1683494 1683750
1685570 1685856
1687049 1687300
1690267 1690508
1691374 1691633
1694861 1695078
1698698 1699501
1700798 1701490
1704209 1704729
1705393 1705610
1706543 1707021
1708070 1708784
1713118 1713440
1717184 1717738
1718939 1719720
1721280 1721627
1724696 1724877
1729270 1730061
1731295 1732141
1736279 1736510
1738303 1738510
1739057 1739488
1741488 1741717
1744473 1744936
1745765 1749197
1751247 1752128
1752676 1752832
1753506 1753797
1755071 1756119
1758279 1758430
1760432 1761014
1761617 1761917
1765182 1766282
1767296 1767973
1770018 1770295
1773121 1773451
1775190 1775910
1777391 1778021
1778773 1779993
1780528 1780819
1781971 1782222
1783840 1784158
1785582 1785683
1787598 1788420
1790826 1791826
1797642 1797913
1801857 1801996
1804068 1804584
1805241 1805476
1806078 1806934
1807514 1807707
1808226 1808622
1809406 1810003
1811114 1811387
1811890 1812686
1813345 1813500
1814793 1815771
1818279 1818578
1822297 1822854
1824046 1824280
1825491 1825629
1826354 1826810
1829124 1829365
1830194 1830553
1831671 1831973
1835862 1835929
1836463 1836840
1837396 1837810
1839880 1840034
1841500 1842067
1845961 1846538
1847901 1848046
1849310 1849514
1853001 1853156
1854478 1854593
1855550 1855976
1861804 1862445
1866841 1867057
1868446 1868693
1871718 1871986
1874123 1875184
1878083 1878473
1880628 1881041
1882543 1883023
1884591 1885250
1886807 1887080
1887776 1887950
1890788 1891064
1891638 1891687
1892958 1894562
1895800 1897071
1897862 1898484
1899135 1899798
1902081 1902359
1902983 1903589
1905083 1905437
1906450 1906629
1907554 1908062
1908884 1909416
1910126 1910888
1918275 1919750
1920287 1920880
1923877 1924110
1927195 1927404
1927946 1928210
1931758 1933520
1934611 1934914
1938390 1939304
1941722 1942843
1943535 1943587
1944366 1944570
1946220 1946633
1951009 1951262
1959264 1960400
1962804 1962939
1965935 1966061
1967152 1967483
1970451 1970617
1971309 1971387
1975174 1975752
1979179 1979613
1985570 1985826
1989013 1989191
1991779 1993008
1995538 1996097
1998721 1998974
1999986 2001246
2001920 2002356
2004120 2004274
2006417 2006876
2008937 2009099
2012613 2012816
2014288 2014554
2015825 2015888
2018919 2019915
2027396 2028303
2028854 2030103
2030659 2031182
2031787 2032964
2035011 2035165
2037211 2037455
2040676 2041342
2045942 2046116
2053254 2053388
2054477 2054777
2059605 2059763
2061586 2061740
2063848 2065829
2071938 2072235
2074089 2074654
2077687 2078737
2080792 2081039
2083047 2083621
2088243 2088497
2090212 2090880
2091654 2091833
2092457 2092750
2093983 2094511
2095493 2096427
2097285 2097913
2099014 2099441
2102666 2102831
2104625 2105163
2105944 2106524
2108252 2108442
2110854 2111273
2116209 2119074
2120442 2121077
2125610 2125840
2129928 2130904
2132526 2134976
2136270 2136515
2140605 2144184
2145395 2145993
2147144 2147555
2151419 2151682
2154978 2155946
2156519 2156630
2157217 2157456
2159859 2160919
2161625 2162009
2162520 2162689
2163921 2164048
2166118 2166347
2170077 2170728
2171744 2171834
2172339 2172752
2175997 2177196
2179413 2181053
2183274 2184102
2187975 2188351
2190494 2191045
2193903 2195246
2199363 2199909
2208063 2210397
2211143 2211330
2213502 2214073
2215611 2216640
2227198 2227703
2230184 2230864
2239653 2239704
2241803 2241924
2243717 2243927
2244845 2245056
2246192 2247162
2250731 2251030
2253704 2254166
2255810 2255911
2256713 2257339
2258069 2258265
2259219 2259302
2259859 2260089
2260945 2261994
2266159 2267309
2269199 2269880
2270435 2270634
2272188 2272411
2275684 2275873
2278604 2278765
2279445 2280443
2282929 2283324
2286805 2287118
2287759 2287981
2290192 2290638
2293849 2293974
2294492 2294563
2295586 2295763
2296318 2298209
2298731 2300662
2301347 2303916
2308246 2308736
2310411 2310676
2312091 2312631
2313926 2314228
2315383 2316183
2316951 2317119
2319110 2319244
2321205 2321832
2322370 2322480
2326076 2327126
2330651 2331289
2336576 2337039
2338403 2340343
2340847 2341697
2342441 2342510
2343070 2344454
2345311 2346249
2348566 2348853
2359661 2359820
2360848 2361298
2361862 2363376
2366162 2366464
2367063 2367320
2368960 2369258
2370374 2370708
2373417 2374344
2376802 2377383
2380367 2381107
2381984 2382114
2383861 2384471
2385381 2385456
2386689 2386835
2388409 2388657
2390516 2391133
2392943 2393446
2393993 2395655
2397967 2398272
2400100 2400308
2401253 2401573
2402288 2402346
2403172 2403270
2407829 2409444
2410102 2410559
2414008 2414291
2414821 2415132
2416650 2417373
2420216 2420942
2425351 2425539
2426064 2426330
2426913 2427290
2427826 2427960
2429476 2429787
2433007 2433268
2435471 2436241
2437652 2437951
2438641 2439673
2440193 2440447
2442863 2444029
2444714 2445321
2445981 2446057
2447311 2447404
2447937 2448615
2450404 2451546
2452593 2452878
2453384 2453929
2462080 2462458
2463293 2463768
2465497 2465791
2469795 2470073
2471450 2471898
2472521 2473188
2476911 2477099
2477976 2478809
2480202 2480569
2481732 2482497
2484427 2484624
2490366 2490824
2492904 2493367
2496110 2497334
2498798 2499057
2500119 2500584
2507563 2508100
2510106 2510288
2513184 2513707
2522173 2522811
2526113 2528634
2530197 2530338
2531815 2532123
2532781 2533688
2535080 2535266
2536081 2536497
2537652 2537963
2539607 2540345
2541903 2543142
2545146 2545522
2546877 2547301
2550249 2550723
2554292 2554747
2556066 2556281
2558248 2558318
2559258 2560770
2564047 2564313
2565026 2565950
2566516 2566766
2570552 2570793
2572248 2572693
2573609 2573911
2575565 2575786
2576603 2576760
2578846 2580325
2582554 2582830
2587229 2587912
2590029 2590641
2591250 2592946
2595261 2595534
2601837 2602095
2605284 2606492
2609129 2610773
2611625 2612229
2618141 2618307
2623203 2623471
2623998 2624683
2626668 2628427
2632753 2634117
2636782 2637969
2640002 2640265
2641483 2642129
2643874 2644143
2646894 2646963
2647477 2647619
2648396 2648750
2653724 2653811
2654550 2655372
2657457 2657880
2660338 2661164
2661951 2662222
2662836 2663083
2666754 2667467
2671879 2672073
2673863 2674373
2675481 2675768
2677318 2677938
2680137 2680442
2684203 2684657
2685806 2686165
2691246 2691522
2692439 2693138
2697004 2697774
2698661 2698718
2703002 2703271
2707556 2708305
2709328 2709446
2710048 2710154
2711038 2711275
2712009 2712968
2713701 2713905
2714752 2714913
2716447 2717088
2719475 2723073
2726503 2727661
2728869 2728986
2729591 2729830
2731805 2733546
2734146 2734560
2738358 2738478
2739072 2739694
2740516 2741394
2742016 2742295
2743024 2743969
2745603 2745934
2747597 2747807
2750765 2750975
2753455 2753856
2754517 2755864
2756607 2758211
2759160 2759751
2760431 2763840
2765257 2766101
2766910 2767013
2767605 2767743
2775302 2775511
2780084 2780294
2782703 2782856
2786702 2787008
2790569 2790730
2795062 2795127
2795807 2795863
2798074 2798260
2800654 2800767
2803668 2803859
2805934 2806046
2806581 2806733
2807257 2807558
2808151 2808503
2809037 2810196
2811114 2811580
2812826 2813188
2814544 2816156
2817713 2817832
2821921 2823030
2823550 2824092
2824613 2825240
2827252 2827490
2837183 2837868
2838735 2839125
2840528 2841198
2841919 2842051
2843646 2843831
2848523 2849076
2851467 2851751
2859783 2860257
2867355 2867847
2868371 2868939
2872253 2874443
2878472 2878659
2883112 2883356
2884122 2884614
2886224 2886913
2890147 2890457
2890969 2892450
2892965 2893251
2895107 2895770
2896409 2896836
2897603 2898985
2900597 2901484
2903029 2903732
2907959 2908039
2913348 2913636
2917072 2917127
2922194 2923188
2923907 2924658
2926957 2927524
2931811 2932074
2932674 2933217
2936362 2936472
2938740 2938817
2940476 2940726
2942945 2943061
2943674 2944732
2946741 2947317
2947910 2948355
2950775 2950963
2952374 2952509
2953269 2953331
2957989 2958670
2959569 2959856
2960702 2962684
2963416 2964004
2964571 2964672
2965218 2965435
2966037 2966625
2967391 2968110
2969124 2969928
2970663 2972910
2975624 2975778
2976290 2976675
2979535 2980177
2983957 2984877
2985497 2985941
2989291 2989502
2992632 2993509
2994168 2995196
2995919 2996035
2996584 2996712
2997785 2998018
2998536 2999039
2999990 3000205
3003158 3003698
3004219 3004808
3009174 3009248
3010074 3010995
3015364 3015784
3018440 3019803
3020789 3021005
3021538 3021837
3025656 3027427
3029950 3030905
3031525 3032441
3033331 3033596
3037045 3037165
3037674 3037905
3039347 3039946
3041643 3041924
3046239 3046770
3048394 3048859
3049478 3049659
3051591 3052255
3058682 3058852
3060157 3060885
3061452 3062084
3065536 3065598
3066331 3067013
3067786 3068153
3071104 3071668
3072378 3073284
3074541 3075002
3078398 3078987
3080086 3080457
3080965 3082447
3083006 3083558
3085296 3085663
3086433 3086886
3093165 3093868
3100223 3100671
3101297 3101904
3103938 3104116
3105075 3105168
3112325 3112384
3114668 3115072
3118723 3118960
3120622 3120893
3121557 3121707
3125207 3125456
3127217 3127266
3128868 3129080
3131898 3133965
3134734 3135902
3140542 3141162
3141717 3141923
3143565 3143627
3145287 3145391
3147186 3147901
3149920 3150342
3153952 3157011
3160076 3161065
3162242 3162386
3166434 3168012
3173358 3173523
3178038 3178496
3180245 3180309
3181525 3181685
3184260 3184545
3188648 3188702
3191131 3191421
3195911 3197446
3198501 3199768
3206672 3207364
3210539 3210844
3216316 3216613
3217502 3218052
3220883 3224315
3225033 3225262
3225841 3226003
3229097 3229973
3236230 3236316
3237914 3238047
3239236 3239585
3241147 3241268
3241908 3242100
3242681 3243977
3245488 3246229
3247446 3247928
3249750 3250575
3251117 3251294
3252029 3252091
3253110 3253457
3253970 3255232
3256266 3258709
3260765 3261622
3262210 3262672
3263452 3264295
3265609 3265734
3266304 3266571
3272158 3273843
3279991 3280386
3286390 3286772
3288447 3288599
3292613 3292666
3293876 3294032
3295194 3296342
3299692 3299911
3301871 3302311
3303387 3303499
3307839 3308373
3309518 3310681
3314181 3314999
3317719 3318178
3320373 3320757
3323356 3323654
3325534 3325718
3328622 3328673
3330663 3332021
3333984 3334409
3337927 3338099
3339293 3339846
3341885 3342197
3343387 3343790
3345324 3345694
3349124 3349218
3353363 3353437
3362361 3362825
3363328 3363907
3371581 3372503
3373283 3373380
3374198 3374399
3376131 3377497
3379306 3379425
3381459 3381860
3382848 3383082
3389319 3389444
3391949 3392305
3393770 3395838
3396466 3396637
3400060 3400696
3402024 3402842
3403375 3403557
3404264 3404429
3410237 3410597
3413453 3413693
3414438 3414671
3416921 3417142
3417863 3418268
3419380 3419679
3421216 3421431
3422786 3422962
3424788 3425001
3428115 3428806
3429569 3430392
3431691 3431970
3438214 3438691
3439808 3440550
3441753 3442148
3445256 3446331
3449007 3449159
3459418 3459581
3461912 3463123
3463740 3464789
3466749 3468039
3469069 3469282
3470705 3470943
3472395 3472652
3475559 3475837
3478324 3479219
3479950 3480155
3483289 3483906
3485324 3486006
3486658 3487718
3490280 3490689
3491301 3491517
3492620 3493190
3494678 3494818
3495361 3495543
3501017 3503084
3503700 3503926
3510944 3511238
3512132 3513082
3513919 3514319
3514900 3515805
3519954 3520043
3520720 3520982
3522056 3522890
3523425 3523922
3524548 3524682
3525746 3525988
3528574 3528757
3530054 3530208
3534798 3535222
3538097 3538359
3540187 3540289
3541934 3544058
3545201 3545496
3546775 3546835
3554891 3555201
3557202 3557490
3559095 3560578
3564902 3565178
3569882 3570029
3571515 3572161
3575514 3576086
3577130 3578894
3580164 3581497
3582034 3582617
3585269 3586179
3586721 3587849
3588413 3588718
3589459 3589817
3590334 3591525
3592081 3593256
3593920 3594150
3594869 3595150
3596430 3597255
3597847 3598302
3601108 3601703
3602766 3604422
3606899 3607077
3609014 3609140
3610562 3610656
3611941 3612572
3614425 3615165
3615927 3616194
3616710 3617071
3618274 3618462
3619697 3620760
3622008 3622234
3623336 3624678
3625343 3626728
3627336 3628472
3628999 3629092
3629918 3632817
3633850 3635131
3635976 3636243
3637265 3638382
3639356 3639952
3642347 3643120
3644890 3645541
3647027 3647450
3648056 3649076
3649746 3650416
3651531 3652287
3653501 3653700
3654328 3655274
3658688 3658806
3662216 3662372
3667633 3667698
3668242 3668475
3670207 3671357
3673545 3674411
3675486 3675764
3680315 3680840
3683500 3684239
3685090 3685580
3686125 3686651
3690423 3690754
3693136 3693932
3696592 3696804
3699827 3699984
3708841 3709077
3710615 3711797
3713376 3713611
3716173 3717004
3723475 3724365
3726751 3727018
3728812 3729304
3730427 3730543
3732257 3732454
3733795 3733989
3736321 3737585
3739124 3739977
3741253 3741303
3748086 3748288
3748887 3749085
3752608 3753130
3753762 3754064
3754831 3755241
3755796 3756296
3756956 3757175
3758415 3758628
3760784 3761013
3764523 3764661
3768478 3768694
3769487 3770721
3774047 3774674
3776297 3777094
3778159 3778428
3779077 3779205
3781334 3781575
3783280 3784305
3784886 3785395
3789158 3789448
3790672 3791359
3796256 3796450
3798032 3798640
3799759 3801337
3804185 3804268
3807102 3807362
3808892 3809125
3811040 3811213
3814112 3814601
3816464 3816629
3817201 3817313
3819384 3820548
3823690 3824125
3824929 3825535
3838966 3839691
3840939 3841054
3843083 3843394
3846658 3846946
3847481 3847758
3849217 3849658
3854617 3854789
3860708 3861106
3862756 3862811
3865305 3865872
3868530 3868707
3870347 3871106
3872735 3873001
3876363 3876799
3881206 3882212
3883721 3884277
3886343 3886929
3891510 3891593
3893992 3894111
3894664 3894915
3897257 3897372
3899073 3900075
3901053 3901867
3903971 3904302
3906375 3906737
3907397 3907496
3908270 3908483
3911231 3911806
3913892 3914142
3918625 3919331
3923100 3923353
3925131 3925415
3930658 3931261
3934263 3934399
3936433 3937227
3939436 3939532
3941027 3941150
3943276 3944170
3944779 3945279
3946325 3946465
3947287 3947686
3948200 3948339
3950301 3951025
3953715 3953888
3954539 3956147
3958430 3958724
3960263 3960587
3961860 3962131
3963822 3964318
3965800 3967050
3967632 3968286
3971574 3971817
3977196 3978516
3981356 3982129
3982876 3983752
3984587 3984648
3986501 3986766
3989708 3989794
3992536 3992835
3993359 3993951
3994985 3995233
3996666 3996803
3997784 3997967
3998576 3998682
4000408 4000474
4001969 4002509
4003190 4003340
4004127 4004457
4005789 4005839
4010945 4011205
4012291 4013157
4013912 4014606
4018975 4019276
4019795 4021209
4021851 4022936
4026477 4027183
4028266 4028579
4036865 4037114
4039161 4039647
4040447 4040531
4041933 4042775
4044470 4044719
4045501 4046284
4046929 4048201
4048957 4051359
4052001 4052301
4052891 4054248
4054817 4055953
4057151 4057502
4058096 4058322
4059080 4059306
4060616 4060754
4061593 4062065
4063373 4063450
4069761 4069985
4074484 4074828
4077129 4077384
4078040 4078378
4080732 4081604
4083426 4083581
4085528 4085776
4091273 4091647
4094370 4094490
4095517 4097428
4098027 4098082
4099099 4099264
4100195 4104063
4105789 4106299
4107387 4107514
4108183 4108481
4109288 4109393
4110112 4110799
4112153 4112636
4113278 4113563
4114386 4114591
4115569 4116727
4117917 4118385
4119108 4119242
4119745 4119879
4120472 4120568
4121368 4122217
4125930 4126069
4128981 4129279
4131078 4131776
4136032 4136245
4138573 4139887
4143488 4143758
4144281 4145197
4147170 4147555
4150291 4150561
4151253 4151655
4152729 4153121
4154012 4155553
4156695 4158116
4158636 4158757
4160498 4160864
4165530 4165652
4166171 4167296
4168040 4168212
4168795 4169045
4169712 4170402
4170926 4171048
4175504 4175616
4176312 4176880
4178007 4178749
4180906 4182455
4182976 4183224
4186340 4186431
4189526 4190406
4191952 4192143
4195562 4195836
4197908 4198296
4201133 4201818
4204275 4205198
4207655 4207907
4208440 4208844
4210324 4210620
4211543 4212031
4214660 4215171
4216068 4216278
4220870 4222181
4224926 4228312
4229332 4230862
4234960 4236959
4239130 4240213
4241184 4241644
4242415 4243407
4244982 4245310
4245887 4246016
4246762 4247040
4248164 4248955
4251974 4254267
4255701 4256711
4257804 4259411
4260336 4261543
4262176 4262306
4263780 4264310
4265123 4267246
4267767 4268950
4272652 4272892
4274667 4274801
4275605 4276091
4276705 4276801
4279064 4279452
4279975 4280903
4281809 4282236
4285260 4285996
4286975 4287093
4295138 4298210
4298719 4299692
4304277 4304692
4306143 4306315
4313062 4313208
4314543 4314988
4317829 4318048
4321464 4321710
4324001 4324143
4328388 4328528
4334156 4334331
4344304 4344590
4345810 4346232
4347056 4347303
4348546 4349062
4353571 4354775
4356641 4356880
4359258 4359328
4359905 4360055
4361228 4362259
4363160 4363405
4367437 4367664
4369479 4370847
4371561 4371995
4373083 4373233
4384624 4384932
4386051 4386131
4388445 4388501
4389226 4390678
4391201 4393106
4393661 4395367
4396292 4396455
4399159 4399887
4401221 4402222
4418820 4420351
4428165 4428914
4430133 4430477
4435454 4435630
4438641 4439060
4439628 4440650
4441179 4441477
4442166 4442311
4442823 4443344
4443888 4444422
4446810 4447303
4448489 4449964
4452296 4453340
4455993 4456248
4457034 4457168
4458865 4462868
4464387 4464760
4468669 4469058
4473005 4473250
4474110 4474612
4478000 4478647
4481947 4483229
4483783 4484051
4484801 4487430
4487976 4488403
4488952 4489710
4491211 4491346
4492001 4495874
4497744 4499004
4503273 4503324
4504805 4505348
4506559 4507089
4512501 4513519
4515398 4515496
4517567 4518087
4523680 4523875
4526169 4526467
4527080 4527547
4529404 4529653
4530803 4530912
4531450 4532927
4534357 4534437
4535216 4535502
4536550 4537093
4539203 4539303
4542266 4542490
4544181 4544588
4552801 4553086
4559758 4561170
4564302 4565047
4565763 4566253
4567344 4567466
4568093 4568396
4569838 4570126
4580339 4580569
4584846 4585130
4586122 4586403
4591714 4591987
4592602 4592784
4593336 4594158
4596303 4598410
4600284 4600484
4609633 4611594
4617682 4617962
4618497 4619503
4620122 4620935
4626925 4628200
4629935 4630033
4634213 4635012
4636825 4636921
4640427 4641071
4645455 4645838
4647239 4649517
4651988 4652283
4656920 4657010
4660556 4661026
4664220 4664469
4666248 4667109
4667740 4668489
4669231 4670254
4670991 4671114
4671878 4672490
4673127 4673178
4674093 4674166
4675816 4677032
4679772 4681119
4682864 4683900
4684831 4684900
4686386 4686490
4688087 4690181
4691163 4692757
4693903 4694339
4695655 4695783
4700627 4700786
4702495 4702836
4703418 4704375
4706381 4706579
4707600 4708327
4709450 4709723
4710435 4710606
4711739 4711939
4714198 4714593
4715129 4715205
4717866 4718229
4721713 4721981
4724643 4725728
4728755 4729162
4729666 4729858
4735120 4735210
4738348 4738932
4742128 4742447
4745168 4745395
4747952 4748243
4749518 4749680
4751072 4751874
4752590 4752806
4759957 4760179
4761373 4762864
4765420 4765585
4766180 4766800
4767738 4768192
4772197 4773247
4774845 4775301
4776504 4777702
4780911 4780974
4782161 4783015
4785735 4785991
4786814 4787183
4789394 4790391
4791581 4791642
4792281 4794047
4796632 4796892
4798236 4798844
4799392 4799652
4801062 4801408
4804765 4805261
4807508 4808150
4812587 4812685
4814049 4814204
4819709 4819944
4823832 4824984
4828460 4829288
4831941 4832519
4833117 4833166
4835507 4836530
4837175 4837331
4839364 4839424
4841252 4841661
4845272 4845720
4848620 4849403
4850401 4852402
4853348 4853405
4856455 4856721
4858100 4858862
4859380 4859629
4861780 4862020
4863690 4864419
4866882 4867072
4867622 4868336
4868966 4869018
4875610 4875727
4878849 4879123
4885006 4885284
4887344 4887779
4892797 4894162
4895820 4896827
4897400 4897756
4898283 4898690
4899379 4899698
4901712 4901988
4902693 4903582
4905501 4906090
4911136 4911354
4917146 4917750
4918296 4918801
4919978 4920208
4925542 4925736
4929305 4929906
4930689 4930765
4931686 4931913
4935127 4935460
4936055 4936177
4936981 4937091
4937738 4938030
4942316 4942624
4943230 4943509
4945354 4945466
4949257 4949836
4950946 4951219
4952846 4954948
4955657 4955932
4956561 4959081
4960672 4960747
4961251 4962448
4966749 4966937
4968697 4968838
4970653 4970733
4973453 4973733
4976293 4976793
4978151 4978636
4979215 4979390
4984284 4985168
4985724 4985975
4986573 4987146
4989285 4990306
4990884 4991139
4993741 4993949
4996423 4996592
4998174 4999292
4999918 5000093
5003321 5003464
5004364 5004478
5006029 5006381
5007353 5008437
5012663 5012756
5013495 5014651
5015471 5016469
5019878 5019976
5021009 5021918
5024135 5024523
5031819 5033725
5037871 5038341
5041785 5041972
5042741 5043375
5044894 5046228
5048084 5049610
5050186 5050685
5051297 5052636
5053529 5056992
5057978 5058087
5058698 5059205
5060337 5060826
5061404 5061624
5062466 5063511
5065613 5067745
5068560 5069227
5070898 5070996
5071766 5072438
5074027 5074208
5075924 5076302
5078242 5078678
5084677 5084876
5090428 5090698
5092047 5092274
5106548 5107114
5109135 5109254
5110335 5110497
5111227 5111515
5113312 5113615
5114197 5114689
5117423 5118202
5118744 5121002
5124345 5124546
5126282 5127395
5128322 5128560
5129679 5131088
5132753 5133204
5135205 5135674
5138875 5139178
5140467 5140668
5142063 5142192
5146913 5147062
5148638 5149222
5151803 5151975
5152672 5152955
5154304 5154579
5158118 5160052
5163301 5163358
5163863 5164074
5175476 5176040
5183465 5183741
5184882 5185061
5185609 5186456
5187096 5187310
5187890 5188413
5189531 5189645
5194484 5195372
5196340 5196716
5199130 5199416
5200941 5201877
5202682 5203462
5204087 5204259
5206462 5206651
5207501 5207770
5209033 5210854
5212952 5213461
5214057 5214171
5216677 5217180
5222846 5223063
5226536 5226752
5227260 5227433
5233411 5233933
5234666 5234910
5238030 5238920
5241659 5242438
5243778 5244387
5245015 5247502
5248005 5249790
5250503 5250738
5254511 5255763
5257907 5259334
5260164 5260354
5262272 5262953
5263888 5264115
5266268 5266943
5269803 5271029
5276848 5276908
5282544 5282913
5283515 5284823
5285409 5287726
5293511 5294116
5298281 5298372
5303800 5303900
5307449 5308115
5309484 5309665
5312317 5312867
5314418 5315679
5316375 5316427
5318707 5318915
5320002 5320599
5321372 5321628
5324521 5324588
5325466 5326050
5326971 5327275
5332303 5334427
5337115 5337448
5340434 5340597
5342228 5343892
5345377 5345754
5346427 5347292
5347967 5348143
5348728 5348857
5349455 5351275
5352140 5352298
5352973 5353935
5355922 5356023
5357324 5357891
5358812 5359702
5369163 5369901
5376406 5376781
5379064 5379570
5380172 5380849
5384506 5385052
5388193 5389557
5390171 5390370
5391529 5391736
5392374 5392856
5393609 5393822
5395334 5396752
5397414 5397616
5398729 5399602
5400532 5400776
5402034 5402291
5402805 5403061
5404572 5404983
5405766 5406077
5409059 5411037
5411772 5412653
5415000 5415174
5416323 5416500
5417648 5417831
5419272 5421122
5427101 5428108
5429645 5430687
5432286 5432582
5433339 5433969
5437822 5438602
5439364 5440905
5441435 5442122
5442762 5443504
5444901 5445005
5445674 5446289
5447992 5448278
5448929 5449305
5451813 5451900
5453751 5455901
5458152 5458237
5459377 5459467
5461253 5461305
5462097 5462458
5463748 5463873
5464679 5464928
5468461 5468622
5471512 5471697
5474328 5474474
5475838 5476389
5478603 5478683
