gi_556503834_ref_NC_000913.3_
1 801
1333 1718
4480 4763
5354 6157
7120 7901
8624 8895
9715 9794
10570 11669
12839 13322
15027 15146
16411 17009
17617 18154
20123 20637
21755 21842
22739 23111
24935 26012
26979 27672
29050 31462
32383 33350
34910 36244
36780 36843
37384 37552
38297 38966
39479 39639
40287 40692
41285 41365
42087 43310
45814 46392
47678 47869
49414 51025
51572 51818
52720 53125
53818 54102
55080 55139
56535 56721
58313 58857
59424 60616
61408 62024
62711 63050
63709 65789
67374 67433
69746 69907
70950 71583
73331 74219
75157 77707
78273 78790
79783 79832
81316 81367
83803 84144
85431 85827
88152 88495
89054 91031
93397 93679
96806 96901
98017 98165
98888 99116
99950 101390
101985 102576
106622 106930
107587 107947
108606 109091
109666 110029
110951 111425
112021 112807
113739 113891
114551 114633
116662 116780
118405 118879
120039 120945
121461 121766
122519 126432
127130 127513
128335 128518
130902 131418
132058 132966
134090 135212
136272 137105
137919 138139
138969 139036
139964 140526
141070 141785
142331 143854
145145 145278
146120 147400
147910 148502
149214 150135
151366 153838
154907 155037
156108 157599
158108 159905
160426 161485
162235 162669
164021 164372
165163 165659
166502 167939
169520 169766
170491 171380
172130 172203
173272 175491
176125 176509
177278 177919
178870 179199
179862 180021
182671 183746
186166 186599
187989 188316
189385 191383
194256 195601
196274 196619
198143 198206
198860 198913
200182 201172
202084 204580
207516 208613
209252 209350
209953 210007
211825 212221
213006 213097
213610 213749
214379 215187
215773 215841
216553 217470
218008 219450
220191 220530
221063 221626
222800 223248
223966 224330
225324 225749
226337 228652
229226 231643
234017 234532
235276 235472
236194 236836
237902 237966
238573 238663
240033 243282
244676 245722
246988 247423
248135 249040
250581 251027
251745 253478
254163 254572
256252 256652
257892 258574
259346 260985
262031 262821
263407 264615
265303 265381
265918 266034
266898 268560
272084 273050
273562 273767
274552 275268
276992 277193
278188 278373
279907 281631
282247 283195
283887 284579
286551 287469
288340 289011
289889 290822
292059 292126
292972 293862
294439 294495
296256 296355
297486 299553
301149 302930
303486 303550
304086 304824
305943 307813
308350 308491
310560 311368
312302 313515
314137 314430
314993 316628
317558 318325
319358 320069
320599 320808
321659 321780
323120 324145
324828 326833
328140 329222
329792 330310
332292 332365
333367 334404
334971 335803
336578 337970
338927 340277
341565 342608
343866 345293
346661 347819
348352 350017
351417 351519
352260 352373
354359 354460
355053 355752
357194 358206
359994 361544
363811 365864
366760 368464
369102 369497
370411 370740
373052 373252
373935 375957
377407 377828
378598 380107
381146 381344
385857 386053
387604 389598
391868 392782
393719 393853
394991 395627
397813 398371
399408 400158
400667 400794
402474 402643
403161 403324
403920 404038
404775 405226
407201 409543
410149 411470
412777 413816
414574 414754
416830 417911
418419 418528
419453 419553
420078 420780
421366 421502
422073 422144
423698 424590
425605 425788
426435 426547
427228 428967
430085 432568
433382 434121
434731 434846
438034 439394
440913 441594
442140 442729
443242 443599
444103 444257
446188 446607
447201 447980
450280 450337
451548 452623
453813 455107
457144 457318
458433 458888
459857 460116
461251 461450
463745 465937
467314 467411
470730 470834
471371 471430
472210 472266
472983 473919
475001 476151
479077 480898
481523 482079
482729 482953
483631 484385
486002 486690
487641 487695
489524 489682
490196 491373
493721 494552
496544 497260
499059 499240
500626 500808
502941 503102
503700 504100
507298 507804
508596 508960
510480 510572
511485 511960
513072 513129
513845 514270
515960 518394
518934 519030
519948 520525
521155 521767
522325 523012
525215 525708
527859 528133
529376 529451
530536 531324
537192 537393
539014 539183
540048 541551
542295 542952
543631 543860
544750 544939
545599 546441
547115 547269
547919 548237
549074 550177
551403 551573
552261 553070
553643 553797
554310 554384
554901 556839
558135 558735
559366 560791
562474 562556
563231 563300
564942 565424
566056 566292
567181 567899
568408 568681
569443 571433
571944 573281
574247 575677
576609 579505
580184 580624
581307 581474
582298 582821
583490 583649
584743 584951
585599 585661
587667 588059
588617 588708
589376 589472
591046 592176
593370 593649
594483 598888
599678 600363
601191 601651
602342 603876
605630 606313
606823 606954
607612 610016
612681 616515
618028 618180
619668 620207
621490 621867
623311 623393
624056 624435
626041 626594
627957 628010
628548 628735
629328 630206
630974 631050
632009 632438
634056 635222
637086 637700
638238 639487
641568 642223
643060 643505
644759 646084
647431 648558
649415 649697
651221 651442
652403 652514
653254 654462
655093 655526
656297 657309
658427 658520
659298 660450
661247 662156
664348 666341
667722 667809
669460 670638
672869 673701
675005 676069
677090 677775
678323 679065
679763 679828
680368 682711
684183 685017
686393 686754
687307 688722
689935 690239
690906 690982
692052 692169
692746 693820
694654 695365
697021 697205
697714 698894
700064 701353
702222 702367
704466 705425
706646 707117
708071 708800
711541 713244
714178 715079
716660 716850
718395 718586
720254 720773
721502 721747
722359 723746
725486 726556
727404 727474
728348 728864
729643 730433
730977 731065
731566 731740
733010 734384
735147 735516
736106 736511
738749 739733
740370 742269
743149 743238
743848 744707
745833 746373
747618 748276
748898 749844
751222 751938
756111 757063
757584 757967
759291 759928
760800 761708
762280 762567
763135 763698
764657 765223
767485 768648
770830 771285
771804 772055
773535 774082
774654 774869
778152 778326
778862 779113
779877 779962
781157 781629
782208 782352
783653 786069
787567 789374
790065 790360
791122 791233
792400 793027
793604 794916
795443 796077
796857 797564
798243 799749
800276 800568
802446 802666
803566 804173
805131 805361
805908 806542
807587 807652
808690 808804
809688 810135
812248 814534
815108 815530
816158 817663
818318 818626
819200 819386
820065 821544
822108 822730
823622 825214
826093 826282
826959 828810
829555 830533
831675 831789
833566 833701
834258 834607
835419 835472
839915 841839
843450 843790
845575 845669
846487 847176
848312 849033
849756 849904
852795 854545
855104 855837
856372 858768
861579 862535
863874 864092
868013 868903
869446 870107
872194 872693
873879 874400
875251 878544
879321 879971
880546 880677
881414 881654
884295 885223
886631 887850
888787 888855
889467 890584
891347 892608
894382 895303
896105 896564
897885 899023
899548 899994
901412 903920
904522 904636
906665 906993
908646 908769
910844 911177
911870 912543
913777 913906
914672 914823
915358 915427
916808 916989
917758 917972
918514 919852
921676 922036
922597 924244
926030 926486
929812 931182
932907 933343
935316 936078
936615 936876
937579 937721
938328 938510
939751 939801
940626 941650
943573 945375
946421 946731
947705 948074
949499 949655
950646 953307
955568 957536
958947 959423
960108 960931
962286 962730
963836 965989
967191 967692
968492 968732
969307 970048
971618 972414
975220 975335
979623 979993
980684 981136
981670 981995
983843 984083
984621 984822
985394 986077
986861 987031
987553 987788
989172 990504
991340 991453
992544 992654
993448 993799
995426 995946
997306 997539
998407 998550
1000015 1000106
1001585 1002108
1002659 1005157
1005666 1005823
1006699 1007133
1008981 1009112
1009774 1010664
1011185 1012019
1012750 1013163
1015343 1015797
1016361 1017549
1019087 1019688
1021416 1022296
1023088 1023758
1025108 1025377
1026518 1027298
1027861 1028593
1029331 1029497
1030111 1030241
1035248 1035880
1036713 1037420
1038342 1039486
1042308 1042910
1043466 1045642
1048334 1049342
1050211 1051113
1051996 1052229
1053516 1053692
1054512 1054842
1055499 1057179
1059215 1059376
1060507 1061829
1062933 1063762
1064790 1065083
1065874 1066843
1067861 1068944
1069541 1070238
1072955 1073469
1074770 1075095
1077292 1077711
1078226 1078730
1079352 1079423
1081011 1081194
1082583 1083309
1084778 1084998
1088249 1088477
1088994 1089644
1091151 1091942
1092788 1093670
1094926 1095054
1096078 1096175
1096865 1097447
1098000 1099370
1100547 1100732
1101256 1103687
1104235 1104988
1105930 1106475
1109304 1109381
1110255 1111257
1111934 1112292
1112969 1113719
1117702 1118966
1119525 1119711
1120454 1121238
1121812 1122408
1123835 1124616
1127181 1127396
1129207 1129828
1130535 1130810
1131384 1131960
1132496 1132593
1133499 1133884
1137003 1138455
1138996 1139837
1140769 1141415
1142247 1142937
1143865 1144073
1144862 1145587
1146752 1146836
1148843 1149749
1150384 1151264
1151926 1152885
1154115 1155878
1156464 1156965
1157798 1158625
1159710 1160140
1163217 1164264
1165315 1165365
1167441 1168842
1172086 1173092
1174300 1174395
1175675 1177271
1178069 1178466
1179783 1179902
1180897 1181862
1182468 1183057
1183971 1184102
1184739 1184843
1185390 1190173
1190802 1190857
1191662 1191871
1192713 1192864
1194903 1195038
1197068 1197265
1197969 1198176
1199133 1199573
1201935 1202006
1202787 1203083
1204355 1204571
1205800 1206349
1207560 1210262
1212397 1213079
1213815 1214575
1216560 1216656
1217220 1217300
1218805 1218905
1220296 1221318
1222505 1223996
1225163 1225415
1226047 1226692
1227379 1227715
1229646 1229695
1230372 1230453
1231417 1231770
1234074 1234857
1236416 1238495
1240045 1240158
1241897 1242132
1242644 1242704
1246605 1247644
1248179 1249164
1249985 1250900
1251469 1251853
1252402 1252857
1255264 1256273
1262945 1263116
1264306 1264652
1265652 1265777
1268810 1269346
1270337 1270619
1274482 1275299
1277559 1278007
1279230 1279910
1280877 1282197
1283038 1283644
1287699 1291022
1291835 1292091
1292617 1294130
1294752 1295427
1296532 1297015
1298758 1298878
1300093 1300614
1301730 1302116
1302829 1303256
1307775 1308372
1309049 1310000
1310507 1311054
1311795 1311960
1314256 1315080
1316076 1316162
1317709 1319175
1320285 1320429
1322860 1324363
1326587 1328615
1329263 1329656
1330399 1330481
1333620 1333781
1335454 1336620
1337641 1337736
1338953 1339838
1340831 1342815
1343729 1343822
1345113 1345319
1345871 1346890
1347958 1348790
1351428 1353808
1354503 1354904
1356343 1356593
1357247 1357840
1358643 1359231
1360376 1361246
1361936 1362787
1363680 1363961
1364721 1364819
1366135 1366706
1370671 1372564
1373267 1373619
1375140 1375229
1376382 1376666
1377522 1377622
1378135 1378757
1379451 1379804
1380483 1380583
1382635 1383739
1384396 1388030
1389072 1390607
1391318 1392383
1393104 1394924
1397238 1397624
1398177 1398751
1401625 1401680
1402275 1402589
1403133 1404003
1405522 1405592
1406756 1407538
1408768 1409576
1410946 1412041
1413253 1413967
1414564 1415809
1417007 1417239
1418861 1419222
1421634 1421765
1423434 1424468
1425353 1425428
1426972 1427134
1427820 1429180
1429807 1429859
1430558 1431136
1432880 1434188
1434697 1434876
1435681 1436513
1437043 1438728
1440909 1441668
1443479 1443535
1444050 1444130
1445691 1445893
1446869 1448692
1452682 1453542
1454901 1455025
1456969 1457620
1459827 1461755
1462345 1462581
1466236 1467222
1468105 1469764
1470356 1471059
1472337 1473160
1473789 1474272
1475992 1477414
1478496 1478873
1479600 1481030
1481762 1482394
1483872 1486050
1486633 1487622
1488196 1488430
1490164 1491805
1492929 1493011
1493524 1494090
1496060 1497438
1498833 1499012
1499657 1500260
1502283 1502401
1503998 1504075
1505863 1507756
1508333 1508425
1508949 1509256
1510097 1510222
1510947 1511979
1512872 1513671
1514752 1514840
1515626 1515733
1516668 1518074
1520612 1520707
1521254 1523041
1524149 1524338
1526307 1526983
1527516 1527575
1530078 1531223
1533766 1534605
1536205 1537277
1538867 1538920
1539551 1540283
1541528 1541749
1542258 1542369
1543194 1543515
1545006 1546478
1548299 1548358
1548884 1549044
1550236 1550925
1552891 1556646
1558260 1558713
1561296 1561359
1561960 1563173
1563676 1564133
1566013 1566556
1567756 1568203
1568852 1569262
1569764 1571326
1571885 1572328
1573161 1573254
1574365 1574750
1575453 1576014
1576517 1576704
1577650 1578790
1580278 1581281
1582740 1583553
1584433 1586260
1587091 1587262
1588344 1588535
1589848 1590165
1591803 1593053
1593764 1595911
1598122 1602883
1605406 1606088
1609094 1610169
1612045 1612197
1613624 1613751
1615075 1615259
1616800 1618409
1619089 1620162
1621536 1621645
1622665 1623423
1624012 1624203
1625015 1626400
1627746 1628132
1628723 1629782
1632481 1632585
1634161 1635273
1635825 1635884
1637192 1637354
1638236 1638361
1639085 1640430
1641245 1641860
1644745 1645002
1647100 1647259
1647899 1647995
1648793 1648941
1650966 1651216
1651781 1652314
1654128 1654850
1655832 1655929
1657431 1659180
1659785 1659914
1660870 1662051
1662578 1663036
1663592 1664205
1665248 1665554
1666352 1666687
1667258 1667884
1668577 1668749
1669728 1670207
1671298 1672673
1674431 1674963
1676872 1677210
1677914 1678022
1679299 1679907
1680661 1680756
1681321 1683091
1685093 1685152
1686622 1687210
1688278 1689920
1690698 1692181
1692862 1692923
1694704 1695268
1699144 1700092
1701312 1702397
1703317 1703466
1705034 1705105
1705812 1706540
1708015 1708760
1709563 1709694
1710449 1710514
1713696 1714198
1715607 1715845
1716408 1717098
1719666 1720240
1720914 1722048
1722625 1722854
1723763 1724732
1726590 1726668
1727608 1727688
1728776 1729419
1731101 1731950
1732809 1732983
1734503 1734556
1735168 1735324
1738156 1739864
1740375 1741300
1741868 1742002
1742696 1742803
1743727 1744760
1745375 1745865
1746683 1747169
1748556 1749853
1750403 1750743
1751644 1752024
1752688 1753148
1753933 1754064
1756073 1757785
1758696 1760102
1763500 1764031
1766655 1768141
1769075 1769537
1770289 1770408
1772670 1773305
1775106 1775455
1776087 1777659
1778536 1779161
1780318 1781959
1782761 1782817
1783397 1784639
1786024 1786230
1786758 1787556
1788201 1790731
1791647 1792244
1792923 1793138
1794438 1794816
1795381 1795479
1798480 1798708
1799705 1800115
1800811 1800928
1801910 1802596
1803720 1804097
1805561 1806961
1807593 1807995
1809078 1809148
1809671 1811321
1811944 1813138
1814650 1815314
1815909 1817107
1818075 1818808
1819988 1820511
1821781 1822295
1822821 1823060
1823811 1824686
1825445 1826380
1826929 1827000
1827623 1829067
1829899 1830475
1831497 1832877
1835311 1835444
1836114 1837056
1839148 1839227
1839904 1841625
1842126 1842846
1843738 1843798
1844307 1844370
1845148 1845625
1847170 1847230
1847764 1847845
1849146 1850106
1850727 1852161
1853374 1853684
1855162 1857081
1858301 1859414
1859966 1861164
1862049 1862589
1863673 1864156
1865338 1866521
1868221 1868788
1869595 1870998
1872762 1872897
1873483 1874667
1875191 1875451
1877528 1878254
1879222 1879619
1880230 1880478
1881712 1881839
1883249 1884035
1884996 1885074
1886041 1886830
1887391 1888695
1889319 1890807
1891636 1894561
1895782 1897355
1899459 1899677
1900435 1900503
1903753 1904529
1905402 1905585
1906541 1906594
1909458 1911169
1911973 1912069
1913133 1913304
1913997 1914147
1917332 1917739
1919650 1919876
1920514 1920827
1921382 1921663
1922759 1924011
1924584 1925523
1926420 1927112
1927789 1928490
1930331 1931730
1932413 1933618
1934204 1935314
1936802 1936884
1937722 1939733
1940242 1942277
1944748 1944884
1945793 1945890
1946626 1946688
1947337 1949827
1951457 1951576
1952327 1953692
1954552 1955159
1956855 1957658
1958975 1959026
1959593 1959697
1960260 1961720
1963882 1964712
1965745 1965959
1968191 1968279
1968893 1969621
1970675 1972085
1974797 1974896
1975566 1975823
1977198 1979109
1980529 1981426
1982019 1982134
1982649 1983763
1985200 1985523
1986382 1986810
1988329 1989678
1990470 1990751
1991273 1991888
1993049 1995915
1997514 1997868
1998395 1999295
1999799 2000433
2001400 2001928
2002588 2005298
2006009 2006131
2007194 2007595
2008098 2009198
2010356 2010494
2011599 2012118
2012774 2012944
2013545 2015784
2016950 2017165
2018677 2019119
2020036 2020828
2021368 2021530
2023323 2023727
2025155 2026654
2029752 2029849
2030783 2030877
2032265 2033033
2033564 2033703
2034697 2034911
2035750 2036258
2039671 2040139
2041233 2041454
2043112 2043853
2045952 2046533
2047842 2049550
2050369 2051085
2052242 2053164
2054214 2054413
2055080 2056168
2056730 2057595
2058662 2059796
2061321 2061664
2062683 2064653
2065290 2065715
2066689 2069885
2071975 2072844
2076539 2077733
2078426 2079233
2080327 2080531
2081740 2083055
2084155 2084510
2085957 2086112
2087334 2088804
2089464 2089982
2090540 2090719
2093608 2094343
2095108 2095465
2095999 2096596
2098004 2098637
2103226 2103711
2105581 2106064
2108225 2108498
2109066 2109251
2110828 2111474
2112137 2112729
2113415 2115674
2116968 2119499
2120993 2121723
2122586 2123058
2123629 2124490
2125057 2125683
2127457 2129050
2131472 2132007
2133270 2133621
2135164 2136669
2139745 2143031
2143637 2144482
2145708 2145890
2146828 2148742
2150106 2150283
2151475 2151541
2152846 2153531
2155171 2155238
2155900 2157551
2158103 2158162
2159018 2159315
2160247 2162716
2164453 2167052
2167904 2167960
2168713 2169455
2170008 2171469
2173113 2174639
2175295 2176255
2177805 2182755
2183384 2183957
2185437 2186158
2186659 2187044
2187628 2188194
2189411 2190086
2190673 2191217
2192481 2194219
2196144 2196387
2197434 2197846
2198498 2199953
2201347 2201664
2202239 2202392
2204168 2204580
2206273 2206472
2208038 2208622
2209430 2209506
2210164 2211896
2212752 2214791
2216814 2216988
2217884 2218891
2219496 2219886
2221179 2221891
2224238 2224386
2226735 2226874
2227395 2227791
2228379 2229752
2231247 2231355
2233929 2234251
2236523 2238161
2238869 2239345
2240291 2241518
2243133 2243196
2245808 2246069
2248232 2248556
2249800 2250924
2252711 2252956
2253794 2254040
2255809 2256879
2257725 2257825
2261024 2261515
2262132 2262466
2263065 2263813
2264484 2265302
2266424 2266674
2268757 2268855
2269722 2271303
2271824 2271875
2272492 2272964
2275260 2275701
2276202 2276430
2277166 2277399
2277963 2279574
2280233 2280467
2281623 2281880
2283623 2284655
2287894 2288258
2291362 2291526
2293175 2293272
2294360 2295102
2296373 2297028
2298104 2299512
2300314 2300416
2301313 2301419
2302479 2303360
2304102 2305036
2305944 2306605
2307163 2307667
2308823 2309412
2311172 2311956
2312457 2313024
2313581 2316583
2317551 2317788
2319362 2319555
2320132 2320211
2320748 2320876
2321481 2321589
2322151 2323423
2324102 2324997
2326212 2328336
2329077 2329139
2329741 2330128
2331025 2331310
2332240 2332374
2333701 2334100
2335203 2338248
2340482 2342511
2345699 2345900
2348614 2348837
2349407 2349583
2350418 2350722
2351543 2352047
2354415 2354771
2355509 2355932
2356806 2357409
2358003 2358057
2359670 2359780
2361165 2361490
2363584 2363641
2365039 2366092
2369073 2369123
2370236 2370411
2372778 2373154
2374173 2374957
2377447 2377999
2378738 2379425
2380666 2380742
2381694 2383149
2384367 2386836
2389408 2390027
2390617 2390692
2391594 2393121
2393662 2394729
2395928 2396933
2398039 2398330
2398983 2400424
2400980 2402192
2402921 2403350
2404389 2405554
2406424 2406678
2407260 2407964
2408578 2410047
2411823 2412474
2413004 2413603
2414154 2415381
2416396 2416605
2417259 2418458
2419060 2419389
2420622 2421210
2422065 2422126
2425445 2425710
2426871 2427425
2428097 2428959
2429997 2430240
2431314 2433662
2434354 2434899
2435876 2436728
2437727 2438405
2440050 2441356
2442004 2442055
2442968 2444589
2445441 2445762
2446708 2447253
2447867 2448289
2448979 2449064
2450263 2451043
2451884 2453493
2454031 2454195
2454779 2454876
2455961 2457982
2458560 2459235
2460253 2460505
2462698 2464572
2465089 2465267
2465808 2465922
2466803 2469019
2470031 2470852
2471831 2472236
2472789 2473232
2475501 2475717
2476286 2476350
2476988 2477503
2478374 2478725
2479500 2480270
2481081 2482348
2484220 2485893
2486517 2487868
2489750 2491482
2492363 2492684
2493242 2493298
2495632 2496925
2497641 2499162
2499874 2500172
2501132 2502695
2503793 2506333
2507207 2508298
2510303 2510738
2511475 2511630
2513196 2514160
2514939 2516685
2518025 2519256
2522935 2523250
2524811 2526491
2527104 2529628
2531968 2532599
2533328 2533860
2536104 2536896
2538136 2538442
2539575 2541317
2541843 2541940
2543088 2543921
2547625 2548410
2550852 2552326
2552994 2553152
2553678 2553814
2554942 2555359
2555952 2556101
2556921 2557664
2559053 2559536
2560250 2560585
2561287 2562547
2563746 2564385
2565752 2566344
2569494 2570044
2574382 2574946
2576081 2576389
2578993 2581720
2582467 2582571
2584453 2584508
2588019 2589436
2590649 2592684
2593200 2593865
2594621 2597869
2599305 2599768
2602769 2603023
2603550 2603655
2605729 2606695
2607296 2607669
2609977 2610287
2611155 2612367
2613248 2613304
2613871 2615578
2621024 2622587
2624037 2625158
2626247 2627460
2628125 2628417
2629621 2629738
2630371 2631181
2632789 2634423
2636335 2636516
2637042 2637106
2639053 2639661
2641305 2642938
2643970 2644171
2645591 2645800
2647146 2647514
2648602 2649267
2650004 2650725
2651612 2652109
2652700 2654143
2654717 2654800
2658011 2658686
2659379 2659976
2661308 2661604
2662519 2663411
2666886 2667007
2668386 2668733
2669416 2669853
2671251 2672287
2673166 2675355
2676158 2676276
2676876 2677503
2678200 2678799
2679377 2679434
2680029 2680621
2681306 2682308
2682816 2682878
2684104 2684169
2686001 2687290
2688344 2688731
2690446 2690697
2691307 2692318
2693342 2694056
2695185 2695866
2698166 2699214
2700191 2700306
2700977 2701354
2702900 2703290
2704020 2704951
2706282 2706791
2708126 2708574
2709711 2710731
2712695 2712905
2713968 2714102
2715064 2715593
2716625 2716680
2717216 2718233
2719380 2721283
2722282 2722935
2725154 2725300
2726105 2727357
2729250 2729821
2731377 2731487
2732468 2732770
2733768 2733835
2734497 2735096
2735844 2736834
2737493 2738625
2739310 2739601
2740442 2742653
2743217 2743335
2744045 2744796
2746081 2746309
2748321 2748407
2749986 2750315
2752110 2752376
2753213 2753319
2754112 2754173
2755351 2755432
2757035 2759122
2759967 2760255
2761037 2764509
2765023 2765077
2765671 2766150
2768432 2769795
2770841 2771000
2772582 2774866
2775696 2776480
2777532 2778948
2780523 2780960
2781681 2782033
2782569 2782873
2783477 2784121
2784630 2786386
2788875 2791320
2792412 2792569
2793220 2793693
2797261 2797825
2798751 2799298
2800024 2800831
2801441 2802986
2804513 2805299
2805945 2806198
2807044 2807712
2808918 2809972
2810824 2811015
2811558 2813478
2814256 2814475
2815911 2816043
2816660 2816996
2817630 2817864
2818717 2819168
2819770 2819926
2821267 2821322
2823041 2824377
2825074 2825434
2828239 2828288
2829156 2829221
2830181 2830768
2831830 2833089
2833597 2834794
2836885 2837538
2838190 2838772
2840013 2840591
2841688 2842762
2843473 2843823
2844576 2844657
2847572 2847760
2848293 2848344
2849076 2850930
2852982 2853799
2855862 2855917
2856717 2859237
2859841 2859969
2861220 2861284
2862226 2863011
2864443 2865316
2868324 2868516
2869051 2869797
2870586 2874449
2875205 2875391
2876043 2876972
2877550 2877908
2880510 2880803
2881712 2882860
2883982 2884293
2886128 2887352
2888465 2888685
2890030 2890461
2892893 2892969
2894050 2895250
2896710 2897019
2897965 2899061
2900039 2900140
2902844 2903036
2904767 2905479
2906575 2906960
2908574 2910443
2911293 2911572
2913090 2913250
2914509 2916512
2917187 2917248
2917830 2919055
2920107 2921216
2922995 2924483
2928067 2928431
2930283 2931739
2934784 2935259
2935875 2936248
2936793 2937110
2938043 2938750
2940054 2942080
2943759 2943976
2944608 2945668
2946655 2947675
2948858 2948926
2949905 2950960
2951812 2952631
2953163 2953713
2954922 2956121
2957002 2957078
2958146 2959914
2962155 2963284
2963958 2964798
2966487 2967233
2968758 2968837
2969373 2969569
2970233 2970977
2971698 2972400
2973026 2973122
2973628 2974298
2975390 2976074
2976606 2977476
2978073 2978134
2979099 2979371
2979936 2979998
2981879 2982295
2982922 2983721
2984790 2985036
2985691 2987612
2989102 2989876
2990872 2991293
2992297 2992534
2993340 2993813
2994903 2995178
2995681 2995732
2998382 2999648
3000331 3000446
3001297 3001744
3003083 3004045
3004650 3006405
3008334 3008440
3010846 3010980
3013550 3013843
3014704 3014765
3015558 3016797
3017771 3018748
3021263 3022294
3022878 3023296
3024810 3025526
3026495 3026743
3027810 3027900
3028981 3029898
3030711 3031886
3034503 3035812
3036603 3037103
3037774 3038371
3039322 3040025
3040676 3042065
3042985 3043540
3044741 3044848
3045430 3045899
3047401 3048325
3049023 3049118
3050135 3051730
3052320 3052449
3052961 3053239
3053858 3055243
3056070 3056152
3056870 3056938
3058967 3059022
3060551 3061497
3062821 3063258
3064059 3065247
3066025 3066159
3068671 3069206
3070858 3072235
3073080 3073683
3074249 3074854
3076016 3076832
3078858 3079684
3080496 3081082
3082253 3083771
3085814 3087419
3090332 3091688
3092521 3092657
3093271 3094127
3094889 3095891
3097002 3097074
3097700 3098212
3099896 3100171
3102450 3102811
3103949 3104353
3106995 3107131
3109604 3110545
3111650 3112174
3112835 3113104
3114312 3114899
3115458 3115837
3116578 3117183
3118371 3118598
3119101 3119332
3119862 3119975
3120857 3121320
3123003 3123090
3125435 3127515
3128373 3129858
3132076 3132939
3133784 3133891
3134831 3135176
3135721 3136707
3138122 3138502
3139431 3139560
3140194 3140306
3141108 3144529
3145934 3146063
3147409 3147569
3148071 3148120
3149207 3149346
3150033 3150706
3151547 3152046
3154559 3155367
3156770 3157301
3161183 3161856
3162562 3163509
3164018 3164086
3164807 3164889
3165627 3165845
3167332 3167590
3168645 3168707
3171018 3171117
3171716 3172148
3173019 3174125
3176618 3178532
3180466 3180999
3181676 3181859
3182530 3183202
3184337 3184519
3187488 3187922
3188713 3189287
3190484 3190885
3191584 3191927
3193852 3194706
3195697 3195803
3197657 3198218
3198917 3199529
3200652 3200885
3201505 3202196
3205990 3206123
3207178 3210000
3212702 3212867
3213372 3213687
3214566 3215619
3216359 3216729
3217342 3219511
3220354 3220429
3222721 3222869
3225253 3225585
3228601 3229377
3230782 3231498
3233108 3233211
3234647 3235406
3236342 3236510
3237511 3237618
3238898 3239261
3239804 3240014
3240637 3240724
3241570 3241649
3243601 3243975
3245684 3246409
3247089 3247148
3247757 3248236
3249962 3251241
3252317 3253081
3254315 3254871
3255729 3256302
3257358 3257938
3259110 3260315
3261050 3262342
3263000 3263745
3265723 3265825
3266509 3266796
3267366 3267686
3268263 3268717
3271191 3271304
3271866 3273815
3274527 3275063
3275984 3276737
3277248 3277312
3278762 3278918
3280308 3281026
3281655 3282832
3285361 3285489
3286715 3287835
3289163 3289301
3290092 3290226
3290891 3291001
3292320 3292686
3293218 3293456
3294077 3297113
3301097 3301545
3302342 3302581
3303484 3304061
3304966 3305487
3306898 3306959
3308431 3309822
3310359 3310411
3312958 3313354
3314157 3314725
3315365 3315805
3317072 3317877
3318686 3319099
3320468 3321079
3322820 3322922
3323593 3323767
3324472 3325102
3327477 3328011
3328552 3329042
3331264 3332860
3333794 3334197
3335411 3336641
3338232 3338997
3340201 3340376
3341690 3342327
3343269 3343338
3344296 3345111
3345621 3346333
3346992 3347143
3347731 3348429
3348961 3351545
3353923 3354127
3355762 3356225
3357085 3358614
3359607 3359969
3360531 3361060
3362051 3362154
3362854 3362969
3364238 3365353
3366860 3367574
3368327 3368876
3369455 3369547
3370335 3371669
3373081 3373315
3374073 3376103
3377070 3378560
3380992 3381792
3382789 3385344
3386280 3388831
3389962 3390052
3391049 3391140
3391781 3391866
3392391 3393921
3395094 3395576
3396095 3396687
3397235 3399620
3400626 3401083
3403323 3403452
3405001 3406166
3406668 3406802
3408140 3408725
3409465 3410843
3412296 3413263
3414653 3415181
3416582 3416696
3418664 3419476
3420278 3420777
3422542 3424112
3425732 3427130
3427936 3429762
3431714 3432137
3433023 3433284
3434348 3434429
3435934 3437238
3438328 3438391
3439408 3439719
3443457 3443906
3445041 3448771
3449589 3449867
3451459 3452092
3452636 3453446
3454813 3455397
3457189 3457461
3458042 3458630
3459671 3460431
3461192 3461285
3462188 3462313
3462994 3463783
3464431 3464492
3465384 3465878
3467687 3468143
3469614 3472640
3473303 3473421
3474075 3474671
3475517 3475933
3477476 3477775
3478414 3479816
3481286 3481854
3482728 3483103
3483881 3485038
3485817 3486066
3486911 3489186
3490302 3490656
3491644 3491743
3492257 3494015
3494859 3495574
3497002 3498241
3498813 3499679
3500585 3501772
3502737 3503947
3505092 3505145
3506018 3506439
3508203 3508918
3509807 3510463
3510990 3511198
3513064 3513710
3514442 3514783
3515962 3516087
3517562 3517803
3519730 3520204
3520893 3522344
3523490 3523955
3524728 3525777
3526379 3526840
3529320 3529373
3529943 3530887
3532004 3532543
3534874 3537232
3539835 3542324
3543441 3543603
3544515 3545372
3545965 3546550
3547094 3547730
3548659 3548815
3549915 3550092
3552804 3554615
3555336 3555641
3557592 3557865
3559723 3560008
3561532 3562464
3564311 3565402
3566667 3567618
3569043 3569333
3571026 3571232
3572368 3573185
3574687 3574822
3575837 3576483
3577004 3577303
3578090 3580736
3581365 3581447
3582606 3582776
3583858 3584099
3585413 3586924
3587488 3588039
3589686 3590310
3590972 3591389
3592031 3593053
3593786 3594574
3595198 3595564
3596693 3596766
3597939 3598164
3598694 3598918
3600320 3601672
3604083 3604143
3606131 3606825
3607737 3607873
3608513 3609297
3610029 3610138
3611070 3611488
3615150 3615704
3617937 3618118
3618730 3619487
3620409 3621361
3622333 3622655
3623646 3623703
3624511 3625644
3626384 3626549
3627184 3627938
3628753 3630957
3631983 3633654
3634811 3635249
3637087 3638114
3638679 3639238
3639808 3640325
3641096 3641293
3641821 3642022
3642810 3642887
3643681 3644071
3646794 3647103
3647759 3650953
3652711 3653106
3654068 3655800
3656661 3657356
3657916 3657999
3659177 3659535
3661174 3661851
3662559 3666339
3667320 3667376
3669357 3670288
3671758 3672396
3675219 3675358
3675921 3677731
3678839 3679957
3680493 3681237
3681966 3682705
3683240 3684730
3685897 3686348
3687895 3687976
3689595 3689786
3691649 3691753
3692306 3692799
3693310 3695211
3696187 3696258
3697169 3697290
3700193 3701049
3702106 3702247
3704046 3705300
3706791 3706884
3707649 3707785
3708367 3710099
3710808 3712039
3712990 3713168
3714395 3714824
3716222 3717490
3718577 3718671
3719347 3719782
3720616 3720980
3721587 3721957
3723143 3724253
3726259 3726435
3726954 3727407
3728141 3728284
3729595 3729817
3733548 3733664
3734220 3734457
3735056 3735302
3736923 3737412
3740395 3740451
3741258 3741669
3742236 3742508
3743771 3746105
3746923 3747857
3749349 3749486
3750453 3753724
3754452 3755002
3755707 3756709
3757455 3757513
3758014 3758688
3759940 3760082
3762557 3764771
3766972 3770105
3771826 3771919
3773014 3773980
3774948 3775054
3775603 3776130
3776653 3777376
3778278 3779667
3780435 3781040
3782021 3782684
3783236 3783648
3785691 3785828
3786546 3788894
3789429 3790645
3791240 3793185
3794243 3796932
3798400 3799416
3802096 3802507
3803999 3805096
3805935 3807841
3808653 3809758
3811410 3811909
3812438 3812697
3813324 3815080
3816499 3816642
3819497 3819868
3820451 3821485
3822425 3823264
3824297 3826601
3827863 3828007
3829863 3830519
3831051 3831190
3832316 3832420
3833681 3833754
3834481 3835096
3835932 3836702
3838044 3839743
3840749 3842211
3842843 3843091
3843920 3844093
3845016 3845123
3846277 3846746
3847575 3848024
3849331 3850383
3850966 3851708
3854023 3854331
3855418 3855498
3857319 3857859
3858425 3858599
3859167 3859850
3860849 3861074
3861629 3863072
3864151 3865778
3866856 3869440
3871641 3871710
3872520 3872824
3873609 3874872
3875469 3875990
3877403 3877749
3879496 3880650
3881442 3881534
3882472 3883352
3884020 3885036
3885956 3886938
3887458 3887768
3890291 3890839
3891495 3891828
3892562 3892754
3893497 3893709
3894818 3895294
3896281 3899483
3900275 3900744
3901629 3901998
3903143 3904264
3905181 3906132
3907336 3907486
3908087 3911010
3911617 3911824
3913122 3913171
3915142 3915257
3918416 3918710
3920067 3920537
3922577 3922671
3923255 3924239
3925116 3925272
3927151 3927579
3931193 3931474
3932455 3933617
3938235 3938793
3940573 3940989
3941599 3941752
3942448 3942752
3945804 3945867
3946525 3947867
3949079 3949305
3950008 3950556
3951330 3951737
3952616 3952922
3954187 3954268
3955616 3955904
3956657 3957022
3958624 3959012
3959945 3961042
3962775 3964384
3966253 3967349
3968183 3968558
3969750 3970006
3970976 3971309
3972063 3972813
3973771 3974190
3974858 3976216
3977446 3977561
3978299 3979848
3980670 3980905
3981854 3983307
3984370 3985856
3986429 3986512
3988273 3988531
3989117 3989810
3992695 3993378
3994626 3995386
3996010 3996099
3997349 3997398
3998605 3998851
3999470 3999625
4000328 4000831
4003464 4003709
4005339 4005591
4006708 4007961
4009464 4010156
4010720 4011725
4013309 4013653
4016415 4017093
4017934 4020190
4020957 4021046
4022019 4022927
4024176 4024339
4025175 4025446
4026085 4026620
4029292 4030075
4031695 4032469
4033313 4033505
4034865 4035515
4036194 4038310
4039078 4039809
4041032 4041085
4041650 4044155
4046100 4046533
4048583 4050452
4051130 4051726
4052586 4053119
4054312 4054777
4055320 4055411
4056034 4057240
4058958 4059274
4060386 4060536
4061147 4061673
4063196 4067332
4067998 4069369
4070304 4070948
4072183 4072349
4073097 4073859
4074934 4076642
4077312 4077370
4078864 4078987
4079572 4080152
4081659 4081992
4083609 4084024
4085178 4085410
4086531 4086834
4089132 4090081
4091510 4092037
4093766 4093993
4094687 4095021
4096941 4097166
4097723 4098487
4098992 4099414
4100054 4100638
4101283 4101625
4102169 4102290
4103898 4104019
4105372 4105438
4106961 4107618
4108846 4109353
4110514 4110829
4111516 4112967
4113654 4113712
4114257 4117776
4118867 4119726
4120764 4120870
4122645 4125397
4127317 4127831
4129559 4129677
4130341 4131106
4132553 4132984
4133604 4134204
4135498 4135886
4138578 4138647
4141789 4142623
4143174 4143283
4144741 4146064
4147517 4149549
4150315 4150403
4151743 4151879
4153006 4153192
4153929 4154067
4154794 4154988
4155751 4156895
4158353 4159297
4159908 4160404
4161526 4163071
4165927 4170690
4172352 4172430
4173184 4174422
4175421 4175867
4176786 4177157
4178912 4179498
4181403 4181605
4182622 4182869
4183974 4184836
4185983 4186042
4186625 4186734
4187518 4189402
4190040 4191527
4192359 4193129
4194885 4195487
4197065 4197198
4199565 4200522
4201596 4203634
4204406 4205469
4206521 4207145
4208156 4212750
4213442 4214328
4215930 4216161
4218490 4219019
4220212 4220338
4223162 4223702
4225803 4225898
4226700 4227355
4227896 4228021
4228775 4228918
4230138 4230492
4231406 4232137
4232669 4233119
4233684 4233859
4236452 4236911
4237643 4238275
4239525 4239949
4241052 4241629
4242780 4243270
4246391 4246737
4247868 4250486
4251170 4253164
4254262 4256055
4256651 4259038
4260404 4260605
4263947 4264399
4265034 4266444
4267117 4268431
4269166 4269512
4270253 4270337
4272632 4272728
4274514 4275053
4276341 4277456
4279223 4279783
4280540 4280849
4282796 4283286
4284484 4285147
4285691 4287320
4287850 4288119
4288875 4289111
4290171 4290481
4292821 4293240
4293904 4294015
4294611 4294866
4295844 4297143
4297701 4298020
4298667 4298998
4299997 4303945
4304695 4306627
4307196 4308803
4309464 4310029
4311980 4312493
4314505 4314847
4315809 4316120
4316977 4317717
4319095 4319786
4320416 4322854
4323424 4327657
4328886 4330074
4330779 4331212
4331922 4332113
4333685 4333842
4334383 4336120
4336717 4337098
4337936 4338165
4341937 4342338
4342977 4346879
4347661 4347906
4348643 4348717
4349380 4350806
4351552 4352298
4353614 4353754
4354789 4355643
4356509 4357544
4358360 4358555
4359613 4360384
4361278 4361438
4362557 4362958
4365195 4365260
4365892 4366287
4366919 4367533
4368956 4369508
4370937 4371144
4372290 4372603
4374222 4375733
4376816 4376975
4377764 4377867
4378849 4379190
4379736 4380105
4380894 4382404
4384291 4384541
4385212 4385325
4386417 4386566
4388147 4388570
4389911 4390067
4391314 4391941
4392757 4393419
4394837 4397826
4398730 4399290
4401133 4401503
4402944 4403980
4404591 4405948
4407097 4407146
4407818 4407992
4408503 4409503
4410341 4410780
4412711 4413443
4415028 4415278
4416284 4418481
4419707 4420276
4422706 4424000
4424706 4425783
4426324 4427844
4428759 4428943
4431110 4432343
4433035 4433646
4434402 4434604
4435128 4435579
4436310 4436683
4438066 4438886
4439882 4440913
4441781 4442033
4442760 4443181
4443863 4444309
4444971 4445938
4446532 4446601
4447555 4447724
4449237 4449606
4452039 4453110
4454000 4454174
4454863 4455823
4456662 4456748
4457734 4457985
4458630 4458771
4459315 4459531
4460864 4461046
4462655 4463340
4463853 4464283
4464991 4465304
4465877 4466025
4466583 4467247
4467819 4468001
4468549 4469024
4469979 4470489
4471487 4472039
4475948 4476240
4477008 4477811
4478407 4479301
4480293 4480462
4481188 4481254
4481905 4482336
4483676 4484080
4485468 4486303
4488172 4489564
4490260 4490768
4491977 4492258
4493239 4493607
4494179 4494255
4494766 4495180
4496087 4496381
4496895 4497091
4498147 4498967
4499763 4499930
4500682 4502925
4504916 4505093
4505815 4505917
4506615 4507102
4509308 4510840
4511395 4511995
4514294 4514404
4516888 4517837
4518895 4520524
4523416 4523607
4524426 4524676
4525482 4525550
4526371 4526442
4527312 4527430
4528389 4528635
4530263 4531790
4532540 4532744
4533585 4533707
4534974 4535476
4537396 4537889
4541377 4541472
4542058 4542192
4543171 4543291
4544987 4545109
4545975 4546192
4546825 4547781
4548472 4548690
4550677 4550923
4551736 4551977
4554946 4555190
4555694 4556502
4558218 4558490
4559175 4559734
4560388 4563004
4564324 4565667
4566181 4566294
4567075 4568027
4569854 4570064
4570910 4571016
4571718 4571799
4572896 4573324
4574368 4574803
4575653 4576379
4577516 4577791
4578866 4579326
4580149 4580579
4581460 4581940
4582810 4584329
4584934 4585074
4586453 4586588
4587412 4588510
4589381 4589532
4592159 4592342
4592885 4592954
4594156 4594757
4595718 4595888
4596660 4596741
4597363 4597576
4598374 4599340
4600063 4600251
4600978 4601634
4602433 4602840
4603421 4604091
4605546 4609501
4610128 4611558
4612246 4612843
4615689 4615996
4616507 4618236
4619605 4619800
4620887 4621090
4622194 4622279
4623952 4624009
4624591 4625036
4625715 4625958
4627905 4628045
4628569 4628868
4629511 4630442
4631781 4633731
4634591 4635737
4637078 4637218
4638834 4638968
4640497 4640856
