Salmonella_0919_Taxon020_
1 360
8023 10282
15178 17938
26182 43637
60612 65070
65596 66512
75464 89739
90495 90594
100236 107153
111382 171067
207849 218884
223278 223484
244207 244628
245189 276052
276805 280394
282392 295001
299584 301521
308846 330383
331052 332674
341156 351480
353017 363756
366883 366961
369198 380511
381231 385571
386779 388928
390507 393481
411677 419556
420905 424163
460314 472253
474698 480840
487329 494407
500270 500409
510432 511216
528757 538933
539488 555190
561840 577671
578190 578298
580887 581126
589060 595262
597305 600720
616670 619017
620281 625136
653927 654396
654933 660592
665225 678300
679802 679980
685355 698632
699220 766250
774659 774724
775814 781696
783451 784493
785078 836570
850271 850513
853809 853934
856297 861557
873858 876732
880066 880315
881012 887364
901082 901218
909714 941760
945495 945607
950791 982658
985131 1000086
1000766 1000991
1023465 1023781
1025135 1039512
1048328 1048400
1063326 1083508
1084642 1087995
1095437 1095665
1099830 1110970
1114263 1115109
1115762 1120405
1122738 1127855
1128482 1128610
1132067 1139300
1151025 1187031
1187697 1194871
1203415 1220921
1224285 1238321
1254528 1263693
1266596 1272764
1276632 1279586
1286492 1291720
1297601 1297837
1308636 1323272
1342924 1346312
1349240 1380432
1385499 1389900
1393229 1398690
1399290 1409236
1410278 1418169
1419140 1419213
1420376 1424312
1434499 1434627
1451014 1451262
1461599 1462479
1468445 1468670
1469856 1476741
1483517 1490932
1491900 1491970
1516056 1516139
1538578 1542651
1543377 1557205
1564913 1575831
1580649 1580876
1607470 1621812
1634094 1645375
1674018 1674526
1679941 1685037
1695758 1695858
1700463 1706202
1706922 1708195
1711396 1719190
1723291 1736996
1738549 1739204
1740557 1772211
1789675 1789859
1816475 1819325
1822231 1823337
1824750 1835252
1845551 1845614
1852604 1877111
1884596 1884731
1905249 1913398
1915293 1918432
1936241 1939179
1942937 1944913
1948313 1963214
1964519 1968221
1994189 1998174
2009389 2010345
2014254 2038488
2045702 2047767
2048732 2049001
2054594 2054719
2066766 2066900
2073372 2074942
2078485 2094154
2094704 2094919
2100449 2107321
2118089 2126638
2136180 2139692
2144717 2160116
2162087 2165412
2167989 2177534
2190165 2190265
2190846 2193416
2196676 2205075
2207209 2210175
2227053 2246893
2250844 2259261
2259794 2287812
2290187 2290595
2310945 2322823
2333536 2333635
2336011 2344896
2345494 2347767
2348278 2353389
2356810 2357910
2410314 2416713
2420454 2428383
2434620 2457548
2458112 2458179
2465605 2488032
2521229 2522201
2526951 2530751
2534348 2546996
2552283 2574660
2579319 2579771
2580295 2581522
2589287 2603153
2605046 2631131
2655144 2655259
2660114 2671282
2673946 2683862
2684369 2715735
2733175 2733291
2736083 2740523
2741727 2744269
2755682 2755951
2758494 2758769
2759620 2784428
2791723 2812874
2832863 2837904
2838660 2838772
2857055 2873304
2875036 2876036
2885289 2897913
2911230 2917929
2947758 2954540
2964198 2977367
2978028 2980577
2981304 2984800
2985631 2985801
3005934 3015497
3019829 3020069
3026132 3045559
3051414 3051904
3058381 3058463
3063149 3067746
3070381 3076703
3093378 3093567
3094579 3095012
3110176 3110396
3123426 3123489
3125333 3131032
3135807 3144066
3147513 3164646
3165156 3167968
3175258 3181374
3194141 3207249
3207948 3210425
3219363 3219475
3228244 3230612
3262761 3274434
3289008 3324231
3327967 3329547
3336779 3348013
3352441 3352736
3355982 3363609
3379885 3388033
3388542 3393781
3404524 3415547
3416981 3426018
3426606 3437678
3497989 3500973
3503555 3513635
3514281 3546844
3555146 3556800
3558439 3558510
3565958 3566123
3566792 3576459
3584747 3600192
3600902 3613716
3635139 3635767
3637239 3642139
3644936 3658665
3682889 3687836
3702611 3714293
3724137 3724314
3728722 3734988
3744819 3745022
3759471 3759705
3764193 3779620
3781808 3788333
3799625 3801278
3802378 3802916
3806798 3811213
3814808 3828397
3830043 3830242
3835678 3842034
3842717 3857654
3871924 3872065
3894637 3916645
3919426 3935277
3937053 3940390
3941457 3960654
3972688 3972857
4007801 4064438
4069502 4073784
4099889 4105228
4110359 4112395
4122692 4127542
4138088 4152595
4156101 4162069
4182088 4189244
4189867 4227937
4235622 4235892
4269857 4283032
4283666 4303325
4312438 4314885
4315884 4345885
4348950 4352461
4352990 4356406
4360442 4360800
4361484 4361780
4362481 4367813
4368390 4391361
4391938 4392948
4394554 4400470
4407709 4410017
4420043 4421673
4431971 4432061
4438585 4469061
4475967 4476258
4488651 4488920
4489610 4497498
4500878 4506360
4507512 4510575
4511154 4513548
4520172 4532434
4536281 4542975
4552027 4552192
4552864 4556063
4559275 4567734
4570673 4573831
4586852 4586912
4593210 4604471
4610502 4613177
4613821 4617081
4628642 4640054
4648522 4664916
4665854 4665987
4668750 4668949
4669826 4674498
4678111 4678202
4683106 4683218
4686679 4687544
4705969 4722004
4723047 4723811
4735655 4745062
4752857 4764217
4767971 4769783
4770317 4788350
4793724 4799597
4803298 4804921
4808652 4842933
4849959 4850080
4853306 4856725
