gi_556503834_ref_NC_000913.3_
1 90
709 802
20366 20465
36759 36836
66564 66648
100094 100287
213104 213283
223564 227493
228675 228906
233461 233597
258007 258588
268749 268838
270629 271662
279227 280013
290540 291304
391807 392873
407065 407222
525887 526621
566870 567936
574685 575691
580408 580831
586282 586363
608106 609252
654930 655002
687946 688952
701083 701260
729801 730436
731157 731274
732089 733183
734247 734999
736482 737492
738068 738207
780615 780841
781676 781745
850280 850414
882744 882838
1001202 1001295
1038727 1038929
1049859 1050450
1077938 1078094
1094343 1095404
1097060 1097560
1116067 1116209
1116715 1116841
1155774 1155831
1233947 1234082
1257504 1257592
1269192 1270291
1277673 1277748
1299593 1300600
1396138 1397176
1427841 1428171
1466538 1466756
1468008 1469295
1470341 1470417
1531959 1532816
1552134 1552268
1570769 1571703
1584436 1584507
1632654 1634923
1635938 1636793
1648587 1648693
1650942 1651450
1746447 1746524
1769740 1769795
1820785 1820847
1842217 1842361
1880071 1880182
1973244 1973334
1978602 1979171
1994852 1994981
2027576 2027660
2066275 2067200
2069039 2070172
2089046 2089251
2101845 2102847
2119389 2119457
2170268 2171847
2174438 2174505
2200715 2200788
2232175 2232226
2289015 2290014
2304499 2304766
2366744 2366814
2391012 2391146
2399753 2399809
2514372 2515519
2521352 2521421
2588158 2588237
2651802 2651897
2657021 2657096
2662308 2662398
2726161 2728014
2728828 2729601
2730885 2731273
2766012 2766112
2773821 2773877
2812446 2812522
2817997 2818049
2838791 2838934
2894327 2894398
2910557 2910690
2914677 2914745
2916269 2916380
2950878 2950994
2961964 2962101
2973282 2973398
2986793 2986916
2996458 2997595
3027348 3027468
3056522 3056625
3130234 3131247
3186194 3187328
3315129 3315187
3336289 3336371
3365651 3366656
3375369 3375460
3423526 3428895
3490202 3490312
3583526 3584100
3620766 3620883
3621698 3622761
3624593 3625378
3641211 3641293
3652129 3653137
3684428 3684573
3707741 3707811
3708458 3708535
3762363 3765730
3767319 3767368
3776672 3776737
3785611 3785688
3815478 3815556
3816574 3816643
3837174 3837278
3853313 3853381
3874828 3874948
3896152 3896231
3911145 3911229
3941541 3946850
3973958 3974033
4027511 4027609
4035264 4040746
4055300 4055397
4080721 4080806
4166398 4171866
4176178 4177010
4207942 4213067
4222718 4222771
4263460 4263577
4295934 4296282
4325929 4326248
4339388 4339464
4453826 4453875
4462303 4462385
4498280 4499413
4507557 4508580
4574732 4574807
4606106 4606283
4641548 4641652
