Buchnera_aphidicola_Baizongia_pistaciae_ancestor
1 2232
9516 10001
12308 12458
24514 24680
44440 44739
48079 48313
50160 50215
53334 54325
61635 61853
71146 71992
74586 75073
79162 79364
82352 84233
84878 85928
89363 89535
93623 93928
97048 97169
99826 101046
105842 105908
107921 108147
112063 113518
117597 117655
118585 119602
120301 120421
120976 121051
124430 124892
128648 128707
131705 131986
137609 137985
139573 139808
142110 142575
148108 148551
150237 152031
154138 154346
156644 157490
158558 158870
167405 170135
171306 171579
172902 173072
185389 185696
186986 187543
189149 189443
190886 191399
192657 193306
197239 197669
199403 199794
203593 203828
207674 207936
220141 220271
221565 222026
223278 223397
225283 225565
235269 236027
236666 236800
237453 238600
240856 241038
244718 244806
252305 252798
262524 262575
263132 263332
263930 264246
279084 279380
280907 281106
286495 286775
288924 289069
289754 292909
296378 296566
297571 297835
298888 299133
301568 301828
313563 313658
315879 316067
316571 317212
318953 319721
321384 321696
325994 326271
328850 329226
331357 331626
332865 334499
336718 336979
339168 339845
342347 344178
345136 346049
347083 348308
349346 349756
354785 354938
361541 363416
365589 367388
368909 369011
370257 371116
372212 373982
375618 375877
376847 376964
377551 378070
379200 379377
380825 380978
381612 381863
382817 383068
386159 386783
389598 390009
392313 392889
394973 395077
395803 397430
402749 403664
411032 411473
419125 419276
421655 421942
422808 423067
424065 424391
427797 427966
436967 437124
439222 440055
441928 442762
445909 446108
447675 448862
452557 452699
454977 455203
456122 457826
459609 459820
460546 460711
462221 462656
465680 466958
470516 470646
471632 473116
478760 479246
488667 489641
493459 493664
498045 498146
506394 506967
507775 507844
512088 512436
516245 516830
518137 520338
521057 521505
523046 523308
525162 525217
528075 528336
532444 532594
537049 537557
539027 539260
543620 543871
546372 546598
548648 548810
551799 552757
558229 559525
561090 562184
564350 564583
571038 573802
578158 578423
581967 582262
584047 584553
586711 587408
587919 588495
594795 595352
597467 597614
604189 604340
615587 615980
Buchnera_aphidicola_Baizongia_pistaciae_0980
1 2393
5558 5947
6458 10439
17014 17161
19276 19833
26133 26709
30075 30581
32366 32661
36205 36470
50045 50278
53351 53538
59188 60200
61871 62829
65818 65980
67758 68256
70757 72533
75368 75601
77071 77579
80995 82184
86292 86553
91320 91419
93123 93571
98566 98777
99549 99668
100376 101613
104088 104751
109473 109603
110589 111077
111794 112073
117717 118203
127625 128598
132417 133837
134625 137103
145351 145924
151045 151393
155202 155787
158168 159651
161929 162071
163056 164236
164742 166953
168520 168719
172465 172700
174573 175406
177504 177661
186662 186831
190237 190563
191561 191820
192686 192973
195352 198592
203155 203596
205479 205820
206953 207069
211350 211926
214010 214114
221786 222701
228269 228469
229557 229637
231560 231811
232765 233016
233650 233803
235251 235428
236012 237077
237631 237781
238751 239010
239586 240020
241286 241526
243512 244371
245184 246407
248759 249039
252857 253087
259690 259843
265297 265730
268579 269492
270685 272281
274783 275460
277649 277910
283504 283638
286529 287876
291590 291644
293490 294870
299143 299636
309362 309413
310768 311084
325922 326218
327745 327944
333333 333613
335762 335907
339541 339747
343216 343792
344319 344484
346705 346800
352159 353068
357913 360220
361230 361475
362528 364050
366335 366559
375688 376064
389063 389345
389993 391289
393302 393528
397444 397627
398327 398887
399719 399881
400782 401032
403814 405353
410168 410403
411862 412595
414249 414511
426716 426846
429853 429980
436738 438147
438932 439994
441600 442621
443337 443850
445108 445177
451558 451678
452226 452308
455687 456149
457768 459964
462962 463243
468866 469242
470830 471065
478232 478695
479365 479808
481494 482386
485395 485603
488636 488747
489815 489903
493753 494096
494845 495505
502563 502836
504159 504329
513582 514802
517459 517580
520700 521005
523886 524281
525093 525265
528028 528290
548050 548738
551689 551923
553770 553825
561010 561062
565245 565463
570789 571360
572511 574045
578385 578683
582295 582974
587095 587843
594412 594890
598302 599499
602170 603280
604627 605544
610700 612296
614804 615980
