Escherichia_coli_O157_H7_EDL933_ancestor
13930 14103
18335 18427
21555 21956
23436 23809
29462 48706
49397 53188
54236 63522
64931 77017
80502 102886
103401 108155
127113 136573
137116 175677
196244 205719
208111 212962
222083 253844
256531 261836
266296 282845
298900 303989
311302 312448
317105 317725
324682 338794
345445 348447
349580 349782
380185 387768
391207 391467
394488 395809
401833 406582
410489 421306
423038 423141
432049 452887
460194 469266
477683 477945
482666 482941
487158 487878
489757 492522
494515 494674
505973 516236
529121 537684
555293 562317
565630 566083
571756 574927
585425 591537
601873 601990
603093 609094
611855 634834
635752 638523
640077 644464
649050 655974
656670 674475
688384 688673
696577 696659
697274 716356
719876 725269
740185 753314
766700 768950
769556 777145
789128 789335
800510 800610
807793 812700
813270 813375
814174 815187
826668 835378
839068 839913
841400 841542
844609 849981
865718 877462
880299 880441
892962 893751
894593 896545
897427 900832
908587 917441
920756 921361
922684 928805
929483 933204
956555 986819
987432 1002395
1020328 1023250
1024918 1029795
1033948 1038523
1048227 1055222
1055815 1060603
1061917 1065350
1066249 1066668
1067364 1071930
1072629 1078078
1079043 1081432
1082522 1082761
1083287 1084861
1085578 1086412
1087343 1089607
1090158 1092510
1094644 1094726
1095535 1096715
1097262 1104917
1109716 1115722
1116724 1119510
1121378 1122895
1123500 1124490
1125897 1126041
1126808 1127935
1128872 1129510
1130447 1130778
1131339 1134225
1134800 1140424
1141145 1144273
1146943 1160305
1163471 1163775
1173239 1176749
1177448 1181291
1183536 1188636
1194007 1194322
1199727 1217098
1226834 1228164
1234661 1252333
1258359 1259763
1260819 1260944
1262068 1263788
1267286 1270895
1271403 1271723
1274266 1281752
1282965 1284553
1285188 1292709
1293707 1302815
1308826 1315168
1315692 1341252
1341780 1358037
1359379 1362020
1363027 1390742
1391632 1392090
1393445 1401992
1408443 1408585
1414920 1415162
1435759 1436003
1442755 1444330
1455703 1455877
1456719 1456846
1457904 1458054
1458773 1460078
1460642 1462442
1463397 1464257
1465314 1476945
1477674 1483563
1484583 1485751
1486534 1489006
1489518 1497306
1498486 1513567
1514973 1522286
1523014 1530491
1532534 1538468
1539288 1542730
1543922 1544527
1546313 1562232
1564108 1582310
1585773 1600111
1601069 1601302
1616572 1619077
1631031 1640817
1642299 1642817
1644799 1655735
1656256 1656487
1657149 1658770
1659310 1684531
1688864 1707275
1710651 1710877
1713349 1713595
1715278 1715387
1717124 1719341
1720115 1724502
1729615 1731029
1732450 1735266
1742595 1744760
1745408 1746669
1747186 1750432
1769390 1772314
1772896 1796181
1798454 1798693
1808311 1809179
1819642 1819789
1823903 1824660
1830514 1833775
1844296 1844368
1845108 1847133
1848333 1855029
1856049 1890480
1891423 1894313
1897244 1905424
1906018 1912990
1913493 1913858
1914464 1916623
1917292 1918418
1919543 1920288
1921233 1937711
1953530 1956188
1957269 1966377
1966922 1966972
1978572 1982541
1996871 2003551
2004305 2004387
2012767 2022840
2025483 2026877
2028608 2051217
2052405 2073375
2110176 2118081
2123889 2127967
2128524 2128848
2129905 2133684
2134722 2140137
2140691 2149845
2155619 2155749
2164689 2175625
2177033 2177238
2186125 2189698
2207106 2219755
2220489 2220709
2230376 2230534
2232907 2238123
2249631 2254228
2254793 2254915
2270106 2270271
2283808 2296778
2297348 2297825
2298393 2301583
2302141 2305214
2305727 2317118
2317620 2335168
2336042 2337539
2338054 2340376
2342339 2345988
2346654 2369892
2370508 2371682
2372205 2374951
2377071 2381980
2388404 2409559
2410929 2420203
2421405 2421489
2422691 2426405
2443876 2447224
2454447 2458681
2467475 2467599
2468811 2469249
2472342 2515532
2518806 2519065
2527304 2530369
2538393 2546047
2548688 2569040
2575966 2576099
2580093 2591045
2601615 2601732
2610351 2610427
2611408 2631690
2633837 2641742
2643033 2643202
2644743 2644837
2647213 2648383
2658886 2660160
2670232 2683384
2684871 2693897
2698253 2707446
2720154 2729656
2734437 2741132
2745560 2751902
2752438 2781564
2783235 2784999
2785548 2802741
2803284 2803614
2805055 2812313
2815672 2817279
2825746 2825829
2830064 2832311
2834061 2837524
2838912 2881327
2882923 2883059
2885051 2888602
2911028 2916767
2920682 2929032
2930045 2935577
2937832 2943387
2957428 2957594
2974128 2995016
2995624 2995790
2996375 2998204
2999743 2999831
3000591 3012502
3014271 3014585
3015576 3015748
3016440 3019079
3019592 3020635
3024314 3025036
3025706 3026031
3026565 3028003
3041452 3046151
3056753 3058706
3059228 3081800
3095589 3112506
3118606 3130986
3164050 3170174
3175385 3176673
3184588 3185269
3186488 3186621
3197609 3197739
3209848 3225504
3226103 3233718
3235610 3240600
3242758 3257511
3290051 3295123
3302233 3305552
3307088 3309362
3315492 3315577
3318785 3319008
3338073 3357200
3367003 3368944
3377335 3392668
3397069 3402646
3413767 3417907
3428052 3428250
3437324 3440091
3445725 3448924
3463086 3483438
3483963 3484026
3485520 3486498
3494881 3495028
3496335 3496654
3504322 3512914
3519480 3525294
3550204 3555209
3567110 3575022
3575914 3577070
3578206 3582651
3583450 3589780
3595453 3615528
3618435 3651823
3652386 3674263
3680090 3709450
3719619 3726504
3727722 3727982
3740345 3756865
3757370 3763618
3787488 3787615
3827462 3855272
3857597 3857853
3895089 3900095
3901373 3902997
3907155 3907337
3912057 3912146
3931241 3932824
3941188 3942068
3949086 3949374
3951513 3951666
3956889 3962003
3962851 3963018
3965559 3965668
3966548 3981362
3986463 3986585
4002595 4040820
4046083 4046223
4049034 4055068
4065030 4068033
4071537 4075123
4078362 4082555
4093176 4093312
4098540 4110335
4115316 4122063
4128222 4146124
4159277 4161041
4169977 4170246
4174403 4174631
4177327 4188824
4194887 4219805
4229813 4231584
4242374 4272254
4276222 4276578
4277793 4277920
4278526 4278575
4300526 4311258
4316039 4316264
4318144 4323378
4333952 4334449
4336391 4337804
4342092 4342247
4343768 4351914
4352452 4355491
4358887 4366722
4372060 4375417
4382969 4383408
4390157 4418542
4427814 4427937
4441958 4442037
4449843 4452709
4453292 4457782
4465782 4497330
4498720 4499542
4500929 4501026
4502764 4502991
4510004 4525228
4525828 4528874
4535991 4562481
4581416 4581708
4583593 4585232
4590563 4590704
4591342 4599518
4600021 4606996
4609306 4609428
4623008 4680521
4688841 4688943
4693459 4695532
4712419 4761120
4761713 4773927
4781538 4794679
4799515 4799894
4809113 4809190
4822708 4829497
4833129 4833284
4863691 4863960
4874100 4875740
4881662 4881806
4882848 4883930
4884508 4894482
4919148 4926538
4931746 4931911
4937439 4950158
4951321 4957812
4958362 4964821
4966420 4976914
4982079 4982241
4985690 4985997
4987010 5020060
5023835 5023939
5043082 5043560
5048536 5048629
5063376 5068574
5072901 5073656
5074337 5077850
5090798 5091047
5104422 5109571
5158896 5159019
5160784 5169772
5177552 5180358
5195982 5204434
5207358 5207532
5224740 5249963
5255041 5267612
5268173 5275527
5276075 5276304
5278868 5299797
5315689 5315996
5317087 5332965
5349975 5379790
5384487 5399364
5413392 5468736
5471349 5472534
5473121 5473720
5479171 5479253
5499270 5506522
5508588 5508756
5511820 5530126
5532514 5532694
5535931 5536245
5540590 5547323
