Ecoli_0920_Taxon005_
1 1159865
1160389 3284058
3284994 4641652
Ecoli_0975_Taxon016_
19851 20124
225327 228951
257963 258570
270608 271669
276086 276418
279218 279930
290496 291296
381315 382456
391764 391845
567898 567979
578321 578441
595355 595661
693662 697115
698146 698986
717709 718680
1094298 1094381
1097403 1098027
1110792 1110923
1337174 1338204
1404818 1405848
1468201 1470424
1549025 1550076
1632615 1633269
1638451 1639332
1640484 1642026
1810570 1810620
1828756 1829130
1978717 1979015
2066338 2067244
2069075 2070071
2077214 2078275
2098357 2098662
2239290 2239339
2697054 2702318
2736732 2736967
2818137 2818196
2839467 2839521
3077639 3077974
3081452 3082021
3177482 3177766
3220032 3220127
3365611 3366641
3423765 3427351
3583483 3584387
3622531 3622781
3652091 3653119
3666260 3667381
3668060 3668421
3694744 3695007
3765522 3765772
3873691 3874042
3952375 3954950
3985678 3988081
4037832 4040539
4112330 4117736
4144356 4144551
4147065 4147888
4306792 4311956
4462991 4464132
4488942 4489039
4589430 4589527
