e_coli_k12_gi_556503834_ref_NC_
1 56043
56607 122446
123058 134829
135342 161349
161950 273639
275150 290384
291404 317624
318362 381247
382590 580574
581470 608007
609442 729405
730190 730658
732558 732674
733329 762276
762839 889289
889802 895308
896161 954537
955326 1056026
1056698 1096792
1097041 1097583
1097655 1138780
1139361 1199897
1200419 1236179
1236771 1252509
1253049 1270139
1270494 1288947
1289468 1303475
1303998 1423026
1423599 1425240
1425790 1432750
1433344 1444850
1445402 1497462
1498097 1528304
1529003 1570670
1571675 1588117
1588683 1614563
1615165 1740141
1741136 1846576
1847115 1983829
1984370 2169965
2171429 2310927
2311484 2417324
2417893 2669623
2670130 2688290
2688849 2707763
2708365 2733929
2734490 2757320
2757821 2784542
2785170 2964513
2965070 3092397
3093012 3151078
3151558 3312380
3312943 3333028
3333676 3355735
3356287 3358497
3359013 3531645
3532197 3560010
3560520 3656857
3657445 3798810
3799540 4009516
4010530 4085877
4086425 4166512
4171970 4176531
4177225 4187556
4188195 4207929
4208001 4257020
4257536 4260500
4261328 4277011
4277565 4319689
4320242 4350284
4350843 4412504
4413160 4431647
4432257 4507028
4507638 4507727
4508824 4575088
4575758 4641652
