Ecoli_ancestor_Ancestor_
81926 83253
91358 92520
290776 291074
294371 294594
305208 305396
376873 383356
418894 424614
425386 425799
548839 555550
556963 558032
644035 649301
824629 828413
937661 938713
968294 972317
1005607 1008238
1158280 1158414
1159555 1159904
1161868 1167490
1224141 1225978
1403443 1404028
1404661 1405038
1456901 1457643
1458663 1460541
1593216 1595305
1859255 1864861
2074698 2077184
2300565 2301830
2419443 2421387
2487948 2489000
2520369 2521729
2523559 2524574
2605182 2606259
2939390 2940686
2955946 2958189
3123733 3124781
3128347 3129252
3130374 3131429
3164609 3167343
3193044 3194673
3289691 3291557
3494208 3496834
3540365 3540921
3856032 3856601
3857834 3861206
3901846 3902898
4015106 4016158
4022837 4023969
4064230 4064839
4197173 4199028
4208279 4209441
4240918 4241031
4250470 4250993
4273862 4275849
4299187 4300308
4310929 4311535
4315742 4317606
4331268 4333029
4361410 4368092
4529188 4529557
4533900 4534257
4535530 4537597
4540757 4541363
