Salmonella_0913_Taxon014_
1 255
1877 2379
6646 7252
8104 8271
9216 9340
12580 12931
15820 15930
18126 18783
19707 19930
22725 22936
25402 25627
26431 26881
27408 28388
30579 31267
32127 32367
34899 34968
35615 35763
36594 36901
40688 41015
42590 42881
46508 46685
49794 49925
52489 52801
56842 57312
58068 58161
62716 63287
63839 63922
66142 66381
79635 79820
80475 80552
84769 84997
86836 87046
90621 91048
92434 92875
95428 95649
96733 97213
98725 98798
101187 101477
102362 102474
103568 103784
112036 112195
115637 115938
119201 119458
120068 120135
123988 124333
129602 129705
134197 134257
134827 134894
144000 144051
145060 145411
145965 146220
147056 147439
149652 149935
150443 150651
151348 151661
155076 155358
160213 161409
166629 166834
168790 169095
171624 171901
179597 179678
181750 182037
183986 184223
188911 189154
189958 190024
190679 191134
204299 204573
208131 208309
209819 210013
211893 212100
214597 215576
217228 217278
218500 218790
222424 223042
227992 228385
231085 231401
234556 234979
235643 235786
236478 236640
240043 240688
241444 242009
249915 250385
252808 253371
255230 255484
256149 256207
258841 258980
261306 261556
265193 265282
272270 273077
278161 278901
282059 282702
283499 283985
286659 287040
288128 289061
289857 289914
293642 293922
294867 295023
295587 295868
296399 296450
304528 304588
305569 305944
306576 306714
307444 308103
308933 309023
315122 315398
318932 319357
320872 321423
325279 325621
326356 326986
329311 329746
335897 336173
337191 337905
341813 341898
342639 342896
346094 346562
347509 347725
348408 348632
350904 351105
353562 353818
355766 356268
356824 358048
359115 359590
360443 361214
367003 367179
370348 370433
371171 371433
372258 372624
375198 375373
376469 376771
396773 396842
400636 400831
403528 403592
404990 405242
406016 406550
409724 410562
416849 416996
418051 418669
420929 421144
429545 429595
439205 439928
443354 443594
446286 446869
450792 451109
453274 453535
455370 455500
459630 459845
461836 462248
464181 464430
468147 468512
469788 470101
473869 474177
482172 482222
488728 488893
493860 494724
499032 499279
500798 501159
503699 503844
507148 507373
509238 510406
512712 513083
516510 517288
524041 524370
525703 525869
526432 526971
529349 529821
530806 532276
536672 537238
541595 542274
550673 551125
557724 557881
559739 559953
562945 563107
567035 568087
570259 570426
571148 571330
575289 575466
577904 578777
580431 580635
582456 582706
587630 587722
591730 591816
594582 595059
601054 601556
602255 602842
605202 605744
611665 612057
613922 614425
619378 619462
620158 620730
627141 627507
632101 632208
634783 635038
636641 636771
637423 638005
638979 639219
640985 641108
642717 643053
647998 648237
649896 650687
655462 655662
657413 657511
661736 662194
663357 663933
671915 672204
676679 676865
686129 686420
687248 687472
688185 688274
689133 689272
694886 694970
696721 696964
700546 700659
702014 702317
704814 705002
705927 706055
706621 706788
711740 712032
714027 714440
715686 715899
719010 719340
722399 722501
724562 724884
727139 727328
730838 731277
732043 732724
736739 736923
737569 738183
746986 747388
751271 751551
752231 752566
755879 756123
762034 762312
767345 767593
768127 768229
772923 773034
776325 776884
781071 781840
782879 783040
788085 788318
792465 792788
793454 793589
794416 794540
795991 796850
797425 797806
798652 798961
803586 803875
805518 805752
806991 807419
808727 808909
813100 813426
815253 815489
816258 816526
819550 819696
820898 821152
822074 822246
826798 826853
827354 827722
828895 829159
842957 843472
844453 844799
848189 848743
849958 850938
853246 853436
855266 855346
859515 859630
863023 863576
865556 865961
869157 869379
870714 871002
876110 876236
878594 878900
880894 881308
883052 884007
898053 898290
899504 899644
900408 900599
902014 902367
904606 904655
910329 910851
911963 912356
913091 913235
919896 920987
922753 922924
923656 924135
930862 930974
932045 932245
938140 938472
939669 939837
940519 940869
944076 944328
949788 949974
951560 951779
955254 955565
967196 967441
969836 970027
972458 972617
979897 980268
984275 984440
985620 985977
987669 987862
991357 991456
993654 993804
998515 998686
999610 1000101
1004596 1005211
1008282 1008660
1009166 1009518
1010431 1010996
1012217 1012542
1015352 1015623
1016874 1017455
1022168 1022463
1025526 1025605
1027555 1027909
1028722 1029550
1032539 1033069
1034844 1035972
1037513 1038352
1039369 1039612
1041054 1041202
1046652 1046815
1050634 1050857
1053298 1053739
1055436 1055681
1056827 1057070
1058430 1058962
1062365 1062867
1064058 1064460
1066087 1066346
1067234 1067287
1069490 1070125
1071321 1071597
1073046 1073261
1084795 1085056
1091225 1091430
1095236 1095627
1099051 1100264
1101686 1101777
1104990 1105050
1108217 1108269
1109132 1109202
1109748 1109798
1111367 1112125
1114880 1114947
1115835 1116277
1122245 1122513
1124162 1124447
1127574 1127626
1129990 1130161
1131658 1132820
1135089 1135299
1144766 1144916
1149054 1149103
1150931 1151684
1154991 1155652
1169821 1169979
1171427 1172115
1173365 1173534
1177313 1177671
1178744 1178902
1179698 1180029
1182452 1182822
1186589 1186756
1192650 1192805
1195239 1195331
1201213 1201469
1207905 1208135
1209567 1210007
1211461 1211672
1216546 1216804
1219094 1220054
1221852 1222246
1222874 1223104
1224863 1225190
1226456 1226628
1231983 1232147
1234794 1235500
1236021 1236318
1239324 1239518
1244238 1244422
1245005 1245707
1247359 1247797
1249525 1249781
1253579 1254342
1256625 1256862
1258374 1258532
1262212 1262296
1263869 1264057
1265916 1266107
1268107 1268160
1271575 1272110
1275706 1275799
1276494 1276992
1278837 1278898
1282153 1282273
1284392 1284768
1285935 1287239
1295672 1295901
1300247 1300454
1302290 1302396
1302936 1302986
1308394 1308751
1313568 1313798
1321809 1322150
1324399 1324778
1327531 1327703
1334070 1334461
1336297 1336485
1338901 1339511
1340458 1340543
1342191 1342306
1344635 1344861
1348239 1348369
1353430 1353723
1355621 1355887
1360018 1360205
1364257 1364494
1365060 1365839
1366368 1366751
1373223 1374340
1374971 1375999
1377122 1377437
1379562 1379901
1383584 1383805
1389182 1389523
1390274 1390513
1394647 1394735
1400103 1400652
1401464 1401632
1402421 1402600
1405324 1405619
1406329 1406668
1407362 1407965
1411295 1411555
1413776 1413936
1415363 1415463
1420980 1421118
1422137 1422389
1424703 1424925
1428423 1429233
1429930 1430004
1433942 1434003
1434944 1435818
1438114 1438409
1442400 1442691
1444391 1444554
1446312 1446390
1447293 1447558
1448496 1448923
1449806 1450428
1456622 1457035
1457567 1457888
1461365 1461699
1462213 1463317
1474726 1475085
1483722 1483803
1486214 1486327
1487464 1487696
1488631 1489157
1492765 1493197
1495611 1495765
1497534 1497834
1503211 1503314
1508254 1508801
1513627 1514207
1519650 1519728
1521099 1521204
1523195 1523382
1529962 1530384
1536582 1536711
1542599 1542933
1550546 1551133
1554036 1554882
1555722 1555790
1558259 1558315
1559344 1559680
1560225 1560606
1561181 1561373
1566163 1566299
1570094 1570267
1571148 1571583
1573261 1573416
1576091 1576410
1577056 1577286
1579150 1579450
1587043 1587174
1589588 1589775
1599715 1600302
1600835 1600914
1601681 1601908
1603434 1603780
1604411 1604600
1606319 1606733
1609506 1609860
1611276 1611411
1620557 1620702
1624272 1624363
1625461 1625717
1629479 1629568
1630356 1630663
1634447 1634866
1636407 1636516
1644381 1644737
1648105 1648364
1649171 1649556
1650633 1650809
1658717 1658845
1668169 1669355
1676687 1676835
1683485 1683862
1684830 1684949
1685500 1685619
1687569 1687650
1690328 1691034
1692941 1693120
1694315 1695284
1696559 1696833
1704678 1704925
1706292 1706766
1707765 1707913
1708585 1709915
1711195 1711464
1712318 1712508
1713012 1713209
1713971 1714157
1717375 1717826
1729002 1729055
1729618 1730485
1733413 1733694
1737405 1737464
1739838 1740378
1750180 1750757
1751417 1752065
1753126 1753260
1754028 1754185
1754779 1755341
1758976 1759534
1760849 1761965
1763242 1763631
1768093 1768226
1774316 1774647
1776150 1776333
1781209 1781327
1785329 1785512
1786357 1786730
1789030 1789353
1794845 1795814
1799487 1799705
1804230 1804401
1807130 1808318
1810796 1810965
1812398 1812652
1818131 1818843
1823265 1823439
1825738 1825913
1829246 1829459
1830256 1830635
1831849 1832119
1838670 1838874
1841244 1841454
1843330 1843935
1846909 1846965
1848943 1849532
1854109 1854408
1856774 1857184
1864955 1865112
1867368 1867725
1868532 1868694
1871838 1872828
1873669 1873760
1874845 1874968
1879199 1879425
1879947 1880162
1882803 1883448
1884831 1884944
1887110 1887682
1895693 1896020
1896704 1897077
1898373 1898591
1899395 1899740
1900385 1900694
1903484 1903737
1904686 1905067
1912517 1912776
1921730 1922007
1923330 1924016
1925670 1925927
1930864 1931073
1934124 1934968
1937647 1937780
1939987 1941134
1943122 1943393
1945476 1946426
1951875 1952046
1953363 1953613
1956579 1956635
1958308 1958578
1960168 1960362
1961633 1961886
1966668 1967285
1969322 1969903
1971635 1971797
1974122 1974410
1976536 1977088
1980408 1980988
1981519 1981801
1983669 1983963
1984576 1984770
1987170 1987463
1990376 1990931
1993891 1994119
1995509 1995804
1998774 1998892
2003833 2004192
2007112 2007696
2017094 2017333
2020066 2020141
2025536 2026193
2027041 2027215
2029542 2030321
2032108 2032821
2033682 2033751
2037167 2037805
2038340 2038630
2040953 2041426
2043907 2044098
2054393 2055195
2059490 2060050
2060585 2060706
2066612 2066691
2072907 2073017
2073980 2074030
2076138 2076339
2079420 2079692
2086262 2086615
2087658 2088301
2092897 2093023
2097912 2098205
2099267 2099346
2104430 2104771
2113959 2114389
2116338 2116550
2117412 2117930
2118965 2119041
2119640 2120105
2125791 2126047
2131154 2131350
2134267 2135055
2137382 2137533
2138818 2138973
2140336 2140554
2144103 2144187
2149027 2149299
2150205 2150435
2151305 2151735
2152514 2152625
2162391 2163090
2166782 2168190
2169925 2170461
2170988 2171117
2174705 2175042
2177236 2177353
2178833 2179573
2180176 2180265
2183922 2184043
2184670 2185782
2187464 2187801
2189487 2190017
2191351 2191519
2192081 2192284
2194006 2194070
2195258 2195733
2198208 2198287
2200655 2200963
2203264 2203317
2204145 2204392
2205407 2205584
2209106 2209850
2210978 2211301
2212828 2212941
2217489 2218052
2219702 2219923
2220886 2221944
2222753 2223063
2225905 2226389
2229539 2230167
2230831 2231119
2233025 2233134
2238304 2238651
2239837 2240613
2243471 2243887
2247064 2247158
2249113 2249459
2250502 2250749
2251316 2251586
2255155 2255816
2260473 2260620
2268289 2268376
2269538 2270668
2272016 2272567
2274682 2275564
2276330 2276608
2283746 2284300
2284870 2285279
2288976 2289446
2293569 2293937
2294833 2295337
2297160 2297591
2300059 2300788
2302313 2302647
2303422 2304437
2306805 2307182
2312120 2312460
2314036 2314193
2318428 2318910
2327380 2327551
2330566 2331356
2335314 2335420
2338343 2338610
2340012 2340118
2344146 2344299
2347172 2347286
2350210 2350614
2354478 2354993
2357028 2357137
2358139 2358217
2359347 2360043
2361918 2361999
2364774 2366561
2368651 2368719
2372365 2372833
2375786 2375946
2378560 2378696
2379273 2379923
2380488 2380742
2382919 2383057
2388765 2388823
2390536 2390586
2392452 2392641
2393300 2393422
2395711 2396115
2397539 2398200
2404155 2404462
2408948 2409043
2410527 2410696
2411876 2411938
2416999 2417481
2434272 2434534
2435144 2435196
2436018 2436168
2437321 2437547
2444436 2444618
2447522 2447648
2450037 2450967
2454886 2455103
2456307 2456758
2458699 2458932
2459553 2459847
2461328 2462523
2466495 2466848
2474465 2474693
2484199 2484339
2485529 2485682
2488535 2489234
2491848 2492590
2497345 2497524
2498413 2499050
2502379 2503005
2504027 2504598
2506985 2508131
2508694 2508893
2509737 2509905
2511624 2511704
2512400 2512741
2522555 2522659
2525339 2525536
2528530 2528663
2530406 2530568
2531348 2531464
2535243 2535794
2544034 2544402
2546849 2547152
2549112 2549258
2550690 2550966
2552626 2552676
2556539 2556776
2559359 2559680
2563834 2564121
2567230 2567547
2571816 2572022
2572589 2573053
2574221 2574318
2580037 2580184
2586671 2586845
2587637 2587801
2589734 2589899
2594999 2595486
2596909 2596988
2599345 2599555
2605105 2605561
2617267 2617413
2621613 2622068
2628353 2628942
2630543 2631565
2634615 2634857
2637777 2637897
2638944 2639280
2642256 2642559
2644357 2644502
2649094 2649401
2655443 2655534
2661321 2661665
2662814 2663296
2664898 2665080
2666995 2667224
2668940 2669152
2670839 2670924
2671833 2671946
2679379 2679537
2687189 2687426
2688521 2688814
2690296 2690522
2691413 2692111
2696338 2696636
2697567 2697951
2698696 2699106
2701721 2701912
2704432 2704850
2705961 2706484
2707990 2708577
2710216 2710734
2713294 2713404
2715760 2716222
2720031 2720113
2720905 2721188
2721844 2721914
2724314 2724473
2725236 2725818
2726608 2726959
2732853 2732973
2741986 2742058
2742672 2742968
2747044 2747331
2749042 2749838
2751943 2752139
2753086 2753671
2754850 2754982
2761934 2762097
2767068 2767469
2769163 2769346
2771006 2771091
2771665 2771797
2774632 2774729
2779149 2779451
2784443 2784496
2787965 2788035
2790812 2791398
2793695 2794216
2795573 2796493
2797344 2797484
2799337 2799418
2800904 2800969
2801587 2801832
2803637 2804142
2804912 2805946
2806942 2807152
2816671 2816857
2819921 2820118
2821568 2821693
2822978 2823271
2828903 2829081
2830513 2831035
2833037 2833322
2839412 2839559
2840670 2841210
2845107 2845195
2846859 2847517
2848862 2849424
2854866 2855743
2858187 2858622
2859319 2859633
2864899 2865134
2868141 2868381
2870432 2870686
2874098 2874248
2877858 2878165
2879534 2879607
2881055 2881257
2882424 2882490
2883187 2883361
2886367 2886594
2888153 2889273
2890123 2890173
2893177 2893244
2895291 2895591
2896251 2896593
2897829 2898333
2902219 2902536
2905340 2905728
2906288 2906422
2908538 2909125
2909966 2910414
2911056 2911151
2918136 2918393
2918923 2919659
2920346 2920690
2923416 2923480
2924815 2924949
2926647 2927155
2931081 2931200
2932878 2933140
2934038 2934788
2936913 2936977
2939523 2939999
2943544 2943626
2948308 2949046
2950664 2951055
2954069 2954147
2957742 2958041
2958909 2959806
2961081 2961444
2962531 2962704
2964479 2965134
2968766 2968858
2969861 2969960
2973117 2973250
2977240 2977566
2978627 2978678
2979226 2979666
2980910 2981127
2982215 2982291
2983108 2983468
2984069 2984700
2985403 2985513
2990171 2990486
2991762 2992091
2995994 2996442
3002927 3003249
3003787 3004088
3005324 3005504
3006880 3007070
3010856 3011071
3013379 3013769
3017034 3017319
3020964 3021227
3021814 3022113
3026738 3027306
3030559 3030755
3031688 3031957
3034417 3034474
3036101 3036181
3042729 3042941
3043491 3043829
3049913 3050374
3053065 3053184
3057324 3058274
3058923 3059318
3061854 3061925
3064070 3064362
3065111 3065372
3067890 3068057
3075592 3075754
3077037 3077302
3084223 3084519
3086561 3086684
3087244 3087399
3092377 3092936
3093538 3093612
3099061 3099248
3100440 3101405
3103132 3103499
3105132 3105363
3107181 3107849
3114380 3115119
3117696 3118719
3119239 3119289
3131772 3131950
3141386 3141693
3142837 3143109
3144332 3144481
3147001 3147226
3149091 3149879
3153183 3153434
3158272 3158393
3162771 3163035
3169288 3169977
3171174 3172397
3175427 3175528
3181257 3182094
3185907 3186114
3186918 3187045
3189591 3190291
3191136 3191829
3196297 3196537
3199555 3199667
3201357 3201696
3204055 3205239
3205861 3206042
3207703 3208075
3209039 3209846
3214851 3215409
3216303 3217262
3221464 3221637
3223970 3224178
3225903 3226146
3228209 3228442
3229022 3229277
3231725 3231832
3234879 3235707
3237045 3237266
3238684 3238751
3244802 3245071
3251262 3251385
3253303 3253368
3254289 3254401
3257361 3257529
3258344 3258400
3260700 3261105
3265244 3265764
3269877 3270238
3270898 3271407
3276447 3276655
3278282 3278441
3279325 3280087
3282366 3282508
3285599 3285749
3287524 3287655
3288298 3288363
3289494 3290200
3291385 3292236
3294680 3295224
3296710 3296905
3301924 3302214
3304738 3305266
3309242 3309417
3311783 3312024
3317549 3317928
3321706 3321858
3326491 3327009
3328742 3328999
3335575 3335725
3337389 3337451
3338887 3338998
3339635 3339883
3352663 3352815
3357370 3357714
3363034 3363281
3366825 3367179
3375288 3376191
3383723 3384157
3387095 3387434
3389554 3389784
3395479 3395723
3396233 3396330
3396955 3397047
3397726 3398649
3402175 3402276
3403479 3403728
3405398 3405692
3407661 3408037
3413678 3413990
3418121 3418535
3420785 3421053
3422114 3422224
3426002 3426707
3431219 3431319
3432538 3433113
3434897 3435503
3438976 3439673
3444677 3445685
3450341 3450603
3451282 3451572
3452269 3452615
3453987 3454077
3456739 3456811
3457496 3457565
3458449 3458533
3465188 3465389
3467998 3468138
3470079 3470308
3471619 3472007
3478727 3478988
3479820 3480088
3483591 3483641
3485081 3485201
3486560 3486929
3489590 3491202
3492312 3492389
3493732 3493842
3497825 3497947
3500665 3501253
3502103 3502243
3503367 3503871
3505852 3505929
3509193 3509306
3510316 3511432
3515215 3515622
3517336 3517430
3520411 3520649
3521192 3521395
3525410 3525932
3529917 3530586
3546066 3546493
3547729 3548339
3551593 3551815
3557464 3558090
3562063 3562173
3564484 3564836
3565446 3566131
3568201 3568637
3569628 3569912
3573017 3574724
3576788 3576929
3579048 3579100
3583101 3583401
3589248 3589521
3590043 3590664
3591252 3591406
3596209 3596727
3602334 3603723
3607547 3608733
3623346 3623907
3626152 3626272
3626943 3627268
3632582 3632632
3636360 3636650
3638807 3639257
3640788 3642110
3643978 3644216
3645192 3645370
3650978 3651198
3651762 3651976
3652551 3653054
3655843 3656089
3657246 3657433
3658498 3658829
3660158 3660410
3662108 3662470
3663210 3663301
3668606 3669246
3669938 3670568
3672371 3673264
3674605 3674831
3675375 3675579
3683577 3684643
3685173 3685537
3690147 3690682
3691378 3691686
3692887 3693017
3693685 3693844
3695186 3695968
3696663 3697261
3697904 3698469
3699652 3699923
3700489 3700692
3701327 3701789
3702880 3703413
3708121 3708364
3709621 3709857
3711222 3711359
3715766 3716083
3716935 3717200
3723143 3723335
3724203 3724431
3728676 3728992
3730862 3731189
3736523 3736825
3738138 3738530
3744731 3744839
3751021 3751222
3753475 3753814
3756693 3756762
3762284 3762966
3764667 3765357
3771235 3772000
3775047 3775590
3784848 3784957
3790618 3790755
3792884 3793838
3795359 3795428
3797856 3798281
3800041 3800239
3803431 3803872
3806612 3807029
3814182 3814448
3815071 3815181
3821148 3821270
3825572 3825650
3828258 3828808
3834126 3834238
3841235 3841671
3842327 3842510
3847541 3848085
3852511 3852923
3859890 3860771
3872664 3872781
3873876 3874009
3876732 3877675
3882624 3882760
3885253 3885600
3886867 3887102
3889915 3890413
3896071 3896198
3902422 3903360
3904279 3905051
3906936 3907219
3907801 3907963
3909660 3909991
3913126 3913234
3915130 3915285
3916663 3916815
3917352 3917766
3920355 3921013
3924725 3925045
3926995 3927111
3928751 3928991
3930465 3930535
3937194 3937506
3945118 3945401
3947330 3947474
3948607 3948960
3954573 3955071
3960128 3960215
3961673 3961821
3963970 3964513
3965621 3966626
3972707 3972871
3979972 3980274
3982443 3982656
3987881 3988532
3991189 3991357
3992112 3992431
3993091 3994348
3996157 3996558
3998892 3999131
3999763 3999884
4004691 4005042
4006465 4006739
4010404 4010965
4012504 4012660
4015029 4015123
4024572 4024763
4026786 4026873
4027410 4027829
4028468 4029110
4036852 4037352
4037928 4039032
4041082 4042263
4046602 4046902
4048140 4048321
4050049 4050289
4061056 4061147
4065260 4065369
4066034 4066136
4071892 4071974
4075088 4075523
4076925 4077128
4078667 4079234
4092160 4092598
4096544 4096876
4098549 4098958
4100615 4100826
4101509 4101715
4103584 4104380
4105215 4105760
4109073 4109384
4110803 4111036
4116373 4116780
4117358 4117653
4119481 4119562
4121477 4121617
4122745 4122835
4123428 4123561
4125580 4125810
4127055 4127118
4136185 4136377
4137237 4137337
4139831 4140106
4143463 4143802
4145376 4145870
4151309 4151384
4151939 4152232
4153747 4154036
4154691 4154791
4157184 4157304
4160817 4160918
4162058 4162282
4169209 4170061
4173175 4173385
4176645 4177063
4178233 4178436
4180975 4181068
4182836 4182888
4194862 4195077
4196228 4196769
4201640 4201963
4209070 4209317
4210445 4211131
4212480 4212668
4213835 4214173
4215896 4215991
4218137 4218249
4220813 4221123
4222310 4223133
4223922 4224113
4228750 4228946
4230572 4230863
4232231 4232337
4233136 4233401
4234337 4234443
4235883 4236374
4238023 4238146
4240603 4240780
4244365 4244937
4249343 4249458
4250709 4251711
4252896 4253728
4255404 4256102
4259393 4259736
4260401 4261390
4262434 4262592
4265121 4265547
4269983 4270192
4271738 4272175
4274804 4275041
4281207 4281839
4282364 4282717
4283449 4283871
4284891 4285365
4287565 4287977
4290521 4290838
4292411 4292915
4293425 4293582
4296183 4296248
4299470 4300587
4301089 4301548
4302521 4302817
4305001 4305144
4306058 4306531
4311226 4311720
4316351 4316862
4317522 4317813
4318945 4319343
4321881 4321951
4324427 4325707
4327539 4327798
4328395 4328713
4329685 4330199
4331219 4331973
4333065 4333309
4337618 4338274
4339765 4339897
4340504 4340843
4358714 4359512
4360079 4360239
4364719 4364993
4366295 4367466
4370659 4370734
4372555 4372877
4375495 4375655
4383709 4384008
4384920 4386276
4387186 4387272
4394276 4394710
4400182 4400566
4401147 4401385
4403052 4403497
4413443 4414020
4414941 4415211
4420935 4421026
4422490 4422683
4424655 4425409
4426275 4426599
4427783 4428039
4430509 4430900
4431876 4432105
4433383 4433436
4435200 4435443
4439176 4439618
4442878 4443101
4445944 4446166
4447357 4447776
4448841 4449275
4450424 4450789
4452091 4452436
4459061 4459235
4459918 4460424
4461398 4461503
4467236 4467484
4473848 4473972
4475420 4475688
4478394 4478475
4480832 4481071
4485947 4486213
4492956 4493683
4496530 4496850
4498646 4499287
4500906 4501027
4505830 4506433
4516900 4517082
4521063 4521370
4525172 4525351
4527893 4528302
4528966 4529045
4531214 4531502
4532969 4533061
4533676 4534176
4534714 4534990
4536521 4536677
4537945 4538093
4540194 4540270
4541270 4541485
4542206 4542356
4545098 4545880
4546849 4547138
4547665 4547801
4548505 4548778
4558768 4558872
4561029 4561286
4565688 4565938
4574830 4574976
4576307 4576570
4578683 4578883
4582953 4583709
4588761 4589273
4589879 4590110
4593439 4594962
4604909 4606236
4607704 4608079
4611471 4611799
4616382 4616937
4618574 4618807
4619342 4619986
4624471 4624769
4626247 4626447
4630529 4630766
4632658 4632957
4634463 4634714
4636489 4636630
4639020 4639178
4641593 4642088
4642771 4643242
4647061 4647216
4649413 4649884
4650486 4650920
4657617 4657716
4660118 4661477
4662050 4662441
4668713 4668796
4676282 4677417
4677939 4678306
4680133 4680664
4684765 4684815
4685326 4685560
4686900 4687085
4688313 4688768
4692483 4693108
4698599 4698832
4702001 4702114
4703748 4703819
4704694 4704745
4714133 4714394
4717210 4717451
4722324 4722601
4725149 4725208
4728296 4728535
4732026 4732119
4733471 4733711
4735162 4735447
4736296 4736829
4738261 4739783
4742541 4742597
4743765 4743877
4749691 4750075
4753496 4753794
4757576 4757859
4759578 4760467
4763463 4763544
4764975 4765051
4767180 4768141
4773851 4773944
4774890 4775788
4782744 4783005
4783673 4784361
4787263 4787482
4788768 4789248
4791732 4791836
4793367 4793437
4803557 4803661
4809228 4809371
4809971 4810455
4812542 4812627
4815281 4815526
4816178 4816453
4822681 4824475
4826449 4826597
4831230 4831374
4834913 4835213
4839233 4839824
4840746 4840835
4843915 4844338
4846823 4846995
4847693 4847860
4849611 4851011
4854142 4854690
