e_coli_k12_gi_556503834_ref_NC_
19895 20465
66564 66648
223564 228906
258007 258577
270638 271662
274226 275050
279283 279997
290540 291302
349880 349972
357575 357693
375051 375185
391807 392873
408528 408701
534173 534561
566870 567936
574685 575691
580408 580844
608106 609252
687945 688952
696507 696618
696818 696886
732089 733154
734833 734999
736482 736762
738068 738207
1050004 1050450
1094343 1095404
1097222 1097560
1269321 1269612
1287085 1287262
1299593 1300600
1396138 1397144
1434073 1434247
1466244 1466756
1468008 1470417
1528426 1529075
1532031 1532816
1552134 1552303
1633049 1634874
1635938 1636793
1650942 1651450
1898441 1898501
1969931 1970007
1978602 1979171
2066275 2067056
2069039 2070174
2101845 2102849
2170268 2171329
2289015 2290014
2304511 2304914
2514372 2515519
2518036 2518150
2520995 2521421
2662443 2662519
2726161 2731273
2818122 2818216
2947449 2947515
2996458 2997593
3130240 3131247
3186194 3187328
3233536 3233591
3269990 3270215
3365651 3366656
3423743 3425187
3583526 3584100
3619372 3620045
3620766 3621074
3621698 3622763
3624693 3625378
3652129 3653137
3666304 3667238
3708440 3708570
3762363 3765728
3941541 3946850
4027511 4027609
4035264 4040746
4094480 4094608
4153571 4153693
4166398 4171866
4176178 4177010
4207942 4212859
4295917 4296191
4325913 4326274
4392424 4392496
4498280 4499413
