Buchnera_aphidicola_Schizaphis_graminum_0990
3201 3993
8293 8824
10222 10339
23992 24166
27057 27609
29672 29823
32121 32402
36711 36934
39557 39733
60020 60544
63082 63199
81531 82060
100549 100845
101620 101787
102351 103257
103857 104134
137817 138255
141231 141484
143125 144343
158780 158879
163600 164074
179008 179107
180833 180922
182336 182579
185953 186789
202122 202448
203949 204092
209052 209217
215379 215463
219017 219793
227975 228216
233121 233258
234176 235112
242243 242390
243196 243386
246275 246500
247005 247867
256326 256546
263125 263235
265256 266053
275106 275921
287737 288269
292127 292974
293775 293929
298213 298463
303551 303842
307719 308696
314484 314720
324003 324672
330062 330137
345049 345551
346711 347370
350883 355101
357340 358205
363539 364302
378842 381819
383617 384413
390365 390646
391187 391399
393404 393500
395390 395691
397566 397756
418214 418333
420453 420975
439509 439825
441790 442331
453128 454289
468665 468814
477872 478170
485553 485748
500674 500765
516003 516287
531666 531720
532965 533138
534367 535162
536262 536439
537405 537795
540659 540984
546516 546929
550819 551053
558061 558286
567280 567517
571905 572445
578316 579164
582577 583307
596010 596110
597317 597401
602162 602455
606904 607661
621921 622095
631548 631745
634654 634831
650333 650620
657466 657642
669476 670403
690102 690629
701300 701497
702650 703342
705609 705888
706729 706819
708331 708635
716691 716890
734591 734838
746918 748544
758273 758498
766317 767131
771507 772269
775470 776193
783710 783829
788675 788854
799253 800022
806537 806839
807749 808083
810660 810714
820042 820137
832604 833023
834782 834899
839247 840051
843538 843623
860358 860589
871143 871420
876707 877488
886309 886450
890016 890311
898842 899006
903483 903717
907078 907352
928160 928365
930791 931904
961413 961731
993889 994312
994844 994946
1009583 1009865
1011497 1011883
1022854 1023947
1026348 1026640
1033078 1033603
1038261 1038541
1056893 1057136
1067642 1067694
1081354 1081648
1094843 1094941
1095489 1095948
1098397 1098604
1102405 1102626
1108651 1108986
1114921 1115086
1121627 1122140
1125463 1125596
1131115 1131401
1133725 1134578
1142985 1143153
1151724 1151863
1155675 1155869
1156758 1157771
1167085 1167279
1168713 1168892
1172478 1172799
1174296 1174543
1183306 1183559
1190633 1191486
1192492 1192649
1197949 1198018
1210641 1211058
1215838 1216033
1220019 1220270
1223038 1223854
1229868 1230859
1234040 1235038
1236551 1236646
1237151 1237308
1250299 1251406
1260250 1260485
1270052 1270248
1274238 1274480
1279824 1279941
1281307 1281507
1286686 1286831
1291841 1295662
1296581 1296695
1297508 1297605
1303419 1303785
1307487 1312559
1314600 1314670
1322617 1322886
1326021 1326285
1332145 1332663
1333542 1333881
1336005 1336076
1339589 1339844
1353313 1353457
1370389 1370985
1374353 1381175
1381752 1382815
1383564 1384241
1385785 1386654
1387298 1396642
1397287 1398450
1399493 1404217
1405537 1408248
1413640 1413806
1416642 1417000
1429782 1430870
1433497 1433672
1435826 1436108
1439448 1439540
1440230 1440370
1446365 1446415
1449319 1449450
1450337 1450634
1452456 1452685
1458114 1458371
1461174 1461341
1466950 1467147
1468190 1468448
1476019 1477009
1479470 1479596
1480439 1480654
1483194 1483898
1487146 1487326
1492823 1493093
1497827 1498863
1502760 1503052
1504244 1504459
1506280 1506448
1509891 1510169
1511125 1511301
1511829 1511984
1514771 1514964
1516504 1517383
1531534 1531831
1532401 1532481
1550212 1550294
1555681 1555814
1563265 1563504
1567907 1568109
1569231 1569396
1573885 1574121
1576300 1577463
1579912 1580059
1584138 1584364
1586593 1586827
1601847 1602040
1609789 1610581
1617601 1617842
1628508 1628560
1633114 1633277
1635094 1635273
1648834 1649898
1660189 1660822
1661848 1661979
1664089 1664397
1664924 1665934
1678131 1678268
1678831 1679097
1683457 1684226
1686930 1687018
1695206 1695291
1702592 1703167
1708090 1708481
1712742 1712872
1719639 1719746
1722083 1723766
1724831 1730127
1731144 1731299
1733685 1733883
1735437 1736047
1739364 1739640
1742638 1742970
1743561 1744326
1755757 1755820
1757950 1758582
1759886 1760169
1775781 1778364
1779438 1779989
1780719 1780837
1782945 1783532
1785988 1786043
1788616 1788862
1790300 1794006
1794636 1794966
1796143 1796859
1797640 1797901
1798872 1801526
1806185 1806521
1808425 1808639
1810063 1810200
1811858 1812223
1816085 1816314
1817988 1818192
1831680 1832607
1836441 1836614
1844581 1845746
1857793 1857958
1861116 1861315
1863304 1863572
1866162 1866493
1868806 1869993
1871586 1871675
1873682 1873760
1878374 1878507
1879239 1879758
1885711 1885932
1889251 1889478
