Ecoli_0980_Taxon017_
1 1374
8406 8687
11395 11693
15442 20674
24233 24484
35954 36198
37868 38130
47820 48823
52222 53153
60236 60484
63371 63721
66312 66540
70215 71133
77868 78127
80190 80441
84140 84488
86509 86780
89543 91341
100576 100822
114255 118365
123003 123108
128176 128451
135916 136166
140840 141151
143883 144181
153292 153525
155155 163949
173697 174000
178883 179213
180707 180981
182737 183043
188191 195831
207933 208818
215303 229714
233832 234111
236708 237015
239171 240649
244931 245252
247537 247893
252779 253065
255096 255363
257561 258570
260939 261290
264133 264357
268917 271706
274010 280664
281284 282263
290689 297354
309182 309424
310653 310884
312984 313276
315284 316428
318162 318440
320814 321087
329557 329901
331294 331635
335452 336462
337972 338141
341652 382456
391764 392908
396480 396791
398750 399117
403936 404295
407100 407320
415871 416246
419702 419969
426443 426712
428256 428621
443213 443470
444785 445733
450711 450969
489495 490131
493182 493408
494756 495065
503073 505526
506584 506840
511410 511726
515728 525729
532283 532570
533916 534154
538741 547656
552105 552390
559256 567979
574642 609280
612091 613670
620181 620442
623086 623353
631416 631686
645277 645531
654663 654896
657888 658175
670796 671040
675105 675355
675883 676121
681836 682058
683904 684205
686397 686718
688302 689286
694939 695182
697271 697583
704318 713516
720737 721776
727396 734289
740773 752199
753067 759955
763541 763771
770430 770671
776532 776773
777559 781783
782447 782523
783382 784182
799167 799437
803314 804663
816057 816288
824621 824856
829314 829597
831842 836660
837187 837481
842029 842412
846328 846570
861436 862072
867415 867640
873399 892175
898390 899549
905479 905705
913406 913677
926504 927827
928599 931970
933635 934830
937899 938133
941991 942258
947215 951028
954763 980149
981161 982462
988203 989145
1003716 1003936
1005851 1009388
1049883 1065484
1069027 1069327
1072792 1073026
1075486 1075752
1077088 1095444
1097016 1098027
1105535 1105835
1107551 1107879
1110792 1111134
1112201 1112456
1137372 1137599
1141395 1141615
1147237 1147476
1152353 1152605
1157415 1158105
1159498 1159849
1163725 1164043
1171251 1171499
1175508 1175750
1182175 1182432
1183898 1184149
1185281 1185349
1194500 1200336
1205901 1206142
1213555 1213817
1217415 1217768
1226889 1227111
1230410 1230688
1233719 1233941
1238603 1238827
1241445 1241697
1251620 1251882
1258063 1258345
1259767 1261362
1264269 1264529
1267216 1289339
1301758 1301991
1304712 1304790
1306714 1308575
1313244 1313503
1332998 1333324
1337120 1347868
1351720 1352004
1365601 1375095
1378574 1378874
1382119 1382343
1385356 1413801
1428051 1429828
1430349 1434681
1441311 1441644
1443531 1443756
1459430 1459675
1462625 1462957
1466726 1467019
1468044 1470462
1474114 1474720
1483095 1483336
1488196 1488495
1490520 1490779
1495389 1502915
1510540 1529744
1537724 1538011
1546890 1550378
1553344 1553678
1555664 1557030
1558673 1558905
1574505 1574838
1588058 1589179
1593150 1593404
1594052 1594284
1595116 1600754
1603753 1604594
1605305 1609616
1610962 1611350
1619057 1622009
1631397 1633206
1638451 1642145
1644518 1644814
1650898 1672192
1687104 1687336
1690612 1690870
1693530 1693859
1702191 1702537
1704511 1704841
1705676 1707519
1708051 1709389
1714951 1715282
1717742 1718003
1721151 1721477
1727946 1729101
1732164 1732399
1735217 1735497
1737129 1738991
1744773 1756385
1760299 1760537
1765057 1765351
1767139 1767362
1769197 1771105
1776437 1776664
1779250 1779481
1782383 1782665
1795518 1795681
1798699 1798924
1803533 1810620
1819713 1819984
1821238 1822070
1831159 1831433
1842517 1842790
1846499 1846721
1849565 1849910
1853095 1854344
1857578 1858600
1875799 1876021
1879961 1880541
1882168 1882485
1915676 1915902
1920690 1920914
1929667 1930051
1933588 1933872
1936758 1936865
1938642 1938995
1954111 1954407
1954916 1955139
1958917 1960093
1965616 1965951
1971543 1971666
1978717 1979165
1993248 1993474
1996977 1997218
2009695 2009916
2017935 2018311
2025383 2025738
2028782 2029011
2044273 2078275
2079063 2079361
2101409 2101737
2110031 2110259
2116357 2116594
2118369 2118709
2121718 2121988
2135510 2136616
2140830 2146700
2159400 2159620
2163810 2164094
2165580 2165802
2170599 2175346
2176156 2176518
2177740 2178013
2180848 2181103
2194084 2195462
2196567 2203152
2204247 2204537
2214826 2215107
2227960 2230086
2241430 2241814
2244720 2245750
2250830 2251061
2262429 2262653
2269109 2269407
2275128 2275372
2279511 2280489
2281925 2282217
2288974 2290058
2294147 2319714
2321206 2321526
2333813 2339152
2343268 2343515
2353864 2354130
2366090 2367237
2370058 2370410
2372900 2373162
2385670 2385893
2391856 2392640
2398692 2398989
2400208 2400485
2402983 2403268
2419236 2419486
2421583 2423034
2427900 2428157
2430309 2431439
2434172 2434408
2438234 2438497
2454122 2455429
2457994 2458170
2459527 2460259
2464622 2464882
2467347 2467627
2470113 2470378
2477593 2477847
2484271 2484504
2493893 2494133
2500223 2500466
2502217 2503086
2507279 2507588
2514328 2515724
2518692 2518986
2521308 2521459
2523080 2523405
2527541 2528489
2543323 2543686
2546036 2546153
2556430 2558279
2568766 2577833
2583711 2583964
2589314 2591330
2593125 2593345
2597698 2597945
2603238 2603473
2608351 2608601
2610132 2610392
2613574 2613865
2623048 2654436
2662219 2662389
2665507 2665814
2675303 2675613
2681001 2681266
2683839 2683888
2685617 2685852
2691864 2702367
2706475 2721153
2724536 2724831
2729714 2731969
2738611 2738845
2740308 2740562
2757778 2760031
2762697 2762933
2764820 2765100
2769011 2773182
2776022 2776249
2784049 2784297
2791103 2791342
2802049 2802328
2803541 2805576
2807980 2808883
2818137 2818551
2823240 2823577
2827541 2827771
2831388 2831641
2839467 2840622
2841483 2876183
2879927 2880240
2881344 2881592
2882589 2882810
2886121 2886361
2887150 2887521
2893827 2894060
2901186 2901462
2903038 2903984
2904822 2905632
2915491 2915711
2933171 2933394
2937660 2938462
2941939 2942234
2952861 2953143
2957301 2957550
2961947 2962195
2963373 2963611
2965534 2965777
2967454 2967813
2971702 2971938
2974536 2974866
2984836 2985164
2990650 2990924
2995569 2998046
3004987 3005283
3009383 3009613
3019350 3021512
3029240 3029483
3033076 3033457
3039942 3040221
3050842 3051067
3052879 3053223
3055089 3055346
3057274 3057494
3062330 3069744
3080696 3080919
3085669 3085928
3098514 3098782
3100294 3100593
3111866 3112102
3118735 3118784
3125151 3125397
3130041 3130343
3137203 3137445
3145379 3145700
3149809 3150122
3156121 3171824
3172684 3172933
3182555 3182849
3186776 3187292
3198049 3198313
3199713 3199940
3204818 3205083
3212376 3212601
3213267 3213531
3214303 3214548
3222406 3222711
3226338 3232304
3246461 3246701
3251056 3251353
3253990 3254242
3258582 3258932
3267570 3267821
3274523 3274637
3281677 3281917
3285861 3286187
3287876 3290605
3294778 3299536
3324985 3325334
3334077 3334244
3339019 3339250
3341954 3344973
3361817 3362163
3363598 3365152
3365889 3366202
3373779 3389795
3392210 3392323
3396265 3396485
3423314 3441780
3442814 3446253
3455402 3456539
3461321 3461594
3464868 3465243
3468441 3469383
3471094 3471349
3479544 3524756
3525374 3531269
3531775 3532036
3533540 3533792
3543261 3543484
3544569 3544813
3558211 3559135
3583533 3584140
3589204 3589428
3598670 3598923
3609720 3609952
3612352 3612576
3617321 3617653
3619400 3622844
3623488 3653175
3657939 3658913
3666260 3667381
3668388 3681206
3682129 3682424
3687916 3688170
3692597 3696603
3698888 3699204
3702920 3703144
3704774 3705840
3706617 3706919
3710187 3710441
3716354 3716574
3717379 3717607
3723076 3723309
3731617 3731884
3736860 3736917
3737875 3738096
3739426 3739683
3762593 3769511
3775023 3775311
3778664 3778898
3783687 3783970
3797527 3799583
3805930 3807338
3811300 3811534
3813738 3813882
3822306 3822632
3823533 3823780
3829741 3830106
3838733 3838983
3840769 3842080
3854897 3855221
3856745 3859991
3881559 3881829
3888672 3890225
3895256 3896173
3905155 3906037
3912596 3912836
3913996 3914259
3920983 3921234
3924166 3924431
3927771 3928110
3937354 3937668
3941031 3959427
3962166 3962393
3965198 3965574
3970961 3971239
3985916 3986177
3990909 3997309
3999980 4001263
4004350 4004669
4009075 4009309
4012019 4012249
4020877 4021243
4032036 4032261
4033990 4041722
4049358 4050383
4052858 4053095
4058358 4058691
4072061 4072381
4073929 4074237
4076742 4077035
4081455 4081786
4084966 4085325
4088507 4102749
4103869 4117550
4119748 4120092
4120624 4134600
4135178 4135410
4137396 4137630
4141681 4141773
4148383 4153477
4157910 4167865
4178177 4178442
4184115 4193978
4203112 4203783
4217458 4217712
4220821 4221113
4227101 4227446
4236747 4237045
4246713 4248914
4257201 4257468
4260185 4261568
4264854 4265075
4296218 4311798
4314153 4314460
4316308 4316807
4338527 4338840
4346915 4347135
4353289 4353416
4367244 4367566
4374087 4374885
4379329 4379617
4386528 4386788
4388112 4407785
4411108 4411379
4423593 4423820
4426322 4427140
4427703 4427971
4431936 4432216
4437787 4438013
4438517 4438776
4444599 4444833
4446696 4446954
4457020 4457177
4462991 4473637
4474872 4475098
4476172 4476416
4477719 4477951
4481741 4481997
4485763 4485983
4488942 4493161
4499494 4500372
4502746 4502919
4503696 4503759
4515724 4515804
4520205 4520450
4524740 4524981
4525937 4526315
4528629 4532235
4536200 4537319
4542043 4542899
4563371 4563650
4573448 4573816
4582184 4582496
4586735 4587583
4589408 4590510
4598425 4598685
4626744 4627006
4629197 4629423
4631690 4637735
4639524 4639822
Ecoli_ancestor_Ancestor_
1 218
1452 3510
4125 44750
45856 52907
53431 56765
57318 58415
58938 74879
78271 82124
83220 92568
101706 117654
121278 127874
128492 164023
164538 183278
202460 207433
208268 246213
249595 249918
251596 251863
256519 274006
275529 283329
284424 294161
294818 317607
319511 322605
323146 331429
332248 340814
341692 367112
377693 395246
399883 400169
401161 401453
404657 404829
414716 425925
428639 429121
430992 464744
466749 473247
488291 488548
496245 496790
501985 549319
553408 555578
556870 588603
601092 631321
643915 664777
665337 684711
685705 692842
693484 694960
695604 700523
702188 730757
733820 746579
747102 748668
750091 782073
788362 816863
818741 829036
830394 861366
862544 888717
889352 909542
922472 931835
932921 938713
965499 966152
967960 969537
971460 983887
984388 1006608
1007327 1021014
1021524 1028493
1029006 1030805
1031329 1033449
1034898 1059696
1077734 1077954
1079300 1079658
1082321 1082665
1087101 1087329
1092962 1093203
1094354 1094702
1105765 1107367
1110291 1120812
1121391 1132710
1136950 1137648
1138190 1147753
1161951 1201283
1216117 1218878
1219457 1220754
1224109 1250123
1250646 1259844
1261716 1279645
1280602 1289432
1291791 1299632
1302984 1325093
1326797 1359699
1364522 1381208
1381716 1400779
1401352 1403456
1404084 1448249
1459519 1460603
1463457 1474225
1474774 1521004
1528211 1569236
1571510 1574864
1577327 1594309
1595291 1618931
1620088 1620837
1634548 1634852
1637017 1637285
1643238 1643338
1649714 1650040
1655290 1656715
1657227 1676536
1678519 1682735
1683382 1705328
1705877 1717014
1717583 1729057
1729560 1747223
1747939 1756059
1756568 1781865
1782880 1785847
1787319 1796710
1797324 1803805
1804980 1809207
1810273 1816012
1821506 1831387
1832675 1836187
1838260 1854128
1859374 1869070
1870113 1870395
1878539 1902298
1902896 1903239
1906937 1918641
1919317 1936312
1967812 1988758
1991837 2012580
2021971 2032613
2033964 2039908
2040653 2088043
2088643 2121027
2121923 2143257
2143782 2150945
2152187 2172812
2175479 2182977
2183558 2184161
2184675 2190890
2192338 2194580
2195788 2233899
2235219 2239653
2241072 2250816
2255890 2265874
2267732 2271367
2286302 2286413
2293722 2293978
2296713 2310259
2311349 2341492
2342013 2360662
2362506 2381283
2385418 2387596
2398233 2405427
2406262 2415730
2419431 2477754
2478627 2482603
2487916 2513235
2520733 2521729
2523559 2524466
2528520 2528633
2548130 2550226
2550782 2587111
2587744 2590222
2590793 2643298
2643971 2710207
2710899 2731577
2733181 2746309
2747924 2763218
2766333 2770618
2771977 2772719
2780896 2830207
2831175 2834744
2835407 2835707
2846087 2869922
2871838 2879754
2882809 2883666
2884847 2918651
2923879 2923936
2930868 2931151
2939390 2953911
2956000 2956195
2959463 2968866
2969904 2970210
2972323 2979842
2985267 3008335
3012770 3018902
3020135 3035665
3037510 3046600
3047164 3051410
3052529 3058714
3061452 3062565
3079907 3084443
3085318 3087361
3095471 3096068
3097331 3116028
3116746 3124781
3129057 3142803
3143359 3151623
3152196 3186370
3187352 3187625
3193049 3194705
3211825 3212055
3217161 3217437
3224900 3230060
3231088 3250616
3251186 3258306
3280447 3280629
3290166 3319739
3320365 3329754
3330789 3389830
3395990 3432933
3433906 3491300
3492777 3495304
3513434 3525598
3540314 3580786
3584946 3585512
3589197 3601270
3603076 3619589
3620260 3626272
3627685 3628908
3634774 3635048
3649350 3649577
3653151 3654111
3655429 3658778
3661463 3661718
3664006 3691545
3692470 3698573
3709677 3709915
3715902 3716206
3717461 3728676
3729424 3752444
3753323 3753617
3759018 3763301
3763819 3785580
3787546 3788689
3789471 3801775
3803233 3809172
3811224 3811530
3812983 3830793
3837196 3853705
3855761 3856601
3858780 3866234
3866743 3868535
3869686 3873555
3880470 3880717
3884207 3884448
3886063 3886305
3891813 3892186
3893544 3901758
3902558 3911154
3911910 3977187
3978767 3981468
3996301 3996593
4002852 4003073
4009497 4010440
4015074 4023969
4031250 4043529
4051832 4065019
4074841 4081843
4082806 4085222
4087511 4100617
4101346 4104799
4105364 4116227
4116728 4145015
4145696 4179265
4180849 4209489
4249040 4252156
4252678 4254442
4255408 4293394
4299508 4308850
4309576 4310084
4310979 4311586
4315710 4320597
4321566 4350517
4351689 4361034
4361859 4365477
4375203 4381930
4382927 4385637
4386181 4427700
4435744 4462523
4469269 4469502
4470160 4470408
4474332 4474439
4478416 4478671
4479723 4505667
4506987 4521442
4522285 4537515
4540706 4568111
4569444 4591014
4592541 4610466
4612029 4636719
4637791 4641652
