Salmonella_0919_Taxon020_
1 360
5062 5534
7609 8138
9861 10283
15013 15062
17640 17938
20356 20492
24791 25446
27034 27158
31700 31750
35917 36137
44698 44857
47596 48398
59509 60333
63993 64234
64774 66257
66995 67615
73685 73914
75464 75661
90495 90594
95413 96287
102736 102921
107253 107459
116782 116831
136346 136966
142061 142195
157028 157151
161708 161785
185159 185428
202171 202551
209060 209225
213241 213362
215020 215428
218798 218884
222859 223178
237140 237228
244128 244628
245189 245653
259930 260078
262491 264479
265061 265210
266091 266244
280288 280394
289034 294745
298448 299047
308846 308896
322499 323725
339234 339416
350905 351216
355917 356912
366883 366961
379670 380591
382247 382315
386779 386900
388502 389304
391775 391988
393072 393169
394428 394711
401038 401338
403490 403569
405267 405520
407699 408139
419414 419556
420544 421193
428883 428953
436344 436485
457297 457360
460754 460918
462321 462455
473108 474647
475414 475563
493470 496936
510168 510282
510851 511216
515854 516134
516833 517022
532164 532268
544830 545276
573735 573879
578190 579059
580887 581126
589060 589300
592788 592916
595027 595262
597305 597414
598985 599124
600562 600645
602559 602643
604809 604902
607134 607577
611150 611276
618934 619017
623095 623198
633104 633259
635060 635230
649069 649203
653545 653702
662145 662244
667597 667805
670071 670144
672180 672434
678163 678448
679802 679980
681797 682307
707285 707340
711335 712012
724123 724530
731614 731987
749937 750314
752946 753090
755766 755969
758249 759353
766151 766250
793732 794434
805803 805930
810961 811188
812153 812216
829402 829912
834481 834554
836446 836570
856297 856517
862224 862495
865761 866726
870148 870317
873921 874680
875510 875895
880921 881686
886940 887094
887314 887409
890167 890283
891500 892562
899953 901218
901868 901987
910444 912469
920312 920452
936305 936590
942990 943055
946393 946589
950791 950979
959069 959159
981190 982658
985131 985206
989160 989226
993735 993787
997289 998027
998997 1000086
1000777 1001169
1001679 1001815
1021175 1021380
1022691 1022828
1023624 1023781
1024900 1025636
1026931 1026988
1028634 1028930
1031436 1031492
1048249 1048623
1051138 1051355
1059969 1060293
1074671 1074724
1076577 1076789
1083335 1083508
1084413 1084704
1086910 1087087
1095437 1095665
1097498 1098121
1100812 1109939
1110618 1110898
1113738 1115109
1126873 1127855
1130015 1130237
1132067 1132321
1135535 1135822
1136499 1137383
1138813 1139233
1143489 1143584
1151749 1151907
1154039 1154365
1157143 1157333
1158037 1159159
1163757 1163808
1168791 1168869
1173133 1173415
1183313 1183444
1184912 1184978
1194670 1194871
1215909 1216143
1221805 1221868
1224313 1224662
1230038 1230408
1242593 1242690
1250213 1250361
1254981 1255372
1260709 1260864
1272166 1272815
1276296 1276663
1278790 1279146
1283240 1283347
1284893 1285883
1291627 1292020
1300229 1300379
1302031 1302112
1322613 1322664
1327731 1328203
1331911 1332009
1342924 1343104
1345019 1346237
1357984 1358370
1384054 1385682
1387146 1387307
1390262 1390510
1394115 1394281
1398550 1398708
1417928 1418169
1419140 1419213
1420376 1420654
1422681 1423123
1434499 1434627
1443230 1444514
1451014 1451262
1455457 1455700
1457726 1457984
1463925 1463979
1469856 1469908
1482104 1482622
1484135 1484263
1491900 1491970
1506680 1506799
1510653 1510821
1515948 1516139
1541535 1541962
1546827 1546997
1550917 1551356
1553297 1554072
1557305 1559096
1563801 1564329
1564913 1565348
1567631 1567723
1580649 1580876
1586785 1586845
1607470 1607656
1612048 1612248
1614253 1614751
1621813 1622113
1623909 1623977
1624786 1625042
1630610 1630959
1637950 1638341
1642665 1642717
1653594 1653796
1674299 1674386
1676567 1676664
1679673 1679745
1680299 1680652
1684967 1685038
1694297 1694899
1695463 1695658
1696686 1696945
1702119 1702870
1705253 1705343
1711134 1711210
1711773 1711894
1717294 1717432
1733303 1733631
1754026 1754152
1776381 1776480
1779440 1780312
1785722 1785886
1788587 1788662
1789675 1789859
1791075 1791163
1798097 1798274
1802055 1802175
1809505 1809803
1812653 1812886
1816373 1816763
1819178 1819325
1822866 1823337
1826319 1826463
1846183 1846291
1848667 1848810
1855198 1855404
1860777 1861133
1876976 1877133
1877660 1877876
1880753 1881249
1884596 1884731
1893239 1893892
1905249 1905439
1906384 1906560
1910286 1911046
1915293 1915473
1920396 1920613
1924744 1924810
1933546 1933728
1944815 1944913
1955356 1955429
1963001 1963640
1972219 1972519
1976833 1977121
1980903 1981117
1983381 1984518
1986902 1987005
1990239 1990728
1992223 1992367
1995377 1995471
1996924 1996989
1998074 1998174
2010273 2011014
2014708 2015100
2029324 2029478
2033054 2033254
2037981 2040664
2045702 2046265
2048312 2048768
2066766 2066900
2068743 2069435
2080585 2080727
2083289 2083436
2084799 2084941
2094244 2094604
2095749 2095991
2106338 2106618
2114200 2114615
2122394 2122515
2137296 2137411
2138577 2138833
2139560 2139692
2159299 2159505
2165512 2165752
2169952 2171353
2172681 2173096
2177455 2177534
2186576 2187097
2189748 2190065
2212245 2212470
2213129 2213199
2220961 2221259
2227717 2227868
2236014 2236509
2256834 2257269
2259361 2259609
2261113 2261238
2262844 2263056
2276087 2276230
2277475 2277546
2281212 2281791
2285128 2285224
2289925 2290595
2291587 2292973
2301674 2302048
2305271 2305359
2311985 2312112
2315260 2315361
2322529 2322823
2331533 2333635
2337104 2337262
2345453 2346269
2347606 2347767
2348278 2349455
2349961 2353426
2365569 2365641
2370868 2370925
2383767 2384265
2410801 2410857
2412356 2412541
2415167 2415259
2416813 2417581
2420441 2420595
2427338 2428383
2429260 2429528
2434620 2435296
2443801 2444211
2447415 2447716
2454677 2454893
2457648 2458286
2460951 2461017
2464140 2464213
2480854 2481132
2482071 2482512
2485552 2485827
2487723 2487820
2493508 2493983
2516656 2516809
2521732 2522201
2528843 2529437
2532120 2532232
2546678 2546996
2550548 2560456
2562347 2562855
2564168 2564353
2564889 2564975
2568034 2568192
2573306 2573381
2579319 2580120
2583215 2583335
2584060 2584252
2599591 2599676
2603802 2604064
2605046 2605429
2613713 2613899
2630612 2630800
2636188 2636542
2638735 2639090
2649827 2650126
2655144 2655259
2655972 2656156
2657417 2657716
2659413 2659598
2660123 2660207
2661785 2662185
2665018 2665576
2666802 2666904
2677584 2677786
2679030 2679220
2683764 2683862
2688763 2688819
2704758 2705034
2714179 2714846
2715518 2715735
2731665 2731787
2733175 2733396
2735884 2738600
2739291 2740523
2741727 2741990
2745593 2746826
2749187 2749361
2755682 2755951
2760017 2760781
2764189 2764334
2764883 2766904
2767442 2767859
2768682 2770714
2772719 2775070
2781678 2781748
2784145 2784428
2796423 2801764
2802428 2802504
2809194 2809308
2816407 2816782
2830988 2831415
2836697 2841656
2853273 2853503
2854641 2859779
2865456 2871209
2873104 2873408
2878069 2878167
2879666 2879867
2882592 2882964
2885289 2885379
2888914 2889232
2892268 2892494
2897184 2897923
2911221 2911873
2914430 2914557
2917648 2917929
2925275 2925544
2937169 2937318
2943376 2943569
2961764 2961861
2964198 2964309
2971329 2971631
2973934 2974394
2977852 2978484
2984409 2984486
2985631 2985801
2987504 2987692
2996947 2997214
3015255 3015497
3022149 3022205
3028188 3028302
3035160 3035243
3036620 3036704
3039360 3040574
3042760 3043462
3045411 3045559
3057468 3057582
3060252 3060398
3070787 3070863
3072079 3072352
3080150 3080893
3084878 3085141
3090326 3090463
3093378 3095012
3095926 3096025
3099380 3099626
3100860 3100937
3102407 3102938
3110176 3110914
3116265 3116684
3123426 3123489
3129384 3129490
3130784 3131032
3132235 3132339
3148262 3148652
3161684 3161970
3163115 3163519
3174207 3175939
3181131 3181374
3183206 3184296
3198420 3199183
3202752 3203456
3206753 3208236
3211698 3212764
3219363 3219475
3220147 3220248
3228244 3228389
3230553 3230612
3233268 3233485
3239758 3239885
3241030 3241095
3253737 3253954
3261663 3262120
3274286 3274434
3276447 3276737
3282645 3282703
3283737 3283794
3292279 3292363
3305216 3305687
3313908 3314050
3320100 3320867
3323858 3324231
3327484 3327972
3336198 3336365
3347894 3348013
3352441 3352736
3355206 3355399
3370594 3370756
3389546 3389676
3400545 3401312
3407513 3407599
3409843 3409981
3410577 3411531
3417717 3417816
3425751 3426018
3433613 3433667
3437517 3437678
3448330 3448426
3465156 3465365
3478781 3478934
3484431 3484545
3496680 3496832
3497967 3498075
3500616 3500973
3506745 3506962
3508501 3509599
3511428 3511568
3519177 3519409
3520051 3521341
3521864 3522391
3523041 3523439
3524889 3525188
3528757 3529094
3532870 3533088
3534627 3534844
3538332 3538387
3552062 3552476
3553088 3553806
3556363 3556592
3558439 3558826
3565958 3567723
3574547 3574716
3582270 3582438
3586378 3586918
3591400 3591527
3592980 3598433
3604089 3604210
3613202 3613787
3630277 3630420
3635139 3635700
3636669 3636817
3642179 3642533
3645841 3646173
3652752 3653099
3654467 3654540
3658256 3658665
3679186 3679257
3696668 3696771
3701406 3702072
3721413 3724314
3725667 3726258
3728265 3728360
3734887 3734988
3735507 3735778
3744726 3745049
3749985 3750395
3756239 3756467
3759471 3759825
3784966 3785660
3786268 3786884
3787925 3788333
3790764 3791054
3806798 3806997
3811889 3812298
3812930 3813235
3816978 3817104
3818339 3818449
3823275 3825066
3830043 3830242
3833291 3833349
3859321 3859562
3860151 3860210
3871924 3873026
3877681 3877854
3893990 3894098
3913892 3913983
3919426 3919600
3922610 3923193
3931853 3931946
3950381 3951601
3959465 3959677
3960654 3961098
3969359 3969694
3972688 3972857
3975413 3975476
3978870 3978933
3985251 3985412
3996047 3996130
4001729 4001953
4002787 4005117
4007598 4007701
4011334 4011523
4013207 4013789
4014300 4015802
4016476 4018354
4023517 4023591
4041595 4041832
4052635 4052857
4054135 4054444
4061730 4061832
4068054 4068504
4069258 4069674
4070967 4071083
4080055 4080297
4084117 4084332
4086927 4087291
4090365 4090990
4092553 4092639
4093906 4094810
4099975 4105228
4111753 4112554
4123340 4123601
4126598 4132173
4136185 4138183
4145639 4145797
4146983 4147034
4152269 4152595
4161827 4162069
4172013 4172164
4174614 4174755
4182088 4182237
4183555 4183666
4185148 4185341
4187738 4187829
4189042 4189221
4192134 4192199
4195790 4201265
4202163 4202503
4203538 4203669
4227792 4228180
4239685 4240371
4242171 4242278
4247761 4248298
4250801 4251132
4253108 4253185
4264802 4264853
4268708 4269098
4286506 4286674
4300743 4300864
4304105 4304227
4305274 4306087
4329377 4329747
4331719 4331950
4348950 4349099
4350703 4352461
4352990 4356372
4360442 4361780
4362550 4362916
4363583 4363820
4370364 4370414
4382290 4382616
4383309 4387106
4389588 4389960
4391190 4391861
4394117 4399794
4402746 4403040
4406001 4406942
4410981 4411128
4419784 4419943
4423473 4425613
4431971 4432061
4441880 4442163
4446808 4447697
4448586 4449250
4468855 4469061
4481634 4481870
4486793 4486873
4488651 4488920
4489765 4490283
4492325 4492396
4493152 4493221
4498725 4498946
4508177 4510575
4511093 4511654
4513648 4513926
4518178 4523726
4526682 4526732
4533242 4533459
4536456 4536595
4542236 4542413
4546740 4547099
4551050 4551160
4552108 4552192
4559454 4559885
4567628 4569359
4570224 4570573
4573468 4573791
4593210 4593418
4604385 4604471
4622334 4622418
4628642 4628850
4632153 4632233
4635460 4635788
4638785 4639000
4642114 4642449
4649104 4649170
4651576 4651912
4657416 4658061
4660155 4660231
4665854 4665987
4668344 4668949
4678111 4678202
4682180 4682759
4698307 4698363
4705969 4706253
4719339 4719780
4750073 4750235
4752794 4753371
4767625 4768262
4781307 4781457
4808352 4808528
4813524 4813673
4825590 4825824
4831474 4831718
4839712 4839868
4849959 4850080
