Escherichia_coli_O157_H7_EDL933_0945
1 294
9240 9312
64527 64729
70152 70279
99127 99406
127266 127559
142666 142840
147261 147502
155498 155565
168727 168841
222260 222456
229751 230059
261821 262038
266228 266607
280547 280845
293629 294511
298964 299126
308288 308481
313446 313768
332943 333031
333723 334224
345356 345470
346476 346659
376455 376565
387676 387741
407113 407388
409608 410246
453471 453906
458929 459077
459859 460309
485248 485321
497418 497635
505654 506064
586051 587024
594934 595145
598582 599040
635728 635851
684145 684235
689111 689561
693931 694016
708245 708398
742900 743137
792959 793235
814780 814910
831222 831504
858014 858372
858970 859201
894547 894849
968807 968926
987904 988179
1033305 1033716
1071708 1072001
1089043 1089243
1090375 1090469
1105643 1105722
1110552 1110601
1156532 1156863
1158900 1160722
1188499 1188616
1194945 1195297
1199964 1200054
1218343 1218571
1225667 1225890
1235384 1235607
1329868 1329980
1339843 1340414
1353229 1353903
1359826 1359994
1367190 1367286
1390334 1391988
1499622 1499838
1500477 1500598
1510626 1510795
1511912 1512199
1526877 1527013
1547908 1548189
1553613 1553887
1571207 1571418
1578457 1578537
1588878 1589040
1618616 1618824
1631510 1631576
1675049 1675332
1678449 1678603
1694205 1694268
1697972 1698042
1698664 1698759
1733262 1734482
1748500 1748580
1749171 1749360
1786249 1786483
1798366 1798694
1835556 1835724
1863368 1863485
1888555 1888615
1905773 1905870
1931373 1931598
1941195 1941491
1952731 1952880
1971668 1972038
1991473 1991629
2036077 2036394
2039469 2039559
2041335 2041761
2049016 2049432
2062635 2062937
2063639 2063796
2079870 2080436
2086532 2087833
2099440 2099508
2106873 2109942
2123428 2123721
2128614 2129196
2136411 2136803
2141754 2143233
2176531 2176603
2181302 2181603
2184466 2186376
2225078 2225322
2236464 2237562
2250994 2251199
2262329 2262645
2288865 2289022
2290012 2290273
2314540 2314613
2317940 2318135
2327218 2327426
2341515 2341676
2362396 2362554
2368269 2368406
2375487 2375545
2402243 2402427
2437114 2437253
2471828 2472428
2498268 2498786
2519113 2519371
2523232 2523629
2530756 2530812
2533345 2538079
2540503 2540590
2554731 2554827
2559506 2559758
2568994 2569230
2585144 2585225
2609095 2609666
2639005 2639285
2657363 2657438
2659347 2660254
2665862 2666005
2668482 2668680
2670315 2670475
2677752 2678280
2690574 2690779
2709595 2710620
2741361 2741608
2775192 2775375
2849341 2849757
2856385 2856748
2896282 2896746
2906818 2907018
2925845 2925894
2927258 2927383
2944072 2944276
2951197 2953170
2963390 2963622
2980230 2980474
3013915 3014222
3084439 3085210
3104599 3104665
3131361 3131917
3173285 3173443
3213636 3213811
3218977 3219259
3229849 3230211
3262613 3262873
3263998 3264068
3283942 3284113
3307584 3307678
3315817 3316150
3333502 3333795
3366902 3367432
3387762 3387843
3438217 3438380
3449870 3450368
3453527 3453912
3480632 3480875
3504252 3504413
3507598 3508857
3524498 3524657
3529393 3529679
3531202 3531278
3537324 3537413
3571772 3571986
3588521 3588655
3596771 3596832
3623175 3623469
3628389 3628494
3639250 3639633
3659189 3659427
3747485 3748044
3761349 3761529
3775428 3775518
3815783 3815963
3837276 3837559
3878952 3879025
3901546 3901668
3912066 3912211
3915615 3915817
3929035 3929225
3932013 3932341
3933878 3933943
3936716 3937019
3946692 3946756
3963528 3963779
3964439 3964951
3969146 3969288
3987280 3987487
3996772 3996885
4003779 4003893
4022680 4022764
4064090 4064335
4071087 4071350
4080060 4080447
4092458 4092623
4096093 4096351
4163511 4163674
4172762 4173067
4175985 4176421
4182275 4182490
4200971 4201408
4239630 4239884
4241131 4241456
4262240 4262541
4266085 4266149
4283680 4283878
4313363 4313652
4316275 4316642
4319933 4320025
4328865 4329146
4334246 4335889
4345537 4345667
4348450 4349774
4362829 4363168
4374321 4374620
4406146 4406424
4423863 4424461
4442994 4443044
4444713 4444803
4469573 4469861
4476233 4477045
4481005 4481136
4518109 4518475
4520965 4521159
4526171 4526448
4529788 4529895
4554931 4555217
4560659 4560709
4569608 4569787
4572602 4572755
4590551 4591166
4605240 4605781
4642250 4643023
4648162 4648659
4654848 4655064
4674214 4674292
4678554 4678667
4681425 4681968
4692631 4692907
4700612 4700914
4710514 4710665
4730833 4731179
4746754 4747320
4763395 4763658
4776530 4776583
4779548 4779788
4801058 4801430
4804293 4804473
4807820 4809306
4824599 4824748
4832426 4832517
4857280 4857357
4860739 4860893
4863544 4865014
4883610 4883712
4887239 4887535
4924770 4924996
4945886 4946446
4949072 4949303
4970883 4971115
4974365 4975192
4983963 4984233
4985363 4985477
4990047 4990369
5023330 5023958
5039931 5040410
5067291 5067539
5086100 5086255
5090387 5090693
5102761 5102871
5114398 5114544
5140439 5140590
5143736 5143980
5159745 5159960
5164480 5164763
5192634 5192755
5205820 5206144
5210445 5210549
5211507 5211642
5220626 5220839
5234805 5235340
5238340 5238425
5287045 5287142
5299334 5299398
5312050 5312226
5345167 5345310
5351355 5355758
5407764 5407821
5414487 5414760
5419864 5420051
5430315 5430670
5434581 5434846
5458974 5459024
5475603 5475667
5482767 5483097
5510951 5511113
5533349 5533507
5547269 5547323
