Buchnera_aphidicola_Acyrthosiphon_pisum_ancestor
7200 7358
12425 12824
13591 13906
70382 70588
76175 76535
81931 82073
83907 84074
110862 111071
117978 118098
125560 125900
173520 173617
178237 178481
181169 181303
194072 194338
238750 238952
256228 256354
258455 259254
279549 279791
281779 282136
342030 342259
359862 359973
361253 361649
370567 370666
385057 385279
391558 392275
444631 444757
460743 460886
481556 481794
489142 489365
511105 511416
514928 515509
524887 525195
525826 525994
534202 534491
535363 535448
547861 548246
628493 628629
Buchnera_aphidicola_Acyrthosiphon_pisum_0940
7200 7358
13591 13906
101703 102088
122764 123049
123955 124178
124754 125062
145402 145713
148240 148455
149225 149806
162068 162514
169654 169877
221645 223039
225067 225421
238310 238421
244058 244245
246114 246424
256501 256646
265837 266059
283950 284157
303544 303605
308731 311833
322756 322992
343449 343592
363312 363479
365313 365455
368253 368326
381913 382155
384143 384500
427190 427434
430122 430256
443025 443291
465832 465929
489673 490013
498221 498314
500415 501300
505260 505380
543677 543879
550695 550831
557661 557867
563935 564295
602360 602486
618807 619230
