gi_556503834_ref_NC_000913.3_
1 1883
2653 5594
6578 6971
7617 8848
9531 10081
10723 12564
13119 14491
15137 15284
15376 18860
19508 20751
21299 21656
23010 23156
23815 24300
24813 26372
27109 31404
32158 33462
34047 34184
34740 35071
35656 41046
41692 44926
46843 47608
48321 50006
51090 51253
51857 52949
53472 55044
55644 56718
57278 57860
58361 66648
67103 70225
70778 73314
73871 75721
76379 77971
79230 79433
80036 86968
87601 88652
89186 89266
89951 91431
91966 95051
95969 99812
100415 104006
104602 104868
105934 105986
106497 108918
109458 111728
113149 114469
115009 116172
116678 118943
119601 119786
120603 122692
123224 126447
126998 127488
128157 134347
134918 134996
135601 136206
136818 138412
138962 143561
144134 144740
145356 147090
148715 151703
152517 153554
154059 156608
157654 158234
158878 161004
162285 165641
166152 166421
167107 168401
168992 170350
170869 171836
172377 175595
176834 178483
180388 182478
183283 184517
185174 185964
186562 187720
188323 189839
190457 192645
193565 195911
196655 197597
198120 202003
203325 203579
205618 206042
206547 208197
209669 211504
212349 215414
216083 218832
219369 221097
221604 229636
230724 232860
233460 235212
236964 237345
237872 240245
241640 242281
242864 243784
244299 245641
247800 251321
251918 254925
255734 257903
258850 259640
260300 264310
265151 265755
266292 269190
269786 276164
277087 285306
286201 289562
290342 291362
292017 303003
303685 304007
304805 305914
306499 307916
308420 310404
311966 313632
314193 318868
319892 320922
321518 323223
325240 326321
326924 327349
328018 328480
329580 336948
337474 338314
339248 341575
342128 343015
343698 347229
348658 350950
351487 352297
353007 353132
354261 356690
357221 358505
359042 362852
363492 366748
367454 368666
369230 370827
371617 372901
373504 375411
375984 376118
378045 379687
380831 380909
382595 384716
386270 396278
396909 396998
398154 398674
399667 399738
400494 407810
409232 409656
410593 412525
413097 413623
414239 415332
416342 418464
419139 421268
421817 422531
423046 425087
425609 433084
433871 440283
440969 445073
445601 445723
446307 448966
449535 450195
450967 453822
454507 455124
456083 458592
459158 461058
461587 465715
466233 466492
467140 469406
470019 472343
473306 474956
475505 478434
479313 479590
480100 482502
483165 484168
484671 485189
486068 489722
490374 492688
493489 493736
494724 494998
495513 497027
497636 501290
502076 503497
504058 506182
506960 507685
509343 510232
510949 512080
512729 512869
513384 513514
514092 515193
516143 516592
517164 517261
517829 519034
519550 519868
520456 523233
524466 526901
527575 528259
528936 533030
533954 534485
535529 536331
537191 537812
538336 540958
542739 543299
543903 544116
545071 546582
547587 548367
549223 552948
553521 556603
557214 560330
561345 563573
564147 565078
565622 565845
566543 568875
569521 570244
570789 573459
573963 577110
578576 580050
580669 584495
585080 587838
588488 594986
596123 598299
598916 598984
599951 606379
606945 607995
609573 612141
612788 614332
614849 615179
616838 622781
623344 623455
624118 624813
625447 626208
627108 628633
629840 630558
631469 633441
634047 641823
642398 642698
643441 644015
644699 647159
647978 652552
653193 655762
656385 656587
658204 658805
659410 659716
660277 662799
663528 672740
673443 675894
676710 693943
694591 695736
696251 696528
696664 697056
697425 702820
703460 706683
707189 708901
709506 712029
712646 712801
713356 714365
714990 715277
716048 716555
718296 722194
723247 724072
724583 727490
728241 730975
731563 736017
736302 736681
737791 739623
740402 742267
742780 743456
743999 744695
745408 747663
748618 751897
752811 756566
757402 758521
759178 763117
763820 771464
772144 777013
777566 782674
783196 783940
784632 785788
786407 786892
787987 788229
789006 790465
791119 793028
793587 793971
794671 799200
799708 801585
802108 806999
807521 809953
810659 812155
812765 814484
815230 816685
817201 820478
821900 822669
823341 826444
827040 832744
833324 836676
837699 842320
842860 842998
843532 843683
844308 849649
850225 851734
852369 856394
856971 860969
861496 862715
863305 864681
865752 868410
869028 869546
870622 872289
872819 884871
885590 890232
890770 891052
891943 897694
898211 901299
901809 902678
903288 905348
906018 906368
907020 907353
907868 908276
908876 909153
909655 910077
910788 912469
913754 914479
915244 916292
917031 917311
917845 919458
920284 920947
921485 923718
924958 925948
926467 931995
933691 934723
935489 938639
939188 945343
945879 948171
948795 948883
949628 952733
953664 954488
955298 956491
957034 957900
958568 963940
964806 967059
967953 970690
971348 972434
973098 974679
975488 976340
976929 977903
978425 979600
980677 981032
981820 984016
985035 987940
988518 990312
990846 991722
992329 995329
995872 995975
996633 1000400
1000904 1001852
1002468 1010063
1010705 1011123
1011653 1012977
1013744 1016316
1017389 1020429
1020954 1022561
1023539 1024291
1024895 1025618
1026141 1027317
1027827 1028790
1029348 1031690
1032531 1034507
1035667 1036343
1036942 1039205
1040040 1040817
1041537 1042980
1043569 1044434
1045161 1053809
1054514 1058706
1059208 1060127
1060760 1064722
1065971 1071087
1071679 1071967
1072727 1078401
1079742 1080796
1080893 1083815
1084559 1087924
1088429 1091864
1092441 1093218
1093757 1094056
1094245 1100705
1101231 1102516
1103047 1104598
1105373 1106087
1106882 1108907
1109858 1110066
1111143 1115486
1116198 1117696
1118311 1120465
1121058 1121328
1122760 1123244
1123870 1126919
1127447 1127689
1128213 1128889
1129409 1130051
1130625 1137197
1137948 1142679
1143245 1144865
1145440 1146209
1146888 1148870
1149420 1155049
1155583 1156107
1156618 1164224
1164794 1170896
1171651 1173309
1174309 1177120
1177835 1182590
1183093 1186081
1187113 1187686
1189111 1190322
1191228 1191844
1193303 1195708
1197207 1198147
1198693 1198900
1199422 1199473
1200957 1206571
1207631 1207756
1209226 1212684
1213225 1213511
1214026 1214486
1215043 1215895
1216578 1217567
1218257 1218491
1219247 1229006
1229809 1232244
1233494 1236103
1236795 1237402
1238181 1241668
1243058 1245160
1245735 1247094
1248046 1253490
1254043 1254153
1254676 1256274
1256924 1259319
1259927 1260171
1260971 1261080
1261585 1265160
1265715 1266621
1267751 1270955
1271920 1271993
1272651 1273907
1274459 1276544
1277730 1278487
1279067 1287273
1287538 1288270
1288771 1289298
1289817 1290119
1290908 1293792
1294297 1296071
1298019 1299479
1301104 1302221
1302728 1303306
1303889 1304213
1305361 1305528
1306083 1308915
1309909 1309998
1310623 1314031
1314534 1319390
1319937 1320101
1320661 1322970
1323740 1329854
1330363 1330774
1331535 1332756
1333346 1340127
1340779 1344743
1345276 1346261
1347202 1347602
1348459 1348894
1349573 1350900
1351420 1356862
1357449 1358259
1358851 1360442
1360974 1368617
1369488 1370856
1373023 1375122
1375627 1375760
1376407 1384168
1385163 1387648
1388617 1390083
1390888 1398071
1399281 1400792
1401699 1402810
1403594 1406554
1407629 1410160
1410727 1413620
1414121 1414756
1416637 1418422
1419120 1421414
1422084 1422647
1423232 1425023
1426166 1431976
1433525 1437539
1438115 1438966
1439578 1442758
1443603 1445037
1445665 1448478
1449169 1452097
1453593 1454939
1455614 1456916
1457455 1457792
1458323 1466942
1467454 1470516
1470691 1474356
1474862 1475465
1476119 1477403
1478419 1480088
1480597 1482807
1483615 1484287
1484956 1488996
1489504 1490025
1490644 1491678
1492627 1501165
1501698 1503959
1505361 1506102
1506829 1512587
1513216 1513479
1514172 1514544
1515576 1525358
1525881 1526354
1526974 1527028
1527589 1528255
1529317 1532531
1533031 1534665
1535477 1537417
1538041 1539440
1540043 1545493
1546039 1546485
1547183 1548535
1550168 1550718
1551312 1555035
1555847 1556196
1556710 1559465
1560504 1561255
1561813 1564137
1565337 1570475
1571803 1575701
1577092 1578513
1579210 1582069
1582912 1585438
1585952 1588397
1589833 1591202
1592257 1592832
1593368 1595404
1596034 1598420
1599190 1600413
1601033 1601990
1602704 1604220
1604877 1607561
1608199 1608932
1610496 1611135
1611720 1614360
1615056 1618103
1618646 1619573
1620969 1621164
1621745 1623928
1624599 1625719
1626745 1629299
1629798 1630249
1630788 1631635
1632433 1632988
1633658 1639125
1639743 1640540
1641640 1647078
1647602 1648589
1649116 1652509
1653017 1653083
1653602 1656317
1656886 1657737
1658357 1658648
1660183 1660318
1660986 1661066
1661586 1662452
1662983 1663343
1663998 1665681
1666327 1668246
1668904 1669729
1670263 1679128
1679744 1679854
1680389 1682356
1682905 1683685
1684255 1687348
1687944 1691690
1692655 1693852
1694396 1694664
1695887 1695972
1696528 1700497
1701151 1701248
1701749 1702356
1703215 1704014
1704752 1705228
1705875 1709264
1710333 1718308
1718894 1721005
1721621 1724099
1724674 1725143
1725659 1726759
1728504 1731186
1732034 1738843
1739347 1746601
1747174 1749454
1749995 1752819
1753492 1754986
1755570 1757181
1759332 1761743
1762294 1762723
1763275 1768002
1769681 1773942
1774840 1776428
1777173 1781575
1782343 1782713
1783449 1785762
1786479 1788284
1789076 1789272
1789842 1796607
1797281 1797785
1798285 1800604
1801163 1802085
1802977 1804128
1804872 1806435
1807624 1808266
1809325 1810031
1810805 1811501
1812017 1816762
1817452 1819198
1819944 1819995
1821151 1821343
1822053 1825057
1825642 1828563
1829097 1831725
1832263 1833860
1834627 1835216
1836199 1840474
1841143 1843853
1844517 1845124
1845855 1847384
1848125 1853578
1854242 1855751
1856372 1857619
1858901 1861588
1862202 1862845
1863960 1864898
1865458 1876188
1877087 1880439
1881102 1882051
1882832 1884166
1884846 1886736
1887420 1890374
1891864 1894436
1895085 1898307
1898904 1902202
1902861 1904117
1905233 1905697
1906208 1907001
1907553 1909376
1910557 1911963
1912550 1913100
1913669 1913925
1914916 1915891
1916408 1917853
1918405 1921020
1921600 1927368
1927869 1928319
1928861 1930087
1930612 1931626
1932804 1937499
1938091 1938763
1940015 1943086
1943735 1946197
1946852 1946949
1947588 1952580
1953279 1956696
1957383 1958563
1959181 1960618
1961474 1961575
1962153 1964329
1964880 1965704
1966257 1966739
1967246 1967893
1968417 1970381
1971415 1974582
1975217 1976232
1976751 1980111
1980761 1985011
1985615 1989223
1989816 1991450
1992097 1992747
1995571 1995881
1996977 1998586
1999208 2002975
2003754 2010774
2011499 2013826
2015130 2015605
2016386 2022083
2022790 2025404
2026223 2028448
2029019 2029728
2030497 2034336
2034852 2038208
2038772 2040020
2040575 2042759
2044060 2044746
2045380 2045882
2046971 2047990
2048551 2052343
2052848 2059034
2059615 2063236
2064129 2073311
2073929 2074741
2075777 2082106
2082802 2083379
2083910 2084785
2086537 2087726
2088304 2097856
2098361 2100705
2101322 2102991
2103733 2103983
2104530 2105608
2106169 2112426
2113067 2114759
2115298 2119781
2120407 2121978
2122934 2125823
2126334 2128306
2129886 2130343
2131910 2134130
2135361 2135978
2136960 2143357
2144814 2145847
2146609 2147603
2149037 2150329
2150831 2151035
2151555 2152066
2152898 2153565
2154228 2154375
2155577 2158225
2158764 2165934
2166583 2167112
2167803 2169266
2169774 2169837
2171429 2171743
2172393 2172737
2173480 2175451
2176025 2176158
2176707 2177096
2177633 2177926
2178492 2179620
2180290 2181728
2182251 2183059
2183730 2190315
2190845 2193184
2194150 2194786
2195412 2196255
2197206 2202624
2204196 2206476
2207277 2207805
2208506 2208675
2209346 2209738
2210266 2218423
2218936 2219723
2220315 2220883
2221533 2221769
2222312 2225248
2225936 2227102
2227996 2231593
2232300 2232588
2233279 2238231
2238869 2241451
2241962 2242411
2242928 2243955
2244534 2253697
2254216 2254527
2255057 2255706
2256453 2261677
2262248 2265230
2265738 2268019
2268605 2273149
2273865 2277134
2277680 2278046
2278550 2280420
2281167 2283166
2283714 2284072
2284797 2287645
2288933 2290097
2290781 2300336
2300840 2301168
2302851 2303506
2304264 2307020
2307595 2311360
2312917 2313781
2314288 2317153
2317796 2319026
2319624 2323488
2324043 2327630
2328458 2330191
2330725 2333437
2334851 2337916
2338466 2339637
2340244 2341361
2341877 2345301
2345852 2348216
2348844 2365792
2366326 2371599
2372230 2375179
2375842 2376074
2376803 2377198
2377705 2378244
2378800 2382789
2383366 2383529
2384154 2388531
2389495 2390927
2391759 2393240
2394624 2395051
2395586 2398501
2399550 2399676
2400383 2401102
2401804 2405905
2406514 2409003
2409720 2411169
2411766 2413783
2414350 2425374
2426485 2426985
2427486 2429458
2429977 2430549
2431068 2436211
2437484 2442884
2443392 2445973
2446561 2450055
2450645 2452415
2452923 2454363
2455177 2457040
2458379 2458435
2458959 2461835
2462359 2464277
2464810 2466359
2467252 2468696
2469487 2475868
2476522 2477310
2478266 2489878
2490511 2492672
2493211 2493340
2493908 2494078
2494587 2498007
2498566 2501663
2502266 2503239
2503810 2507674
2508489 2511107
2511669 2512730
2513408 2516438
2517139 2521793
2522349 2523669
2524223 2527806
2528357 2529891
2530554 2534952
2535591 2538794
2539302 2543213
2543774 2546617
2547168 2551549
2552331 2554795
2555582 2556690
2557561 2557741
2558511 2558569
2559233 2563574
2564471 2564844
2565921 2568171
2569141 2571321
2571825 2572045
2573115 2574554
2575202 2580551
2581168 2583390
2585114 2585565
2587456 2589403
2589997 2590479
2591978 2594506
2595188 2597824
2598538 2599827
2600910 2601748
2603180 2604728
2605853 2609595
2610117 2610289
2610925 2611233
2612210 2616873
2617385 2620625
2621198 2622743
2623244 2627146
2627767 2631024
2631593 2632563
2634474 2635919
2636613 2638454
2639050 2642767
2643589 2644687
2645361 2648597
2649248 2650294
2651019 2655890
2656483 2657440
2658343 2658659
2659259 2661785
2662493 2662583
2662978 2666464
2667404 2672682
2673488 2675248
2675908 2676959
2677510 2680157
2680910 2681172
2681818 2688453
2688983 2689651
2689939 2692960
2693485 2693726
2694310 2695042
2695564 2696046
2696856 2697063
2697707 2699773
2700303 2700884
2701433 2702154
2702844 2703783
2704707 2707955
2708526 2711698
2712266 2714282
2715144 2717317
2717884 2718176
2718870 2719709
2720205 2720527
2721993 2723241
2723833 2724393
2725115 2732588
2734156 2740325
2741283 2745066
2746149 2746200
2747292 2751166
2752056 2756530
2757139 2760331
2761019 2761724
2762464 2764663
2765209 2766050
2766553 2771792
2772414 2772868
2773715 2774209
2774726 2778146
2778687 2784196
2784763 2791190
2791735 2792017
2792665 2793751
2794542 2798953
2799592 2802002
2802598 2805320
2806217 2811276
2812134 2813433
2813946 2817141
2817943 2820454
2821047 2831412
2832155 2833391
2834634 2835426
2836577 2839410
2840057 2840777
2841329 2841694
2842313 2845177
2845712 2847052
2847683 2851687
2852273 2852687
2853709 2853988
2854533 2857102
2857731 2858022
2859114 2860218
2861341 2864388
2865895 2869870
2870952 2872624
2873212 2873827
2874830 2875980
2876595 2876787
2877375 2879348
2880731 2883559
2884169 2886323
2887025 2887611
2888130 2889686
2890234 2890312
2891220 2893239
2893822 2894227
2894787 2896579
2897261 2898176
2898704 2899460
2900086 2900589
2901789 2905484
2906353 2908088
2908725 2909189
2909701 2909962
2910476 2914518
2915095 2916125
2916916 2917465
2918111 2918235
2918739 2921977
2922619 2924398
2924957 2925571
2926435 2927476
2928905 2937559
2938298 2944803
2945433 2951802
2953392 2955257
2955765 2956070
2957525 2958063
2958670 2958967
2959986 2961933
2962657 2967187
2967903 2970402
2971443 2972464
2973149 2973671
2974684 2975511
2976086 2976889
2977400 2981636
2982450 2984208
2984714 2987381
2987991 2988050
2988550 2992071
2992613 2994845
2995697 3001643
3002315 3002728
3003319 3006779
3007645 3007823
3009140 3011859
3012578 3013431
3014071 3015724
3016231 3021542
3022126 3022686
3023381 3024766
3025470 3033721
3034396 3036084
3037252 3038883
3039452 3041483
3042770 3045954
3046552 3046945
3047569 3048517
3049050 3055208
3055756 3066669
3067265 3068618
3069301 3071270
3071854 3076452
3076955 3077475
3078393 3079524
3080086 3080518
3081353 3082533
3083114 3086343
3086857 3091809
3092410 3098637
3099144 3099536
3100068 3100120
3100904 3102920
3103586 3107922
3108520 3110843
3111415 3114744
3115459 3116926
3117496 3118726
3119375 3120401
3121257 3134899
3135439 3136679
3137271 3137634
3138286 3139074
3139899 3140605
3141147 3141295
3142346 3143153
3143658 3145064
3145859 3146312
3147231 3149652
3150897 3151335
3151851 3153491
3154862 3155699
3156548 3157096
3157864 3157930
3159469 3160268
3160954 3166880
3167419 3173098
3173775 3178172
3178802 3180810
3181388 3181811
3182403 3187430
3187758 3189505
3190183 3192811
3193392 3198824
3199518 3200688
3201758 3202661
3203177 3203454
3204005 3205516
3206113 3212143
3212767 3212923
3213689 3215627
3216258 3223624
3224610 3227660
3228176 3233913
3234440 3234866
3236037 3240897
3241779 3241897
3242721 3243801
3244327 3246193
3247083 3249405
3249908 3254443
3255037 3255219
3257493 3259351
3259941 3261892
3262501 3263665
3264177 3264348
3265100 3266287
3267154 3267393
3267970 3268645
3269187 3274222
3274823 3276887
3277625 3280015
3280635 3281016
3281801 3285651
3286254 3287669
3288204 3289322
3290024 3290936
3291447 3294677
3295192 3300133
3300835 3302119
3302709 3303132
3304231 3304320
3304887 3307783
3308371 3310451
3311244 3315515
3316224 3317788
3318957 3319536
3320152 3322606
3323118 3323356
3324029 3326954
3327470 3330698
3331461 3332540
3333147 3335942
3336482 3337502
3338177 3338760
3340511 3340760
3341661 3343897
3344431 3345816
3346779 3350964
3351539 3352339
3352913 3357152
3358047 3358657
3359407 3363095
3364341 3372116
3372970 3373910
3374608 3376569
3377205 3377322
3378015 3378330
3379107 3379359
3379965 3380472
3380984 3381828
3382346 3388954
3389932 3394359
3394888 3397013
3397685 3398688
3399261 3400452
3401092 3401142
3401673 3403719
3404257 3406808
3407320 3411084
3411783 3412235
3412808 3413692
3414913 3415917
3417110 3419246
3420239 3420336
3420934 3423091
3423214 3431067
3431843 3431917
3432553 3438073
3439249 3439654
3440274 3441817
3442543 3444650
3445640 3448688
3449408 3453909
3454545 3454686
3455292 3460803
3461745 3465880
3466617 3467644
3468355 3471117
3472090 3484935
3486138 3487261
3488289 3489269
3489957 3492867
3493408 3501975
3503582 3505962
3506764 3507827
3508359 3508894
3509888 3510532
3511216 3513575
3514091 3517114
3517832 3519104
3519765 3520142
3520699 3521650
3522307 3523010
3523616 3524574
3525241 3527474
3527985 3528898
3529409 3531058
3531875 3533282
3533821 3537884
3538520 3547083
3547590 3548963
3549600 3549877
3550387 3551080
3551688 3553385
3553988 3557320
3557884 3558922
3560012 3561291
3561823 3562929
3563570 3565545
3566588 3567015
3567835 3568132
3568682 3569867
3570524 3573394
3573945 3574607
3575739 3576061
3576715 3577102
3577899 3587018
3587545 3589041
3589546 3590866
3591581 3596769
3597540 3599414
3600136 3600399
3600974 3604739
3605648 3608701
3609283 3609383
3610460 3611439
3612527 3614853
3615434 3617069
3617914 3619190
3620679 3623416
3624176 3626811
3627706 3630784
3632111 3633287
3633879 3634327
3634945 3635001
3635864 3636809
3637928 3642057
3642570 3644560
3645605 3646852
3647369 3654609
3655418 3655676
3656784 3658205
3658722 3659512
3660141 3660640
3661162 3661569
3661903 3662893
3663470 3665157
3665681 3667443
3668022 3669361
3669982 3670688
3671215 3671564
3672362 3675327
3675978 3677352
3678500 3679175
3679863 3682262
3683002 3685379
3685880 3688485
3690157 3695156
3695729 3696299
3696551 3696894
3697456 3697922
3698449 3699663
3700530 3701906
3702774 3704939
3705616 3707653
3708326 3709959
3710619 3716985
3717512 3717986
3718836 3719174
3719767 3722341
3723080 3723282
3723938 3726691
3727454 3730477
3731244 3736365
3737899 3740328
3741054 3741608
3742237 3742705
3743303 3745165
3746568 3747558
3748073 3757047
3757550 3757728
3758341 3759758
3760386 3764014
3765896 3767649
3768373 3768506
3769067 3769201
3769923 3771810
3772556 3774306
3775559 3775823
3776325 3776726
3777417 3778230
3778988 3779119
3779707 3780951
3781494 3787387
3788543 3793063
3793786 3795084
3795643 3798077
3799194 3799494
3800072 3803281
3803985 3806029
3807126 3808114
3808616 3810447
3810989 3813853
3815093 3816239
3816909 3817214
3817923 3818255
3818987 3823094
3823662 3825337
3825907 3826273
3827600 3828193
3828721 3831923
3832725 3833639
3834333 3836219
3836748 3837615
3838198 3840825
3841404 3841898
3842503 3845558
3846223 3847518
3848031 3854468
3855009 3856131
3857293 3859655
3860186 3862920
3863508 3865076
3867218 3868433
3868992 3869795
3870370 3875321
3875980 3876576
3877118 3879296
3880044 3881320
3882274 3882431
3883780 3884950
3885683 3887209
3887754 3890440
3891385 3892581
3893109 3893955
3894857 3895685
3896281 3897595
3898256 3899310
3900001 3903124
3904124 3904204
3904866 3905230
3905742 3906091
3906635 3908438
3908953 3909249
3909773 3912016
3912531 3915860
3918294 3919539
3920053 3921435
3922069 3923257
3924347 3925421
3926596 3926970
3927531 3929624
3930837 3930912
3931536 3933416
3933932 3938242
3939706 3948065
3948628 3953586
3954095 3954904
3955470 3961485
3961996 3965991
3967079 3970455
3970966 3974271
3974955 3978201
3978881 3979247
3979784 3980041
3980785 3981766
3982360 3983460
3984050 3985097
3986530 3987457
3988216 3988968
3989578 3991477
3992184 4001120
4001778 4003695
4004199 4006404
4007065 4007657
4008260 4008498
4009169 4009373
4009904 4010300
4010909 4011775
4012834 4012972
4013550 4013917
4014600 4016564
4017154 4018608
4019719 4019899
4020628 4023625
4024311 4025324
4026083 4028129
4028666 4030291
4030792 4033516
4034263 4037396
4040846 4042954
4043617 4046696
4047327 4049397
4050536 4052294
4052918 4053164
4053910 4055322
4055854 4064359
4065068 4072551
4073949 4076075
4076931 4078848
4079393 4080117
4080383 4083093
4083892 4084137
4084671 4085655
4086333 4095032
4095723 4100073
4100721 4101424
4102383 4103774
4104429 4106119
4107028 4107397
4109148 4109880
4110970 4112441
4113054 4113613
4114483 4116538
4117340 4118808
4119417 4119642
4120413 4121633
4122206 4122620
4123283 4123448
4124209 4125585
4126235 4127230
4128049 4130414
4130986 4135274
4135932 4138912
4140423 4143435
4143998 4148733
4149424 4149892
4150922 4152564
4153385 4156687
4157247 4157821
4159991 4160142
4160692 4161790
4162355 4165426
4165935 4166065
4166568 4174898
4175557 4176004
4177391 4184620
4185143 4187879
4188715 4190974
4191622 4196536
4197073 4198061
4198592 4208000
4209733 4215343
4216014 4217757
4218315 4219992
4220735 4223940
4225191 4227570
4228301 4228519
4229150 4229369
4230151 4232327
4233507 4235253
4235925 4239709
4240265 4241196
4241756 4242392
4242958 4243066
4243781 4247253
4247804 4254314
4254914 4255804
4256372 4257026
4257746 4259398
4259982 4268205
4268744 4270069
4270887 4272686
4273359 4275349
4275973 4277959
4278575 4281355
4281877 4282092
4283176 4285803
4286334 4287826
4288558 4289010
4289618 4291949
4292615 4293519
4294229 4298268
4299339 4299953
4300630 4301258
4302088 4304092
4305195 4305944
4306527 4306587
4307423 4312614
4313369 4313841
4314352 4315844
4316656 4316865
4317387 4317634
4318319 4322940
4323489 4325026
4325839 4326548
4327100 4327485
4328194 4333413
4334177 4340251
4340953 4341778
4342496 4345802
4346606 4347100
4347659 4349807
4350481 4357903
4358448 4360731
4361882 4363936
4364527 4365663
4366904 4367600
4368645 4368712
4369765 4371837
4372382 4372518
4373040 4375681
4376225 4377490
4378224 4383250
4383759 4384001
4384523 4386880
4387605 4388238
4388909 4394311
4394841 4398656
4399179 4399978
4400737 4405659
4406210 4407803
4408474 4409107
4410200 4411110
4411682 4411805
4412648 4413341
4413988 4414367
4415139 4418926
4420451 4428350
4429235 4431519
4432018 4438140
4438830 4443667
4444213 4445052
4445671 4448967
4449610 4457626
4458156 4464821
4465636 4467766
4468294 4470317
4471136 4472584
4473694 4480498
4481114 4481632
4482335 4485077
4485599 4490503
4491281 4493323
4494015 4496650
4497457 4501197
4501720 4506079
4506596 4507458
4508860 4514589
4515228 4516839
4517340 4517744
4518260 4523089
4523619 4526287
4527406 4530348
4531020 4531790
4532442 4537218
4537750 4539292
4539818 4542920
4543602 4545178
4545741 4553448
4554016 4556456
4557219 4560465
4560990 4562986
4563679 4564288
4564823 4565834
4566403 4568537
4569101 4571763
4573244 4576168
4577504 4579712
4580317 4582037
4582901 4583331
4583959 4584407
4585235 4585326
4585958 4587527
4588299 4588522
4589556 4589621
4590141 4591114
4592090 4593987
4594506 4600737
4601572 4603161
4604218 4608324
4609500 4611466
4612097 4616849
4617361 4618289
4619508 4619974
4620487 4623606
4624434 4629466
4630453 4633845
4634594 4637036
4637572 4637856
4638366 4640838
4641452 4641652
