Ecoli_0920_Ancestor_
1 84
1643 1864
2601 3544
4607 4703
6959 7863
8874 9115
12573 13489
15727 15971
17872 18100
24719 25410
28650 28711
35766 35886
38256 38790
41848 42169
46004 46054
47264 47764
54732 55125
58982 59089
59592 59651
70245 70361
71409 71534
75839 76263
77252 77354
82236 83247
90793 93039
99023 99164
102429 102681
105098 105249
109901 110002
112460 112573
122559 122686
131870 131934
132461 133016
134102 134257
134813 135503
136948 137135
137841 138044
139932 140390
141226 141475
147049 147636
152549 152691
171230 171603
177604 178032
182692 182804
190029 190080
190661 190725
193128 193765
195090 195304
199552 199835
208411 208510
221517 221639
235824 235999
239869 240110
244575 245043
246290 246910
255397 255708
257223 257656
265502 265600
269614 269732
272364 273004
278618 278882
289761 289862
293433 293636
294523 295097
300573 300735
302370 302460
315754 316159
318229 318506
328602 328977
333138 333222
333798 333938
339420 339841
348626 348719
356179 356468
362140 362454
364826 364925
366142 366223
369448 369998
371146 371672
373430 373650
377235 383552
386448 386756
387853 387911
389138 389370
390598 391319
392584 392747
401912 402287
413870 414767
417295 417383
418969 424892
426572 426705
432925 433634
434174 434801
437097 437229
438254 438451
444255 444417
460530 460827
462788 463198
464051 464164
467217 467468
470361 470589
471217 471522
474191 474261
477121 477557
479722 479883
486204 486255
491339 491440
494094 494370
495250 495485
499680 499991
500555 500756
507842 508079
510704 510767
511835 512040
515279 515522
518124 518285
525319 525584
526827 527220
527852 528230
529612 529915
533638 533869
535786 536124
536823 536879
548756 548926
549646 550474
551192 555408
557312 557500
563195 563293
565262 566143
567389 567451
569796 570084
571845 572116
577057 577455
588136 588245
596016 596206
597677 597948
602409 602488
604238 604524
606212 606466
611141 611897
619105 619305
620675 621199
624283 624343
626695 626825
630948 631277
640498 640886
644010 649212
657110 657340
660702 660770
670348 670837
673664 673808
674512 674930
677705 678007
682711 682831
685749 685974
690597 691058
696056 696181
697339 697527
698824 699030
703731 703784
704635 704969
706894 707294
708216 708875
709468 709681
712710 712905
714352 715312
717927 718933
719505 719593
721658 722056
727883 728095
734576 734746
735969 736039
737156 737925
741354 741653
742576 742730
743798 743877
748454 748556
751020 751427
758020 758289
761175 761380
774481 774783
779197 779326
780158 780376
782836 783284
785140 785417
788748 788892
793472 793578
803219 803882
807965 808168
810425 810544
812417 812719
821859 822693
825100 827156
827775 828271
835793 836403
840180 840242
841651 841716
843640 843754
845877 846268
851319 851377
860891 861322
864914 864970
868934 869430
870658 870719
872101 872168
876371 876669
877920 878116
883270 883332
889623 889815
896586 897543
900225 900321
901373 901754
907224 907326
917204 917296
918790 919325
923566 924419
927203 927469
928121 928299
930577 930807
937667 938903
942795 943017
945673 946215
947325 947513
952939 953103
954246 954342
955601 956350
962994 963115
965267 965679
968002 969264
970247 971396
974526 974797
982195 982269
990840 991131
996929 997030
1000954 1001276
1006386 1007562
1015810 1016055
1018257 1018491
1018993 1019505
1020383 1021001
1022109 1022441
1023333 1023520
1027459 1027908
1029099 1029302
1030476 1030547
1031826 1031897
1035587 1035690
1036699 1037547
1040796 1041400
1045351 1045606
1057896 1057977
1063514 1064132
1066342 1066527
1068538 1068838
1071272 1071440
1081268 1082142
1086197 1086982
1089035 1089600
1090188 1090319
1091574 1091719
1094950 1095089
1097546 1098435
1105109 1105392
1106937 1107047
1107818 1108399
1113257 1114156
1118359 1118542
1119719 1120449
1124498 1124665
1126157 1126327
1133965 1134210
1135166 1135457
1142136 1142301
1147289 1147611
1148517 1148963
1150904 1151186
1152064 1152310
1153665 1153741
1155731 1155989
1160125 1160535
1161871 1167462
1169655 1169807
1178496 1178724
1181405 1181660
1182947 1183038
1192906 1192991
1195659 1195939
1198670 1198876
1202679 1202977
1205131 1205254
1208582 1208681
1209483 1209887
1212780 1213894
1215005 1215187
1224119 1225153
1225730 1226355
1226895 1227098
1228117 1228943
1231113 1231389
1246053 1246337
1252941 1253103
1269858 1269971
1270928 1271032
1273553 1274172
1278129 1278180
1285480 1285793
1288169 1288455
1291835 1292303
1295597 1295799
1306998 1307274
1312829 1313369
1316411 1316521
1322676 1322905
1324263 1324608
1332985 1333109
1334608 1334997
1341768 1341827
1349498 1349748
1350882 1351241
1354939 1354989
1357315 1357417
1364984 1365533
1381765 1382024
1388840 1389177
1403487 1404841
1405846 1405907
1409515 1409791
1418382 1418581
1424538 1424668
1428365 1428675
1441041 1441383
1448020 1448205
1457655 1457878
1458607 1458812
1459557 1460496
1463474 1463695
1465828 1465987
1469845 1470724
1471998 1472381
1475663 1476078
1481151 1481205
1507614 1507737
1517844 1518332
1521805 1521962
1528204 1528511
1533014 1533069
1534969 1535202
1538744 1538864
1540905 1541078
1541781 1542007
1542594 1542665
1543621 1545093
1545984 1546076
1546606 1546799
1552057 1552131
1555966 1556137
1557828 1558009
1562145 1562352
1565595 1565874
1571448 1571518
1580092 1580265
1583772 1583832
1586465 1587526
1588862 1589332
1593209 1594334
1597711 1597894
1599859 1600179
1603220 1603740
1614253 1614778
1616583 1616829
1617891 1618388
1620409 1620927
1626820 1627887
1633477 1633721
1634942 1635389
1637950 1638171
1639132 1639487
1644011 1644152
1644898 1646126
1651058 1651294
1655693 1655871
1658080 1658362
1660409 1661000
1675211 1675271
1680203 1680264
1683379 1683618
1687126 1687175
1690511 1690842
1692646 1692795
1698533 1698606
1699727 1700001
1704171 1704361
1710837 1711699
1713878 1714236
1715906 1715993
1720114 1720899
1726310 1726797
1727649 1727949
1729604 1730257
1734197 1734896
1739137 1739286
1748537 1748931
1752809 1753001
1755580 1756015
1763947 1764141
1765496 1765658
1776589 1776754
1780604 1780672
1783160 1783424
1784441 1784853
1786253 1786426
1787349 1788296
1792835 1793115
1798299 1798526
1799984 1800193
1800698 1800962
1804791 1805008
1807641 1807751
1820866 1821089
1822097 1822334
1823944 1824250
1824843 1825250
1826802 1827048
1829286 1829451
1831592 1831710
1840169 1840548
1842893 1843071
1850616 1851007
1855842 1855959
1859417 1864679
1865605 1865685
1868582 1868661
1869875 1870013
1875258 1875493
1877755 1877842
1879191 1879483
1880826 1880979
1883730 1883894
1884404 1884636
1888788 1888884
1891358 1892096
1895067 1895289
1897320 1897579
1899633 1900097
1900939 1901248
1905292 1905578
1913716 1913879
1918283 1918865
1928348 1928599
1934632 1934794
1937549 1937850
1938885 1939216
1944639 1944746
1948971 1949445
1950046 1950292
1956728 1957603
1960187 1960416
1961780 1961927
1964110 1964201
1970698 1971224
1972659 1972863
1975609 1975950
1980681 1980766
1984401 1984608
1995209 1995335
1997344 1997414
2001222 2001431
2015597 2015726
2017919 2017985
2019006 2019210
2027491 2027726
2028676 2028819
2031839 2031896
2032713 2032842
2033450 2033663
2042447 2042998
2046343 2046602
2047374 2048094
2051521 2051669
2057079 2057501
2066688 2067122
2069389 2069757
2073279 2073530
2075286 2076562
2078363 2078530
2087036 2087149
2088829 2089406
2091806 2092185
2095068 2095339
2104680 2104772
2108823 2109481
2118254 2118642
2120917 2120983
2125637 2125717
2128669 2128743
2129566 2129837
2131569 2131678
2133771 2134384
2149299 2150266
2153818 2153901
2157702 2157909
2164871 2165317
2167462 2167645
2170391 2170505
2171164 2171261
2177665 2178057
2178854 2179412
2187239 2187368
2193309 2193604
2197527 2197760
2206477 2206910
2212638 2213189
2219736 2219888
2221064 2221318
2226046 2226316
2231504 2231559
2232132 2232421
2238407 2238574
2239088 2239372
2243426 2243481
2246405 2246471
2255690 2255779
2256295 2256532
2258762 2258865
2259712 2259879
2264375 2264936
2272051 2272171
2286798 2287357
2290612 2290716
2292126 2292194
2294038 2294266
2294876 2295145
2298595 2298644
2300571 2301790
2303868 2304057
2307715 2307798
2313036 2313270
2313840 2314147
2325010 2325634
2327478 2328051
2336624 2336692
2348728 2349045
2355728 2356317
2357307 2357614
2365732 2365997
2367254 2367352
2369096 2369260
2371829 2372150
2377209 2377508
2378339 2378434
2390018 2390576
2391422 2391582
2395552 2395924
2398333 2398853
2400927 2401256
2402146 2402324
2405193 2405383
2407737 2407948
2414740 2414860
2418663 2418716
2419217 2420555
2422103 2422920
2423795 2424005
2425428 2425477
2430402 2430892
2434225 2434285
2443515 2443626
2449047 2449119
2460207 2460266
2464883 2465353
2466328 2466383
2467356 2467461
2469772 2469865
2473853 2474957
2476075 2476288
2477151 2477710
2484287 2485202
2487957 2488899
2490885 2491264
2491780 2492073
2498666 2498998
2501206 2501331
2504305 2504972
2505681 2505879
2511921 2512639
2514150 2514316
2520597 2521685
2523604 2524529
2532361 2532613
2534663 2535236
2555797 2556265
2558364 2558541
2561297 2561393
2592185 2592636
2593908 2593981
2596107 2596375
2597687 2597765
2604492 2606141
2608043 2608168
2610584 2611002
2615298 2615545
2622117 2622302
2628734 2629102
2639849 2640050
2643398 2643534
2644574 2644924
2646740 2647161
2653213 2653640
2655979 2656543
2666117 2666402
2666928 2667155
2679794 2680118
2685520 2685917
2686753 2687546
2690831 2691307
2696994 2697198
2711288 2711435
2718671 2719100
2721037 2721430
2724288 2724570
2727013 2727376
2739099 2739497
2741408 2741716
2743169 2743345
2744003 2744207
2752175 2753241
2753932 2754269
2754788 2755041
2772265 2772586
2773161 2773400
2777840 2777920
2786649 2786903
2792148 2792453
2803125 2803437
2804004 2804535
2806398 2806671
2810792 2810888
2812180 2812322
2812857 2813011
2814739 2815049
2819186 2819464
2823445 2823497
2828262 2828739
2833625 2833838
2836234 2836449
2839085 2839337
2840340 2841539
2842179 2842523
2848169 2848924
2856796 2857532
2859877 2860109
2864453 2864637
2868988 2869291
2872914 2872988
2876400 2876806
2883995 2884391
2896256 2896383
2906351 2906412
2908220 2908798
2919607 2920008
2922279 2922796
2923993 2924642
2935919 2936190
2939354 2939792
2951529 2951596
2954011 2954434
2956707 2958125
2961488 2961661
2967936 2968300
2970979 2971441
2977077 2977179
2979075 2979258
2983398 2983616
2990315 2990464
2994513 2994658
2997593 2997928
3001419 3001520
3005833 3006340
3010329 3011153
3019101 3020093
3023311 3023609
3024558 3024752
3027457 3027868
3038536 3039015
3045430 3045661
3047965 3048616
3058077 3058743
3060564 3060829
3061502 3061995
3065573 3065983
3068069 3068128
3070102 3070255
3074821 3075287
3075836 3075994
3076755 3076898
3077814 3078098
3081626 3082608
3083647 3084427
3086683 3086807
3088251 3088821
3098666 3099459
3100356 3100659
3104135 3104256
3108658 3108957
3113507 3113743
3115198 3115474
3120484 3120618
3122403 3122623
3123177 3123370
3124488 3124804
3129222 3131464
3135505 3135755
3136269 3136601
3145558 3145702
3149318 3149561
3153979 3154152
3154712 3155038
3156936 3156991
3157536 3157856
3161915 3162105
3162946 3163645
3164574 3166945
3168265 3168440
3169891 3170037
3174497 3174564
3176371 3176650
3181086 3181747
3183927 3184211
3188302 3188495
3193661 3194698
3203316 3204781
3206032 3206873
3209464 3209728
3221908 3222114
3227168 3227287
3231390 3231974
3232519 3232658
3235055 3235220
3240998 3241339
3241876 3241960
3242895 3243631
3245399 3245581
3257660 3257874
3263418 3263585
3266682 3267140
3271433 3271616
3275161 3275280
3279031 3279326
3282368 3282656
3288651 3289241
3290012 3291210
3297141 3297355
3304944 3304994
3320587 3321099
3322146 3322364
3325567 3326311
3330568 3331446
3333908 3334196
3335961 3336102
3337046 3337142
3341168 3341581
3344283 3345199
3349929 3350076
3351468 3351627
3353095 3353614
3364748 3365885
3367554 3368364
3369239 3369501
3381287 3381433
3395486 3395890
3399103 3399284
3401602 3401873
3404885 3405069
3406003 3406301
3418695 3418958
3421255 3422051
3425475 3425790
3442119 3442488
3445729 3446160
3449137 3449464
3454660 3455745
3456774 3456835
3457470 3457608
3458129 3458287
3465891 3465996
3467250 3467859
3468531 3469100
3481509 3481863
3483294 3483503
3489724 3489927
3493383 3493821
3495391 3496691
3498860 3498937
3499860 3500263
3500972 3501518
3515478 3515593
3517253 3517689
3519661 3519736
3521022 3521114
3522648 3522758
3528479 3529575
3540496 3541238
3542933 3544061
3545799 3546247
3554256 3554500
3559195 3559318
3560759 3561052
3570136 3570263
3574800 3575004
3580338 3580589
3584040 3584189
3587220 3587697
3588297 3588515
3597570 3598143
3603416 3603668
3611645 3611801
3618099 3618273
3621019 3621151
3621889 3622213
3625991 3626169
3636761 3637574
3644461 3644960
3649655 3649758
3653297 3655557
3659791 3659939
3667137 3667364
3671218 3671526
3672158 3672417
3673114 3674709
3676078 3676146
3692833 3694107
3694844 3694906
3702782 3702898
3706647 3706757
3714013 3714284
3721428 3722107
3724693 3725094
3732478 3732960
3735162 3735719
3751595 3751685
3756054 3756162
3761848 3761917
3763085 3763191
3775055 3775316
3780468 3780801
3783740 3783806
3790780 3791079
3791772 3792132
3792636 3792688
3794494 3794808
3804350 3804620
3809065 3809128
3810732 3810801
3812279 3812516
3813513 3813730
3820766 3820863
3830156 3830714
3833338 3833547
3835301 3835697
3837380 3838405
3840389 3840795
3851970 3852520
3853086 3853171
3853897 3854105
3855796 3856422
3857300 3857876
3858539 3858657
3860430 3861193
3862275 3862481
3863019 3863136
3865292 3866325
3871331 3871565
3872255 3872370
3874455 3874778
3876675 3876794
3880921 3880997
3887154 3887451
3894082 3894165
3896860 3897071
3898659 3899008
3899581 3900053
3900594 3900792
3901852 3903175
3905131 3905377
3910276 3910636
3914360 3914572
3916674 3916931
3918958 3919421
3923420 3924224
3928357 3928832
3929664 3929786
3930598 3931022
3935608 3935808
3937292 3937397
3938703 3939165
3940470 3940526
3941387 3941623
3943227 3943314
3948739 3948987
3957391 3958200
3959565 3959860
3961371 3961491
3963132 3963498
3964970 3965483
3966074 3966159
3966971 3967143
3967807 3967885
3970105 3970192
3981195 3981472
3982128 3982848
3985866 3986000
3992959 3993315
3994661 3994869
3997469 3997833
3998766 3998867
3999747 3999823
4001301 4001530
4002142 4002607
4006100 4006645
4009014 4010792
4013766 4014085
4015092 4016339
4017542 4017885
4022616 4023934
4028677 4028889
4031348 4031644
4032362 4032462
4033842 4033917
4036789 4037056
4041272 4041332
4045624 4046200
4049981 4050472
4052163 4052319
4054552 4054770
4060802 4060927
4064217 4064747
4067294 4067504
4068769 4068973
4069506 4069689
4080265 4080561
4081117 4081439
4084879 4084966
4089560 4089686
4110385 4110615
4112815 4112984
4116780 4116833
4119312 4119529
4121425 4121525
4124690 4125174
4127336 4127470
4128142 4128444
4131070 4131273
4132224 4132853
4133452 4133789
4134493 4134789
4136262 4136374
4151373 4151443
4157268 4157492
4160983 4161301
4164429 4164761
4166304 4166713
4171631 4171680
4174099 4174376
4175481 4175834
4182870 4183012
4186208 4186370
4188567 4188703
4195913 4196088
4197217 4198997
4201206 4201357
4203102 4203302
4208313 4209357
4211057 4211199
4214040 4214275
4216386 4216649
4217243 4217300
4227858 4228118
4233059 4233387
4234136 4234632
4235380 4235432
4244088 4244550
4247387 4247801
4248951 4249431
4250496 4250579
4250689 4250873
4260222 4260346
4262206 4262491
4263616 4263777
4267922 4268094
4272161 4272240
4273489 4273692
4274424 4275476
4279592 4279770
4280578 4280822
4281375 4281821
4294648 4294940
4299502 4300264
4302098 4302759
4306274 4306391
4306945 4307057
4309728 4309823
4310791 4311529
4312380 4312644
4315310 4316750
4317685 4317833
4318708 4320159
4330890 4331666
4332227 4332912
4334292 4334617
4338135 4338463
4346948 4347005
4349727 4349864
4361954 4367484
4380973 4381250
4383257 4383634
4384239 4384458
4386393 4386822
4390372 4390542
4393108 4394446
4397780 4398084
4404622 4404975
4409369 4409554
4413372 4413461
4416251 4416391
4426623 4426698
4430371 4430539
4431530 4431597
4433129 4433179
4436057 4436368
4439523 4439749
4446736 4446940
4449225 4449499
4453505 4454087
4456689 4456861
4459380 4459695
4468895 4469085
4487002 4487589
4490751 4492694
4494802 4494950
4497064 4497243
4504920 4504998
4505698 4506042
4508856 4509154
4510233 4510862
4517476 4517777
4519613 4519693
4520357 4520543
4522555 4523034
4525569 4525786
4535961 4538047
4540415 4541320
4552496 4552800
4557237 4557571
4561967 4562185
4562997 4563047
4571288 4571865
4577391 4577483
4589493 4590045
4591201 4591388
4596373 4596505
4597830 4598325
4601014 4601538
4611763 4611893
4623083 4623808
4626452 4626770
4628642 4629098
4631197 4631797
4634274 4635571
4636118 4636551
4638429 4639391
4641520 4641652
