Escherichia_coli_O157_H7_EDL933_ancestor
1 291
61759 62055
77543 77593
93190 93302
101665 101986
115461 115789
116516 116703
122315 122503
165642 165691
173949 174047
191257 191400
226977 232189
269545 269759
273045 274009
278574 278627
301165 301386
324202 324419
329252 329463
345584 347703
385407 385519
391354 391467
392709 392883
399988 400301
417093 417515
446391 446484
491837 491977
517071 517303
524134 524261
532322 532396
558858 559136
609083 609286
616566 616815
618057 618172
618785 619073
637843 638158
660098 660399
664415 665163
668845 669311
673988 674723
702080 702141
707107 707157
723524 723683
789990 790091
807713 811357
814422 815187
872491 872610
896392 897725
916266 917778
919573 919903
920756 921221
963095 963860
993723 993876
1028122 1028431
1042998 1043124
1056788 1057020
1057753 1058124
1059237 1060646
1062831 1067111
1067632 1071556
1072911 1073020
1073554 1076172
1078032 1082441
1083530 1083581
1087217 1087326
1089688 1093118
1094128 1096852
1099604 1102716
1103339 1103753
1105167 1106314
1108446 1110204
1112566 1116006
1116884 1119779
1120554 1121913
1122750 1123077
1125240 1126618
1128001 1130272
1131441 1132939
1136908 1137396
1141145 1142950
1143756 1144269
1162989 1163083
1206686 1207044
1231762 1236767
1250102 1250610
1251965 1252248
1261950 1263741
1267416 1270895
1271403 1271679
1274266 1278268
1280795 1281128
1282144 1283925
1285202 1286379
1286894 1287554
1288138 1292373
1293888 1295495
1338097 1339038
1341629 1341876
1347797 1350040
1353227 1353301
1357441 1358829
1359379 1361358
1372966 1373237
1391702 1392007
1393447 1394028
1418141 1422793
1438459 1438546
1451604 1451690
1456939 1459357
1460613 1463746
1467235 1471007
1471588 1473661
1475895 1478085
1480903 1481001
1481728 1489613
1491987 1492277
1493360 1494272
1497063 1499936
1502960 1503394
1504007 1505389
1506378 1508632
1509872 1510348
1510852 1512710
1513596 1513821
1516150 1516950
1517553 1520612
1521531 1525672
1526711 1528045
1530332 1531897
1533184 1536956
1537591 1543821
1547638 1548046
1569718 1569958
1584397 1584493
1607708 1607867
1631661 1631902
1634187 1634989
1636022 1636405
1637832 1638241
1638857 1640717
1642279 1642795
1645613 1648247
1649238 1654212
1655387 1655577
1656096 1656569
1657149 1661875
1663606 1664419
1671931 1672394
1691653 1691927
1705879 1706391
1715278 1715374
1716076 1716215
1716872 1716964
1720055 1723080
1728869 1729229
1733233 1733698
1734371 1735239
1742595 1744720
1748618 1749989
1757958 1758197
1770749 1770971
1771540 1771792
1815862 1815935
1844296 1844368
1845113 1847133
1856049 1856400
1859973 1876247
1877014 1878971
1879557 1881437
1882510 1882637
1883221 1885421
1888146 1890480
1891295 1891465
1894144 1894313
1897244 1897330
1901808 1902113
1903404 1903857
1904576 1904800
1905986 1911591
1912092 1913417
1914925 1918572
1922514 1923461
1924950 1926931
1927494 1931041
1932056 1935943
1965892 1966055
1968187 1968422
1983243 1983531
1996604 1996836
2034494 2034771
2043412 2044596
2047007 2047835
2048448 2049705
2050313 2050530
2054236 2054331
2054922 2055023
2075733 2075813
2081700 2082059
2123780 2124220
2126132 2127685
2128784 2128935
2129864 2130366
2130962 2131722
2132953 2133447
2134722 2135686
2136243 2136958
2137999 2140137
2140691 2141001
2141551 2141853
2142604 2144225
2144733 2147870
2188980 2189276
2218608 2219655
2223341 2223661
2241574 2241845
2243765 2243862
2249631 2249714
2250372 2253268
2253770 2254228
2274269 2274570
2286972 2289129
2293992 2294265
2295930 2296526
2297800 2301268
2302580 2302848
2303447 2305214
2306063 2307155
2307681 2316003
2316759 2320287
2320855 2335006
2336182 2337323
2337845 2339987
2344382 2345220
2346654 2347340
2348025 2348157
2349130 2349464
2386030 2386369
2395452 2395647
2403953 2405023
2415884 2416082
2417031 2417292
2424428 2424516
2440004 2440314
2463201 2463318
2473440 2473733
2476978 2477185
2520499 2521159
2538543 2538593
2547654 2547740
2548800 2549856
2633795 2634019
2637909 2638070
2649380 2649533
2666995 2667293
2680457 2680714
2698253 2698975
2707102 2707726
2728969 2729300
2741014 2741278
2743721 2743885
2764074 2774523
2775662 2776977
2778953 2782648
2783772 2785005
2785548 2785781
2787166 2790554
2791085 2794007
2798672 2798783
2799308 2800147
2803203 2804996
2806949 2807028
2814117 2814278
2825501 2825614
2829156 2829274
2830064 2832311
2836451 2837494
2840918 2841031
2934382 2934953
2942727 2949317
2977944 2978231
2979193 2980306
2985143 2986952
2989532 2990228
2990952 2992762
2993292 2994279
2994972 2995705
2996277 2997600
3000619 3001757
3007721 3010563
3011255 3011889
3012471 3012553
3015576 3015709
3017297 3018315
3019592 3020076
3020595 3021239
3024314 3027872
3095228 3095433
3107727 3107907
3216740 3216907
3233026 3233637
3276727 3276828
3314324 3314373
3341635 3341813
3416662 3417002
3451994 3453388
3497722 3497867
3550104 3555209
3559284 3559406
3566964 3575022
3576949 3577102
3578407 3578680
3588104 3588437
3737114 3737865
3763406 3763583
3790484 3790648
3795504 3795889
3819210 3819348
3838592 3838681
3871463 3871519
3889049 3889403
3904957 3905213
3917630 3917816
3919047 3919199
3939473 3939542
3941300 3941933
3957057 3960281
3961990 3962305
3973530 3973743
3990433 3990725
4039668 4039748
4080446 4080499
4121093 4121963
4244395 4244698
4246393 4251436
4262656 4262781
4277793 4278442
4291672 4291840
4296379 4296521
4417018 4417243
4487594 4487678
4509964 4511094
4511872 4513145
4533252 4533591
4543110 4543496
4585669 4586790
4591821 4591930
4647991 4648330
4668532 4668618
4673789 4675955
4677100 4677182
4701953 4702099
4750036 4750374
4753836 4753886
4754584 4754709
4788253 4788370
4796806 4797094
4822842 4827872
4845174 4845345
4851955 4852237
4857021 4857128
4863691 4863882
4889422 4889951
4919181 4924290
4925041 4925375
4970723 4970984
4973546 4973838
5016504 5020074
5048517 5048721
5059887 5059942
5061506 5061788
5063476 5068474
5090751 5090891
5093112 5093225
5104453 5109606
5115770 5115881
5129528 5135043
5149921 5149994
5171798 5172083
5214483 5214698
5217524 5217678
5230034 5230266
5248467 5248782
5250322 5250540
5251091 5251267
5312289 5312470
5324223 5324493
5372424 5372511
5398251 5399290
5422734 5423003
5444731 5444924
5456254 5456450
5470980 5471213
5477105 5477236
5496533 5496983
5527831 5527922
5532046 5532359
5533221 5533414
5538268 5538468
