Salmonella_0904_Taxon005_
1 255
173545 173631
249640 249797
346976 347255
582515 582638
976878 977089
1118474 1118573
1129050 1129306
1220342 1220393
1235470 1235648
1313694 1313748
1317265 1317327
1427837 1428034
1513650 1513720
1565391 1565601
2005406 2005574
2553516 2553772
2800369 2800621
2927864 2928030
3001258 3001560
3684574 3684703
3720263 3720428
3778497 3778609
3894381 3894473
4036690 4036756
4324760 4324840
4332173 4332245
4348433 4348507
4427739 4427806
4459720 4459778
Salmonella_0920_Ancestor_
1 255
65687 66375
121413 121486
289006 294386
335900 336113
337105 337318
424301 424464
520404 520541
641820 641910
997773 998027
999478 999779
1000611 1000859
1025116 1025636
1047946 1048269
1067872 1067976
1100213 1105710
1110753 1110870
1135535 1135822
1136884 1137144
1141970 1142037
1224451 1224612
1399375 1399645
1723040 1723231
1853164 1853501
1875057 1875158
1976538 1976683
2045783 2046265
2048346 2048727
2073109 2073222
2081254 2081420
2176262 2176330
2287432 2287746
2348499 2353488
2381966 2382139
2531950 2532354
2579319 2579840
2610117 2610170
2630885 2631029
2693129 2693212
2735264 2735402
2736118 2736574
2737751 2738038
2774226 2774681
2789941 2791233
2794669 2794786
2795512 2799677
2803295 2803374
2826980 2831619
2832149 2832216
2911233 2911593
3042342 3042417
3077874 3077934
3152576 3152636
3194306 3194827
3281627 3281907
3519014 3521293
3566786 3572168
3598409 3599372
3611865 3612043
3635150 3635668
3742646 3742902
3814349 3814448
4025621 4030759
4116728 4116871
4153759 4153841
4195913 4201266
4350975 4356434
4361541 4361680
4414874 4419542
4436068 4436398
4450134 4450336
4560041 4560510
4596316 4596841
