Ecoli_0950_Taxon011_
15921 16056
16646 17081
19160 19595
31641 31945
36410 37114
70346 70533
77166 77470
94110 94324
122098 122402
129659 129836
141085 141215
143020 143307
159209 159312
164190 164468
184978 185349
197030 197096
209554 209798
210720 210849
212378 212491
227781 228190
258415 258535
259132 259389
260614 260837
296250 296445
309010 309116
309982 310226
317115 317293
327281 327476
343350 343417
369099 369349
376481 376764
381964 382069
397160 397317
414930 415123
429257 429519
482190 482248
490144 490312
503847 503903
504778 504878
523819 524080
530348 530431
538427 538605
584913 585103
590241 590348
603235 603483
614777 614903
633210 633500
653368 653432
661980 662194
685181 685626
690806 691556
701093 701264
703287 703438
721659 721804
723517 723617
751550 752136
754900 754984
760043 760281
796078 796369
827613 827719
828574 828858
851614 851906
855338 855619
868627 868727
897052 897253
916404 916703
930865 931013
949879 950085
953247 953333
964635 964811
968406 968844
990671 990774
1002685 1002770
1020576 1020668
1047338 1047472
1080862 1081153
1082114 1082208
1107958 1108039
1134265 1134514
1138153 1138325
1169245 1169390
1176226 1176308
1188616 1188916
1226909 1227052
1235062 1235164
1267609 1267882
1287485 1287586
1330209 1330441
1332974 1333091
1349418 1349494
1383238 1383522
1393019 1393494
1394579 1394927
1395822 1396522
1398181 1398239
1425838 1426058
1427913 1428119
1439691 1439803
1450544 1450689
1452753 1452996
1454320 1454722
1478355 1478613
1500875 1500965
1531757 1531844
1539302 1539562
1556382 1556539
1557098 1557189
1566095 1566219
1576461 1576780
1613903 1614105
1622764 1622868
1646137 1646380
1666162 1666535
1688565 1688632
1699663 1699725
1706581 1706711
1709821 1710108
1756032 1756335
1800717 1800870
1829303 1829861
1841971 1842296
1846324 1846411
1869374 1869589
1882275 1882611
1885631 1886004
1888073 1888232
1901795 1901910
1915941 1915990
1926955 1927004
1929453 1929806
1936710 1936837
1940046 1940136
1941092 1941621
1944437 1944742
1949950 1950210
1961276 1961491
1975655 1975728
1996877 1997049
2003695 2004081
2032283 2032575
2037841 2038202
2055300 2055545
2075161 2075235
2081719 2081800
2101228 2101417
2106448 2106586
2127521 2127688
2146514 2147112
2215994 2216177
2225357 2225598
2236219 2236490
2258840 2259160
2279562 2280024
2290734 2291025
2358428 2358484
2367400 2367707
2382996 2383234
2395966 2396134
2403325 2403496
2423107 2423237
2434983 2435636
2450288 2450578
2462153 2462266
2471950 2472268
2477891 2478073
2492910 2492969
2495441 2496299
2520176 2520275
2525898 2526007
2530577 2530877
2539031 2539225
2554779 2555135
2585260 2585380
2607860 2608125
2631902 2632234
2652513 2652581
2656270 2656653
2667522 2667601
2684212 2684427
2717580 2717777
2745670 2745864
2763619 2763668
2774433 2774654
2776978 2777071
2822862 2823101
2826413 2826938
2894031 2894224
2901260 2901392
2904064 2904502
2921274 2921497
2927400 2927668
2936768 2937099
2938828 2939148
2943374 2943599
2965192 2965316
2987383 2987553
3001362 3001519
3012268 3012398
3030170 3031657
3066576 3066951
3080898 3081123
3085653 3086646
3116724 3116834
3142732 3142884
3148540 3149349
3154599 3154701
3159831 3159979
3172654 3172855
3178864 3179031
3200251 3200543
3203970 3204093
3221371 3221478
3232045 3232173
3251240 3251446
3279123 3279202
3302594 3302723
3332552 3332732
3349758 3349807
3359415 3359691
3374290 3374378
3391895 3392110
3432409 3432740
3433337 3433595
3443545 3443796
3447749 3447862
3455867 3456090
3466627 3466728
3483327 3483630
3487786 3487937
3491500 3491619
3496156 3496271
3499032 3499230
3538857 3538969
3540794 3541073
3547680 3547867
3549221 3549652
3553857 3554105
3560257 3561049
3571361 3571548
3575717 3575800
3581589 3581912
3582897 3583143
3639223 3639285
3666702 3667059
3671479 3671740
3691465 3691536
3712146 3712344
3722174 3722421
3738304 3738371
3767918 3768035
3773004 3773584
3781710 3781771
3787346 3787585
3817664 3817752
3821805 3822206
3822860 3823049
3849732 3849890
3868392 3868689
3875834 3875990
3877180 3877251
3884582 3884686
3903429 3903936
3907078 3907206
3919995 3920456
3926430 3926839
3959527 3959856
3986802 3987168
4017633 4017757
4023866 4024009
4026969 4027233
4040526 4040715
4041878 4041970
4066502 4066557
4075282 4075579
4082725 4082945
4086049 4086159
4112974 4113070
4119980 4120165
4126180 4126267
4142297 4142548
4153153 4153595
4200349 4200634
4244122 4244308
4265982 4266357
4279285 4279553
4291188 4291504
4307790 4308110
4309508 4309896
4312145 4312480
4322735 4323016
4336979 4337247
4349186 4349319
4351919 4352595
4354801 4355445
4369165 4369277
4380164 4380336
4397642 4397915
4435034 4435315
4437202 4437513
4443389 4443717
4464363 4464603
4473737 4473899
4475225 4475487
4486440 4486621
4490978 4491098
4512428 4512857
4513935 4514075
4515891 4516009
4528094 4528624
4530343 4530402
4532178 4532373
4536036 4536208
4537968 4538099
4538740 4538869
4546208 4546344
4554023 4554214
4560055 4560302
4566039 4566277
4571591 4571827
4574921 4575219
4581752 4581930
4587260 4587549
4640463 4640729
Ecoli_ancestor_Ancestor_
3255 3544
8874 9052
13888 14079
21758 21894
32989 33227
35797 35887
38541 38777
41871 42169
47363 47535
60604 61015
65184 65313
65954 66085
66834 67263
70297 70415
75761 75832
82236 83247
91391 93039
102173 102335
103661 103923
114876 115057
126207 126454
132461 132656
147087 147415
153291 153602
155489 155770
194728 195001
199552 199977
210468 210640
221527 221639
235359 236003
239629 239914
245065 245176
246350 246597
257388 257656
269595 269728
272328 273004
290744 290859
293433 293619
294522 294870
328602 328977
338111 338402
339417 339685
359345 359484
362138 362454
377372 383430
389185 389370
395385 395472
413984 414616
418969 424406
428341 428410
460543 460824
462892 463203
467217 467468
500555 500665
507859 508079
515225 515522
524247 524302
548834 548926
550137 555506
563370 563703
565115 565481
602179 602322
605282 605546
619109 619175
630948 631277
644010 649257
663965 664374
670348 670809
690900 691058
696110 696181
697371 697527
704672 704969
744597 745104
748246 748374
767755 767944
768598 768999
773052 773140
803219 803458
809033 809094
817220 817800
822769 822886
825085 826844
827455 827766
828298 828398
845943 846141
855971 856218
872101 872168
883381 883437
899268 899339
919064 919325
923566 924263
937667 938903
951519 951581
965426 965657
968041 969835
970446 970757
991057 991157
1006428 1007907
1008892 1009215
1015004 1015087
1019256 1019443
1029755 1030547
1036699 1036947
1041152 1041583
1042937 1043124
1049731 1050010
1051835 1051947
1063401 1063486
1092569 1092650
1096682 1097868
1107818 1108069
1112022 1112135
1119719 1120363
1123786 1123854
1130900 1131001
1133562 1133865
1152059 1152210
1160429 1160544
1161912 1167278
1198694 1198909
1208605 1208693
1224148 1225153
1228612 1229216
1231113 1231389
1258072 1258252
1278129 1278258
1287646 1288455
1304063 1304215
1316411 1316521
1332985 1333087
1341514 1341662
1351040 1351241
1357250 1357417
1372960 1373166
1392233 1392361
1402928 1404591
1458520 1458812
1459557 1460496
1462239 1462362
1507826 1507996
1521805 1521962
1544196 1545093
1562865 1562995
1588543 1589536
1593209 1594334
1608238 1608613
1634951 1635389
1638061 1638193
1645229 1645422
1690511 1690842
1692571 1692891
1697117 1697342
1699727 1699995
1730178 1730257
1752035 1752258
1789672 1789911
1793223 1793748
1831592 1831789
1859225 1864679
1878898 1879113
1892048 1892242
1923203 1923282
1934151 1934534
1938223 1938291
1956948 1957248
1961818 1961927
1975609 1975965
1993578 1993677
2042888 2043008
2046344 2046609
2075285 2076562
2097835 2097894
2109237 2109475
2122207 2122375
2129566 2129737
2138125 2138297
2164866 2165107
2175728 2175999
2197527 2197834
2216619 2216732
2226416 2226734
2232357 2232539
2259696 2259879
2285849 2286305
2300446 2301786
2316469 2316527
2328761 2329359
2334020 2334084
2355862 2356324
2367034 2367325
2413204 2413494
2419475 2420536
2424632 2424877
2440053 2440414
2445680 2445972
2474174 2474560
2487957 2489146
2492429 2492559
2504305 2504958
2520680 2521685
2523604 2524529
2530010 2530084
2556077 2556266
2561297 2561435
2592329 2592496
2595262 2595582
2605456 2605900
2623227 2623276
2637307 2637422
2650985 2651144
2653213 2653586
2665479 2666008
2666964 2667054
2670263 2670390
2677294 2677647
2680144 2680449
2685657 2685917
2690974 2691279
2696983 2697198
2711362 2711435
2721215 2721430
2750252 2750314
2792148 2792237
2806471 2807029
2819139 2819464
2823492 2823579
2841452 2841896
2868988 2869291
2873683 2873813
2876923 2877210
2908879 2909032
2939354 2939775
2944424 2945078
2954011 2954434
2956055 2956880
2967936 2968040
2976699 2976901
3019101 3019798
3037554 3037644
3038536 3039010
3048140 3048459
3057988 3058454
3060923 3061018
3061820 3062341
3065722 3065980
3075837 3075994
3086106 3086158
3092814 3093074
3100532 3100619
3122403 3122623
3124478 3124736
3136256 3136368
3147109 3147254
3149318 3149561
3150885 3151287
3163103 3163645
3164224 3166945
3183927 3184211
3193661 3194666
3202947 3203647
3205975 3206256
3245399 3245571
3279077 3279326
3286819 3287146
3290204 3291322
3305477 3305768
3320456 3320557
3329169 3329250
3333981 3334281
3346589 3346671
3353507 3353652
3413958 3414101
3422111 3422213
3454658 3454931
3474534 3474635
3493244 3493744
3495400 3496461
3517258 3517490
3528694 3528811
3540496 3540877
3543332 3543634
3544792 3544897
3559551 3559780
3570136 3570228
3587220 3587305
3600030 3600133
3621960 3622398
3625993 3626169
3637471 3637557
3640719 3640925
3659791 3659939
3674101 3674400
3693551 3693752
3722077 3722177
3735185 3735466
3738898 3739190
3761946 3762230
3763085 3763191
3794435 3794726
3830269 3830714
3837657 3838407
3851970 3853011
3855805 3856413
3857650 3858657
3859337 3859444
3860898 3861167
3863931 3864015
3874481 3874652
3876675 3876826
3886923 3887068
3899852 3900065
3901852 3902755
3905131 3905369
3928610 3928824
3940470 3940526
3941401 3941501
3960442 3960703
3966971 3967054
3981552 3982698
4001423 4001530
4006668 4006858
4009541 4010573
4015113 4016119
4022868 4023934
4027408 4027565
4042656 4042761
4050197 4050627
4060802 4060866
4064183 4064795
4080734 4081024
4110472 4110615
4116781 4117029
4125048 4125174
4174114 4174376
4188510 4188703
4197931 4198997
4208313 4209445
4212400 4212451
4214040 4214323
4221455 4221705
4233129 4233387
4247387 4247454
4263328 4263523
4273511 4273689
4274502 4275476
4280578 4280822
4281688 4281794
4294359 4294554
4299500 4300264
4310791 4311529
4315850 4316750
4319142 4320159
4329967 4330190
4331415 4331672
4332227 4332797
4361954 4367240
4378313 4378426
4379955 4380084
4381006 4381250
4390346 4390523
4404940 4405043
4420945 4421232
4423037 4423167
4436302 4436368
4449525 4449896
4464172 4464450
4510233 4510499
4514524 4514641
4536341 4537936
4540015 4541320
4552496 4552800
4557265 4557969
4591201 4591388
4598021 4598325
4614965 4615179
