Salmonella_0920_Ancestor_
789 1441
5195 5296
6049 7055
8748 10305
11029 11528
14714 15987
17962 20725
21456 21748
22767 24362
25052 25185
25722 30798
31681 32750
33729 34750
35799 36137
40247 40493
41589 42526
45786 45994
46547 46854
50151 50497
51043 53778
55014 55692
56360 58076
58865 59890
63608 64225
64748 66895
68347 69064
71376 73809
74437 75364
76469 76657
77240 78035
81394 81600
82117 82181
84254 84537
86199 87151
87743 87914
88418 88888
89808 89996
90884 90941
92196 93531
94932 96144
98452 101009
102025 104360
105002 105314
109237 109658
112041 112911
113801 113966
116180 117914
119227 119454
120661 120896
122945 123347
125856 126024
126684 127026
129333 133708
136826 137529
138087 142195
143169 143991
144614 144814
145822 149873
155225 161519
162316 162862
167617 168963
170267 172375
173545 175648
177554 178800
179445 180213
181502 181668
182243 184515
185853 186636
187594 189208
191467 193555
194523 194864
196492 196658
197714 201831
205008 205228
208338 210485
211017 211264
211977 214154
217228 218481
218994 219501
223172 223586
224907 225851
231569 232272
233531 233597
237321 238184
241118 242771
243581 244617
245189 245999
247126 248001
249349 249535
250292 250538
251772 254321
256924 258095
259038 259378
259930 260078
262284 263405
264635 264792
265710 266023
267406 268266
268948 272630
273418 280050
280645 281029
284413 284493
285360 287323
287956 288281
289011 291366
291878 292825
293334 295029
296711 297004
299812 301192
302531 304529
306073 306229
307093 307327
307969 308083
308880 311585
312100 314219
314728 315393
317602 318191
318723 318845
320297 320763
321597 322130
323457 324776
326553 327070
327595 330248
331519 333008
335900 336113
337105 340050
341475 341616
343976 344237
344924 348520
349219 352579
354287 357060
358474 359164
359668 362680
363182 365701
366866 368021
369322 370483
371202 372038
373760 373853
374531 375949
377746 379222
382730 382806
383444 386935
387825 389495
391844 394325
395324 395961
397234 398318
400344 400884
402560 402849
403541 405568
406122 406354
407009 407533
408040 410087
411710 411905
414247 414311
414819 415734
418309 419223
420544 421481
424012 424493
425026 425224
426808 427880
428936 431022
432032 432182
434948 444281
445786 446149
453318 453480
454804 455755
459715 459953
460649 460949
465356 465496
468563 468636
471549 472760
474778 475722
480912 483334
485103 485201
486518 486717
487746 487796
489507 490342
490970 492816
493626 494725
496712 498103
498826 499909
503926 504346
507081 507506
508540 508776
509718 511152
511726 512589
513559 514400
515558 516367
517179 517277
517881 519031
519724 523161
523745 524151
525985 527194
530375 532279
533259 534247
535362 535632
539146 539570
540992 542223
543878 545304
551037 551250
553684 556927
558646 559095
561690 561925
562516 562864
563934 565387
566401 567378
569345 570407
571321 571484
574079 574155
575196 575380
577476 577671
578262 579955
580496 580751
583687 584288
586339 587317
588244 589622
590481 591578
593484 593659
595534 598171
601261 602158
603511 604763
605390 607308
607863 609998
610557 612333
613651 615019
620199 620351
622012 622589
625128 626560
627092 627469
628232 628843
629504 633486
636697 636746
637676 637925
638507 639099
639610 639784
640589 642432
643301 643761
648725 651986
652778 655042
658454 659307
660270 661189
665592 665687
666258 667763
668824 669158
670480 671062
671964 672283
673092 673239
673789 674142
674766 676023
678223 678811
679387 684055
685753 689603
691989 693261
694691 696558
700153 701052
701686 703519
704188 704900
706453 707821
708972 711478
713671 714346
715331 716689
717316 719796
720395 722107
722682 724023
724630 726228
727872 728005
729019 731275
733101 733874
734877 735576
736258 736549
737472 739019
739670 740041
741308 742622
744822 744998
745919 746332
748864 757601
759869 760234
762935 763175
764404 768805
769617 770087
771198 772455
773000 774062
775318 775469
776266 776341
779284 779825
780423 780739
782642 784707
788201 789429
790144 790620
795752 796346
796919 797265
798321 799951
802578 802884
803421 804088
807018 808296
810755 811431
812262 812374
816248 816387
818512 819725
821407 822641
823697 824308
824855 825830
827825 830557
831781 832831
833495 834305
837720 838421
839848 839947
840519 841844
842428 843299
844218 844536
845311 845457
849141 849254
849854 850459
852517 854394
855168 856263
857808 858356
860252 861140
863514 863748
865031 865388
865965 867331
868762 869708
873232 875634
876156 876472
877943 879537
881917 885454
888493 888542
889237 890798
892525 893994
895822 898210
898953 899129
901869 902199
903470 903550
904821 905175
906828 907662
908334 917662
918251 918549
920122 920171
921751 921914
922972 923676
924406 925946
926682 927832
928495 929489
934294 936123
937524 937894
938523 940400
942666 944297
945730 946022
948789 951779
952332 952658
953401 954180
954892 955558
957420 958161
959084 963433
964208 964562
965407 968862
970091 970936
973565 974227
976759 977784
980965 981038
981926 982124
983919 985220
987388 988164
988714 989911
990897 991226
997276 998172
998859 1001525
1002074 1004173
1004719 1005440
1005976 1006485
1008921 1010694
1011227 1011368
1012014 1012550
1013104 1017474
1019653 1020122
1023669 1023781
1025116 1026123
1026840 1028488
1029012 1030864
1032389 1033294
1034283 1034506
1035512 1035600
1036289 1037428
1038465 1038993
1042604 1042833
1047174 1048169
1048700 1049396
1049982 1050130
1050958 1051467
1052065 1053088
1054283 1055141
1055777 1056201
1056913 1060472
1060983 1061475
1062053 1063240
1064427 1067022
1070876 1071263
1072583 1076312
1078929 1080514
1083342 1083538
1086890 1087048
1089799 1090323
1091626 1093719
1095133 1097726
1098467 1109897
1110550 1111062
1113312 1113608
1114113 1115667
1116377 1117654
1118387 1119184
1119689 1119796
1121797 1122010
1123337 1124448
1125930 1126966
1127554 1127855
1128446 1129915
1135342 1135864
1136846 1137484
1138080 1139791
1140578 1141146
1141648 1143887
1147291 1148961
1149522 1149964
1150581 1152746
1153715 1153815
1155639 1156127
1156954 1157243
1158551 1162827
1164236 1164845
1165829 1165996
1166600 1169404
1172269 1172399
1172983 1173315
1175330 1176497
1177524 1178895
1179396 1179595
1180215 1189037
1189592 1190646
1191184 1192206
1193694 1193910
1197534 1197767
1198282 1198614
1199135 1201915
1202469 1202759
1203431 1203730
1204487 1204643
1205430 1207209
1210178 1210844
1214384 1215607
1216363 1216709
1218441 1218946
1219861 1220037
1221016 1221532
1224311 1227334
1228593 1229092
1230648 1234012
1235492 1235679
1239594 1241432
1244631 1244708
1248136 1249066
1249794 1253079
1254281 1255372
1257029 1258665
1266954 1270544
1271614 1272490
1273135 1275065
1275603 1278187
1278940 1279038
1279798 1280059
1281845 1284240
1285392 1286141
1286796 1286938
1287462 1288092
1289693 1291105
1292120 1293008
1295376 1298202
1299732 1300031
1304912 1305153
1306624 1306925
1309534 1310635
1313046 1313293
1314513 1314692
1315899 1316824
1319717 1320426
1321110 1321387
1324112 1332909
1334276 1335473
1336002 1336197
1336741 1340988
1342799 1344166
1348322 1348643
1349912 1352236
1353329 1354285
1354852 1355711
1360509 1361857
1362618 1362746
1363452 1364438
1366536 1366686
1367387 1367878
1368607 1368862
1369491 1370190
1372577 1373210
1373712 1374149
1377171 1377789
1379125 1379677
1380390 1380757
1382386 1382601
1383779 1385990
1387105 1388286
1389572 1389720
1396958 1397655
1398928 1401944
1405616 1406557
1410614 1410931
1412638 1412809
1418149 1418551
1421861 1423443
1424339 1425801
1426309 1429021
1429585 1430201
1432893 1433090
1433868 1437586
1438595 1438907
1443806 1445266
1446135 1446706
1448121 1448274
1453249 1454508
1455523 1455607
1458007 1458229
1458742 1459109
1460587 1460684
1461434 1462269
1462850 1464237
1466473 1467423
1472017 1472419
1477276 1479277
1480109 1480518
1481121 1482198
1482930 1483018
1484019 1485162
1490894 1491365
1493842 1494736
1496605 1498437
1501389 1501544
1503791 1504359
1504939 1506439
1506969 1507148
1509040 1510013
1511695 1511753
1512598 1512789
1516424 1516622
1518340 1521159
1521875 1522123
1522795 1524902
1525413 1526909
1527508 1528104
1532106 1532413
1534455 1534955
1536892 1537566
1539673 1540291
1540802 1541390
1541997 1542334
1542993 1543565
1544112 1544333
1546463 1548374
1548982 1549907
1550800 1551306
1553992 1554225
1557519 1557760
1558753 1560911
1561717 1564550
1565905 1566320
1569534 1569823
1571207 1572492
1573300 1573582
1574150 1574206
1574798 1577175
1577776 1578059
1579530 1580181
1580947 1582414
1584289 1585101
1585714 1586758
1587318 1587938
1588568 1589820
1591408 1591880
1592543 1592856
1593376 1593748
1594455 1598361
1601194 1601337
1605561 1605699
1607169 1608374
1609248 1609886
1612354 1612607
1613873 1614077
1615568 1616685
1617924 1618534
1619092 1619774
1624151 1625920
1626614 1626810
1627683 1628650
1630127 1634115
1636645 1636906
1643460 1644166
1648554 1649602
1652646 1655141
1655775 1656718
1657922 1659294
1659861 1659981
1661093 1661843
1663223 1663625
1664569 1665070
1668582 1668633
1669341 1669624
1670773 1671277
1672253 1672380
1674521 1675064
1676079 1678310
1679877 1680630
1682024 1684064
1684880 1685026
1685692 1692461
1695560 1696718
1698648 1700169
1703002 1704008
1705086 1705257
1707639 1708166
1709445 1709617
1710144 1714019
1715568 1715820
1717930 1718518
1719035 1720629
1724041 1726992
1728723 1729544
1732520 1733798
1736385 1737439
1739300 1740879
1741438 1741797
1743369 1745004
1745572 1746855
1748259 1748312
1750410 1752294
1753634 1753727
1757591 1758689
1760232 1761607
1762345 1762595
1763293 1763728
1764311 1764408
1764945 1765842
1766631 1767329
1767908 1768144
1771207 1771433
1776874 1777173
1778344 1783606
1786150 1787407
1787930 1790540
1792383 1794065
1795895 1797005
1797812 1798306
1799051 1799327
1800106 1805628
1810090 1813379
1817118 1817751
1818291 1822469
1823155 1824105
1824750 1825167
1827321 1827608
1828284 1829471
1830013 1831211
1833035 1833151
1837460 1838638
1839433 1843263
1847630 1847795
1851962 1855080
1856705 1857309
1859765 1862866
1863438 1863520
1864282 1864679
1866639 1869418
1870909 1874748
1875250 1875448
1877036 1877923
1878846 1879285
1880500 1880962
1882795 1885269
1888507 1888894
1889514 1889859
1890664 1890922
1891438 1892170
1892720 1892971
1895548 1899171
1899701 1901708
1902213 1902673
1903416 1903788
1905122 1907103
1907627 1907944
1908930 1909227
1910286 1910531
1912847 1914400
1915868 1916301
1918401 1918660
1919467 1922325
1923591 1924955
1926622 1927192
1928818 1929452
1930030 1930319
1932103 1933028
1933840 1935691
1938693 1942350
1943310 1943363
1946254 1946401
1946953 1954278
1954790 1962636
1963275 1963533
1965707 1968221
1969676 1969903
1971332 1973829
1975788 1975879
1978330 1979620
1982855 1984032
1985993 1986934
1988858 1989142
1991197 1992651
1993607 1996804
1997404 1997690
1998400 1998844
2006534 2008962
2011355 2013826
2014589 2015472
2016414 2016648
2017777 2018020
2019969 2020140
2021409 2022120
2023601 2024128
2027045 2028984
2034978 2038036
2039993 2040663
2043552 2044234
2045473 2049897
2050550 2050859
2057528 2058096
2059102 2059298
2061356 2061469
2062729 2065269
2065851 2067093
2078123 2078247
2079079 2079431
2082438 2082890
2083549 2085586
2086303 2088383
2088917 2090350
2092236 2092458
2093626 2093699
2094213 2095462
2096025 2097043
2097803 2097891
2098437 2098941
2102565 2102805
2103597 2103768
2104425 2104487
2107470 2110546
2112280 2115717
2116897 2117204
2118573 2120160
2120745 2120812
2121465 2121694
2122300 2123146
2124702 2124939
2125583 2126513
2127607 2127802
2129804 2130002
2133546 2133956
2140173 2140435
2141216 2142766
2145352 2145602
2148479 2149132
2149787 2150531
2151710 2152589
2154684 2155473
2156195 2156677
2157236 2158008
2171468 2176618
2177195 2178260
2178893 2179782
2181112 2183239
2183935 2188382
2189225 2189876
2190695 2192039
2192690 2192871
2197087 2197732
2199483 2200262
2200817 2201502
2202229 2204792
2205712 2208065
2209383 2209752
2210310 2210878
2212245 2212893
2215151 2215519
2216656 2217021
2217557 2217679
2219853 2219923
2223343 2223895
2227568 2227683
2228230 2228741
2229262 2232140
2233159 2233295
2237692 2240435
2243035 2243183
2244568 2244722
2246009 2246226
2246785 2247137
2248878 2249619
2250150 2252336
2252922 2253325
2254172 2256357
2257772 2258046
2260364 2262588
2263095 2264028
2264853 2265350
2266256 2266527
2270127 2271024
2272215 2272327
2273097 2277214
2278493 2278732
2279343 2281619
2283630 2288535
2289215 2289668
2291648 2292291
2293191 2295220
2296510 2297171
2297942 2298221
2299308 2299696
2300540 2306704
2309097 2309329
2309933 2312121
2316514 2317953
2318540 2320123
2321910 2322250
2324064 2327899
2329060 2331433
2332029 2332181
2335114 2336452
2337331 2337990
2338905 2340263
2340793 2341081
2342315 2343269
2343894 2345415
2345960 2346526
2348754 2353479
2357872 2358019
2358913 2359623
2362047 2362822
2363457 2366363
2367746 2368475
2369777 2370167
2370669 2371075
2371925 2372827
2377035 2378303
2383162 2385147
2386007 2387431
2388479 2388564
2393564 2394204
2394836 2394935
2395467 2396148
2396658 2397323
2397992 2400459
2403163 2406105
2407246 2408032
2408602 2412541
2414529 2415838
2416999 2417456
2419402 2419570
2420923 2424300
2427613 2428015
2431221 2431524
2432128 2433729
2434634 2437547
2438792 2439921
2441011 2441348
2441906 2443661
2444194 2444383
2447141 2448101
2450674 2450967
2452906 2454793
2455354 2457272
2457979 2458194
2459489 2459792
2461399 2461526
2462482 2462662
2463594 2465055
2467158 2467280
2468663 2471037
2474063 2475411
2476925 2477293
2477802 2478153
2480039 2480357
2481130 2481586
2482171 2485663
2487733 2490832
2491387 2492047
2492702 2492975
2495698 2497717
2499617 2500846
2502380 2502474
2503272 2505918
2506612 2508535
2509365 2509552
2511713 2513352
2513995 2515379
2518830 2519132
2520151 2521793
2523728 2524032
2527667 2527832
2529271 2530099
2531966 2532138
2533463 2533548
2534664 2534931
2536571 2540549
2543462 2543561
2544142 2544413
2545016 2547306
2548010 2548170
2548853 2551571
2555211 2555460
2556224 2556794
2557435 2560006
2560556 2560933
2562304 2564266
2565075 2568294
2569729 2572413
2575170 2576648
2579388 2579840
2580405 2582622
2584028 2584599
2585289 2589631
2590546 2590629
2592777 2597027
2598902 2601775
2605396 2606779
2607305 2609536
2610181 2610321
2612000 2612125
2614886 2616242
2616983 2619023
2619549 2625365
2625945 2627830
2630268 2632400
2639472 2641488
2642028 2645466
2646265 2646499
2647017 2648336
2652829 2653089
2653899 2657159
2657697 2659086
2659698 2661237
2661785 2661937
2662465 2664019
2667823 2670192
2671851 2672989
2673516 2673853
2674546 2678176
2683445 2684767
2685320 2690047
2690860 2692081
2693055 2695497
2699907 2700589
2701110 2701611
2702862 2708861
2710700 2711715
2717418 2717744
2719081 2719338
2720393 2721764
2722311 2722404
2722906 2723598
2724252 2724713
2725348 2729188
2730169 2730605
2732821 2733379
2734742 2736784
2737751 2738652
2739744 2740294
2741905 2745878
2747889 2749097
2752492 2752557
2753152 2753921
2762136 2762457
2764006 2766349
2768083 2769508
2770083 2770296
2770852 2772440
2774174 2774927
2777436 2777556
2779096 2782043
2782643 2783475
2786221 2786455
2787930 2788070
2790015 2791259
2795840 2802428
2803067 2804184
2805272 2807229
2808462 2811010
2812663 2815055
2816710 2819624
2821330 2824825
2825389 2825627
2826631 2832709
2833964 2835842
2837641 2839363
2841669 2842205
2843697 2844715
2849267 2849981
2850667 2851299
2854767 2855055
2857217 2857809
2859711 2861645
2865339 2865470
2865993 2867360
2870952 2871184
2876501 2877341
2881068 2881151
2884438 2884648
2885302 2885583
2888501 2889891
2890489 2890880
2891578 2892168
2892717 2894512
2896324 2896444
2897192 2897534
2898102 2899198
2901503 2901893
2902643 2903521
2904527 2904628
2905420 2905688
2907373 2911775
2916029 2916401
2917523 2919697
2920401 2920469
2923547 2924091
2928009 2928612
2929185 2929755
2930300 2930486
2931081 2931707
2932243 2936936
2937939 2938175
2938874 2939353
2940298 2940659
2942345 2942832
2943808 2946752
2947359 2950335
2950908 2952976
2953482 2954157
2954888 2956108
2957607 2960787
2961364 2962569
2963187 2963279
2963806 2965764
2966637 2967186
2968449 2970674
2974026 2974104
2975598 2975856
2976754 2977422
2979347 2980527
2982150 2983527
2984333 2984544
2985268 2986259
2986873 2987059
2988048 2988832
2991520 2992078
2995728 2996594
2997863 3000447
3001983 3002154
3002861 3003048
3003645 3004226
3004907 3005727
3006275 3009563
3011455 3011553
3012135 3014252
3015416 3015889
3016466 3016661
3018905 3019535
3022528 3023064
3023802 3024106
3026540 3030232
3032470 3032791
3034039 3034169
3038131 3038201
3039131 3040675
3044169 3045912
3048219 3050123
3052565 3054658
3055264 3055359
3059480 3060019
3060727 3061934
3062480 3064939
3066405 3066880
3067449 3067758
3070403 3071955
3074221 3075623
3076157 3077139
3077690 3078505
3080305 3081237
3081836 3083184
3083873 3084164
3084719 3089828
3090387 3090540
3091167 3091339
3092751 3092986
3094544 3099314
3099845 3101558
3102089 3102167
3104199 3104703
3105388 3106885
3108941 3109348
3109901 3111082
3111635 3111825
3116457 3116582
3117434 3118918
3120259 3121144
3122852 3126181
3127029 3127390
3128286 3128758
3129271 3130324
3131144 3136433
3136978 3138611
3139122 3139304
3140867 3144219
3145133 3147413
3147933 3148238
3148752 3150967
3151628 3152363
3152867 3154165
3154716 3154845
3155411 3155696
3156582 3157452
3158017 3158839
3160243 3163698
3164320 3166422
3168392 3170561
3172414 3174077
3175978 3176140
3177660 3177959
3178497 3178555
3179206 3182752
3185435 3188131
3189222 3189734
3191729 3191808
3194247 3194827
3195474 3197151
3199427 3202171
3202710 3202793
3207681 3209796
3210314 3211066
3211979 3212604
3215346 3215510
3216122 3217352
3218230 3218679
3225027 3225657
3226866 3227843
3228502 3228790
3229412 3230798
3231882 3237437
3238108 3239269
3243490 3246018
3246522 3247843
3251960 3252363
3253394 3255809
3256383 3257362
3258111 3261255
3264309 3264579
3265490 3266050
3266797 3268316
3270077 3270909
3272648 3273154
3273700 3273802
3277203 3277491
3278506 3281026
3283761 3286886
3288671 3289036
3290877 3291154
3292747 3295048
3300686 3300869
3301375 3301528
3302086 3302829
3303537 3304167
3305135 3305254
3308122 3309158
3316751 3316906
3318656 3318971
3324924 3326314
3326945 3329394
3330386 3330602
3331247 3331720
3334301 3335818
3337422 3338070
3338620 3339123
3340733 3340907
3342269 3342381
3346166 3346599
3348300 3349209
3350594 3351714
3352535 3352759
3354271 3355902
3357853 3357946
3358624 3360134
3360769 3361360
3362214 3365446
3368200 3368916
3369946 3370019
3370732 3371424
3372009 3372228
3372948 3373184
3375074 3375879
3376882 3376950
3377509 3378116
3381980 3382090
3383534 3384205
3384707 3386702
3388208 3388349
3390876 3392593
3393116 3394231
3396775 3397409
3398041 3399129
3399949 3400566
3403478 3406774
3407283 3409532
3411019 3412060
3412621 3416858
3417807 3418898
3420411 3421196
3421734 3421978
3422925 3423103
3423725 3424533
3425100 3426821
3428031 3428126
3428710 3430685
3431199 3431391
3432701 3433856
3434501 3434717
3436013 3436508
3437034 3441342
3441897 3442984
3443532 3448137
3448714 3449262
3450518 3450952
3451598 3452037
3452922 3453836
3454701 3456641
3458673 3459108
3460797 3461043
3461773 3462098
3463545 3464108
3466467 3467117
3468008 3468170
3470175 3471695
3476018 3478512
3479585 3480868
3482786 3483053
3483591 3484190
3484692 3484969
3487258 3488651
3490219 3490681
3492489 3492842
3494437 3494671
3496278 3496680
3500362 3501850
3506338 3507728
3509342 3510151
3512388 3513427
3517645 3518458
3519115 3521441
3523458 3525366
3525926 3526926
3527572 3528077
3528743 3530552
3531077 3535551
3538281 3538704
3539388 3539669
3543540 3545563
3546198 3546247
3548214 3548747
3549588 3551470
3552062 3552880
3555500 3555964
3556468 3556800
3562777 3564232
3565782 3572179
3573359 3576105
3576845 3579045
3580049 3580169
3581000 3581817
3585231 3585388
3586297 3586874
3587760 3587895
3590109 3590570
3591151 3591482
3593797 3597580
3598409 3599371
3600217 3601609
3604321 3604882
3606895 3607188
3607738 3608432
3609259 3610452
3610995 3612398
3614385 3617763
3619203 3620501
3621797 3622866
3623718 3626469
3629592 3630450
3631020 3631300
3632096 3633102
3635124 3636823
3638412 3640555
3645704 3645885
3648477 3648670
3652548 3653223
3653941 3654315
3656770 3658598
3659912 3660097
3662262 3662547
3663934 3666585
3669696 3670998
3672286 3673343
3674438 3675539
3676143 3676368
3677479 3680696
3681300 3682967
3683529 3685645
3686161 3686596
3688654 3689314
3689961 3695773
3698462 3699292
3703808 3704013
3704642 3704995
3706306 3706396
3706974 3707700
3712132 3714922
3715623 3720993
3721942 3722430
3724977 3728882
3729454 3729784
3730617 3733441
3734165 3734959
3738104 3740085
3742293 3745864
3746611 3748137
3748690 3749250
3755039 3758568
3760499 3760589
3762005 3762489
3767338 3767420
3768235 3769588
3772451 3773835
3776105 3776802
3777535 3778945
3780163 3783660
3785271 3786437
3787211 3788422
3790660 3791878
3792674 3793343
3794819 3796744
3799766 3800920
3801671 3803080
3803899 3805985
3806501 3806889
3807804 3813621
3814254 3815592
3816721 3816824
3817379 3817566
3818520 3818975
3820926 3821048
3822814 3824155
3825813 3826646
3827641 3830215
3831470 3831866
3832662 3832927
3835229 3835632
3836290 3838479
3842174 3842898
3843936 3845649
3847284 3848830
3850737 3850957
3853515 3853783
3854581 3855654
3856405 3859265
3860837 3863469
3864209 3865369
3865986 3866181
3867375 3867550
3869266 3871462
3871970 3872569
3873362 3873679
3875571 3877928
3878547 3880055
3884865 3885218
3886339 3888381
3891081 3893432
3894116 3897240
3899131 3899632
3903921 3904180
3906546 3906827
3907730 3909043
3909594 3909991
3910571 3910991
3912061 3912451
3914290 3915655
3916216 3916479
3918595 3918948
3919998 3920690
3922639 3923865
3925076 3925425
3926507 3927392
3928232 3928980
3929718 3929885
3932454 3932943
3935007 3938407
3939710 3943445
3945113 3946213
3948395 3953859
3955430 3956638
3959865 3960606
3961260 3962863
3963946 3964917
3965789 3970106
3971426 3971674
3973452 3977649
3978353 3988532
3989065 3989334
3992192 3992575
3993092 3993381
3994047 3995456
3996558 3996728
3998892 4001040
4001729 4002157
4002715 4003250
4004691 4009988
4011547 4011876
4012561 4013647
4017478 4017815
4020554 4023751
4025508 4030504
4031405 4031566
4035120 4035411
4038170 4038571
4039328 4039520
4042366 4045952
4047190 4048876
4051369 4051599
4052504 4056213
4057715 4060412
4061062 4061655
4065768 4065882
4068079 4068167
4069589 4072257
4072851 4072989
4073641 4076108
4076705 4076997
4080447 4081254
4083919 4085974
4087437 4091019
4094915 4095487
4097371 4097656
4099417 4102615
4103768 4106539
4109248 4110841
4112329 4118092
4119191 4122658
4123318 4126034
4128149 4128790
4131573 4132324
4134774 4134907
4136161 4136310
4136882 4137456
4138679 4138827
4143572 4146236
4146886 4147039
4147659 4149455
4149994 4151953
4152672 4152738
4153607 4155785
4157578 4158735
4159546 4161546
4165297 4165924
4166627 4168068
4168677 4168956
4169545 4170353
4173764 4174027
4175767 4176379
4176956 4179637
4180757 4184566
4185265 4185410
4186918 4187847
4190072 4192388
4193116 4194516
4195913 4201767
4202805 4204225
4208252 4209259
4210099 4210270
4210808 4212665
4214301 4218145
4223643 4224292
4226288 4228042
4229981 4230091
4231199 4231424
4232036 4232517
4233054 4233818
4234503 4235237
4238410 4240252
4241828 4246887
4247720 4248067
4248758 4248903
4249679 4249993
4256622 4259100
4260190 4260799
4261740 4261988
4262605 4262792
4266831 4268870
4269527 4270106
4272925 4273343
4276082 4277804
4278359 4283078
4284210 4284491
4285868 4287746
4288854 4289162
4290661 4292599
4293908 4295311
4298326 4298584
4299159 4301221
4302449 4304124
4304633 4304732
4308813 4312994
4313772 4314427
4314997 4317874
4318446 4318515
4319098 4319225
4321079 4322411
4324579 4325092
4327340 4329280
4329819 4329875
4330959 4332855
4336943 4337629
4338793 4340386
4342072 4344161
4344812 4345694
4347036 4348047
4349199 4350354
4350984 4359047
4360497 4362259
4364341 4365549
4366917 4367113
4368074 4370854
4371826 4371988
4377190 4379480
4382684 4382976
4384537 4385058
4386419 4388869
4389549 4390322
4392588 4393868
4396659 4397596
4399011 4399089
4400490 4407516
4408584 4408751
4411074 4412521
4414874 4420484
4422400 4422638
4423185 4423679
4424258 4430983
4431704 4432261
4432852 4432902
4434568 4437507
4439761 4441301
4441971 4444054
4445808 4445872
4446497 4448225
4450145 4450570
4451307 4452235
4452756 4453333
4456676 4457855
4459030 4461994
4462499 4464332
4465054 4467531
4471687 4471944
4472612 4473475
4475295 4475763
4476925 4477080
4479263 4479566
4480547 4482811
4483469 4483848
4485447 4486709
4487540 4487697
4489080 4490284
4491342 4493153
4494684 4497276
4498321 4499641
4501766 4503501
4504084 4504509
4506231 4508745
4509398 4511368
4520892 4521462
4522222 4522312
4523529 4523743
4524700 4527814
4528377 4530020
4533513 4533714
4534335 4535907
4537782 4540421
4541921 4544069
4544594 4544940
4547880 4548581
4549715 4552298
4553048 4556001
4557411 4558592
4560033 4560510
4562985 4563284
4564398 4564715
4567735 4569140
4569929 4572373
4573380 4573517
4574435 4574721
4576802 4577116
4577973 4579791
4582443 4586298
4586838 4588879
4591221 4591518
4593326 4594597
4595104 4595512
4596667 4599016
4601874 4603776
4606695 4608336
4610765 4610981
4611739 4612150
4616791 4617181
4617704 4618564
4619462 4620597
4621690 4623496
4624504 4625122
4626252 4628839
4629493 4629949
4630702 4633352
4635151 4637916
4638586 4639669
4640449 4640727
4643781 4645632
4646420 4646701
4649672 4651095
4652963 4653236
4653756 4654313
4655361 4656709
4657324 4657674
4659801 4660382
4662225 4662312
4663074 4667185
4668605 4670872
4672241 4672579
4673528 4674272
4676956 4677118
4681751 4682943
4683499 4685285
4686060 4691775
4692411 4693006
4696695 4697044
4702516 4705248
4707250 4707616
4714329 4715318
4722440 4727409
4727975 4728078
4729447 4730019
4732678 4735467
4738796 4738904
4739673 4743777
4744284 4746854
4748227 4749258
4749806 4750020
4753077 4755071
4755811 4757363
4758778 4759424
4761997 4763044
4764506 4764938
4768009 4768810
4770317 4772144
4773608 4774975
4776283 4776723
4778197 4779571
4783246 4785124
4787268 4790004
4796507 4798493
4799118 4800447
4801669 4801838
4803298 4803468
4805961 4806049
4807844 4809931
4812546 4812821
4817925 4819167
4820325 4821820
4822447 4823188
4826826 4827062
4829702 4829835
4832730 4833112
4833734 4834278
4834845 4837283
4837895 4841851
4842537 4844724
4846823 4847096
4847669 4848066
4851913 4852825
4854003 4854808
4857371 4857432
