gi_556503834_ref_NC_000913.3_
223915 228864
258049 258535
270959 271067
274095 275009
290582 291262
391849 392831
567064 567894
608133 609210
687969 688910
696754 696862
732526 732841
738288 738709
781577 781634
1049969 1050408
1094385 1095147
1097105 1097338
1299635 1300558
1396180 1397102
1468540 1470232
1528495 1529033
1571137 1571404
1633075 1633903
1634528 1634585
1651151 1651408
1746434 1746514
1978644 1979129
2066630 2067159
2069081 2070132
2101887 2102807
2170476 2171013
2289057 2289973
2514658 2515477
2726203 2728252
2996822 2997304
3130282 3131205
3186503 3187286
3269943 3270182
3365692 3366329
3424007 3426705
3427374 3428414
3470305 3470403
3583568 3584058
3619414 3619864
3624574 3625336
3652171 3653095
3762405 3763824
3764329 3765018
3941796 3946356
4035410 4040483
4153346 4153468
4166921 4169431
4176220 4176968
4208675 4212664
4295976 4296246
4498321 4499371
4507596 4508540
