Salmonella_0920_Ancestor_
1 255
1836 1975
63993 64225
65701 66109
78616 78688
84257 84385
92653 92868
103716 104011
109222 109607
140676 140986
172475 172585
189447 189760
202938 203463
209371 209584
227555 227836
289304 294506
298158 298497
320253 320603
323472 323611
335530 336113
337105 337318
349550 349691
369226 369744
388943 389194
410770 411129
470436 470522
499032 499313
506951 507671
514520 514604
520404 520491
574502 574780
586649 586892
596606 596805
605461 605558
630167 630390
651769 651981
654344 654622
662089 662405
704977 705060
735397 735576
741700 741957
748727 748842
757272 757394
787099 787202
819573 819638
822875 822972
827803 827977
829980 830557
831841 831915
838845 839126
847812 847921
858289 858816
861985 862144
880925 881107
887014 887481
925257 925512
980495 980681
999478 999808
1000766 1000859
1025116 1025636
1029601 1029924
1041186 1041529
1060998 1061284
1062370 1062718
1075231 1075532
1079609 1079789
1099756 1099805
1100794 1101448
1104399 1106071
1108269 1109799
1110336 1110870
1114774 1115605
1135535 1135822
1136884 1137535
1147724 1147792
1148327 1148678
1189788 1189890
1224285 1224581
1259474 1259634
1299561 1300147
1318714 1319141
1339109 1339319
1361345 1361622
1363468 1363662
1377563 1377765
1406021 1406256
1466227 1466400
1515717 1515923
1605967 1606324
1615972 1616695
1660123 1660237
1678670 1678917
1686785 1687079
1732624 1732779
1742172 1742582
1763297 1763513
1830256 1830439
1843360 1843656
1850064 1850221
1860068 1861072
1881330 1881465
1913291 1913405
1925653 1925927
1949908 1950000
1976264 1976722
1999345 1999625
2007115 2007201
2013119 2013396
2027123 2027363
2045473 2046243
2058018 2058202
2081254 2081477
2094244 2094585
2100437 2101044
2105676 2105779
2130673 2131007
2134436 2134540
2169656 2169937
2173146 2173285
2187666 2187966
2215037 2215206
2221591 2221685
2250502 2250749
2251307 2251515
2276330 2276610
2287173 2287303
2299478 2299754
2316598 2316816
2324821 2325005
2348310 2349237
2349783 2350001
2351548 2351646
2361836 2361999
2373239 2373514
2381776 2382147
2393300 2393407
2418434 2418670
2462310 2462523
2480051 2480199
2508517 2508586
2510734 2510949
2573211 2573282
2579319 2579840
2608586 2608918
2610204 2610541
2611815 2612160
2630885 2631029
2634138 2634191
2636188 2636265
2674793 2675366
2733391 2733486
2735309 2735402
2736039 2736574
2737751 2738038
2748188 2748473
2751345 2751490
2754431 2754603
2758522 2758706
2774057 2774152
2780900 2781691
2790861 2791333
2794669 2794786
2795544 2795740
2796627 2796725
2797270 2799628
2800537 2805685
2826959 2828785
2829303 2832216
2836405 2836591
2837730 2837785
2859837 2860084
2870432 2870736
2876899 2877108
2902728 2903019
2905460 2905778
2945987 2946233
2991788 2992012
3013027 3013185
3013877 3014022
3025062 3025277
3028960 3034375
3042236 3042413
3068653 3068830
3106482 3106537
3162971 3163035
3181257 3181411
3194306 3194827
3196082 3196714
3204055 3204391
3248645 3248801
3269786 3270046
3281627 3281911
3298159 3298475
3316938 3317383
3350557 3350804
3367223 3367538
3435407 3435591
3519177 3521976
3549885 3550156
3566963 3572111
3577621 3577811
3598409 3599372
3635150 3635668
3667584 3667803
3677691 3677911
3723107 3723370
3742646 3743104
3770094 3770349
3812773 3814448
3816471 3816561
3830120 3830348
3871546 3871686
3879644 3879893
3881762 3881994
3892105 3892465
3999968 4000023
4010721 4010999
4011504 4011661
4017532 4017815
4025621 4030759
4055516 4055779
4108815 4109343
4112320 4116879
4118102 4118167
4135864 4136060
4139636 4139744
4141763 4141966
4148761 4148824
4153648 4153797
4195913 4201356
4206974 4207273
4242571 4242784
4263714 4263985
4342624 4343026
4345421 4345502
4350975 4356406
4369179 4369384
4399002 4399271
4402300 4402713
4403782 4404352
4415289 4419981
4430683 4431007
4437607 4437808
4446614 4446709
4450143 4450336
4472965 4473033
4493037 4493149
4519075 4519166
4560041 4560510
4561733 4561884
4596673 4596841
4624520 4624776
4626245 4626447
4627282 4627435
4630529 4630726
4641593 4641848
4731608 4731660
4735567 4735990
4810538 4810648
4815281 4815530
4826449 4826600
4856067 4856237
