Buchnera_aphidicola_Schizaphis_graminum_0955
3932 4349
4921 5107
7716 8017
9020 9282
17240 17720
30664 30743
37286 38445
39032 39656
42032 42356
54967 55467
74120 74291
81206 81325
86047 86258
89381 89844
97206 97334
99228 99489
100042 100338
100902 101030
101590 101774
107846 108094
108996 109077
116098 116327
118386 118541
119965 120241
121748 122302
127074 127245
129109 129517
136507 136624
152144 152495
162539 163004
174591 174878
185409 185867
190267 190325
190852 191036
206543 206693
211044 211217
215213 215520
216891 217077
219824 220126
224202 224265
232986 233287
238206 238767
241408 242043
243044 243578
244355 245028
251024 251298
263645 263810
275837 276181
279027 279092
281020 281293
291313 291607
292628 292853
294785 294853
318344 319004
320177 320378
325808 325977
348705 349083
350308 350376
358635 358865
379273 379442
386927 386983
390600 391019
398841 398900
401109 401891
404417 404547
407697 407843
416292 416581
426132 426299
431077 431158
433853 433929
438182 438459
444121 444205
451521 451925
456724 456970
478003 478294
479141 479305
486561 486690
498149 498426
500849 501151
506120 506898
510221 510283
511607 511874
521231 521347
529380 529626
531046 531289
544209 544637
547587 547649
549061 549281
550744 550827
563121 563352
573168 573523
583734 583838
585351 585658
588689 588910
592548 592733
593252 593502
596154 596458
604751 605325
608080 608280
615881 616316
647139 647607
659153 659309
660178 660391
661328 661791
675737 675984
678381 678630
686374 686957
696094 696296
697317 697578
699368 699457
703589 703662
704445 704553
707090 707464
711120 711377
713755 713920
719502 719778
720488 720576
733387 733609
734203 734277
741468 741640
743967 744564
746020 746755
748787 748965
750371 750530
755212 755498
760929 761171
764826 765388
775980 776292
795187 795505
798441 798640
800700 801047
802143 802356
806025 806299
814347 814523
831189 831411
839442 839518
841164 842269
847469 847855
855544 855693
881737 881878
888880 889209
892095 892301
895537 895762
897544 897765
903886 904162
905741 906130
906704 907228
911241 911503
921366 921507
925525 925595
932237 932324
941395 941661
945230 945497
953537 953744
957751 957980
963271 963359
976913 977234
982258 982635
984956 985115
986638 986828
991590 991711
1001231 1001335
1023909 1024155
1029396 1029527
1035108 1035197
1037842 1037915
1048930 1049492
1067849 1068130
1087744 1087882
1095893 1096093
1102993 1103304
1110047 1110098
1111159 1111262
1123651 1123985
1129122 1129409
1134289 1134793
1139622 1139775
1143721 1143885
1146855 1146983
1156361 1156550
1161942 1162117
1162965 1163235
1182401 1182952
1186699 1187072
1194275 1194453
1197093 1197269
1205343 1205453
1209463 1209712
1213995 1214326
1215046 1215344
1218920 1218983
1234824 1235236
1235863 1236126
1238075 1238366
1239516 1240051
1247104 1247328
1249165 1249231
1255162 1255214
1259317 1259840
1260609 1260831
1267122 1267195
1277358 1277509
1279812 1279879
1281380 1282075
1295195 1295480
1308132 1308406
1312778 1312866
1316731 1317034
1319723 1319861
1321614 1321797
1326033 1326109
1358125 1358263
1362131 1362233
1364063 1364120
1368689 1368988
1377414 1377609
1387910 1388197
1389318 1389621
1399362 1399781
1402681 1403157
1407131 1407824
1412618 1412833
1432559 1432750
1440756 1441013
1441792 1442067
1443449 1443699
1445981 1446266
1448876 1449372
1450752 1451045
1500420 1500524
1503105 1503280
1512715 1512931
1514126 1514407
1516299 1516492
1519074 1519614
1522604 1522854
1525435 1525725
1527976 1528724
1529973 1530412
1531925 1532244
1535067 1535202
1539415 1539517
1546505 1546648
1566063 1566187
1573544 1573682
1577172 1577458
1582806 1583068
1585659 1585839
1596831 1597075
1600899 1601214
1605071 1605289
1617205 1617284
1619789 1619877
1626247 1626513
1632381 1632679
1640096 1640501
1641309 1641875
1648186 1648252
1654184 1654369
1656590 1656797
1661465 1661515
1662593 1662925
1671060 1671208
1678332 1678589
1691748 1692080
1692841 1693456
1699694 1699812
1703065 1703331
1730347 1730472
1741177 1741533
1742702 1742913
1747259 1747745
1749033 1749259
1753009 1753294
1760655 1761535
1778500 1778840
1795702 1796280
1805248 1805551
1807229 1807456
1826418 1826484
1830133 1830701
1839625 1839797
1843998 1844264
1849108 1849162
1850717 1850961
1855560 1855721
1858713 1859000
1887921 1888563
