Escherichia_coli_O157_H7_EDL933_0965
1 294
2920 3233
4858 5196
5719 6152
7197 7955
13065 13114
15186 15410
20740 21429
27328 28261
33306 33975
37029 37237
38538 38751
40112 40337
42145 42720
43826 43976
45074 45284
46510 46747
47490 47542
54382 54496
58169 58489
59331 60159
64418 64689
65354 66099
75175 75551
77938 78158
84584 85006
85619 85703
86550 86998
89673 89914
94434 94936
98652 98744
100334 100637
103585 103746
109235 109854
112386 112703
114382 114480
116249 117689
118642 118950
120087 120159
121153 121373
123079 123545
126667 126795
131538 132020
133250 133467
134680 135322
141660 141999
143395 143557
145091 146486
149552 149658
155121 155406
160598 160705
170004 170213
170862 171089
172870 173053
174051 174145
176506 176557
177111 177172
179653 180461
181021 181238
182372 183143
184880 185133
192876 193029
194616 195274
195894 196751
200441 201585
203802 203954
206160 206377
207759 207870
209962 210077
211381 212306
213493 214108
216339 216652
224235 224443
227215 228696
230775 231084
231676 232865
234222 234514
239062 239303
242783 242993
247425 248551
250979 251097
253432 253753
259108 259190
261358 262244
265215 265466
271859 272027
274771 275507
280982 281164
286023 286502
290336 291449
291959 293206
293744 294166
294847 295115
296030 296828
299847 300973
301997 302332
306301 306516
307448 307557
321145 322084
322969 323164
330156 330358
331342 331721
332621 333232
333872 334083
338764 338935
340418 340590
346284 346635
347680 347951
349584 349920
352909 353297
354135 354328
356713 357041
360812 361186
364471 364781
371152 371242
372547 372598
374463 374837
375477 376976
379677 379794
380706 381527
388324 388642
393014 393238
394888 395071
398253 398882
400882 400947
401787 402144
409481 409748
413757 413883
417383 417807
419930 420675
426740 427088
431242 431453
432890 432951
434298 434465
435217 435279
437811 438375
441391 442310
443372 443596
445692 445916
446631 447312
449922 451715
454904 455381
459979 460520
462297 462580
463153 463251
467860 468055
469526 470084
477329 478817
479498 479710
480625 480823
489883 490950
492037 492478
498145 498337
500228 500825
503097 503748
509275 509403
512650 513240
514949 515415
516723 517065
523405 523776
525452 526272
529176 529681
530663 531005
531585 531826
534467 534813
543556 544325
548442 549182
551587 551782
562497 562640
565187 565411
569668 570297
575320 576206
578940 579056
585664 585747
590446 590750
592544 592632
603296 604945
608760 608984
612118 612177
616317 616834
617863 617968
618614 619810
620915 621396
623616 623677
625120 625173
627052 627243
629014 629116
629648 630476
635633 635882
636579 636732
639776 640072
648536 648675
650287 650652
651974 652182
655194 655418
657244 657865
659591 660986
664402 665518
666892 667256
674790 676055
677480 677588
679384 679755
683057 683346
684330 686108
686621 687236
687774 688373
690944 691218
693264 693352
696098 696220
697688 698251
700547 700822
703729 703884
710729 711226
712163 712278
713071 713180
715255 715581
719663 720222
721272 721369
722095 722405
726290 726551
728198 728329
732131 732451
735403 735674
739846 739917
741511 743022
743633 743869
744719 745090
745610 745833
746695 746950
748077 748218
750354 750577
752450 752604
754149 754312
759595 759863
761076 761285
765394 765590
768634 768846
773057 773263
775511 775783
781798 782039
785205 785914
789425 789599
793830 794224
795049 795288
798498 798929
800835 801142
801790 801947
803258 803643
809252 809529
812255 812537
813860 814388
815460 815671
818526 818739
819537 819859
827138 827198
838289 838441
843208 843369
846078 846912
847477 847820
850141 850221
851284 851573
853628 853929
854996 855045
858042 858510
859176 859242
861055 861710
871171 872410
872981 873034
875548 875863
877231 877493
878666 879111
883229 883485
886034 887598
891594 891803
892351 892722
895696 895971
896696 897277
897897 898028
901082 901311
902551 902632
904142 904333
905035 905286
909030 909127
912624 912736
917362 917467
918132 918238
919751 919836
921552 921820
922810 923081
924137 924263
924877 925167
929137 929186
929687 929845
931350 932533
933179 933397
934590 935005
937667 938023
939097 939830
943156 943480
944177 944477
945829 945882
946772 947059
949542 949987
962214 962467
965684 966968
968209 968338
972536 972635
976923 977530
978242 978427
982004 982168
984747 984935
986264 986397
991795 991944
993926 994070
996922 997945
998790 999072
1000333 1001105
1001702 1001948
1002888 1003217
1005113 1005273
1006386 1006517
1008676 1008729
1009327 1010020
1016837 1017082
1017585 1017730
1018251 1018320
1020355 1020882
1023749 1023951
1025106 1025540
1045660 1045807
1047853 1048036
1051475 1051820
1053773 1053885
1054457 1054607
1058577 1058670
1061394 1061791
1072610 1073282
1074275 1074869
1078048 1078360
1080810 1081135
1082888 1083219
1084292 1085050
1087242 1087360
1099483 1099857
1104225 1105061
1106681 1106834
1108946 1109248
1114815 1115350
1117292 1117392
1118373 1118435
1119098 1119611
1124590 1124751
1126590 1127150
1131165 1131996
1135042 1135648
1137986 1138080
1141109 1141637
1142639 1142813
1148758 1149302
1150464 1150903
1153212 1153318
1153998 1154164
1154826 1155007
1155854 1155960
1160237 1160349
1166116 1166674
1168493 1168639
1173502 1173687
1176719 1177956
1178622 1178949
1183409 1183614
1186829 1187579
1188554 1189447
1191663 1191733
1192382 1193119
1198381 1198801
1199797 1200236
1208080 1208250
1214291 1214484
1217797 1218061
1220630 1221261
1221853 1222038
1223463 1223611
1228494 1228696
1232582 1233038
1233603 1233734
1235087 1235167
1238377 1238967
1239710 1240619
1242841 1243006
1245583 1245906
1251505 1252361
1259936 1260609
1264307 1265332
1267045 1267775
1269776 1269887
1272614 1272854
1273409 1273683
1274701 1274887
1276004 1276910
1281089 1282772
1288661 1288959
1305713 1306556
1308873 1309169
1313641 1314097
1316435 1316948
1321118 1321432
1322662 1322824
1323902 1324510
1331273 1331498
1338672 1339040
1339635 1340177
1340696 1340870
1344895 1345108
1346241 1346566
1351532 1351847
1355196 1355383
1356802 1357072
1368574 1368835
1371641 1371842
1373648 1373799
1374534 1375051
1375697 1376136
1379135 1379362
1380458 1381206
1383455 1383814
1384624 1385533
1389075 1389344
1393369 1393704
1398651 1399739
1404093 1404877
1406784 1407607
1409320 1409574
1417887 1417990
1418784 1419520
1421625 1421941
1426082 1426461
1428425 1429240
1433607 1433916
1435346 1435496
1442814 1442864
1448498 1448554
1449523 1449685
1454986 1455130
1459654 1460754
1463395 1463563
1465949 1466495
1467196 1467445
1469034 1470573
1476257 1477365
1477969 1478183
1482369 1483860
1487701 1487795
1489814 1490259
1494309 1494479
1499261 1499379
1500621 1500989
1503490 1503977
1505766 1505961
1509530 1509643
1510250 1511160
1512167 1513525
1518316 1519111
1520480 1520714
1522854 1523309
1523874 1524130
1524758 1525078
1526473 1526757
1527308 1528174
1529805 1530772
1536762 1536861
1540662 1540762
1544945 1545000
1548130 1548335
1549907 1550168
1556662 1556922
1559662 1560110
1560733 1560934
1564190 1564626
1567618 1567913
1570338 1570694
1573494 1573935
1574886 1575163
1577532 1578171
1580414 1580730
1583549 1584723
1585831 1586132
1588587 1589717
1592943 1593116
1599476 1599843
1604985 1605791
1606437 1607481
1608570 1608851
1611517 1611812
1612760 1612940
1617229 1617545
1619201 1619333
1626799 1627183
1629266 1629805
1632991 1633685
1636946 1637362
1637934 1638358
1641641 1641697
1643165 1643515
1647164 1647746
1649339 1649466
1654537 1654673
1655285 1655444
1659718 1660048
1660733 1660805
1662115 1662399
1662971 1663363
1664126 1664492
1665672 1666267
1668402 1668492
1672107 1672336
1674154 1675576
1680740 1681078
1684436 1685070
1686167 1686935
1693701 1694471
1695444 1696480
1699928 1700013
1700935 1701173
1705699 1705967
1706669 1706805
1709442 1709560
1711491 1711835
1715642 1715709
1717427 1717577
1719603 1719923
1720675 1721793
1722361 1722692
1723427 1723506
1727482 1727580
1729897 1730265
1731639 1732594
1733479 1733602
1735718 1736102
1741179 1741342
1743261 1743514
1751027 1751397
1755478 1755857
1758012 1758729
1759998 1760110
1761138 1761870
1764069 1764370
1767535 1768091
1770526 1770605
1772317 1772570
1776332 1776500
1779128 1779268
1784329 1784405
1785040 1785258
1785979 1786395
1789300 1789479
1790199 1790292
1794346 1794717
1796999 1797217
1798759 1799274
1800986 1801271
1805234 1805532
1810056 1810118
1810634 1811024
1812513 1812767
1814148 1814209
1817902 1817951
1826193 1826336
1827971 1828756
1830216 1830482
1831189 1831472
1832890 1833231
1835534 1835977
1836935 1837186
1839650 1840116
1840799 1840919
1841783 1842052
1843887 1844015
1844537 1844796
1849837 1850872
1866105 1866477
1869842 1870116
1872331 1872585
1881273 1881413
1886234 1886299
1888057 1888303
1889118 1889880
1892156 1892495
1894464 1895269
1897759 1897914
1898533 1898791
1899862 1900159
1900744 1901063
1903744 1904672
1905402 1905639
1909241 1909533
1910726 1911139
1912903 1913041
1914710 1914930
1915872 1915979
1917997 1918174
1921481 1922266
1922801 1923639
1926977 1927084
1930288 1930555
1933617 1934471
1935865 1936283
1937044 1937251
1938386 1938544
1939281 1939569
1940336 1940911
1942382 1943264
1944962 1945287
1950652 1950892
1959661 1959922
1961850 1962408
1965414 1965637
1967924 1968246
1973425 1973523
1974096 1974172
1975207 1975330
1979002 1979179
1981674 1981961
1983443 1983734
1984520 1984625
1985186 1986348
1987137 1987539
1988967 1989571
1990910 1990961
1995074 1995357
2002281 2002476
2003938 2004213
2008970 2009292
2012098 2012193
2013362 2013511
2014495 2014764
2015782 2016056
2018486 2018635
2020766 2021784
2022467 2022752
2023823 2024860
2027703 2028019
2032204 2032407
2034609 2034708
2041656 2041949
2046167 2046360
2048428 2048490
2055211 2055276
2056258 2056754
2058790 2060231
2067310 2067542
2071182 2072095
2072787 2073227
2074641 2074912
2077818 2078383
2079459 2080296
2080997 2081187
2083523 2084370
2085386 2085554
2089809 2089992
2091115 2091623
2097174 2097343
2098041 2098358
2106059 2106195
2112883 2112940
2118678 2119215
2122962 2123173
2125245 2126117
2132052 2133095
2133707 2133912
2135795 2135927
2139785 2141389
2147733 2148080
2153779 2153878
2154748 2155186
2157998 2158101
2161803 2162021
2167162 2167500
2170031 2170281
2173974 2174579
2176560 2176856
2179939 2180223
2184678 2184993
2186774 2187191
2191226 2191621
2195090 2196985
2198665 2198971
2199527 2200021
2202479 2203157
2209901 2209951
2221763 2221862
2223506 2223555
2224854 2225261
2228860 2229147
2229658 2229964
2234016 2235516
2245712 2246465
2247776 2248456
2249044 2249316
2250921 2251879
2253962 2254160
2254836 2255353
2257906 2258920
2264221 2265535
2266089 2266179
2267968 2268093
2269236 2269636
2277067 2277364
2280991 2281048
2283440 2284196
2284814 2285186
2286454 2286817
2289766 2290242
2293873 2294072
2294655 2295049
2295696 2296449
2297746 2297860
2299525 2300290
2306904 2307326
2310675 2311088
2311990 2312356
2319660 2319863
2321715 2321951
2323083 2323387
2324286 2324398
2324980 2325197
2327743 2328188
2329444 2329516
2330087 2330249
2332669 2333421
2334429 2335353
2335985 2336071
2336696 2337642
2342740 2343055
2353985 2354751
2356833 2357158
2364912 2365713
2370359 2370549
2371348 2371806
2372589 2372723
2373399 2373828
2375707 2375941
2377166 2377246
2383353 2383814
2388340 2388600
2389120 2389230
2393495 2393646
2394270 2394721
2398114 2398338
2400361 2400778
2402028 2402183
2405392 2405850
2408627 2408782
2411815 2411994
2412891 2412972
2414128 2414332
2419756 2420139
2421509 2421582
2423556 2424043
2425231 2425634
2426599 2426789
2429867 2429952
2430700 2430896
2434620 2434991
2438128 2438340
2439009 2439701
2440209 2440597
2448350 2448434
2452298 2452895
2454370 2454502
2459207 2459424
2460669 2460729
2461525 2461736
2463817 2464488
2467982 2468332
2470240 2470393
2472902 2474432
2475112 2477124
2481579 2481776
2491056 2491220
2494012 2494433
2494940 2495118
2496088 2496643
2498714 2499732
2503714 2503966
2508040 2508314
2509179 2509477
2512039 2512387
2515754 2516769
2517372 2517425
2521972 2522473
2523079 2523203
2525354 2526514
2527712 2528082
2530538 2531250
2533061 2534073
2537644 2537878
2542330 2542620
2544052 2544231
2548082 2548235
2549698 2550015
2550699 2550862
2557728 2557825
2558368 2558609
2563922 2564162
2570413 2570597
2573897 2574173
2574691 2576114
2576678 2577393
2580404 2580761
2581419 2582056
2585795 2586366
2587931 2589053
2590013 2590303
2593883 2594045
2598364 2598528
2600010 2600394
2601712 2601995
2603182 2603416
2604708 2605950
2606923 2607312
2609480 2610353
2612415 2612723
2618273 2618343
2619504 2619834
2622165 2622782
2625318 2625578
2627250 2627445
2628216 2628951
2633318 2633800
2635648 2635801
2637699 2637948
2639299 2640370
2640914 2641047
2647040 2647611
2649217 2649476
2653353 2654205
2655012 2655822
2661313 2662019
2665047 2665353
2670444 2670548
2671805 2672038
2672550 2673739
2682017 2682078
2692276 2692613
2695535 2696463
2702018 2702169
2708525 2708683
2710117 2710454
2712966 2713142
2714947 2715125
2718358 2718688
2719458 2719651
2722289 2722450
2726186 2726260
2726802 2727144
2728505 2728654
2729671 2729730
2731086 2731489
2741529 2741692
2742408 2742505
2743815 2744047
2744700 2744918
2746134 2746192
2749451 2749652
2751441 2752010
2756325 2756720
2762063 2762185
2768772 2768865
2772081 2772642
2776886 2777126
2778118 2778597
2779218 2779333
2785790 2786013
2787300 2787809
2791088 2791244
2791748 2792069
2793573 2793942
2796755 2796873
2800791 2800916
2806061 2807375
2808004 2808294
2813963 2814374
2816243 2816349
2821759 2821917
2823739 2823892
2824993 2825062
2826128 2826533
2827522 2827763
2828810 2829207
2830522 2830734
2831397 2831591
2836284 2836941
2838361 2838884
2840923 2841065
2853147 2853285
2855526 2856896
2858778 2859435
2861492 2862483
2863138 2863768
2864649 2865490
2867658 2867819
2870179 2871032
2872388 2872682
2874834 2875053
2875565 2875826
2880917 2881255
2883284 2883545
2885997 2886051
2886694 2886993
2889219 2889825
2895237 2895461
2899079 2899421
2901267 2901667
2902408 2902916
2903447 2904096
2904676 2905132
2912736 2912853
2914630 2914927
2925040 2925540
2927410 2928832
2934448 2934735
2938119 2938584
2940955 2942376
2943538 2943985
2944902 2945609
2953585 2953646
2961909 2962516
2965570 2966038
2972282 2972531
2977153 2977218
2979366 2980040
2983072 2983337
2984012 2984095
2985048 2985335
2987886 2989179
2992552 2992817
2998675 2998743
3001204 3001633
3002398 3003077
3005351 3005842
3006712 3006795
3007778 3008476
3010125 3010399
3012597 3013642
3015795 3015950
3021121 3022245
3028155 3030787
3039992 3040887
3041695 3041918
3044012 3044648
3045434 3047388
3050304 3050794
3052775 3053026
3053690 3054320
3054931 3056187
3057713 3058268
3059296 3059506
3060457 3061402
3062063 3062150
3063719 3063991
3066309 3066636
3067731 3067827
3068797 3069199
3070776 3070963
3072906 3073773
3076841 3077192
3077965 3078541
3079821 3080756
3082075 3082694
3085352 3085895
3092279 3093089
3095930 3096237
3098073 3098307
3099594 3099800
3102360 3103080
3103787 3104317
3104919 3105216
3109081 3109137
3110116 3110649
3112452 3112841
3113736 3114152
3122804 3123042
3127505 3127604
3129029 3129386
3134780 3135267
3136068 3136369
3137000 3137871
3139443 3139780
3141435 3142552
3144804 3145230
3150832 3152901
3155834 3156033
3159750 3159842
3166506 3166556
3167331 3167451
3168662 3169635
3170888 3171013
3171822 3171920
3175222 3175688
3178775 3179014
3183162 3183386
3186237 3187069
3188959 3189135
3191150 3191280
3194110 3194315
3194840 3194945
3195838 3196076
3197723 3198684
3201920 3202311
3203281 3203485
3206438 3207932
3211061 3211737
3212987 3213501
3214368 3214624
3224858 3225057
3227158 3227223
3233330 3233769
3234360 3234820
3236007 3236200
3236988 3237666
3243768 3244518
3250574 3250920
3253689 3254324
3261986 3262298
3269791 3270449
3271728 3271940
3275310 3275884
3279421 3279854
3285219 3285475
3290201 3290519
3300126 3300455
3301210 3301533
3302173 3302524
3305271 3305533
3307903 3308119
3314002 3314282
3316074 3316839
3319790 3320784
3322246 3322536
3324998 3325145
3326412 3326655
3327897 3328258
3331151 3331540
3335211 3335314
3337234 3338076
3339366 3339425
3341843 3341933
3348428 3348519
3353355 3354070
3355063 3355268
3357548 3357870
3359204 3359348
3360397 3361139
3362790 3363619
3364638 3364925
3365813 3366080
3369326 3369561
3370062 3370240
3372677 3372874
3373610 3373763
3376165 3376534
3378056 3378145
3379673 3380246
3381349 3381798
3382322 3382511
3384262 3384483
3387515 3387825
3388409 3388622
3389940 3390070
3390874 3391226
3392702 3392860
3394052 3394329
3397409 3398356
3401343 3401593
3410683 3411699
3415553 3415706
3417370 3417757
3419124 3419231
3421519 3421976
3422851 3423276
3424328 3424516
3425028 3425275
3432249 3432625
3434239 3434496
3439669 3440128
3443928 3444155
3446389 3446658
3449421 3449582
3454707 3454867
3459974 3460163
3460754 3460845
3464770 3464963
3465582 3465773
3466488 3466551
3468677 3469102
3471459 3471738
3473496 3473609
3475540 3475814
3477978 3478164
3482411 3482714
3485103 3485388
3486654 3486717
3490833 3491166
3492856 3493337
3498673 3499149
3500788 3500964
3503178 3503686
3507780 3507871
3510575 3510670
3511256 3511733
3512820 3513459
3517128 3517519
3519410 3519686
3521697 3522278
3524306 3524406
3524991 3525233
3528504 3529237
3530204 3531095
3532544 3532779
3538840 3539244
3541471 3541662
3542181 3542240
3543755 3544022
3548656 3548913
3551601 3551808
3554257 3554340
3559213 3559566
3563393 3563779
3564315 3564761
3566815 3567046
3567941 3568092
3569604 3569722
3570589 3571776
3576086 3576182
3577033 3577146
3577758 3577851
3578486 3578616
3579179 3579610
3583097 3583587
3584089 3584210
3586691 3587094
3597068 3597293
3597999 3598739
3599586 3601375
3602366 3602459
3603615 3603726
3607041 3607371
3608477 3608568
3612612 3612794
3617326 3617916
3620169 3621297
3623417 3624475
3626109 3628208
3631767 3631970
3632738 3632958
3634518 3635219
3636380 3637050
3638443 3639144
3640852 3641369
3643358 3643783
3646780 3646869
3650307 3650526
3651138 3651530
3654804 3655749
3663945 3665399
3666429 3666645
3668645 3669278
3672362 3672678
3675491 3675570
3679092 3679379
3682897 3683409
3685980 3686649
3690523 3690585
3694419 3694717
3696820 3697265
3702849 3703080
3706596 3706988
3709473 3709749
3712966 3713205
3713900 3714000
3714880 3716038
3718494 3718574
3723553 3723829
3729118 3729569
3734961 3736148
3736980 3737046
3740212 3740881
3741556 3741973
3743373 3743550
3744598 3744906
3748918 3749019
3752708 3752918
3757167 3758110
3759649 3759858
3763132 3763703
3764661 3764998
3765510 3765577
3767724 3767798
3769731 3770314
3771157 3771435
3774014 3774446
3776296 3776360
3778111 3778250
3778763 3779610
3788546 3788657
3789409 3789611
3790226 3791535
3793540 3794265
3794882 3795049
3796404 3797119
3799733 3800023
3801857 3802533
3805151 3805260
3807323 3807731
3810012 3810246
3813054 3813586
3818946 3819051
3819654 3820560
3821087 3821403
3822420 3823263
3824794 3824891
3827294 3827357
3830094 3830321
3831078 3832275
3832879 3833297
3842451 3842840
3846980 3847140
3851914 3852323
3855979 3856052
3859021 3859807
3861074 3861273
3862163 3862374
3864297 3864600
3865501 3865649
3866175 3866416
3867400 3867620
3871806 3872116
3880551 3880732
3882063 3882695
3884262 3884578
3886848 3886979
3887921 3888781
3892181 3892346
3894339 3894520
3898233 3898856
3900047 3900623
3902480 3902540
3904996 3905229
3908587 3908684
3912987 3913609
3914959 3915691
3918807 3920087
3923311 3923484
3926389 3926466
3929307 3931267
3934471 3934655
3935338 3935519
3937444 3937835
3942196 3942473
3949548 3950045
3952074 3952170
3953057 3953469
3954195 3955639
3957785 3958550
3962467 3962695
3963447 3964200
3965363 3965790
3966549 3966872
3973915 3974199
3976582 3976872
3980902 3981158
3982695 3983645
3984933 3985609
3987542 3987596
3988978 3989241
3990854 3990994
3992612 3992762
3994774 3995751
3997062 3997607
3999707 3999858
4006388 4006737
4009280 4009375
4018744 4019036
4021881 4022090
4028155 4028344
4031703 4032695
4033489 4034577
4049682 4050411
4052148 4052440
4056004 4056969
4059539 4059796
4066474 4066892
4069032 4069412
4073312 4073496
4076621 4076925
4077680 4078556
4084180 4085213
4087198 4087345
4089500 4090001
4091158 4091302
4093492 4094145
4106226 4106636
4107859 4108139
4108708 4108798
4109481 4109919
4111164 4111781
4115628 4115887
4116861 4116945
4117537 4118428
4119653 4119977
4122617 4122970
4131500 4131549
4142630 4143036
4144379 4144898
4145872 4145959
4147023 4147837
4148559 4149346
4152252 4152471
4156522 4156816
4164723 4164974
4167454 4167577
4170250 4170855
4175743 4175922
4181882 4182534
4184783 4185391
4187831 4187904
4190371 4190530
4192787 4192999
4194540 4194690
4196049 4196488
4197373 4197522
4204108 4204503
4206400 4206557
4211850 4213917
4215309 4215991
4222205 4222772
4228726 4228799
4230737 4231662
4232540 4232735
4239606 4239709
4243344 4243437
4246977 4247218
4249901 4251046
4253400 4254166
4254807 4255727
4256404 4257012
4257605 4258213
4261232 4261405
4263150 4263293
4264501 4265140
4266591 4267032
4267599 4267685
4268203 4268479
4270311 4270486
4275225 4275452
4280122 4280404
4282994 4283197
4288020 4288217
4288756 4289290
4292712 4292976
4296971 4297321
4298787 4299655
4305698 4306165
4306993 4307230
4310230 4310516
4311104 4312894
4314663 4315274
4322182 4322568
4323387 4323706
4326240 4326830
4330479 4331127
4333137 4333247
4345110 4346674
4352918 4353293
4356463 4356533
4361691 4362158
4363839 4364227
4367507 4367792
4369736 4370211
4374064 4374185
4378142 4378396
4380256 4380538
4386819 4386928
4387536 4387927
4389666 4390710
4391801 4392111
4394180 4394788
4398697 4398904
4402191 4402322
4403377 4403479
4408572 4408623
4413437 4413936
4416587 4416946
4419391 4419629
4420523 4420748
4423381 4423925
4424695 4424853
4430391 4431021
4433317 4433477
4434341 4434499
4435162 4436078
4437361 4437445
4439296 4440179
4442073 4442209
4446279 4446643
4448679 4448977
4451255 4452572
4454114 4454352
4457078 4457175
4458868 4459758
4460827 4462591
4463422 4463988
4465231 4465394
4469293 4469357
4474140 4474653
4475423 4475483
4479750 4479866
4483126 4483307
4484126 4484363
4484906 4484972
4488379 4488778
4490177 4490596
4497069 4497601
4503663 4503804
4504734 4505702
4506825 4507592
4508163 4508294
4509842 4510425
4514437 4514598
4516357 4516553
4517384 4517647
4519270 4519417
4519999 4520704
4536667 4537181
4537914 4539120
4540230 4540544
4544928 4546275
4553391 4553801
4556979 4557189
4557715 4558620
4562130 4562265
4562767 4562877
4564418 4565342
4565991 4566380
4570101 4570261
4574540 4575145
4577990 4578252
4580031 4580214
4583193 4583499
4585192 4586019
4591430 4592087
4599438 4599912
4603454 4603681
4604205 4604328
4607604 4607806
4615879 4616133
4618410 4618979
4620636 4621776
4624198 4624416
4625843 4626112
4628524 4628682
4630262 4630704
4633118 4633170
4633995 4634316
4635655 4636179
4639225 4639948
4642020 4642278
4645381 4645430
4649310 4649542
4650695 4651321
4652113 4652393
4658603 4658697
4660570 4660760
4670573 4670964
4672851 4673016
4679444 4679891
4680939 4681006
4683814 4683911
4691517 4692005
4692784 4692889
4693435 4693665
4694254 4694717
4701120 4701255
4703270 4703700
4711029 4711447
4712016 4712066
4715565 4715830
4716419 4716512
4718379 4719130
4719902 4719958
4720592 4720651
4721858 4722113
4724013 4724246
4726939 4727163
4728726 4729134
4731313 4731772
4732427 4733120
4735014 4735329
4736852 4737126
4741434 4741926
4743736 4743873
4744420 4744892
4749025 4750405
4754840 4755169
4755690 4755863
4758184 4758704
4759253 4759305
4761245 4761433
4768667 4769783
4771617 4771892
4777244 4777318
4782784 4782866
4784739 4784993
4788728 4788790
4789473 4789872
4792465 4793300
4794032 4794622
4797239 4797776
4799999 4800402
4801933 4802006
4802704 4803051
4804580 4804636
4805220 4805416
4806144 4806441
4808978 4809782
4812427 4812792
4815579 4815827
4817917 4818449
4821593 4821700
4825203 4825395
4828914 4828998
4832796 4832878
4834123 4834326
4835772 4836030
4837125 4837287
4840432 4840535
4842011 4842431
4844624 4845443
4846941 4847472
4848397 4848629
4849181 4849412
4852588 4853031
4855453 4855553
4856889 4857343
4864577 4865479
4866199 4866983
4870192 4870312
4871527 4871643
4872687 4872976
4876286 4878221
4880980 4881215
4886442 4886598
4894610 4894671
4901284 4901499
4902701 4903961
4906540 4906937
4908011 4908096
4909191 4910150
4912383 4912651
4913328 4913415
4918708 4919062
4919567 4919842
4926798 4926894
4927445 4927723
4928594 4929132
4935293 4935363
4940564 4940767
4942408 4944218
4946179 4947142
4948549 4948798
4951412 4951947
4956450 4956647
4959563 4960348
4964504 4965091
4965881 4965986
4974853 4975005
4976128 4976254
4976916 4977936
4978963 4979531
4980443 4981144
4985153 4985558
4986960 4987314
4987926 4988154
4990716 4990849
4992099 4993230
4996434 4996854
5000430 5000565
5001087 5001355
5003645 5004120
5006443 5006591
5007637 5008042
5012813 5012920
5016748 5016857
5017701 5017883
5021905 5022721
5024333 5024610
5025545 5026024
5034307 5034638
5036809 5036972
5041634 5042351
5044484 5044656
5046284 5046491
5047659 5047750
5048796 5049482
5050027 5050532
5051495 5051941
5055297 5055495
5056551 5056763
5059238 5059847
5062016 5062278
5066571 5067550
5081327 5081453
5082175 5082447
5089697 5089971
5090518 5090941
5092019 5092179
5093114 5093422
5098662 5098908
5099644 5099796
5103033 5103981
5105839 5106182
5108097 5109510
5111786 5112023
5117941 5119694
5121115 5121480
5124992 5126315
5139332 5139385
5140406 5140670
5143026 5144591
5148110 5148175
5158085 5158344
5159801 5160763
5165293 5165898
5170081 5170305
5172686 5172765
5175060 5175166
5178089 5178575
5179866 5180504
5183614 5184358
5188867 5189002
5189671 5190202
5192003 5192404
5193304 5193387
5194133 5194224
5194963 5195109
5198449 5198705
5199666 5199967
5202531 5202936
5205164 5205408
5208022 5208361
5212093 5212981
5225280 5225504
5226153 5226799
5228139 5229750
5231876 5231997
5234959 5235574
5236211 5236296
5238175 5238292
5238913 5238989
5245129 5245492
5247185 5247244
5250142 5251017
5257811 5258283
5259332 5259470
5259985 5260350
5261254 5261410
5262761 5263020
5264462 5265151
5267814 5268124
5273171 5273248
5274183 5274446
5282684 5283057
5286099 5286280
5290028 5290211
5293759 5294244
5299334 5299498
5300174 5300363
5303124 5303626
5304195 5304244
5306607 5306786
5308685 5309050
5314015 5314537
5321797 5322024
5327533 5327695
5334353 5335158
5338746 5339919
5342951 5343024
5343550 5343742
5345000 5345429
5346005 5346751
5349011 5349147
5349813 5350584
5352375 5352577
5355642 5355868
5361656 5361882
5362385 5362616
5364662 5364715
5365905 5366884
5369407 5369602
5370866 5370980
5371842 5371963
5373293 5374342
5375715 5376421
5380067 5380142
5387875 5388527
5391544 5391706
5392638 5392968
5395830 5395972
5397496 5397815
5404482 5404664
5407357 5408082
5410962 5411456
5415705 5415901
5420775 5421375
5425407 5426803
5431591 5431943
5436274 5436800
5439239 5439449
5449031 5449302
5450610 5451149
5452569 5452758
5455611 5455939
5458559 5458651
5462188 5462364
5467776 5467844
5471464 5471568
5474776 5475127
5475753 5476543
5477392 5478086
5480871 5480968
5483286 5484023
5484671 5484828
5486517 5486807
5498326 5498395
5499057 5499299
5508574 5508722
5511519 5511606
5514855 5515203
5516883 5517256
5518598 5518938
5519603 5519731
5520621 5521095
5521881 5521947
5524861 5525947
5531960 5532373
5533221 5533748
5537322 5537530
5538268 5538468
5539280 5539456
5543545 5545373
Escherichia_coli_O157_H7_EDL933_ancestor
1 294
2920 3096
4858 5196
5719 6152
37598 37760
41884 42370
43550 43869
48621 49144
50536 50718
53903 54136
57016 57510
58622 61226
61759 61955
63328 63779
77645 77997
82617 82854
85293 85503
95085 95356
96664 97203
98623 98875
100567 101108
104155 104705
105897 106497
108242 108418
113830 113898
117518 117622
123446 124140
124819 125140
126206 127022
130725 130882
132571 132861
137216 137637
139297 139493
144380 144449
145111 145353
148040 148692
156425 156500
162225 162489
165587 165701
166965 167160
168285 168366
170100 170641
171852 171905
174685 174911
178193 178778
180699 180925
183990 184192
185983 186259
187420 187952
189816 190562
191138 191567
192825 193017
197081 197247
201909 202214
202716 202959
205636 206142
208872 209034
211526 211987
214543 214770
222030 222552
224341 224717
225689 226364
226977 232372
236204 236393
237071 238007
246356 246539
250287 250468
253510 253883
262121 262384
263334 263715
269437 269759
270473 271572
272920 274221
275157 275313
276217 276582
277097 277235
278284 278756
281439 281779
285550 285869
289323 289382
291075 291438
294002 294482
295919 296033
298275 298392
300993 301608
303438 304691
311063 311287
315432 316471
319627 319682
328206 328545
331159 331403
336600 336901
337862 338118
339120 339967
341458 341604
342343 342434
343180 343263
344163 344564
345443 347703
361401 361507
363802 363881
364434 364950
365739 366047
370132 370530
371287 371422
381247 381809
384411 384648
392419 392883
393740 394105
398779 398994
399585 400337
403588 403862
405913 406070
411935 412540
417070 417222
417752 418032
419489 419748
424923 425086
432272 433301
437285 437562
439174 439990
442247 442459
447712 447974
450962 451338
452598 453246
458361 458711
463511 463606
467023 467149
467871 468143
480173 480238
490974 491470
492149 492539
494671 495093
496062 496197
497681 497884
499277 499752
502075 502223
503450 503674
508445 508552
511187 511521
512380 512489
513333 513515
516336 516786
517452 518098
521299 521804
522349 523035
524081 524172
525340 525547
527175 527347
529385 530197
535966 536019
536598 536901
540604 540850
543796 544064
550121 550475
550980 551779
555757 555995
558858 559136
560422 561638
566706 566776
571977 572180
573170 573220
573821 575106
579144 580211
582825 583360
587863 588060
591436 591761
592374 592528
596187 596504
597294 597399
606266 606418
608329 609349
610376 610944
614275 614456
615206 615868
616566 617990
618676 619590
621287 621502
622704 622920
623729 623964
626543 626940
628014 628723
631927 632129
637003 637231
637843 638197
641896 641957
643598 643735
648603 648717
649969 650125
655352 655587
657566 658185
658930 659259
659907 660691
663900 665351
666395 666684
668020 669445
669994 670810
674462 674770
679224 679678
681014 681114
683841 683979
687155 688170
689095 689777
691124 691445
694136 694981
696032 696134
699280 702444
703688 703771
710769 711604
714994 715443
717336 717738
718323 718706
720237 720310
721008 721355
722884 722940
723524 723720
727282 728086
729308 730049
730731 731067
733883 734131
736221 737023
740258 740580
742103 742377
743286 743761
746685 747177
748987 749124
749671 750143
754826 755656
760941 761114
763435 763955
766496 766685
773918 774985
776343 777143
780827 781538
782495 782569
787270 787401
788035 788117
789990 790232
793979 794041
798119 798311
801814 801921
805065 805333
807433 811516
812321 812554
813804 815187
816609 816665
820055 820588
823396 823493
831024 831587
832366 833247
833836 834299
846429 846842
849468 850425
851746 851911
856838 857499
860050 860315
862606 862814
863814 864851
869824 870397
872180 872610
874625 874760
875807 875997
879355 879479
880923 882464
887745 888350
891195 891457
893236 894085
895377 895876
896392 897725
900118 900832
910441 910755
912311 912552
913804 913978
916388 917778
918316 918407
919306 920230
923640 925572
928639 929038
932045 932702
933304 933400
940053 940527
942240 942759
944087 944296
944820 944943
948219 948421
956494 957118
962908 963907
964813 965031
966458 966727
968671 969297
970843 971319
973730 973785
977923 978646
981692 981966
982635 983436
985996 986045
989925 990157
992757 993008
993716 993876
995299 995672
997597 997986
998635 999361
1001100 1001210
1001712 1001847
1005520 1005758
1008484 1008581
1009655 1011164
1013549 1013997
1016637 1016800
1020699 1020763
1025546 1026059
1026829 1026889
1027645 1028616
1030406 1030532
1031270 1031325
1034532 1034713
1035532 1035769
1036312 1036378
1037313 1037663
1038600 1040184
1046614 1046994
1048475 1049007
1055069 1055176
1056674 1058131
1059203 1060684
1061576 1070863
1071405 1073699
1074279 1075052
1076785 1080881
1081584 1088311
1088977 1091266
1092133 1099206
1099839 1100389
1100922 1101166
1101746 1107293
1107917 1113194
1113777 1116838
1117603 1117715
1118283 1120468
1121704 1123764
1124302 1126229
1127495 1127995
1128788 1133681
1134247 1135062
1135647 1135952
1136748 1137375
1138185 1138560
1139158 1140462
1141145 1144526
1150635 1150824
1153264 1153549
1154981 1155968
1158497 1159158
1159821 1159942
1162632 1162862
1163899 1164153
1166013 1166295
1166940 1167483
1168106 1168281
1172576 1172685
1173293 1173684
1175423 1176467
1180034 1180104
1182249 1182309
1183749 1184109
1186980 1187501
1188310 1188636
1191839 1192086
1199086 1199568
1201599 1202304
1203320 1203430
1205440 1206088
1206686 1207267
1209737 1210327
1212861 1213180
1213999 1214385
1217204 1217647
1219444 1221305
1228950 1230522
1232688 1232781
1236528 1236591
1237791 1237924
1238836 1239913
1242701 1242884
1244151 1245068
1245748 1246356
1246949 1247557
1249768 1250020
1250688 1252637
1253422 1253918
1255070 1255136
1255993 1256442
1259292 1260160
1261626 1263936
1265971 1266235
1267396 1271679
1273870 1278821
1279466 1285340
1286479 1289844
1290468 1292452
1293807 1297272
1299574 1299860
1300448 1300737
1308817 1308946
1309813 1310897
1312788 1312913
1314694 1315727
1321681 1321754
1324308 1324617
1330080 1330167
1332085 1332459
1338141 1342027
1343568 1343780
1346037 1346196
1346801 1347370
1348023 1350040
1351171 1351784
1353227 1353392
1354033 1354102
1354785 1355273
1359379 1361358
1362305 1362502
1366118 1366442
1369082 1369435
1371881 1373395
1377965 1378014
1389095 1389501
1390844 1392424
1393465 1394302
1398717 1398936
1402987 1403281
1411188 1411751
1413944 1414596
1418139 1418540
1419042 1419706
1420749 1421483
1424454 1425192
1436593 1436800
1446698 1447292
1448825 1449061
1451604 1452293
1453942 1454360
1456939 1461644
1462686 1466582
1467095 1467211
1468168 1472940
1473455 1476902
1477442 1477914
1479354 1482677
1483751 1489968
1490532 1493515
1494085 1494402
1494942 1495230
1496532 1502370
1502960 1503394
1504061 1514292
1515410 1516374
1517082 1529072
1530210 1530770
1531925 1532064
1532724 1534291
1534960 1536886
1537622 1543335
1544516 1544569
1547326 1547589
1552922 1553872
1555409 1555665
1559695 1559985
1560994 1561404
1562368 1562652
1573883 1574100
1578534 1578829
1584397 1584493
1591530 1592923
1594094 1594371
1598732 1599123
1602430 1602573
1610012 1610089
1612930 1613699
1627517 1628434
1631031 1631571
1633514 1634989
1637711 1640859
1641376 1643060
1644975 1647861
1649238 1654504
1655387 1656534
1657149 1662074
1663602 1664419
1668947 1669167
1670492 1671066
1671891 1672270
1674193 1674404
1675368 1675483
1677291 1677546
1684244 1684653
1698290 1698628
1703270 1703688
1704292 1704520
1705546 1706560
1709210 1709273
1711676 1711773
1713304 1714147
1715164 1715480
1716520 1721281
1721841 1723164
1726321 1726555
1728836 1729509
1731307 1731416
1732440 1735239
1737170 1737468
1738007 1738689
1741302 1741364
1741960 1744720
1745238 1745907
1747172 1747547
1748478 1749989
1751334 1751565
1755081 1755402
1757958 1758234
1761451 1761690
1762385 1762485
1764360 1764523
1766979 1767059
1770749 1770971
1771510 1772314
1774668 1775668
1779242 1779569
1781507 1781684
1782911 1783501
1786482 1786611
1788011 1788077
1788909 1790096
1795488 1795562
1797403 1797504
1801193 1801403
1805299 1805843
1808134 1808343
1813995 1814062
1818663 1818799
1819642 1819920
1822771 1822931
1824781 1824845
1825785 1825874
1826596 1826735
1827248 1827680
1831745 1832203
1837031 1837142
1837894 1838134
1838711 1840020
1842025 1842750
1843634 1844368
1845471 1846543
1848218 1849017
1854333 1854561
1856049 1856400
1857188 1857475
1859973 1879026
1879557 1881930
1882442 1882637
1883238 1885421
1886041 1886310
1887648 1890480
1891285 1891802
1893806 1894313
1897244 1897323
1899517 1900187
1901348 1902113
1902948 1903857
1904597 1904800
1906114 1913560
1915066 1916480
1917979 1921133
1922514 1923913
1924418 1931041
1931753 1935092
1935647 1936689
1937314 1938568
1939274 1939499
1949473 1949876
1954693 1954744
1956957 1957388
1958716 1958809
1960385 1960481
1961329 1961575
1965843 1966055
1966574 1966633
1968148 1968415
1973049 1973324
1974030 1975136
1975994 1976201
1978650 1978733
1983606 1984429
1987786 1989154
1991208 1991439
1992334 1992485
1993997 1994115
1995427 1995775
1997323 1997727
1998586 1998940
2002274 2002654
2003455 2004023
2011334 2011576
2012161 2012261
2014289 2014870
2016881 2017157
2023809 2024280
2025393 2025568
2026082 2026375
2028764 2029049
2030315 2030378
2036517 2036998
2038031 2038187
2042334 2042528
2043396 2044725
2046839 2048617
2049169 2049705
2050277 2050875
2052597 2052770
2054236 2054331
2056481 2056715
2067711 2067890
2070016 2070079
2070794 2070985
2071604 2071797
2075722 2075813
2076404 2076593
2081700 2081857
2082772 2083857
2086985 2087146
2088059 2088658
2092412 2092639
2096439 2096898
2102071 2102328
2110480 2110569
2111949 2112070
2113147 2113368
2118181 2118468
2119356 2119623
2120307 2120693
2122869 2123104
2123605 2123783
2124288 2125534
2126132 2127685
2128577 2128911
2130040 2133971
2134504 2135686
2136299 2141973
2142604 2146848
2147431 2149774
2154390 2154646
2159372 2159690
2169297 2169626
2171344 2171695
2177074 2177265
2179608 2179962
2182319 2182962
2184619 2185043
2188946 2189275
2191402 2191692
2198334 2199099
2199785 2200157
2200891 2201171
2203349 2203603
2207054 2207247
2208537 2208596
2209134 2209831
2217599 2217677
2218609 2219655
2220361 2220469
2222049 2223241
2224234 2224439
2226704 2227041
2233012 2233585
2235567 2235877
2237992 2238122
2241574 2241993
2243762 2243869
2247287 2247440
2249321 2254228
2255195 2255464
2258861 2259517
2260683 2261257
2264627 2264839
2266118 2267196
2272347 2272761
2274269 2274581
2277822 2278021
2278845 2279367
2281964 2282168
2285357 2285876
2286972 2289129
2291940 2292065
2292874 2292972
2295646 2296740
2297800 2298307
2299447 2301268
2302361 2302848
2303447 2305214
2306034 2306589
2307255 2316003
2316759 2339919
2344382 2346109
2346840 2347383
2348025 2348275
2349094 2349464
2354382 2354821
2355412 2355872
2358040 2358248
2362935 2364226
2365045 2365570
2368769 2369076
2374753 2375701
2377838 2377934
2379029 2379356
2380827 2381122
2381674 2381946
2383515 2383602
2384252 2384797
2386159 2386369
2387397 2388288
2391345 2391975
2392639 2392890
2394871 2395361
2398745 2399028
2399578 2400231
2401017 2401653
2403747 2403970
2414878 2415325
2416159 2416568
2417392 2417510
2424239 2424544
2429715 2429870
2432023 2432331
2434221 2434468
2435266 2435540
2437189 2437469
2438870 2438955
2446922 2447009
2457202 2458022
2459904 2460255
2461028 2461604
2462884 2464277
2472884 2474646
2475342 2476152
2476978 2477338
2478993 2479300
2482255 2482861
2485857 2486143
2486850 2487380
2487982 2488279
2492137 2492200
2493179 2493712
2495515 2495904
2500719 2500868
2501601 2501817
2502501 2503383
2505867 2506105
2510568 2510667
2512092 2512449
2514083 2514336
2517843 2518042
2518654 2519432
2520655 2520934
2523356 2525615
2528464 2528535
2535571 2536039
2538402 2538857
2540946 2541407
2542283 2542532
2547154 2547219
2548846 2550041
2553073 2553338
2554013 2554096
2555049 2555336
2562588 2562818
2567661 2569081
2570452 2570544
2577343 2577980
2584953 2585373
2588217 2588278
2591330 2591665
2592582 2593029
2594191 2594696
2595200 2595612
2596446 2597031
2601832 2602119
2607735 2608002
2611027 2611527
2619446 2619749
2621655 2621772
2623549 2623846
2624875 2625357
2626975 2628288
2631435 2631891
2632471 2633120
2633651 2634019
2634900 2635741
2637909 2638070
2641138 2641283
2642641 2642933
2643484 2643706
2645932 2646231
2646874 2646928
2649380 2649641
2651670 2652008
2657099 2657360
2657879 2658091
2661142 2661927
2665488 2665712
2666975 2667435
2669330 2669672
2671518 2671918
2672659 2672728
2673712 2673950
2676039 2676315
2677132 2677789
2680502 2681041
2683282 2683420
2685869 2686824
2689103 2689799
2691120 2691335
2695502 2695644
2696547 2696998
2697683 2700283
2702533 2703123
2704976 2705170
2705833 2706045
2707102 2707757
2708804 2709045
2711505 2711561
2712675 2712828
2714650 2714808
2720218 2720324
2724363 2724926
2727616 2727910
2736133 2736258
2742534 2742717
2743346 2743885
2744485 2744594
2745323 2745479
2746171 2746291
2748976 2749267
2750554 2750777
2753497 2753605
2756531 2757349
2759441 2760143
2764350 2771000
2771642 2775800
2777077 2778792
2779847 2780328
2781606 2783309
2783984 2785005
2785548 2785781
2786915 2793962
2794875 2795038
2795617 2795987
2799308 2800147
2802245 2802316
2802977 2803460
2804510 2805481
2809423 2809765
2810307 2810381
2811121 2811510
2814117 2814278
2817925 2818209
2822152 2822780
2823425 2823728
2830064 2832640
2833172 2833675
2836277 2837494
2840918 2840979
2843121 2843814
2850285 2850499
2851177 2851514
2855106 2855892
2866019 2866123
2871214 2871520
2874548 2875254
2880745 2881555
2882362 2883214
2886541 2887350
2888956 2889527
2896674 2897268
2898619 2898868
2900766 2900919
2902767 2903249
2911805 2912165
2915199 2915376
2916661 2916721
2917517 2917728
2922860 2923641
2928991 2929356
2934382 2934953
2936846 2937640
2938600 2938890
2942470 2942632
2943218 2943525
2947966 2948497
2950299 2950582
2951769 2952003
2953295 2953537
2954401 2954537
2955510 2955899
2958067 2958264
2966860 2966930
2969887 2970021
2974660 2974792
2976267 2976646
2978193 2980812
2985103 2990228
2990952 2992762
2993292 2997600
2998266 2998462
2999210 2999295
3000044 3001732
3002373 3002563
3005053 3005606
3007721 3010151
3010663 3011888
3012471 3012652
3013320 3013499
3015115 3015830
3017945 3018048
3018558 3018792
3019383 3019565
3021164 3021528
3024069 3027759
3033190 3033430
3039681 3039865
3042106 3042468
3043534 3043863
3046913 3047077
3049575 3049884
3050863 3051685
3052374 3052867
3053522 3053797
3055660 3056006
3057037 3057388
3058252 3058448
3068994 3069070
3069604 3070034
3071613 3071791
3072761 3072870
3076234 3077388
3080387 3080639
3084713 3084987
3085743 3086788
3088712 3089060
3092427 3093442
3094045 3094098
3094645 3095440
3096547 3097544
3098645 3099146
3099752 3099876
3102456 3102530
3106965 3107111
3107769 3107923
3109734 3110746
3114317 3114551
3122235 3122439
3123578 3123676
3124573 3124816
3125409 3126198
3128450 3128896
3129557 3129942
3130644 3131175
3134384 3134539
3138229 3138453
3141009 3141485
3147337 3148227
3152753 3153214
3157642 3158153
3159321 3159401
3160626 3160860
3163078 3163168
3164761 3165219
3171521 3171655
3172748 3173206
3179409 3179734
3181816 3181978
3187885 3188038
3192635 3193010
3200496 3200582
3201857 3202138
3203146 3203470
3206318 3206480
3207051 3207123
3211370 3211587
3212169 3212281
3214616 3214852
3216704 3216907
3224211 3224577
3225479 3225892
3229936 3230186
3233026 3233646
3234273 3234526
3236117 3236722
3246338 3246437
3248081 3248130
3259144 3259362
3264900 3265405
3266218 3266400
3267054 3267633
3278660 3279340
3279928 3280200
3282229 3282763
3284880 3285044
3291137 3291895
3298852 3298977
3300120 3300520
3303788 3304005
3307951 3308731
3312835 3313160
3324886 3325000
3326584 3327050
3328973 3329811
3330453 3330622
3332504 3332980
3335178 3335238
3337550 3337932
3341253 3341813
3343794 3344090
3345655 3345854
3346487 3347457
3350233 3350605
3351912 3352227
3354008 3354425
3363216 3363483
3365899 3366205
3366761 3367255
3369713 3370391
3375146 3375433
3375944 3376250
3378466 3378569
3380757 3381065
3384821 3385037
3386684 3386852
3391107 3391290
3392413 3392921
3398472 3398641
3407357 3407493
3416164 3417197
3419080 3419285
3419897 3420177
3429819 3430030
3430765 3431136
3435529 3436298
3440052 3440109
3444085 3444465
3449550 3449753
3451955 3452054
3453108 3453391
3459002 3459295
3463513 3463706
3464214 3464663
3465774 3465836
3469104 3469264
3470593 3471369
3472557 3474244
3476067 3476574
3478359 3478799
3479491 3480404
3482351 3482580
3490096 3490299
3494832 3495064
3497739 3497867
3498737 3498836
3500171 3500520
3504012 3504882
3505469 3506227
3507660 3508097
3508628 3508864
3512432 3512744
3513815 3514100
3514783 3515026
3516538 3517035
3517932 3518081
3520511 3520785
3521803 3522365
3524141 3524424
3529930 3530153
3531535 3531727
3535150 3535906
3541562 3541632
3544675 3544915
3550254 3555231
3555998 3556286
3558316 3558523
3561091 3561251
3565012 3565279
3566982 3575432
3576087 3577102
3577927 3578831
3581853 3582457
3583796 3583847
3588101 3588437
3595167 3595362
3596824 3597099
3601856 3602178
3604984 3605079
3612928 3614201
3618393 3618570
3621637 3621857
3625428 3625841
3627034 3627326
3631898 3632081
3634117 3634172
3635504 3635823
3636408 3636705
3637776 3638034
3638653 3638808
3639371 3639472
3640733 3640979
3650268 3650333
3655154 3655294
3663982 3664236
3666451 3666725
3670090 3670462
3672042 3672095
3672612 3672902
3675343 3675746
3683236 3683710
3691653 3692030
3692552 3692680
3693663 3694784
3695648 3695768
3696451 3696917
3699381 3699632
3700590 3701033
3701597 3702616
3703407 3704441
3705634 3705919
3709882 3710180
3711984 3712060
3714356 3714515
3715127 3715263
3716477 3717165
3725441 3725584
3727219 3728004
3729464 3730720
3732579 3732642
3733950 3734168
3736450 3737805
3739536 3739953
3745909 3746076
3749482 3749545
3751939 3752193
3753574 3753635
3762443 3762774
3763509 3763588
3769979 3770347
3773561 3773684
3781261 3781424
3783343 3783596
3790640 3791479
3795560 3795939
3798094 3799546
3806668 3806749
3810608 3810687
3812399 3812652
3816414 3816582
3826184 3826719
3829642 3830034
3832343 3832938
3836610 3837201
3838535 3839106
3839826 3840128
3840824 3840891
3843763 3844133
3844698 3845042
3845961 3846240
3846973 3847091
3848154 3848210
3849742 3850834
3852164 3852665
3856520 3856605
3859290 3859465
3862745 3863194
3869598 3870867
3871463 3872097
3873645 3874572
3875455 3875793
3877259 3877789
3887101 3887228
3893052 3893402
3894870 3894926
3897123 3897407
3898209 3898426
3902883 3903576
3904096 3904857
3905815 3906177
3906762 3907301
3912667 3913389
3917234 3917366
3919022 3919338
3923627 3923807
3924755 3925053
3926341 3926901
3927716 3927997
3929086 3930130
3931386 3931582
3936724 3937091
3940147 3940525
3941300 3942338
3943766 3944050
3944601 3944761
3947098 3948498
3954988 3955088
3956616 3960514
3961326 3962293
3965423 3965628
3967200 3967998
3976955 3977403
3978026 3978471
3984911 3985206
3990204 3991228
3992179 3992456
3994825 3995464
3997707 3998741
4001278 4002016
4003124 4004120
4004943 4005018
4005880 4007010
4008457 4009111
4010025 4010409
4016886 4018251
4025407 4025830
4026924 4027037
4035204 4035946
4053580 4054243
4058384 4058598
4059202 4059518
4069122 4069371
4070072 4070618
4076505 4076913
4077612 4078154
4081062 4081581
4088013 4088069
4091492 4091894
4092640 4093082
4096703 4097411
4098540 4098819
4102991 4103260
4113418 4113655
4120700 4121963
4123236 4123979
4133536 4134057
4134628 4134969
4139497 4139898
4143255 4144115
4147523 4147832
4149262 4149412
4151357 4152213
4155914 4156109
4157205 4157432
4160431 4160870
4161516 4162033
4162768 4162919
4163937 4164926
4167732 4167993
4179495 4179765
4184760 4185035
4191459 4191672
4192287 4192564
4195697 4195871
4205039 4205294
4206049 4206360
4213743 4213905
4215135 4215449
4217460 4217597
4224541 4225881
4229236 4231579
4236335 4237127
4244612 4244699
4246393 4251436
4252105 4252379
4252934 4253174
4258013 4258743
4260456 4261481
4264142 4264558
4268147 4268542
4277559 4278668
4280941 4281249
4290661 4290984
4293561 4293726
4295948 4296273
4297600 4297792
4301400 4301480
4302833 4303128
4307888 4308073
4312956 4313104
4315701 4315937
4318506 4318770
4322083 4322276
4328317 4328487
4329464 4329723
4331713 4331829
4336331 4336770
4339727 4340154
4344834 4344904
4346186 4348479
4352953 4353158
4372709 4372803
4376175 4376360
4377362 4377536
4383481 4384025
4385187 4385626
4387935 4388041
4388721 4388887
4390577 4390683
4398847 4399328
4400839 4401190
4403216 4403362
4408225 4408410
4411444 4411712
4417008 4417437
4419175 4419275
4421217 4421385
4422356 4422634
4427319 4427621
4429733 4429886
4431506 4432342
4436710 4437084
4454434 4455117
4458756 4460111
4461625 4461808
4463434 4464001
4468240 4468585
4470538 4470650
4471222 4471372
4471997 4473063
4476601 4476930
4478212 4478520
4479280 4479946
4480522 4481280
4482353 4482684
4484437 4484762
4487212 4487524
4490703 4491297
4493969 4494883
4496103 4497127
4497654 4497991
4507316 4507956
4509964 4512081
4512704 4513447
4518548 4519287
4522613 4522937
4523634 4523934
4525828 4525928
4528184 4528473
4529536 4529616
4531937 4532280
4532845 4533679
4537254 4537569
4538215 4538433
4539648 4539701
4543272 4544472
4546285 4546940
4549359 4550030
4563412 4563556
4566408 4566690
4567246 4567431
4568276 4568558
4569819 4570047
4571188 4571434
4572374 4572703
4574135 4574759
4575857 4576003
4578177 4579506
4583800 4584138
4585656 4586568
4592123 4592657
4605073 4605619
4608316 4608569
4609198 4609535
4611786 4612312
4614311 4614440
4615351 4615454
4618638 4618737
4623025 4623632
4624344 4625239
4633685 4634256
4634829 4634884
4637400 4637773
4639077 4639339
4640562 4640957
4645072 4645740
4647880 4648143
4653440 4653649
4658542 4659123
4659743 4659874
4662443 4662828
4663491 4663866
4664397 4664478
4665988 4667132
4670876 4670973
4673789 4675956
4677100 4677507
4679208 4679341
4679978 4680084
4681597 4681682
4683453 4683666
4684656 4684927
4685983 4687541
4688475 4688655
4690983 4691032
4691533 4691691
4698126 4698490
4706376 4706839
4708220 4708443
4709369 4709429
4716708 4717030
4717828 4718041
4720196 4720402
4722298 4722815
4724676 4725131
4727021 4727320
4727998 4728125
4729436 4729821
4735430 4735707
4738433 4738715
4740038 4740566
4741638 4741849
4742503 4742737
4743653 4743952
4746956 4747142
4751299 4751584
4752940 4753166
4756180 4756909
4760603 4760809
4769240 4769585
4772751 4773046
4775282 4776038
4776704 4776972
4782255 4782418
4783963 4784117
4785990 4786213
4788349 4788490
4790734 4790957
4792698 4792936
4793545 4794021
4796650 4796721
4800893 4801164
4808238 4808369
4810016 4810277
4814162 4814472
4815198 4815295
4816345 4816904
4822426 4827919
4832683 4832838
4835745 4836020
4838316 4838879
4840347 4840501
4841093 4841610
4843215 4843303
4844214 4844411
4845349 4846125
4848194 4848793
4849327 4849946
4850459 4850958
4851547 4852237
4853221 4853510
4863691 4864139
4867357 4867581
4869689 4870028
4875635 4876465
4879055 4879322
4881013 4881351
4881940 4882747
4884523 4884676
4886234 4886577
4892756 4893074
4895395 4895499
4898996 4899338
4900613 4901112
4902821 4903411
4906658 4906786
4915236 4915833
4917724 4917916
4919181 4924743
4925275 4925377
4927148 4927339
4930703 4930775
4935648 4935777
4936423 4936528
4937557 4938074
4938689 4938947
4950577 4951095
4951749 4951925
4954264 4954378
4956975 4957308
4959882 4960117
4961759 4961847
4962407 4962639
4963440 4964491
4966375 4966518
4970113 4970937
4975333 4975470
4979623 4980084
4981020 4981795
4982818 4982934
4989542 4989625
4994324 4994628
5002577 5002804
5005259 5005661
5016383 5019056
5019578 5020381
5022565 5022806
5024655 5025215
5026375 5027044
5028163 5028414
5029095 5029307
5030222 5030420
5039349 5039972
5045248 5045360
5046900 5047295
5047846 5047999
5048517 5048880
5049563 5050163
5051043 5051339
5057708 5057811
5059752 5059942
5063241 5068707
5073514 5074270
5075090 5075458
5076047 5076588
5078402 5078950
5080666 5081086
5083429 5083487
5085440 5086036
5087842 5087939
5089255 5089936
5090651 5090875
5092971 5093195
5093710 5093877
5095225 5095275
5095849 5096223
5099029 5099255
5104453 5109584
5110742 5110966
5112616 5112799
5115405 5116610
5117283 5117378
5118610 5118675
5119515 5119836
5120367 5120674
5122312 5122842
5125341 5125702
5127209 5127476
5131485 5131611
5138032 5138403
5144468 5144816
5150618 5150679
5152066 5152193
5152945 5153007
5154499 5154976
5165325 5165415
5166358 5166707
5171786 5172096
5175176 5175281
5179526 5179854
5186647 5186983
5188616 5188887
5189932 5190283
5195977 5196149
5199815 5200119
5202388 5202529
5213403 5213598
5214483 5215422
5219517 5219965
5220829 5221137
5223494 5223685
5229745 5230266
5231829 5232191
5232770 5233537
5234235 5234570
5235594 5236063
5236820 5236953
5240307 5240537
5241452 5241720
5243361 5244608
5245118 5246231
5248467 5249416
5258541 5258938
5261060 5261796
5263442 5263698
5264540 5264708
5266832 5267134
5272375 5272833
5274709 5275209
5280575 5281235
5281783 5283118
5285470 5285588
5293574 5293784
5294950 5295910
5297264 5297505
5298094 5298997
5299512 5299665
5300511 5301048
5302053 5302345
5311431 5311640
5312289 5312516
5315478 5315572
5317933 5317984
5321080 5321888
5322448 5322620
5323799 5324570
5326307 5326560
5330583 5331268
5332024 5332924
5334303 5334456
5336043 5336701
5337321 5338178
5340804 5341131
5341868 5343012
5347587 5347804
5349186 5349297
5351389 5351473
5356208 5356350
5357310 5358079
5365662 5365870
5368642 5368953
5370967 5371436
5373868 5374292
5377373 5377433
5380637 5381446
5381967 5382357
5386025 5386358
5390081 5390743
5391306 5391938
5393042 5393172
5395617 5396150
5397065 5397443
5398251 5399451
5401245 5401803
5403100 5403317
5404547 5405029
5405923 5406633
5407321 5407834
5410252 5410628
5413015 5413235
5419661 5420083
5420696 5420780
5424750 5424991
5433729 5433821
5435411 5435714
5438662 5438823
5444732 5444931
5450295 5450677
5453719 5454027
5455164 5455236
5455974 5456450
5467469 5468480
5471878 5472149
5473760 5474164
5478078 5478398
5484470 5484709
5487387 5487802
5489820 5490057
5491283 5491493
5492591 5492741
5493847 5494422
5496230 5496455
5499330 5499538
5501007 5501222
5502542 5503261
5505587 5506086
5507213 5507491
5508574 5509360
5511519 5512457
5519145 5519556
5522470 5522536
5523322 5523796
5525479 5525819
5529694 5530110
5534839 5534901
5537322 5537530
5538268 5538468
5539280 5539456
5543485 5544165
5545173 5545313
