Ecoli_0970_Taxon015_
1 20113
161859 167936
223678 228950
257963 258570
270815 271706
274010 274912
277603 306729
313385 320042
343154 382733
383264 383738
384241 392896
461861 463904
483937 486848
566832 569459
574980 581245
605546 612444
620511 623388
688206 690179
693510 697141
964457 967071
1049883 1050490
1094298 1095432
1096568 1097837
1217817 1222955
1335965 1341595
1342319 1354708
1381908 1390979
1404821 1405848
1427153 1435862
1468138 1470424
1529468 1541051
1564042 1570573
1585576 1589016
1631899 1633269
1640618 1641971
1989005 1990673
1996648 2000231
2034585 2045910
2057526 2057656
2058356 2063656
2065787 2069617
2096789 2098960
2156740 2157238
2160802 2163542
2193709 2198510
2199159 2201224
2202355 2225438
2235446 2239020
2239587 2242605
2248872 2265131
2265787 2269347
2269936 2284848
2335978 2336434
2416773 2419446
2507011 2524160
2688557 2706419
2706974 2720748
2787873 2801565
2808974 2812143
2812680 2816774
2817783 2818196
2839604 2852329
3080880 3088768
3190284 3194746
3196439 3197466
3262918 3283066
3375727 3376754
3381035 3381365
3382067 3389243
3417466 3447906
3452217 3456537
3479544 3503270
3583483 3585641
3619132 3622807
3637469 3639547
3644269 3653118
3664796 3665150
3666289 3667513
3682463 3689741
3690346 3696175
3715755 3716298
3760605 3765772
3943321 3947795
3972561 3977271
4031500 4041202
4116978 4125861
4242181 4242404
4244712 4252304
4303233 4313969
4378194 4405929
4406507 4426139
4452752 4457231
4462991 4465796
4468168 4489787
4515478 4517688
4573872 4606314
