Buchnera_aphidicola_Schizaphis_graminum_0975
1 862
3932 4122
5445 5956
7088 9290
10798 11069
12047 12516
13837 14430
16775 17597
18248 18672
19628 19714
22367 23883
24502 25054
25599 25663
26438 27092
27767 28044
29189 30072
31468 32021
33010 34810
35554 36458
38540 38814
42750 42917
44056 45375
46649 47124
49474 49724
50587 51793
54347 55329
57471 57700
59744 60095
60658 60944
65658 66426
69529 73045
73678 74949
76151 76574
78346 78423
79124 79411
81749 82060
86166 86673
88236 89775
90293 90406
92985 93296
93994 94595
95742 96064
96743 97875
98528 99026
102351 103065
103947 104405
105506 106306
108027 108608
109931 110469
112791 113453
115191 115499
118439 118911
120791 120970
122041 123029
125242 125398
127091 127359
128585 128890
132193 132414
132926 133115
135719 137424
138895 139795
140379 140976
143040 144473
144987 147321
148221 149611
150428 151112
152696 153745
154684 155087
155737 156359
157044 158153
158994 159433
160060 160392
160929 161653
163477 164146
164690 165015
165893 166294
166916 167256
168262 168361
169969 170097
172227 173642
175053 175125
177179 178625
179277 180752
181838 182874
184096 184549
185364 186020
187099 187929
190228 191040
192304 192780
193828 194396
195020 195433
197472 197743
199276 199524
200108 201702
203848 204341
204864 205364
207024 207612
209653 209722
211453 212336
213096 213198
214718 214882
216335 217207
218235 218471
219908 220802
222303 222560
223544 224335
226263 227872
228396 230551
231516 231964
233677 235862
237960 238598
239185 239913
241021 241515
242039 242126
243818 243914
244782 245765
246518 247874
248473 249079
249967 250169
252167 252725
254982 255578
256326 256470
262522 262758
264648 265535
267621 269304
271214 273195
273723 274127
275015 276807
277361 277631
279647 280303
283492 283663
284483 284878
285681 285780
290245 291257
292085 292158
293605 293903
294624 295730
296735 297331
298704 298981
299592 301063
301624 302648
303800 304043
308124 308335
308985 309459
311858 312153
313669 313853
316475 317116
317888 319664
320335 320924
322991 323879
325945 326734
328267 328527
330608 331143
331686 332168
334307 334469
335122 335605
336278 337477
339401 339785
343095 343780
345952 346372
348047 348630
350694 352067
354769 357946
359925 361554
362619 362704
363355 363537
366355 366886
367722 368031
368758 369962
372500 373179
373808 374450
374964 375510
377059 378064
379429 379925
381203 381394
382058 382124
383059 383612
384163 385004
386160 387853
388394 388806
389570 389737
390478 390770
391278 391416
393897 394945
398197 398708
401154 401410
402446 403059
404216 404541
405308 406355
407374 407595
409586 410061
411022 411142
416321 416491
420811 422736
423423 425260
431055 434347
439875 440356
442431 442807
446462 447337
448078 448328
453346 453487
456455 457359
460070 460796
462495 463323
464795 464875
465510 466489
467678 469434
470181 471112
471838 472271
472866 472994
474370 474655
475527 476238
476996 477781
478537 479454
480008 480689
481423 481595
487512 488330
492039 492212
492781 493133
498683 500164
502212 502705
504980 506079
506973 507439
508020 508685
512631 514600
520155 520260
520799 521855
524563 525112
525619 526656
528042 528544
529809 530257
531103 531648
532502 532728
534417 535103
535676 535861
536602 537307
541180 541282
543970 544492
545263 545722
546350 546777
547538 547683
548237 548506
549609 551202
553390 553615
556936 557224
557845 557939
560237 560571
561182 561466
563848 563999
565909 566640
568162 568246
570855 572331
573155 573221
574382 574739
575318 575465
578319 578575
579143 579490
582456 585070
585887 586361
587704 587947
589646 590274
597958 598724
600744 601497
602863 603580
604202 607185
609905 610147
614681 614907
616399 616462
618495 619582
621477 624407
625019 625148
627403 627711
631229 631544
632953 634594
636618 637473
638970 639277
639801 640541
641773 642004
642659 643427
644106 645184
645794 646342
647049 647217
647959 649031
651108 652367
654096 654412
655011 655564
656181 658415
659350 660252
661241 662273
664868 669038
669700 670216
671272 671934
673222 674418
676268 676427
677019 677625
679548 679849
681041 681940
684729 685495
686604 688907
689562 690966
698286 698742
701307 701901
705988 706166
707546 707755
709150 709707
711989 713285
714067 714140
717098 717212
719120 719837
722880 723651
725751 727834
730245 731923
732871 733141
733746 733905
734547 734620
737185 737467
738201 738806
739483 739764
743259 744600
746146 746500
747111 747753
749804 751671
752196 752398
754030 755276
757694 757977
760899 761252
763279 768396
770380 770524
771148 771444
772877 773135
774405 774949
775538 776790
777861 778029
778667 779370
781347 782480
784763 785704
789872 790243
791561 792548
794449 794871
795493 795677
796704 797196
797890 798013
799694 799755
801606 801739
803194 804717
805606 805901
807749 807806
808896 809025
810517 810604
811155 814229
818398 818980
824412 826743
828017 828240
828777 829306
830619 831096
832243 836067
839383 840034
840993 841231
843004 843420
846213 847863
850140 850221
854631 854914
862526 863933
864603 865333
867109 867904
870133 870246
873715 874246
874826 876607
877549 878096
880498 881207
882139 882539
885167 886093
887269 887391
890578 891898
894757 896066
897693 899068
900584 901503
902437 903284
904081 904682
905279 906015
907618 908156
908689 909404
911706 912066
914065 914255
914836 915227
916540 916713
918337 919100
919998 920227
923333 923684
925462 925702
927554 927745
930270 930617
935711 937199
938150 939827
941048 941656
942390 942640
946541 946685
949951 950892
951498 951792
954256 954374
955031 955299
955952 956417
956990 957250
958064 960534
962334 962391
963869 964340
965770 966019
967187 967442
974262 975243
976767 976876
977404 977561
981072 981210
982012 982795
984585 986040
988834 989799
991039 991376
992450 993075
993592 993789
994412 994946
997821 998419
999708 1000443
1002139 1003284
1006617 1006895
1007447 1008128
1009211 1009481
1011701 1011883
1013367 1013560
1016212 1016645
1018905 1019038
1020432 1020881
1023183 1023520
1026653 1026977
1028445 1028517
1032259 1032737
1033296 1034955
1035639 1036181
1036828 1037320
1037966 1038161
1039802 1040955
1042334 1042912
1044467 1045017
1049465 1050650
1051735 1053345
1055110 1055197
1055863 1056510
1061129 1061368
1063078 1063418
1063991 1064231
1065896 1068336
1074939 1074994
1078807 1079605
1081723 1081931
1083439 1083820
1084702 1086847
1087374 1088076
1089258 1089506
1091657 1091872
1092616 1095420
1096038 1099956
1100634 1101198
1102928 1103259
1103850 1105289
1105840 1106518
1109243 1109459
1112067 1113408
1114483 1114848
1117362 1117779
1118755 1119095
1119690 1119917
1120703 1120890
1122173 1123359
1123861 1125428
1130444 1131284
1132090 1133115
1136972 1137175
1138369 1138524
1139045 1139266
1140040 1140850
1145686 1146620
1147950 1148155
1148679 1150034
1150671 1150831
1151472 1152614
1153435 1154593
1156349 1156474
1158050 1158929
1160484 1160653
1165861 1166158
1168119 1168565
1169102 1169196
1169906 1171336
1172461 1173319
1174747 1174996
1175819 1177191
1179166 1179630
1180663 1182301
1186273 1187363
1189888 1190148
1194630 1195324
1198542 1198811
1199878 1201675
1202965 1203177
1204738 1204961
1206525 1207012
1208949 1209282
1210003 1210076
1210693 1211232
1212609 1214448
1217027 1217116
1220526 1220923
1222584 1222949
1226244 1226682
1227482 1228620
1230825 1230927
1235194 1235548
1236551 1239172
1240050 1240263
1244161 1245746
1248709 1250273
1255397 1256713
1257302 1258505
1259509 1260182
1263788 1263854
1264466 1264699
1266827 1267369
1268008 1268246
1269139 1269689
1270348 1270921
1272467 1272518
1273140 1273194
1274630 1275483
1276771 1277462
1279612 1280095
1281274 1283030
1285139 1286829
1287786 1288377
1290903 1291164
1292220 1293156
1295116 1296285
1297596 1298036
1298692 1298878
1299591 1300399
1301937 1302525
1304060 1304701
1306085 1306369
1306914 1309163
1309720 1310042
1311821 1312804
1315171 1315326
1317254 1317590
1319657 1319901
1322388 1322517
1324001 1324530
1325254 1326068
1328124 1328816
1329355 1330144
1330983 1332661
1337678 1337937
1338836 1339090
1340052 1341003
1341565 1341850
1344189 1344308
1345951 1346148
1347084 1347748
1351160 1351387
1352145 1353744
1355264 1355713
1358820 1359130
1360187 1360628
1362099 1362215
1365279 1367473
1368035 1371877
1374586 1374640
1378435 1378485
1379574 1380734
1381332 1382330
1383255 1383427
1384422 1385103
1385992 1386098
1387047 1387123
1388097 1388308
1391684 1392284
1393596 1394449
1395420 1396250
1398105 1399797
1402497 1403584
1405587 1406372
1408669 1409509
1411789 1412058
1412831 1413026
1414745 1415395
1416006 1418161
1419490 1419632
1421789 1422897
1425095 1425599
1426211 1426348
1427236 1427595
1428270 1428792
1429317 1430052
1433639 1433959
1435350 1435601
1436140 1436811
1438150 1438607
1439285 1440372
1443797 1444366
1449071 1449521
1450071 1451321
1451867 1453057
1453576 1454421
1455727 1456755
1458415 1458615
1459669 1462059
1463791 1465961
1466890 1467288
1467800 1468129
1468650 1468767
1470017 1470836
1471424 1471574
1472211 1473557
1474914 1475610
1476318 1477801
1478410 1478886
1479429 1479713
1481393 1482287
1482938 1483033
1484858 1487491
1488630 1488880
1490759 1491990
1492858 1494469
1495797 1496146
1499106 1499219
1501714 1502728
1503812 1503993
1505364 1505777
1506370 1506448
1507451 1507812
1513043 1514128
1515126 1515819
1516379 1517816
1522790 1522903
1526973 1530285
1531379 1531579
1532519 1532877
1535125 1535354
1536007 1537048
1537757 1537962
1538673 1539455
1540150 1540399
1541404 1541623
1542210 1542797
1544075 1544407
1545249 1545344
1546068 1546239
1549925 1550333
1551113 1551949
1555658 1555829
1558664 1559960
1561135 1561349
1564463 1565492
1566137 1566669
1569707 1570838
1572670 1573549
1574807 1577838
1581953 1584030
1584581 1584727
1585362 1586831
1587621 1588488
1589512 1589768
1590354 1592773
1594581 1595016
1595947 1596059
1597738 1597984
1598634 1599029
1600800 1601040
1602387 1602597
1603760 1604519
1605181 1605537
1606118 1606514
1610448 1610581
1611086 1612132
1614826 1615034
1618102 1618590
1620168 1620841
1621748 1622311
1624619 1626699
1627243 1627326
1630753 1631184
1631929 1632639
1634578 1636076
1636602 1636756
1637461 1637621
1641979 1642256
1647602 1648210
1648999 1649676
1650182 1651033
1653596 1653676
1654814 1657127
1658781 1659021
1660032 1660187
1660802 1661069
1662507 1663116
1668485 1668785
1670424 1670506
1671554 1672188
1673602 1673701
1674343 1674485
1676176 1676920
1678310 1678722
1679948 1680838
1681767 1682244
1683473 1683561
1684455 1684507
1685246 1685587
1686412 1687448
1688115 1688367
1690145 1690937
1693573 1694325
1694853 1696864
1699594 1699969
1700810 1700859
1702468 1703005
1705108 1705759
1708220 1708703
1710161 1710259
1711375 1711896
1712403 1713122
1715482 1716359
1717094 1717146
1718663 1718862
1721860 1722085
1725298 1725384
1726063 1726569
1727159 1727455
1728402 1728807
1730159 1730432
1731275 1731335
1732760 1735196
1736072 1736918
1738365 1738860
1745350 1747353
1747888 1748676
1752760 1752896
1756117 1757068
1758011 1759250
1759820 1759904
1760949 1761170
1761675 1761725
1763676 1765726
1773348 1773419
1774402 1774538
1775476 1775994
1777215 1777388
1779133 1779188
1780479 1780780
1783102 1784537
1788282 1788708
1790033 1791824
1792335 1792926
1794718 1794774
1797695 1797757
1798920 1799014
1800618 1800882
1801988 1802383
1802900 1803533
1805717 1805969
1806765 1807672
1808415 1808659
1810583 1811060
1812225 1812615
1813177 1815224
1816810 1818210
1818988 1819235
1819831 1821173
1822734 1823023
1824392 1824785
1825522 1826491
1827284 1827648
1829245 1829896
1832104 1832188
1836306 1836675
1837922 1838625
1839395 1841148
1842099 1842221
1843228 1843950
1844608 1845237
1845777 1846123
1848098 1848223
1848758 1849327
1850038 1850234
1851372 1852636
1853291 1854790
1856187 1856790
1858142 1858414
1858926 1859324
1860327 1861420
1861979 1862263
1863783 1865662
1867160 1867266
1868417 1868840
1870066 1872925
1873523 1873694
1874599 1875649
1876586 1876675
1877386 1877447
1878412 1878833
1879540 1880967
1882404 1883074
1884433 1888205
1891858 1891956
1892538 1892775
Buchnera_aphidicola_Schizaphis_graminum_ancestor
1 862
2742 5956
6503 6988
7720 9290
10798 11069
12047 12516
13611 13959
16775 17597
18234 18672
19618 19714
20352 20859
27767 28044
29189 29862
34590 34810
35586 36458
37156 38814
40220 44646
46041 46549
49964 50214
50869 51711
53086 53437
58185 58307
59727 60036
60564 64540
65189 68191
68743 71514
72484 75123
75509 83146
83685 84926
85796 86660
87456 96100
97716 98373
99327 101098
102145 102229
106735 107479
109153 109289
111555 111875
113373 113638
114696 115956
117348 120144
121432 121905
122550 123684
124450 124596
125131 125977
129609 129692
133119 133550
134295 134475
135704 136373
138968 139061
139827 139987
142528 144622
145365 147400
153233 154328
154937 155381
155962 156042
157880 158076
159273 160596
161147 161387
162398 162553
164040 165482
166645 166948
168014 168487
169455 170061
172972 173820
174428 176851
177756 178868
180676 181048
182314 184610
185839 185927
190481 190733
195939 198349
200773 200926
201960 202335
203176 203225
203867 203971
206066 206851
207474 208125
209150 209640
212551 213215
214769 215458
216292 218725
219460 219531
220143 221228
224226 224451
225313 225826
228429 230262
235160 235333
236102 237330
238003 238915
239736 241304
242304 242417
242924 244964
245982 246675
250893 252391
254639 255727
257271 257476
258187 258969
259664 260394
261724 262831
264763 264858
265582 268840
273469 275343
280649 280863
281485 283236
284413 285551
289221 290352
295768 297352
298608 299056
301567 301901
303368 303544
304095 304241
305599 305795
306445 308002
308969 309282
309868 310486
312005 312697
315461 315573
316389 316736
317252 317498
318643 319625
321361 322542
325601 326524
329337 333190
334340 336914
337616 338093
341262 341825
344001 344634
345946 346437
348651 348924
350337 351296
352263 353381
355601 355679
356272 357196
358056 358237
359919 360335
361249 363829
365903 366252
366904 367480
368096 368464
369056 369238
369769 371250
371812 372546
373790 374741
377471 377546
378159 378661
379400 379743
381234 381312
382212 382262
383351 383732
385109 386107
387032 387204
387738 388513
389769 389903
390824 390900
391874 392085
395962 396061
399197 400027
400765 401022
403674 403935
404630 405318
407333 408275
409057 409721
411379 411728
412446 412833
414621 415835
416608 416803
420501 420691
423267 423409
426428 426674
428302 429376
429988 430125
431013 432569
439127 439378
442484 442962
444249 444683
446964 447735
450940 452245
452848 453298
453848 456429
457353 463532
464061 470427
470930 471244
471784 487874
490862 491536
492407 492704
493395 493863
495453 495767
498819 499131
499834 499950
501421 501862
502919 503928
505367 506785
509766 510889
511732 512707
514301 514965
515901 516098
518899 519548
520199 520484
521046 521328
522959 523213
524112 524371
525004 526063
527623 528015
528605 530427
532355 532694
533233 535175
536616 538048
538643 538996
539532 539661
540962 541560
542148 542392
544895 547947
549245 555095
555818 558004
558961 559552
564383 564753
567177 567469
568845 571609
572719 573047
574055 578430
578967 579291
580390 580695
582382 584027
584587 585278
586139 586466
588915 589582
593803 594041
594680 596101
596905 597583
598195 598488
603544 604550
605336 606652
608161 608254
610591 611490
613204 613373
614576 616504
617628 619323
620579 621999
622877 623838
625403 625498
626005 626855
627481 627590
628127 628221
630063 630934
631454 632344
633254 634021
638191 638655
639688 639952
640771 642755
643784 644229
645298 645438
646016 648345
648913 650121
650904 651770
652310 652517
654705 655284
656616 659039
660456 661383
663873 665398
666122 666369
668333 668915
669489 669562
670283 671941
672737 673040
675816 677205
677838 678128
679637 679687
680754 681023
684241 684490
685035 685169
686507 688737
689850 689952
690958 692479
694550 695112
695891 696188
698279 698703
700030 700672
701396 703999
705575 705700
707398 708622
711218 711378
711963 712515
713166 713370
713894 714099
715429 716095
717135 719296
719845 721455
724874 725077
726927 727839
728934 729104
734634 735776
738905 740655
741159 741346
742132 742359
746470 747566
748641 748975
751348 751903
752590 752806
756760 756944
757614 759121
759750 761835
762525 763123
764412 764657
765700 766021
767858 769857
771321 771599
772164 772288
773915 774185
775081 775232
775825 777506
779041 780004
780698 781349
782023 782282
782942 785585
787884 788644
793779 795150
797782 798397
801198 802024
802670 802865
805329 806938
808796 809071
809577 809853
810679 811126
812738 813272
814571 814840
815988 817168
817860 819157
819814 819901
822952 823917
825833 826072
827782 828122
828695 829692
831392 831749
833688 834005
835562 835896
839643 839698
840212 841600
842207 843411
844828 847122
848143 848524
850228 850385
850898 851551
853962 854210
856361 856576
859220 859692
860742 862148
863950 864660
868260 868457
876013 876294
880839 880977
882352 883632
884488 884645
885173 885282
891027 891707
892591 893651
894607 894862
896907 898008
899658 899715
901386 901779
904799 905059
907630 908317
909974 911087
912399 913162
914060 914289
915377 916172
918524 919764
921616 922619
924073 924679
925946 929145
929773 931261
933531 934497
936452 936702
938253 938831
941341 941545
945560 945854
946585 947208
948318 948436
949093 949361
949983 950343
951377 952101
962089 963207
970977 971471
973168 973426
974712 975856
977506 978043
978924 979910
983953 985342
988083 988334
994145 994940
997546 998313
1004340 1005725
1006506 1008241
1010105 1011100
1011828 1011909
1013101 1014323
1016842 1017104
1018629 1020174
1020818 1021056
1021944 1022802
1023472 1024449
1025403 1025882
1026569 1026842
1029068 1029357
1032743 1032910
1035306 1035757
1037354 1038035
1039568 1040074
1041069 1044280
1044864 1045802
1046477 1047019
1051445 1051532
1052144 1053671
1054243 1054300
1056148 1056443
1057332 1057591
1058722 1058855
1062027 1063431
1064036 1064159
1064853 1065345
1066372 1066556
1067178 1073091
1073678 1077286
1078181 1078931
1080328 1080702
1081747 1082089
1084086 1084677
1086159 1086511
1087100 1087644
1088206 1089172
1089717 1090893
1091525 1092928
1093653 1093878
1096596 1096975
1099752 1100580
1101862 1104907
1107907 1109012
1109606 1109853
1110378 1111139
1112193 1112251
1114296 1114938
1115549 1115903
1117127 1117741
1118510 1119251
1121727 1122566
1123243 1123848
1125764 1126613
1128895 1129639
1130973 1133497
1134004 1134118
1135407 1136743
1137384 1137954
1141181 1141889
1143343 1143468
1144209 1144920
1146600 1147689
1148267 1148829
1149777 1150047
1150558 1151526
1152407 1153369
1154294 1154503
1155883 1156061
1160414 1161008
1163307 1164224
1166290 1167094
1167738 1172487
1175545 1175982
1176789 1177816
1185593 1185781
1189417 1189592
1190553 1191225
1193011 1193286
1196430 1197181
1197970 1198278
1199776 1200353
1203634 1205868
1206485 1207038
1209682 1210150
1213070 1214090
1214832 1216255
1216865 1217358
1219060 1219272
1223036 1224209
1224804 1227696
1229188 1229251
1229778 1233434
1236698 1237196
1237808 1239578
1240192 1240500
1241026 1242096
1245742 1245920
1246494 1246850
1249407 1250262
1250917 1252066
1252590 1253330
1253844 1256684
1260512 1264564
1266985 1267784
1269149 1269710
1270704 1270957
1271775 1272953
1274102 1274856
1276979 1277341
1277929 1278070
1278742 1280200
1280924 1284242
1286584 1286726
1288828 1288894
1289700 1291236
1292451 1292717
1295851 1296135
1298565 1299134
1300578 1300679
1303071 1303182
1304825 1305114
1308064 1308659
1309833 1309998
1310847 1311771
1313543 1313812
1314366 1314511
1315272 1315699
1317557 1318079
1318644 1319459
1320767 1320869
1323220 1323547
1324387 1324438
1326188 1328793
1332867 1333577
1334809 1335594
1336530 1337486
1340859 1341250
1341789 1341926
1344100 1344239
1346285 1346836
1347449 1347709
1348660 1351621
1353364 1354029
1354610 1356249
1361782 1362067
1364920 1365193
1367420 1368101
1368835 1369007
1372830 1373188
1375298 1375742
1376398 1377709
1378364 1378749
1379451 1379624
1381484 1384251
1384798 1385386
1388403 1389183
1390921 1391868
1393158 1393412
1395560 1396376
1397174 1397254
1397985 1399211
1399747 1400251
1400910 1401506
1402447 1403506
1404690 1405130
1407968 1410559
1413721 1413971
1414712 1418642
1419242 1419618
1420321 1421139
1423652 1424053
1425494 1427009
1429191 1429934
1430753 1430994
1432317 1432790
1433446 1434645
1435578 1435657
1437270 1437714
1438328 1438626
1439313 1441238
1442205 1443766
1445558 1445712
1449896 1450391
1450907 1451027
1453623 1453898
1454454 1454675
1457508 1457833
1458562 1458890
1460639 1460895
1462028 1463388
1463952 1464032
1464632 1465457
1466175 1466670
1467692 1469498
1470084 1470320
1472210 1472443
1473743 1473973
1477612 1479380
1480230 1483614
1484923 1485193
1486348 1487865
1488757 1489560
1491054 1491225
1493243 1493343
1494801 1495369
1496657 1496802
1497747 1498819
1501167 1501465
1503799 1505008
1505647 1506543
1507143 1510814
1511362 1512971
1513796 1514928
1516547 1518033
1519420 1521415
1522015 1523566
1526035 1526091
1527825 1528193
1529312 1530014
1530885 1531570
1532124 1533974
1534880 1536112
1537188 1538387
1541165 1541438
1543522 1544057
1544654 1546398
1547931 1548106
1552783 1553211
1553741 1554330
1558824 1559129
1560169 1561785
1562331 1563034
1563586 1563875
1565263 1565508
1567418 1567516
1570181 1570266
1570917 1571099
1571796 1572277
1573694 1574493
1577263 1578337
1579504 1580340
1582526 1583032
1586179 1587487
1589600 1589686
1591829 1593622
1594511 1594799
1595923 1596368
1597132 1597299
1598040 1598332
1598840 1598978
1599707 1603322
1603871 1604154
1606471 1607067
1607681 1608099
1610704 1611312
1611880 1612870
1613435 1613576
1614175 1615531
1616284 1616849
1618686 1619315
1619923 1620010
1622136 1622429
1624977 1625443
1626937 1627822
1628472 1630323
1631702 1631801
1633769 1634948
1636969 1637218
1637739 1638288
1638821 1639490
1641301 1641429
1642362 1643459
1644009 1644134
1645074 1645571
1646385 1646457
1647152 1647485
1648082 1648413
1649558 1649957
1650609 1650839
1651561 1652084
1653170 1653369
1660058 1660290
1661560 1661902
1663104 1663536
1665570 1665728
1668251 1669075
1670608 1671679
1672255 1673034
1673730 1674608
1675180 1676096
1680568 1681027
1683141 1683668
1684280 1684530
1686050 1686214
1689567 1689803
1693635 1693892
1694876 1695612
1696188 1696826
1698291 1698572
1699383 1701120
1702616 1703055
1704438 1705005
1705690 1706312
1708304 1710092
1714728 1714880
1717576 1718435
1722670 1723154
1724625 1724856
1725632 1726330
1728165 1729123
1729635 1729856
1734690 1734958
1735737 1737891
1739466 1740448
1741837 1742479
1744964 1745429
1755738 1756543
1757177 1759778
1761157 1761980
1765985 1766307
1767454 1767632
1768155 1769064
1769747 1770403
1771643 1771756
1772274 1773813
1775376 1775554
1777325 1778140
1778773 1780300
1781167 1782925
1784249 1785375
1787100 1789090
1793557 1794591
1796110 1796391
1798798 1799817
1800464 1801391
1804349 1804578
1806389 1806568
1809288 1809657
1811185 1811758
1814404 1815061
1816067 1816718
1817358 1817687
1818779 1819372
1821497 1821571
1822084 1824220
1825638 1826132
1826728 1826975
1828717 1829153
1829691 1830118
1830739 1832786
1834903 1835380
1837304 1837548
1839994 1840246
1841882 1842640
1844609 1846431
1846949 1847043
1848206 1848268
1848847 1849313
1851189 1851245
1853333 1854406
1856588 1857681
1859604 1860042
1861426 1862861
1865185 1865484
1866775 1866830
1867870 1869649
1871425 1871561
1872544 1872617
1873626 1874290
1875225 1876405
1877532 1878214
1878870 1879693
1882221 1882304
1882976 1885964
1886992 1888205
1891858 1891956
1892538 1892775
