Salmonella_0920_Ancestor_
1 250
1587 2391
19707 19930
33183 33343
35251 36224
40493 40681
63706 64225
65528 66653
77170 77236
79903 80062
84257 84385
92653 92890
94790 95069
99691 100218
102230 102644
103684 104011
105758 106039
109391 109607
125796 126024
126684 126792
130750 130907
134719 135017
135840 136023
139506 139626
143859 143909
155422 155783
161469 161527
172500 172575
199440 199598
200741 200803
203122 203419
209371 209584
212352 212481
258038 258093
259897 260091
269941 270093
272337 272555
289337 294518
298158 298497
307963 308118
312960 313438
316392 316931
320253 320521
323433 323611
328933 329127
335900 336113
337105 337318
350754 351016
352340 352434
358269 358570
359659 359843
360443 360855
365434 365551
374327 374397
393178 393366
410770 411129
421064 421273
439193 439530
455702 456802
461168 461349
499032 499318
506779 506851
515517 515858
520260 520491
526611 526841
538084 538665
562217 562421
571114 571221
573597 574445
583309 583461
586318 586889
594802 594921
596885 597053
602843 602981
611169 611580
633794 635195
638704 639081
651769 651981
655398 655596
666908 667019
669539 669789
685747 686000
704188 704457
704977 705060
712114 712346
727123 727224
741649 741957
757272 757394
770831 771098
790414 790490
802707 802897
819612 819894
830250 830570
832490 832892
838845 839126
858294 858872
880022 880297
880818 881107
882649 882833
887014 887481
889237 889532
890370 890477
891419 891584
909830 910240
923527 923642
925257 925512
930545 930659
939251 939754
954001 954066
979134 979687
990012 990270
999478 999851
1000766 1000859
1019161 1019420
1024324 1024537
1025116 1025636
1028173 1028426
1029398 1029527
1041161 1041529
1045413 1045490
1060998 1061276
1067804 1067933
1072989 1073208
1075231 1075532
1079609 1079789
1099095 1099326
1099905 1099977
1100794 1101668
1102191 1106018
1107663 1108506
1109012 1110870
1114716 1115123
1135535 1135822
1136884 1137144
1146025 1146262
1147724 1147859
1148520 1148659
1151304 1151641
1184817 1184978
1192465 1192563
1204406 1204669
1220191 1220301
1224260 1224548
1240832 1241019
1246774 1247168
1262223 1262512
1280599 1280874
1288414 1288663
1295420 1295577
1296157 1296910
1299561 1300435
1318714 1319033
1333628 1334523
1339109 1339319
1340385 1340685
1363452 1363662
1377563 1377765
1392556 1392736
1402777 1402896
1406021 1406256
1423605 1423873
1426036 1426347
1427761 1428075
1428660 1428844
1446518 1446750
1462913 1463091
1473975 1474066
1479752 1480034
1483566 1483625
1494429 1494748
1509156 1509611
1515519 1515633
1516584 1516915
1521660 1521748
1532992 1533106
1549428 1549619
1554658 1554879
1560421 1560511
1563277 1563694
1581832 1581960
1585714 1585765
1605959 1606324
1615788 1616667
1619110 1619340
1628145 1628377
1661577 1661874
1666135 1666220
1678670 1678881
1713372 1713755
1715860 1716018
1742172 1742272
1748513 1748786
1789312 1789543
1790992 1791156
1799051 1799220
1809477 1809910
1810888 1811095
1830256 1830439
1840035 1840156
1850119 1850232
1852989 1853490
1859825 1860607
1862658 1862720
1881330 1881506
1888224 1888285
1904754 1905067
1906183 1906325
1912958 1913405
1925653 1925927
1935400 1935596
1936702 1936762
1958157 1958570
1960218 1961047
1966655 1966896
1976482 1976722
1984947 1985243
1998683 1998787
2004336 2004610
2013119 2013396
2027123 2027371
2040786 2040949
2043822 2044221
2045783 2046793
2048346 2048799
2057891 2057978
2076698 2076908
2081073 2081420
2089197 2089431
2093922 2094585
2100437 2101055
2111387 2111440
2120624 2120689
2123226 2123357
2130673 2131007
2142125 2142423
2155817 2156093
2169661 2169939
2171991 2172173
2185049 2185312
2187666 2187951
2215037 2215206
2218954 2219121
2227135 2227240
2250502 2250749
2268434 2268654
2269961 2270276
2271999 2272180
2276330 2276610
2284622 2284810
2285596 2285706
2287168 2287746
2307840 2308156
2316598 2316842
2318108 2318273
2324822 2325005
2343242 2343572
2348419 2349242
2350506 2351606
2353106 2353488
2361836 2361999
2369363 2369442
2373229 2373514
2380581 2380649
2381760 2382110
2390680 2390921
2393282 2393422
2408734 2408964
2411705 2411938
2422816 2423132
2444412 2445165
2454014 2454321
2461780 2462210
2466519 2466684
2468266 2469429
2479981 2480443
2483679 2483992
2498946 2499045
2503313 2503559
2505840 2505970
2508517 2508586
2524507 2524682
2545564 2545617
2551424 2551565
2559372 2559667
2572286 2572392
2573287 2573372
2579319 2579840
2580851 2581198
2588298 2588413
2589287 2589667
2594256 2594532
2608586 2608918
2609809 2610170
2611815 2612160
2631418 2631564
2635807 2636346
2684681 2684762
2690989 2691079
2700062 2700226
2711419 2711817
2717844 2718008
2722827 2722934
2728283 2728550
2734857 2735402
2736118 2736741
2737751 2738569
2748138 2748516
2754431 2754599
2780900 2781529
2790075 2791233
2792373 2792616
2794669 2794776
2796549 2797170
2797841 2799432
2800489 2801018
2802475 2802554
2803136 2804164
2804668 2805685
2806632 2806792
2812917 2813096
2815803 2815942
2816785 2816842
2826911 2832484
2844040 2844098
2847847 2848203
2863937 2864176
2865294 2865502
2883226 2883411
2898040 2898561
2902728 2903019
2911081 2911593
2912579 2912884
2931578 2932798
2942043 2942157
2945645 2946233
2947689 2947916
2969558 2970422
2988669 2988823
3005207 3005261
3013762 3013942
3025058 3025225
3042221 3042441
3051279 3051519
3054336 3054721
3066359 3066643
3068727 3068830
3073606 3073865
3079070 3079119
3092780 3092971
3106404 3106551
3110557 3110895
3116319 3116405
3117617 3117731
3121945 3122217
3133104 3133282
3143441 3143723
3154716 3154773
3158250 3158393
3160551 3160688
3174377 3174630
3177643 3177699
3188479 3188660
3193140 3193200
3194306 3194827
3195941 3196714
3204197 3204450
3210998 3211098
3225072 3225194
3232742 3232812
3248659 3248801
3255644 3256072
3261710 3261857
3263039 3263117
3266110 3266211
3269781 3270046
3271254 3271696
3274268 3274769
3277334 3277810
3281627 3281971
3288616 3288881
3306594 3306956
3316893 3317308
3319193 3319406
3355479 3355898
3356811 3356995
3365306 3365497
3399835 3400142
3407838 3407918
3413079 3413167
3420449 3420508
3425773 3426021
3427769 3427931
3439403 3439731
3451805 3451874
3458778 3458986
3474737 3475225
3481881 3482103
3494882 3494980
3519408 3521979
3524973 3525366
3525939 3526100
3549837 3550156
3566398 3571894
3576787 3577316
3577909 3578199
3590443 3590522
3598409 3599372
3609064 3609223
3611526 3611774
3614794 3615239
3635311 3635668
3638422 3638853
3643044 3643130
3652295 3652472
3667633 3667803
3677443 3677911
3688882 3689257
3704246 3704722
3716935 3717200
3723107 3723362
3725356 3725975
3748346 3748611
3750242 3750327
3755744 3755900
3771049 3771178
3781612 3781779
3793954 3794178
3800786 3800920
3811867 3812223
3826073 3826460
3849667 3849886
3856357 3856762
3866995 3867190
3871542 3871686
3881738 3882012
3890905 3890968
3904969 3905137
3915130 3915287
3956392 3956635
3957712 3957777
3958522 3958677
3968963 3969023
3971239 3971317
3980200 3980274
3992179 3992431
3999968 4000023
4010670 4010998
4011504 4011661
4013026 4013148
4015747 4015815
4025621 4030759
4045150 4045224
4058717 4058898
4061313 4061405
4089361 4089654
4103500 4103673
4108815 4109354
4112320 4113976
4115386 4116815
4118120 4118173
4139636 4139744
4140735 4140851
4141763 4141966
4148761 4148824
4153648 4153732
4157443 4157569
4167127 4167310
4195913 4201722
4229833 4230116
4237590 4238332
4245266 4245455
4246308 4246405
4263638 4264304
4287623 4287922
4289774 4290001
4290665 4290991
4302954 4303358
4323898 4323955
4333763 4334000
4345421 4345504
4350975 4352562
4353100 4356550
4361309 4361680
4364180 4364458
4402449 4402713
4414818 4420062
4426277 4426575
4427179 4427947
4433624 4433946
4435834 4436366
4443251 4443463
4446498 4446716
4450143 4450336
4453324 4453922
4472539 4473033
4478598 4478703
4479674 4479856
4539212 4539289
4547294 4547780
4559434 4559498
4560041 4560510
4561791 4561884
4567616 4567877
4596003 4596121
4596686 4596841
4617287 4617553
4623165 4623511
4625415 4625790
4627283 4627435
4628167 4628285
4641751 4641911
4659980 4660216
4662197 4662357
4677979 4678599
4681708 4681870
4688563 4688891
4697125 4697414
4735567 4735990
4740350 4740772
4749047 4749284
4755275 4755518
4773487 4774145
4789524 4789816
4802073 4802269
4811564 4811693
4815192 4815481
4820544 4820668
4826449 4826600
4842326 4842625
4846846 4846899
4854113 4854438
4856067 4856235
4857362 4857432
