gi_556503834_ref_NC_000913.3_
1 682
1755 3358
5524 6174
6732 8060
8861 14623
15332 15386
16242 18127
20343 22474
23099 27510
28119 29459
30455 30951
32392 37779
39253 40883
41640 46090
46870 48578
49346 50395
52278 53118
54162 55876
58200 63409
64487 65435
66209 68105
70957 72372
73535 74757
75509 79143
80753 83014
90510 91664
92998 93233
94261 96732
98149 99520
102561 108241
111704 114582
117517 122857
125202 126311
130000 134528
136261 136459
143286 145509
146453 146611
147337 149067
149892 153541
155156 158243
159402 165923
166667 168824
169974 172287
173832 173969
175011 194353
195371 195729
197887 198119
199275 202835
203326 207595
208202 208486
209193 220164
222479 230200
231808 234166
235967 236930
237009 239530
240525 244141
247191 250007
250940 253052
257535 261224
262971 267032
268844 269642
270203 275020
275150 289708
290634 297245
298787 299433
301437 302155
302835 309091
309958 311306
312411 312866
315110 316338
316484 319807
320992 321782
322931 323016
325216 328074
328661 328889
329443 329904
330448 334207
336851 336979
338092 345457
346147 347230
349601 349865
351419 351925
354811 356490
357297 365799
367360 368709
369790 371420
375243 375920
378221 378707
379559 382971
383569 385377
386753 389992
390922 400466
401638 406136
412419 413852
414477 415805
416381 419225
420696 425008
425874 426901
429166 430576
433087 435690
438245 439318
440904 441999
442737 451402
453515 459564
462427 465114
466234 470967
472002 472212
474534 474687
477037 477123
479800 481438
483642 486784
489203 494458
499254 513347
513871 517668
519899 520925
522560 529740
530447 537496
538048 540395
542559 542951
548791 549546
550563 551921
553439 556310
557713 562527
563976 570767
573530 574585
574731 576759
578152 578287
579943 580729
581541 584413
586187 586315
587142 591783
593812 594379
595406 597724
598783 605104
605767 605886
607200 611227
612384 613957
615853 618511
622499 627384
627987 629520
631950 632283
633236 633391
634277 635107
635930 637263
638140 638816
639955 650506
651343 655049
656799 660691
663149 667195
668253 668927
669721 673339
674492 680585
681496 682285
683394 684774
686678 688952
691622 694840
696502 697267
701018 702009
703313 705695
708190 713460
715199 716530
717352 717953
719526 723639
725449 725989
728872 729087
729593 730607
731167 735071
736026 739124
740403 740834
741980 742529
745677 748561
750067 750947
754919 760906
762447 765239
767450 774085
774950 775338
777531 781067
781146 783001
783735 784418
785869 786376
789168 792103
793823 796188
799528 805318
807455 814014
815965 817785
819073 822347
824357 830486
831040 831176
834251 834682
836496 837152
840159 846808
848394 849064
850397 853424
854361 855531
857903 866906
868733 868859
870548 871617
872382 878016
879708 882319
882917 883648
885572 886704
888500 895365
895998 896447
898255 903814
905364 906621
907950 911254
912184 915055
917028 917273
918361 923467
925731 926066
926685 926960
930607 930790
931775 933377
935475 937039
937876 937951
940537 943173
946416 952307
953904 958138
958967 960638
962284 963021
964583 966880
971915 974547
976018 976998
978760 980177
980940 984460
985482 986155
986834 991558
992162 996317
998405 1000177
1001203 1004672
1007101 1008793
1009829 1014104
1015530 1025528
1026885 1027306
1030058 1030836
1032193 1033828
1038549 1039735
1042006 1043162
1044080 1047270
1049245 1055164
1057712 1057982
1059188 1060778
1065424 1067706
1068235 1069439
1070128 1072482
1074441 1078479
1079787 1081429
1082471 1084661
1085267 1087671
1089411 1090340
1093190 1095332
1097103 1098386
1098904 1100799
1102570 1105539
1107831 1113533
1114673 1115761
1116376 1121027
1124172 1128990
1130080 1132276
1133893 1140694
1143303 1145839
1148302 1150045
1151563 1152404
1156312 1157190
1158275 1160489
1161247 1161909
1163178 1170440
1171184 1174593
1175974 1176880
1178402 1182885
1184862 1187594
1192114 1193361
1194164 1200381
1201935 1203483
1206240 1211345
1212652 1215480
1216253 1217579
1219009 1221087
1221762 1223541
1225369 1226652
1227620 1229814
1231401 1233691
1234727 1236339
1239167 1244680
1248267 1251440
1252391 1253625
1254763 1255248
1259054 1267612
1268638 1276091
1276974 1282427
1284551 1289705
1290826 1292533
1293131 1295449
1296631 1297750
1299239 1300553
1302185 1306164
1307078 1310321
1311771 1317706
1319772 1321340
1324692 1325388
1326395 1326779
1328685 1329723
1330420 1330876
1332561 1334960
1336401 1337316
1338966 1340478
1342597 1343029
1344597 1344730
1346038 1346716
1348171 1352399
1354874 1356202
1357501 1358963
1360789 1361029
1362037 1364175
1364976 1365125
1368230 1369489
1370746 1372465
1373499 1376889
1377761 1378205
1379575 1384373
1385835 1390720
1394105 1394730
1396154 1397099
1398301 1400997
1402190 1402864
1403857 1411113
1413632 1419167
1420168 1421351
1422165 1436118
1437616 1438484
1439338 1445634
1446248 1446607
1447387 1452261
1453220 1466869
1467891 1470489
1471351 1478167
1479095 1479909
1482172 1482521
1483892 1490965
1492090 1493124
1494015 1495747
1496518 1497019
1498102 1501699
1504121 1505006
1506351 1507405
1509488 1514153
1514796 1515678
1517853 1520472
1521626 1521946
1522487 1524795
1526680 1529060
1529973 1532816
1533845 1534710
1535373 1538807
1540083 1542304
1543996 1549260
1550523 1550733
1552161 1552565
1555799 1558237
1560572 1561781
1563027 1564113
1565677 1567300
1569201 1573178
1574162 1575374
1576775 1579134
1580788 1584004
1585856 1586322
1590697 1592506
1593027 1596028
1597299 1600136
1600901 1600990
1603166 1603526
1604534 1604843
1605629 1606273
1607878 1612612
1615237 1616767
1619626 1621589
1622169 1624129
1624890 1627856
1628585 1628762
1629592 1635206
1635963 1636726
1638373 1640491
1641237 1641954
1642886 1644689
1646034 1648236
1649816 1650043
1650812 1658764
1659882 1661624
1663146 1663523
1664584 1664683
1665719 1667112
1668543 1676312
1677069 1677929
1680628 1682376
1683280 1694315
1695260 1696992
1698435 1699283
1700041 1703778
1705781 1706704
1710928 1711442
1712065 1712467
1714041 1715007
1716571 1719217
1721133 1723127
1724875 1729203
1730168 1731116
1732420 1738066
1741698 1743480
1745004 1745561
1746235 1751011
1753795 1755213
1756504 1763784
1765680 1766246
1768697 1769508
1771291 1775890
1777319 1780873
1782065 1783839
1785171 1791976
1793281 1796649
1797537 1805742
1806702 1810081
1811784 1814273
1816962 1824604
1825842 1827602
1828739 1829173
1833914 1834700
1835229 1840667
1841966 1844419
1845557 1846321
1850010 1852919
1854314 1855546
1856154 1856664
1858130 1860598
1861552 1864523
1865557 1869679
1873259 1875453
1876294 1876866
1879494 1881246
1883421 1889185
1890218 1899732
1900804 1904115
1904890 1907921
1910917 1913063
1913705 1914930
1916011 1917991
1919843 1922679
1923311 1924282
1924988 1930476
1931329 1938955
1939945 1942518
1943898 1944870
1947592 1949118
1950689 1954894
1955842 1957022
1957823 1960233
1963447 1963640
1965904 1966869
1968352 1971007
1971809 1972601
1975309 1976809
1977349 1985919
1987089 1988000
1989036 1993459
1995150 1995469
1996975 1998640
2000752 2003132
2003777 2004386
2008186 2008381
2009357 2011997
2013268 2015885
2016418 2017439
2018856 2019573
2023642 2025764
2026848 2027142
2027878 2031230
2033685 2035688
2037594 2046193
2047759 2048831
2050493 2058022
2058108 2059845
2059931 2064148
2064697 2067277
2068774 2069730
2070833 2073446
2076230 2077645
2079004 2079695
2084268 2084397
2085472 2085860
2093377 2095884
2096782 2097161
2097767 2098559
2099099 2102934
2105966 2112414
2113016 2114509
2115522 2122646
2125224 2128169
2129225 2131133
2132536 2133937
2135493 2135824
2137028 2143875
2146541 2147950
2151498 2153453
2154828 2155456
2156419 2157006
2158472 2161194
2162541 2164341
2164946 2169480
2170712 2172422
2173611 2176285
2179616 2183623
2185905 2186351
2190434 2197905
2199906 2200527
2201171 2201426
2202642 2203304
2204368 2208348
2210010 2211782
2213258 2216689
2217770 2218408
2219026 2220926
2223297 2223716
2226615 2229143
2230301 2230763
2231702 2231829
2232939 2233422
2235987 2246302
2248177 2249444
2251872 2263537
2264510 2267663
2269656 2271433
2273118 2273446
2275071 2275165
2276929 2279985
2281378 2283084
2284465 2293324
2293949 2294309
2295423 2297455
2298871 2299359
2304537 2305479
2307053 2308047
2309053 2312725
2314367 2321213
2321999 2322354
2325551 2327068
2327591 2329152
2331944 2334677
2336979 2340962
2341716 2343642
2345528 2358676
2361492 2368415
2369884 2371779
2372769 2377777
2378365 2381246
2381796 2383365
2385093 2388846
2392884 2397496
2398217 2399212
2400712 2403475
2405251 2411333
2412006 2413186
2413826 2416861
2417864 2421533
2423009 2423455
2424916 2426311
2428956 2447836
2449512 2450071
2452930 2455965
2457859 2457930
2458543 2459219
2460670 2464161
2465180 2466061
2467103 2468050
2469935 2470035
2471769 2473766
2474725 2480007
2481129 2485321
2486979 2488231
2489542 2496293
2498220 2498464
2500107 2503103
2504005 2507594
2508676 2510205
2511067 2518797
2520467 2523924
2525511 2526338
2526987 2527802
2528744 2529989
2531788 2532875
2533648 2539449
2540278 2544305
2545362 2545792
2546324 2548598
2550324 2551363
2552779 2558058
2559934 2564665
2565310 2572356
2573218 2575010
2576709 2579238
2579782 2582546
2583485 2587360
2591065 2592598
2594119 2595182
2596688 2601236
2602377 2602723
2603652 2603926
2605963 2609418
2610068 2610672
2611980 2614248
2615809 2617226
2618283 2622096
2623259 2625085
2627928 2630238
2630957 2632468
2633606 2636262
2637036 2639307
2641778 2645705
2647398 2647735
2649215 2652802
2653511 2657843
2659433 2660979
2662493 2663314
2664146 2664717
2665750 2666039
2667624 2676051
2678048 2682847
2684098 2684211
2684763 2686766
2689487 2692270
2695333 2695858
2696397 2698606
2699493 2708595
2709394 2716375
2717571 2720692
2721690 2721936
2723447 2724090
2725817 2733429
2734009 2734627
2735965 2741018
2742538 2743761
2745126 2750337
2751887 2753606
2754911 2756159
2757152 2757970
2758534 2760765
2762853 2771861
2772547 2774241
2777797 2779085
2781044 2782192
2782891 2785212
2787546 2790200
2790849 2792836
2793389 2793449
2794015 2794466
2796266 2798076
2799211 2799989
2800951 2801444
2802708 2804977
2806655 2815835
2816972 2826422
2827022 2828054
2829757 2831515
2833510 2834473
2835293 2835355
2836309 2839079
2840334 2842209
2844236 2852037
2852750 2854808
2855844 2859209
2862487 2863032
2864451 2867903
2871109 2877191
2878956 2879363
2880033 2880143
2880819 2881403
2883135 2887774
2888714 2893771
2895393 2900867
2903496 2908691
2909668 2910796
2912077 2912391
2914163 2919334
2921052 2922224
2923157 2925003
2927389 2927691
2929753 2930406
2931432 2932185
2932858 2936894
2939048 2942035
2942403 2942655
2944338 2947604
2947688 2947836
2949999 2953771
2954649 2961795
2963165 2970697
2971434 2972808
2973811 2975507
2976673 2983158
2986621 2999240
3000711 3008397
3008945 3015501
3018398 3021141
3022042 3024174
3025452 3026174
3027159 3033647
3035326 3041020
3041839 3042694
3044524 3048580
3049588 3050485
3051785 3056729
3057565 3061766
3064184 3066046
3066586 3073188
3074580 3080728
3081910 3088465
3089926 3093445
3095171 3096318
3097121 3097184
3097741 3098621
3099206 3101584
3103096 3104969
3106081 3106960
3108896 3114989
3117689 3125658
3128559 3136436
3137609 3137663
3138602 3139647
3141379 3143098
3143807 3145923
3146588 3148132
3149909 3149978
3150814 3154127
3155485 3155558
3157422 3159688
3161760 3162084
3163554 3169641
3170837 3175150
3176657 3182183
3183040 3187609
3189742 3192236
3194552 3195289
3196006 3201644
3203182 3207472
3208405 3212752
3215353 3215601
3218426 3218704
3223326 3226676
3228415 3234592
3235473 3237883
3238477 3245087
3245901 3245996
3247782 3250222
3252115 3252954
3256545 3261424
3262307 3266209
3267420 3270780
3271912 3272265
3274622 3277308
3278851 3282800
3283549 3283812
3285481 3286817
3287666 3292558
3294729 3302941
3304533 3305890
3308727 3309165
3312710 3321930
3322619 3322959
3324214 3329745
3330530 3330763
3332577 3334352
3335114 3336777
3337502 3342505
3343400 3353787
3354956 3355983
3356717 3362434
3363565 3370545
3371568 3372281
3373666 3374085
3375981 3382185
3382911 3383042
3383918 3384367
3385530 3393028
3394053 3394208
3396398 3396451
3397444 3400467
3401594 3403611
3405621 3405952
3407681 3413045
3414886 3415864
3417890 3421286
3422299 3422750
3423428 3428901
3429408 3431702
3432485 3439158
3439665 3440054
3441106 3442018
3442794 3443172
3445168 3445662
3446720 3447422
3448086 3451494
3454006 3454206
3455503 3456186
3457232 3458384
3459725 3467291
3468395 3471262
3473937 3478813
3479823 3481038
3482481 3483504
3484935 3490362
3491946 3495411
3499874 3501128
3503125 3509549
3510197 3511523
3512038 3512201
3514250 3515388
3518695 3525033
3527835 3529883
3531378 3535889
3537457 3538359
3539735 3539935
3540544 3542089
3543423 3544088
3547084 3555917
3559612 3560564
3561306 3564114
3565119 3565405
3568980 3575135
3577722 3579839
3582589 3584096
3585824 3587414
3590667 3594700
3595909 3596100
3597811 3598888
3599434 3600064
3603381 3604613
3606660 3613413
3614337 3614866
3616619 3617845
3619407 3619860
3620435 3625378
3626236 3634033
3635986 3636779
3638122 3638212
3639018 3646500
3647453 3647993
3650287 3659537
3661868 3664759
3665435 3666139
3667050 3673451
3674377 3675146
3675765 3676323
3677945 3680242
3681455 3682287
3682863 3686914
3688102 3694613
3695641 3696204
3699629 3701890
3703876 3705764
3706918 3707061
3708325 3708526
3709732 3711070
3711987 3714207
3715273 3716748
3718337 3719258
3720299 3726095
3726874 3728776
3730109 3734592
3736810 3737299
3738210 3740390
3743094 3747237
3747919 3756356
3757826 3761081
3761828 3768454
3769812 3775929
3779606 3787570
3788323 3794693
3796602 3797273
3797950 3799898
3801982 3803388
3805161 3808439
3811853 3813837
3815459 3818579
3819826 3821120
3821699 3826516
3827573 3827994
3828769 3839471
3845715 3856752
3857565 3859425
3860066 3863393
3864162 3864526
3865893 3866322
3867677 3869143
3870106 3880026
3883028 3892829
3894049 3899054
3901828 3909626
3912145 3917222
3918993 3922781
3923433 3926477
3928420 3929447
3931014 3932027
3934309 3935671
3937257 3949628
3951710 3952187
3953375 3953924
3955515 3957690
3958658 3962777
3964419 3970378
3971202 3971522
3973207 3982126
3982750 3984379
3985773 3987683
3988562 3990022
3991336 4004474
4005031 4013524
4015080 4020577
4021513 4023310
4024553 4028277
4031197 4042731
4043942 4047199
4050053 4050821
4054481 4060895
4061757 4062828
4064551 4065894
4066452 4071101
4073217 4079496
4080823 4081798
4082759 4091488
4092663 4098176
4101367 4103449
4106292 4113901
4114515 4115088
4117042 4117431
4118864 4120032
4120880 4123383
4123941 4125207
4128913 4130782
4132225 4132361
4133594 4135485
4136485 4140026
4143541 4150858
4152576 4153386
4155463 4160503
4162502 4162997
4164818 4166298
4166543 4175656
4176400 4180480
4181488 4183148
4185276 4187581
4189082 4189737
4190361 4191412
4193119 4194154
4194782 4198035
4199165 4200063
4202799 4216217
4216802 4218802
4221073 4222757
4223436 4223952
4224395 4224724
4225381 4225637
4229623 4231340
4232434 4232675
4233770 4239247
4241841 4244830
4247522 4261309
4262977 4268848
4270663 4271397
4272893 4275772
4279669 4287597
4290190 4290811
4291729 4296939
4299471 4304364
4305170 4309240
4310521 4313204
4314398 4316278
4317906 4319768
4321375 4322578
4324326 4326311
4327667 4327724
4328857 4330796
4332537 4339210
4340125 4341678
4342349 4343282
4348441 4349403
4350412 4353015
4355591 4358112
4360013 4360549
4361475 4362543
4363872 4365652
4367235 4371916
4373184 4374410
4375409 4376733
4380121 4384972
4386063 4392582
4392661 4396353
4398365 4399770
4400781 4402495
4404361 4405431
4406826 4407924
4408597 4419536
4421213 4421904
4424013 4427073
4428520 4436605
4437334 4438621
4439694 4452213
4453233 4456999
4457972 4458212
4459266 4463685
4465598 4466508
4467447 4469219
4470416 4473835
4475461 4477873
4479032 4479205
4480061 4480721
4482070 4483632
4485576 4486971
4488881 4490679
4492932 4495270
4497157 4499413
4499513 4499896
4502430 4517144
4517762 4517813
4518717 4520670
4523041 4523258
4524361 4525230
4527070 4527843
4529502 4532334
4533527 4533954
4536911 4538216
4539854 4540257
4541471 4542050
4543346 4548351
4549254 4551188
4551706 4554116
4555615 4559341
4560679 4562599
4563531 4565551
4568143 4568495
4573365 4574269
4575270 4576875
4578004 4580060
4581564 4583639
4584752 4589605
4590681 4591287
4592569 4592860
4593521 4593727
4594930 4596643
4597494 4597614
4599135 4608489
4609941 4610643
4611477 4613760
4614412 4614591
4615216 4615944
4617140 4617617
4618574 4626366
4630397 4637520
4639258 4640314
4641458 4641652
