Escherichia_coli_O157_H7_EDL933_0985
613 874
2471 3254
4218 5660
6881 7131
9547 9714
10965 11095
12714 13535
17973 18083
19145 19553
22268 23571
24657 24886
25502 26054
28482 28777
29606 30043
32942 33903
37532 37734
39390 39484
44201 44340
50786 51593
54025 54177
55451 55745
60400 61835
73926 74819
82205 82479
83807 83975
85275 86465
91294 91609
93369 93755
99252 100226
103956 104214
107990 108240
111893 112276
125825 126091
126768 127188
135813 136092
136665 137535
138140 139400
139935 141106
146193 146305
146908 147528
149061 149110
149873 150109
151876 151999
152900 153007
153972 154216
159161 159288
161457 161833
163070 163150
165851 166113
171925 172405
177612 178029
178599 179748
181032 181292
186692 188969
193584 193780
196679 197031
200030 201832
205208 205353
208098 208291
212079 212746
213335 213452
215596 215858
216586 217164
224378 224456
228715 229791
240212 241323
251180 251408
252277 252612
254884 255232
260245 260492
261358 262567
264850 265610
269835 270229
271302 271401
273574 273755
280244 280489
282061 283120
290933 291094
301016 301268
314581 316809
318885 319790
321675 321769
322273 322665
325144 325423
326052 326233
328466 328612
330703 330841
340434 341064
345649 346635
348354 348466
350652 351287
352355 352809
353430 353502
355352 355898
362817 363058
370856 371629
372211 372384
373430 373680
374245 375225
380667 380884
384012 384258
390290 390435
391511 392017
396874 397158
397686 402169
404687 404765
406085 406485
409586 410109
412823 412900
415458 416077
420794 420852
423730 423964
427001 427298
429631 429911
434298 434753
444602 444883
445397 445546
448615 448834
454158 455338
456001 456100
458717 459439
462066 462197
463241 463505
464087 464223
465539 466278
467898 469642
470337 471192
472258 473191
475989 476229
478269 478650
483545 484239
484937 486218
487017 487527
490031 490465
491435 491911
494121 495307
496392 496912
499710 499856
500623 501057
505168 505259
506563 507506
508375 509468
513900 515028
522349 524105
526693 527696
531670 532512
537035 537527
546573 547032
550749 550986
556062 557322
561331 561518
562979 564153
568143 568298
569788 570564
573291 573440
573995 577196
582679 582915
583460 584711
585683 586278
587547 588470
589054 590999
592693 592978
594744 594987
601131 601769
602895 604604
612246 614501
615176 615734
616917 617236
619369 620997
628933 629126
631645 631956
636991 638109
648593 649046
649985 650351
653405 653719
658544 658891
659447 660195
668757 668876
670883 671078
672428 672750
678099 678260
679365 679731
687950 688901
689545 689790
693974 694248
695359 695496
696173 696232
698098 698382
702901 703214
703729 704228
704754 705750
706400 706486
707227 707804
708387 708812
709533 711646
712163 712278
713041 713885
718752 718977
720079 720202
725677 725746
729720 730231
734931 737213
737933 738594
746471 746950
752854 753481
758730 758903
774152 774336
775631 776693
780529 780655
783399 783761
785546 785789
790695 791367
793422 794183
795563 795914
801890 802193
805634 805849
807708 808175
810214 810285
813915 814388
816432 816574
819557 820752
824440 824786
826899 827356
828566 828824
830236 830473
833440 833636
836794 837288
840655 842628
844198 844344
846370 846710
851659 851804
853654 856511
859086 859946
860636 860814
861680 862612
866572 867326
872324 872395
874343 875565
876250 876443
882661 882818
891847 892532
900418 901137
903637 903774
904352 906556
908771 910802
912284 912657
920727 921006
922636 922935
929280 929637
930294 931086
931819 931878
940627 940854
941506 943919
945716 945980
949901 950590
951155 951809
952448 953894
958303 960494
961473 961640
974446 974831
975864 976635
978553 978920
980197 980554
982367 982595
987887 988175
990930 991298
991799 992456
999561 999992
1004681 1004951
1010371 1010566
1011748 1012221
1015008 1015310
1028925 1029136
1030921 1031109
1037955 1038246
1041103 1041654
1042177 1042248
1046897 1047558
1059385 1059530
1062006 1062235
1064396 1064461
1068931 1070266
1074002 1074325
1078915 1079251
1080550 1080722
1083348 1083431
1086986 1089182
1091718 1092155
1096215 1096289
1099957 1100191
1102664 1102955
1103538 1103728
1107464 1111086
1113013 1115331
1115920 1116111
1118768 1118858
1131578 1131860
1134130 1134397
1136010 1136324
1139058 1139645
1143905 1143988
1152381 1152817
1156533 1156722
1158122 1158223
1160730 1161002
1171951 1172183
1173613 1174106
1174699 1175304
1177093 1177346
1178654 1179637
1181448 1182071
1183714 1183779
1186087 1186405
1186962 1187085
1190070 1191426
1203703 1203869
1205623 1205894
1219565 1220864
1240328 1240633
1247690 1247877
1248685 1249492
1251948 1253469
1254990 1255180
1258672 1259258
1260654 1260727
1261654 1261990
1262603 1263200
1270715 1270959
1272775 1273064
1275758 1275980
1282878 1283238
1285226 1288276
1289020 1290345
1290865 1291517
1294332 1295000
1295977 1296626
1298718 1298781
1300805 1300944
1304510 1304804
1307122 1307316
1313188 1314012
1319843 1320595
1321375 1322600
1324547 1325051
1329380 1329528
1331716 1332579
1334741 1334799
1335546 1335896
1339034 1339266
1341522 1341680
1347986 1348173
1349008 1349676
1358879 1358988
1361671 1362885
1365299 1365411
1366019 1366074
1366688 1368065
1368576 1369705
1370384 1370706
1376867 1377054
1378278 1379086
1385090 1385337
1386820 1387054
1388935 1389146
1391525 1391698
1393014 1394216
1397215 1397505
1410109 1410233
1413745 1413877
1414804 1415578
1423710 1423927
1425157 1425312
1425906 1426054
1429885 1429997
1436512 1436896
1441057 1441311
1448199 1448498
1450544 1450989
1469036 1469601
1473807 1474093
1480698 1481132
1482838 1483167
1484069 1484772
1486587 1486799
1488024 1489009
1491538 1492131
1497818 1498877
1501182 1501325
1501837 1502298
1502937 1503426
1505341 1505444
1506172 1507222
1508016 1508270
1509312 1509727
1520534 1520956
1522789 1522955
1524184 1524841
1526849 1527126
1530609 1530914
1533297 1534240
1536757 1536810
1539891 1540033
1543517 1543661
1545945 1546142
1550713 1551601
1558442 1558835
1560842 1561523
1565485 1565677
1574499 1575136
1578334 1578451
1582531 1583449
1585026 1585224
1587897 1588770
1593354 1593556
1594281 1598780
1599766 1600274
1602165 1602393
1605068 1605326
1611157 1611515
1619476 1620022
1621277 1621643
1624380 1624899
1625905 1626191
1629180 1629384
1634821 1635194
1636081 1638855
1640604 1642073
1650335 1650426
1662529 1663205
1670958 1671217
1671969 1672197
1675073 1675730
1682274 1683554
1688447 1688792
1690353 1690672
1693058 1694120
1695300 1695743
1696975 1698149
1699219 1699537
1706712 1706925
1709565 1709748
1712406 1712668
1717457 1717697
1718869 1719067
1723421 1724330
1734494 1734551
1738167 1738407
1740236 1740323
1741616 1741674
1743685 1744429
1746303 1746411
1748530 1748797
1750547 1751504
1753613 1755531
1761039 1761189
1761961 1763709
1771524 1771739
1773884 1774516
1775310 1775486
1778760 1779197
1784353 1786046
1789849 1790391
1794301 1794647
1798542 1799025
1801985 1802062
1803828 1804374
1808006 1809441
1810634 1810923
1812188 1812365
1817562 1817754
1819009 1819270
1821935 1822160
1825484 1825598
1828474 1829022
1833492 1833567
1835008 1835254
1837232 1837464
1838171 1839100
1840479 1842432
1843127 1843801
1845646 1845891
1851041 1851094
1851883 1855803
1859156 1861808
1874904 1875662
1879632 1880084
1884410 1884509
1894124 1894438
1895411 1895698
1898436 1898562
1905316 1905624
1908749 1908931
1909971 1910277
1915242 1915342
1921716 1923195
1931937 1932093
1933295 1933936
1934568 1934661
1936300 1936841
1938783 1941060
1947158 1947405
1949639 1950471
1965450 1965944
1967061 1967283
1969480 1970851
1973137 1973509
1975535 1975960
1982189 1982374
1985219 1987908
1992450 1993138
1995436 1996858
1998029 2000845
2001346 2001723
2002643 2003358
2013632 2013892
2015532 2015747
2021826 2022771
2027410 2028450
2031199 2031492
2038536 2039978
2041111 2041292
2042481 2042741
2053708 2054492
2056610 2060682
2062308 2062666
2066010 2066066
2067642 2067899
2076377 2076562
2077083 2077333
2079685 2079764
2081006 2081542
2082177 2083136
2083762 2084240
2089150 2089604
2091381 2091604
2098099 2098258
2099158 2099342
2113045 2113352
2115562 2115965
2121400 2121690
2126182 2126454
2127673 2129966
2130496 2132272
2134917 2135390
2136963 2137091
2141293 2141944
2145251 2145863
2151530 2152336
2153349 2153432
2158631 2158736
2162010 2162357
2166496 2166626
2167290 2167372
2169867 2170283
2172718 2173115
2179912 2180241
2180903 2181511
2182028 2182202
2183567 2183751
2185894 2186259
2200691 2201313
2209456 2210518
2216707 2217963
2221199 2221728
2228225 2228795
2232114 2232356
2236420 2237258
2243378 2243706
2250382 2250617
2252500 2252778
2256550 2256855
2261354 2261819
2262808 2263175
2265362 2265541
2269766 2269915
2271454 2271675
2275666 2276359
2284597 2286084
2287419 2287615
2291468 2291808
2296711 2296905
2299187 2299401
2303341 2303590
2306210 2307216
2313742 2314479
2319184 2319345
2320422 2320570
2325402 2325567
2327345 2328722
2331018 2331372
2333749 2333984
2337737 2337909
2338499 2338995
2341732 2342120
2347091 2347366
2350857 2351485
2364907 2366107
2369972 2370156
2373415 2373650
2376536 2377887
2380675 2381162
2384603 2385192
2385828 2386134
2387424 2387705
2392550 2392969
2395658 2395810
2397977 2398792
2403062 2403254
2405500 2405580
2408888 2409580
2410136 2411490
2414516 2415121
2419519 2419694
2420239 2421758
2426599 2426785
2427306 2428546
2430050 2430234
2432087 2432450
2432975 2435762
2436601 2438419
2439242 2442795
2448856 2449981
2457294 2457620
2470385 2470520
2472246 2472827
2473849 2474065
2475381 2476385
2477963 2478056
2478758 2479244
2484206 2484467
2486404 2486589
2490425 2493899
2496088 2496636
2501534 2501667
2503030 2503129
2505676 2505766
2512938 2514141
2518859 2519597
2520797 2520970
2527827 2527977
2531976 2532947
2534999 2535462
2537569 2540889
2542310 2542375
2543024 2543401
2547141 2547929
2548939 2549604
2550278 2552622
2554964 2555353
2557394 2558663
2562011 2562652
2564610 2565901
2568523 2569090
2569615 2569785
2578854 2579669
2583036 2583164
2584107 2584446
2586466 2586990
2593172 2594780
2595618 2595896
2596567 2596948
2597571 2597725
2599046 2599901
2602115 2602549
2608776 2609007
2615448 2615703
2621099 2621276
2622882 2623146
2624454 2624571
2625321 2625578
2629587 2629919
2630749 2630839
2631791 2632677
2634658 2634850
2636545 2636710
2637255 2637599
2638436 2638732
2639616 2640460
2645200 2645409
2648071 2648344
2648880 2649448
2657303 2658201
2659140 2660285
2663138 2663570
2666027 2666195
2667984 2668145
2677216 2677312
2686504 2686919
2688307 2688420
2692010 2692635
2694546 2694739
2698129 2699766
2704321 2706957
2708096 2709017
2710611 2710847
2712611 2712755
2714493 2714948
2719722 2720660
2728469 2729745
2730541 2730818
2731665 2732356
2733044 2733231
2734244 2735171
2736297 2737835
2743232 2745295
2745888 2747685
2748675 2750126
2751548 2751957
2752521 2754206
2756148 2757048
2758509 2758693
2759465 2760571
2761256 2762523
2763634 2763955
2764535 2764890
2765419 2765806
2766318 2766505
2767130 2767682
2768330 2769438
2770546 2772160
2772754 2772983
2775795 2775946
2777681 2777920
2780553 2781014
2789049 2789228
2799022 2799379
2805309 2806177
2809084 2809288
2810044 2810334
2811302 2812204
2814384 2814623
2816300 2817786
2819083 2819516
2825006 2825241
2829121 2829211
2829816 2829957
2833107 2833251
2837641 2838540
2841054 2841288
2843919 2844714
2849283 2849571
2852362 2853051
2859957 2860494
2863569 2863766
2867542 2868012
2873332 2873426
2882747 2884287
2884949 2885298
2888279 2888745
2889648 2889834
2891274 2891654
2898316 2899337
2900667 2901346
2902408 2902689
2904808 2904973
2912942 2913003
2913522 2914185
2914997 2915287
2918914 2919085
2920224 2920985
2921658 2921860
2932330 2932398
2933006 2933294
2934835 2935431
2939248 2939335
2943005 2943124
2944181 2944305
2945522 2947177
2947916 2948348
2948992 2950741
2959332 2960253
2961426 2961600
2962960 2963141
2965222 2965438
2967408 2967615
2968668 2968737
2970317 2972139
2973867 2974084
2978845 2978897
2979471 2979762
2983046 2984095
2992310 2992758
2995309 2995687
2996409 2996885
2998121 2998268
3000203 3000678
3001956 3002752
3003544 3004426
3005173 3005667
3010655 3010897
3012647 3012889
3013864 3014638
3015775 3016633
3022326 3023495
3024071 3024210
3035553 3036076
3041588 3041886
3048666 3048915
3049592 3050174
3050781 3050906
3054490 3054693
3057179 3057274
3067927 3068036
3073987 3074255
3074846 3075157
3075669 3075937
3082842 3083434
3083967 3085241
3091725 3092035
3100555 3100741
3105565 3105688
3109581 3109842
3118948 3119196
3121450 3121793
3123822 3124732
3136137 3136287
3139401 3140674
3141362 3141824
3149023 3149239
3149939 3150474
3153153 3153319
3157971 3158895
3159417 3160004
3169129 3169550
3176093 3176379
3176930 3177149
3178841 3180622
3181760 3182143
3182813 3183016
3184280 3185198
3187761 3189801
3190831 3191785
3192655 3192880
3196774 3197022
3198225 3198282
3198823 3201024
3201530 3202549
3203151 3204354
3204875 3205781
3206541 3208805
3209688 3210059
3210870 3212689
3213235 3214107
3214932 3216238
3216792 3224952
3225717 3229010
3229609 3230963
3231541 3233023
3233575 3234234
3235298 3235876
3236543 3237012
3237572 3237746
3238299 3239993
3241017 3241505
3245430 3245709
3246516 3249142
3254372 3254603
3264484 3264633
3266723 3266894
3271498 3271941
3272558 3273385
3276206 3276497
3281130 3281316
3287094 3287372
3291977 3293148
3295018 3296948
3305395 3305906
3306731 3306809
3307497 3308089
3317828 3318329
3325279 3329077
3335054 3335314
3335967 3337179
3338352 3339413
3340104 3340678
3350430 3352297
3353398 3353504
3355194 3355492
3358189 3358965
3360426 3360596
3365084 3365239
3365831 3366080
3367818 3368804
3371315 3372147
3372677 3374143
3375173 3375368
3376352 3377011
3377548 3378388
3381017 3381099
3381631 3383845
3384565 3385420
3385989 3386088
3386648 3388369
3389137 3389996
3390545 3390796
3391494 3393240
3393798 3394474
3398378 3401645
3402240 3402742
3403831 3403976
3405050 3405313
3406458 3406753
3408505 3408991
3412260 3412921
3420279 3420529
3432508 3432772
3438316 3438383
3439366 3439911
3442374 3442683
3444135 3444803
3456236 3456450
3460133 3460481
3461562 3463149
3464577 3465128
3468174 3469001
3472489 3472554
3473369 3473544
3476567 3476840
3477402 3477651
3483175 3483488
3486347 3486541
3487995 3488119
3488732 3489728
3490632 3491208
3492055 3492118
3494752 3495010
3501806 3502893
3504599 3504685
3511142 3511535
3512100 3512358
3514673 3515209
3516023 3516159
3521173 3521638
3524325 3524423
3532180 3532275
3533471 3533830
3536650 3536798
3538926 3538975
3539996 3540516
3541471 3541984
3542642 3542849
3543477 3544216
3545126 3545712
3547709 3548962
3554678 3554824
3560842 3561215
3566462 3566748
3568846 3569090
3571049 3572693
3573232 3575227
3579211 3579317
3580379 3580598
3583097 3583388
3586941 3587126
3588921 3589476
3593116 3593391
3597749 3597899
3599217 3599834
3602373 3605389
3606164 3606415
3607046 3610360
3611797 3614047
3615253 3617378
3618608 3618823
3619478 3620964
3623022 3623803
3624380 3624877
3625614 3628995
3629610 3630684
3631767 3631891
3632710 3633131
3634450 3635020
3635842 3636043
3639748 3641469
3642121 3646919
3647563 3648335
3650670 3651461
3651980 3652980
3653602 3654057
3654835 3656511
3657691 3658491
3659755 3660333
3660968 3662349
3663409 3664990
3665839 3676646
3680276 3680632
3682002 3682456
3683696 3684849
3686007 3686765
3690203 3690282
3694875 3696471
3696988 3697613
3699390 3702412
3703662 3704666
3714618 3715005
3718494 3720552
3721061 3721656
3722298 3723646
3732974 3733621
3736909 3737432
3741217 3741304
3747740 3748292
3748860 3749128
3750510 3751462
3756778 3759268
3766794 3767514
3768569 3769219
3771792 3772135
3775919 3776176
3777476 3777859
3784026 3784162
3785237 3786568
3787311 3787430
3792711 3793011
3793770 3794072
3798319 3798648
3799733 3799935
3801444 3801641
3802222 3802748
3803375 3803933
3804949 3805637
3806408 3806689
3808361 3808509
3813462 3814495
3816006 3819017
3820987 3821627
3825690 3826813
3830094 3832684
3842451 3845138
3846160 3846882
3847479 3848860
3852063 3852816
3856328 3856492
3863505 3863748
3865109 3865358
3869274 3869565
3870395 3870581
3871577 3871912
3874547 3875281
3875877 3876277
3876854 3879438
3880651 3881487
3882355 3882709
3883360 3884709
3885434 3886379
3887314 3887821
3888730 3891251
3894301 3894529
3895744 3896429
3897121 3897216
3897749 3898430
3898958 3899171
3901485 3901881
3902894 3903191
3905329 3906012
3914215 3914465
3915705 3915884
3918810 3918965
3919546 3920028
3920949 3921112
3921633 3922322
3925087 3925192
3926713 3927779
3931911 3931983
3934077 3934164
3935291 3935372
3939946 3940030
3949045 3949237
3949761 3950552
3953605 3953892
3964628 3966155
3968497 3968597
3971330 3971475
3975489 3975585
3978166 3978421
3979932 3980104
3980858 3981158
3985077 3985306
3988283 3988421
3989788 3991098
3991702 3992080
3993450 3994313
3994831 3995273
3997031 3997125
3997679 3998947
3999631 4000895
4001719 4003569
4004355 4004556
4005175 4005267
4005778 4005939
4006483 4007226
4008884 4009152
4009664 4009990
4010661 4013985
4015681 4017924
4018444 4018558
4019306 4019552
4020644 4021531
4022734 4023760
4024521 4027355
4028384 4028956
4029762 4030520
4031248 4034095
4034881 4038349
4039762 4041196
4041814 4043453
4044338 4045436
4047049 4047542
4050356 4052476
4053374 4054689
4055321 4056398
4056981 4057880
4058624 4060230
4061394 4061767
4062701 4062848
4064176 4067043
4067561 4067751
4068711 4068794
4069471 4070684
4072053 4073518
4076034 4078576
4079280 4079818
4085653 4085863
4087552 4087741
4089034 4089175
4090623 4091368
4093116 4093231
4100381 4100518
4101697 4102060
4102725 4105735
4108064 4108810
4116234 4116516
4119845 4120250
4124693 4124867
4126314 4126921
4129981 4130136
4132272 4132444
4134747 4135334
4138915 4139096
4142403 4142961
4144379 4144464
4147066 4147343
4151378 4151807
4153675 4153902
4154727 4154995
4158702 4158822
4162286 4162432
4166394 4167489
4169960 4171139
4172250 4172908
4173680 4173823
4174866 4178519
4183001 4183271
4183958 4184103
4186972 4190558
4194584 4195249
4196036 4196239
4196743 4198350
4200856 4200992
4205412 4205720
4206442 4206676
4207972 4208212
4210818 4211066
4220079 4220305
4227430 4228464
4229719 4230000
4232196 4232654
4234872 4235133
4236543 4237194
4245750 4247299
4251744 4252520
4254749 4254981
4256788 4257213
4258101 4258209
4259424 4259701
4261755 4262351
4267366 4267559
4270570 4270778
4271901 4274460
4275602 4276855
4278200 4278365
4278911 4279467
4280313 4282636
4284490 4285425
4285962 4286692
4287223 4289726
4290272 4290499
4291856 4292098
4292751 4294601
4295380 4296075
4296963 4298256
4299890 4300422
4300980 4304981
4305857 4307783
4308866 4309097
4314145 4315586
4316570 4316764
4318872 4321075
4323159 4323287
4323792 4324288
4331189 4331591
4334265 4334566
4336664 4336884
4347798 4348161
4353307 4353535
4354241 4354902
4357697 4358040
4358585 4358790
4360684 4360815
4361591 4361890
4367915 4368159
4371655 4372087
4376141 4376633
4379143 4379272
4380892 4381071
4382018 4382249
4388062 4388435
4389377 4389611
4392294 4394934
4396166 4396296
4397015 4397601
4398197 4398813
4399440 4402203
4402753 4403969
4406501 4406994
4408350 4408868
4410355 4410527
4413296 4413861
4414496 4416044
4416715 4419360
4420184 4421667
4424967 4425594
4426417 4426699
4429922 4430183
4430819 4430933
4432666 4432862
4441038 4441332
4442309 4443860
4444766 4448588
4449462 4452025
4452731 4452923
4453506 4454662
4455431 4455981
4457905 4458815
4461331 4461443
4461995 4463299
4463960 4465065
4473597 4473667
4476550 4477696
4483662 4483948
4487927 4488220
4489205 4489655
4493711 4494101
4494824 4494884
4495410 4495554
4503496 4503662
4507747 4508113
4510327 4510511
4511270 4511324
4513132 4513193
4513936 4514187
4515586 4516193
4517512 4517621
4518234 4519785
4520595 4520820
4521350 4521975
4523218 4524477
4525148 4525828
4526758 4527289
4528161 4530249
4530911 4533118
4534329 4534402
4534969 4537617
4538134 4539487
4540016 4540071
4541068 4541821
4543958 4545293
4545937 4546183
4546931 4548409
4549397 4549559
4550341 4550546
4551145 4552514
4553100 4553986
4554613 4555380
4556114 4557323
4558748 4560708
4567919 4568227
4570725 4571020
4572063 4572629
4573138 4573363
4576441 4576700
4577236 4578482
4579378 4580192
4583153 4583209
4583758 4584009
4584732 4584821
4586862 4587308
4592689 4592904
4596165 4596400
4602717 4602817
4603381 4603474
4606192 4606400
4611517 4611841
4616851 4617635
4623355 4623988
4644536 4646154
4647715 4648692
4649415 4649661
4654970 4656606
4657867 4658049
4659747 4661113
4664144 4664334
4671061 4671120
4679254 4679895
4688609 4688781
4696976 4697571
4698505 4698981
4701807 4702806
4708122 4708180
4710428 4711061
4712285 4714479
4721384 4722339
4723731 4724246
4725333 4727568
4728726 4729828
4730336 4730978
4733665 4733913
4737813 4738444
4739145 4739268
4745541 4748807
4753684 4753976
4756124 4757039
4760111 4760346
4763402 4763656
4764440 4766135
4768024 4768209
4772536 4773010
4777735 4778003
4786967 4787626
4790587 4790868
4792837 4793002
4795115 4795392
4796563 4798496
4800217 4800614
4803890 4804322
4804829 4805958
4808472 4808555
4810823 4811031
4814085 4815066
4825666 4825832
4828199 4828473
4833825 4834040
4840995 4841125
4843577 4843754
4851414 4854107
4857092 4857661
4860346 4860628
4861480 4862297
4865393 4865811
4869883 4870507
4871229 4872185
4873222 4873653
4874878 4875208
4877256 4877862
4881767 4882008
4884811 4885435
4885977 4886313
4887186 4887434
4891984 4892159
4895275 4895681
4897460 4898682
4901461 4901763
4903078 4904713
4907755 4908038
4910172 4910443
4919248 4919995
4935050 4935186
4938663 4938849
4943447 4943700
4954277 4954806
4956208 4956476
4957496 4957812
4959180 4959593
4960624 4961064
4962255 4962344
4973369 4973636
4982326 4982614
4987005 4987552
4994317 4994589
4998418 4998911
5001797 5002092
5008806 5009390
5012156 5012357
5017194 5017616
5018208 5018744
5020568 5020862
5021392 5023592
5024869 5025087
5027253 5027341
5032407 5032867
5033908 5034128
5037732 5037951
5041033 5041282
5043945 5045132
5050218 5050477
5053935 5054429
5056863 5057280
5058397 5058733
5060884 5061378
5064945 5065570
5067291 5067797
5071035 5071312
5072118 5072256
5073017 5073760
5076564 5076623
5082972 5083142
5083993 5084258
5088124 5088656
5091762 5093263
5104953 5105844
5109049 5109186
5110353 5110919
5112758 5113035
5118593 5119199
5123065 5123275
5129009 5130951
5139060 5139354
5144995 5145451
5148625 5148907
5149419 5149723
5150876 5152413
5161476 5161599
5166535 5166635
5171157 5171551
5180593 5180792
5184888 5185009
5186409 5186596
5188864 5189219
5189975 5190838
5194928 5195109
5196916 5197592
5198380 5198636
5199413 5200669
5206383 5206502
5209346 5209985
5218311 5218453
5221816 5222094
5223704 5224667
5228147 5228667
5229252 5229333
5231526 5231759
5232398 5232844
5234369 5234531
5235644 5235793
5240534 5240830
5242138 5242656
5247929 5248197
5257510 5257721
5258360 5258560
5260130 5260350
5261760 5261979
5262849 5263873
5270927 5271098
5273537 5273824
5274393 5274525
5280147 5281625
5282708 5283003
5283900 5284046
5288810 5289711
5290351 5290546
5291196 5291496
5295619 5296110
5304278 5306273
5306829 5309606
5315466 5316090
5318619 5319304
5324803 5325406
5329289 5329437
5330036 5330200
5332028 5332579
5339671 5339760
5342189 5342475
5345171 5345288
5348926 5349131
5350343 5350738
5352731 5353445
5354768 5355189
5356198 5356486
5357303 5357530
5361427 5361526
5364178 5365535
5368381 5368531
5371498 5371670
5374073 5374568
5378213 5378417
5385168 5386637
5392987 5393181
5395327 5396790
5397847 5397981
5400016 5400746
5406490 5406730
5411035 5411320
5412438 5412917
5415122 5415290
5416527 5416978
5417630 5418255
5419438 5419681
5424411 5424972
5428425 5428827
5433892 5435049
5438027 5438301
5443147 5443217
5449504 5450343
5455052 5455756
5460179 5460444
5462411 5462931
5467920 5468138
5469815 5470377
5471189 5471351
5474256 5474902
5475447 5475503
5481041 5481551
5486894 5487518
5491700 5492342
5498399 5499180
5501823 5501993
5502867 5503131
5504358 5504890
5505688 5506923
5509046 5514203
5516971 5517256
5517778 5518151
5527985 5528422
5529000 5529896
5532495 5532738
5535261 5536625
5540033 5541436
5541952 5542039
5545934 5546078
Escherichia_coli_O157_H7_EDL933_ancestor
613 874
5441 5660
6881 7131
9547 11095
12714 13836
14352 14724
17986 18394
19456 19566
23402 24074
24657 24886
27131 30044
31677 32209
32932 33700
34574 34744
37387 37794
43137 43761
47943 48585
55260 55526
61064 61120
61665 62311
65216 65378
66662 66752
68429 68647
73636 74156
76123 76388
80811 81515
86224 87063
92080 92610
93350 93420
98266 98540
107740 108142
116886 117129
118312 118937
121277 121445
123650 124129
125247 125532
129837 130077
134089 135052
135821 136551
138586 138720
139763 141240
143386 143580
149930 153773
158150 158354
164897 165069
168036 168186
171032 171309
175041 175140
179037 179264
180081 180369
181378 181799
183122 183836
185829 186224
187436 187641
191279 191396
194092 194378
196807 196896
202781 203347
206367 207278
219166 219286
226961 234568
240457 240948
245071 246216
246856 248255
252521 253859
262042 262174
262743 263030
265469 265564
272694 274009
274588 274807
276217 277371
278007 278207
278846 279057
288370 290391
293911 294429
295737 296033
300774 300923
302036 302198
303621 305048
307234 307315
307900 308420
311900 312134
312644 312863
314473 314751
318114 318256
330065 330184
335461 337154
337931 338187
340274 340865
341458 341639
345115 347703
349971 350158
351558 351679
355775 355974
365016 365371
368920 370032
374968 376173
384154 384348
385507 385691
386844 387148
387660 387942
391116 391572
397213 397507
401770 402547
405653 406050
418844 420665
422507 423080
423938 424163
427767 427987
429588 430386
435630 437026
438303 439302
440090 440503
441033 442976
443597 444429
446580 447074
450641 451266
451776 452482
456731 457008
457814 457914
460093 460352
462260 462319
468668 468838
469689 469954
471191 471583
474006 476653
477421 477656
478158 478455
482321 482531
494267 494543
497429 497724
507788 507983
511637 513248
513840 514376
517402 517896
521354 521613
526699 526958
530549 530798
536585 536862
537971 538149
541978 542250
546407 548045
553953 554874
560084 562305
574223 574312
575503 575943
576974 577387
578755 579071
580091 580359
581761 582750
592867 593080
597718 597904
601381 601517
602057 602380
616587 618177
621464 621766
623081 623251
624265 624716
627758 630446
649133 650590
654559 654800
658705 659311
661359 661689
662914 663345
664382 666684
668662 669105
670756 672805
674270 674362
675939 676221
678906 679475
684946 685153
692813 692990
695170 695572
702527 702742
708094 708368
710735 710901
721501 722482
725536 725744
728012 728095
732245 732677
736231 737098
738908 739164
743064 743695
744396 744519
746028 746974
748438 749124
758935 759227
761375 761542
764055 764557
765362 765597
768653 768907
773275 773460
776281 776716
777241 777848
778361 778664
782986 783254
795838 796119
798088 798253
800366 800643
801363 801714
803198 803747
804589 806231
807901 808844
809428 811234
812786 812836
814228 815187
822088 823237
825506 826139
828387 828522
829027 829807
837586 838062
838996 839591
842411 843229
844590 847355
849956 850015
854766 855301
867504 867676
877620 878700
879961 880828
883869 884201
885068 886130
894306 894600
896392 897128
898034 898335
900118 901323
907049 907479
908534 908842
911340 913244
913753 913978
917056 918570
919993 920119
920755 921224
923768 924624
927477 927923
933304 933508
936780 937015
943332 943432
943996 944089
946807 947708
952132 952892
957466 957687
959025 960043
963970 964603
972272 972860
984218 985051
988330 989307
990030 991929
992738 993108
993731 993992
997215 997497
998320 998947
1002247 1002454
1003000 1003479
1004092 1004201
1005520 1006127
1007526 1008609
1010389 1010443
1011202 1011386
1013600 1013966
1018051 1018217
1024971 1026303
1026829 1026889
1027612 1028002
1032058 1032508
1033493 1033786
1037765 1038051
1048046 1048116
1056648 1057753
1059032 1060382
1062186 1063449
1065732 1074604
1075974 1076837
1077355 1077797
1079005 1079649
1080203 1080256
1080774 1081471
1082155 1082761
1083287 1083419
1084243 1084962
1085823 1086092
1086879 1087080
1087699 1088235
1089444 1089750
1091408 1091570
1093018 1094879
1095910 1096509
1097171 1097538
1098205 1101129
1101747 1102158
1102793 1103877
1104394 1106784
1107989 1108081
1110708 1111105
1112197 1112443
1113191 1114204
1115657 1115819
1117405 1120246
1120873 1128217
1129573 1130066
1130967 1132266
1132880 1133814
1134364 1137127
1137754 1138370
1138966 1140401
1141145 1142751
1143401 1144547
1145121 1146341
1147395 1147647
1151710 1153916
1157412 1157492
1161898 1162390
1164900 1165029
1166649 1166828
1167775 1168006
1173819 1174192
1175134 1175368
1178527 1178870
1182090 1182326
1183032 1183260
1188406 1188636
1197164 1197337
1199683 1199903
1202001 1202302
1204976 1205378
1210154 1210772
1212279 1212775
1213280 1213408
1215492 1215679
1217134 1217808
1219063 1219344
1221540 1221998
1224216 1224881
1225887 1226106
1234349 1234424
1241088 1241864
1244093 1244325
1246132 1246557
1247445 1247553
1248768 1249045
1250327 1250434
1250966 1252394
1256710 1256903
1259266 1260122
1262068 1263804
1266983 1271980
1274266 1278641
1279616 1280501
1281200 1281483
1282095 1285419
1286307 1287600
1288131 1289817
1290468 1292908
1293884 1297127
1298210 1298441
1299237 1299489
1305914 1306108
1308873 1309137
1316262 1316488
1319541 1321004
1325501 1325749
1328355 1328595
1329891 1330125
1330847 1331155
1331714 1332228
1335575 1335711
1338217 1340531
1341318 1341983
1342742 1343120
1346837 1349595
1350140 1350532
1352464 1352609
1353167 1353566
1357169 1361701
1362744 1362887
1363659 1364317
1373122 1373237
1374135 1374281
1377745 1378907
1381572 1381840
1382665 1382892
1384760 1385189
1389224 1389501
1392103 1392188
1393606 1393690
1397471 1397652
1401233 1401820
1404123 1404295
1406431 1406590
1409648 1410253
1411700 1412639
1416533 1416722
1420051 1420333
1427757 1428503
1430832 1431024
1433747 1433842
1434507 1434870
1435580 1436186
1441756 1442215
1443336 1443451
1445199 1445944
1446636 1446840
1447909 1448726
1450091 1450301
1451990 1452046
1456749 1458522
1459183 1459869
1460421 1460533
1462337 1463600
1465883 1467096
1467773 1474748
1476118 1477941
1479149 1479793
1480347 1480400
1480918 1481615
1482299 1482905
1483431 1483563
1484387 1485106
1485967 1486236
1487023 1487224
1487843 1488379
1489588 1489894
1491552 1491714
1493162 1495023
1495626 1496653
1497315 1497682
1498349 1501273
1501891 1502302
1502937 1506928
1508133 1508225
1510362 1511249
1512341 1512587
1513335 1513449
1513969 1514348
1515801 1515963
1516745 1516950
1517549 1520390
1521017 1528361
1529717 1530210
1531904 1532410
1533024 1537274
1537901 1538517
1539113 1540548
1541292 1542898
1543548 1544435
1545369 1545516
1546017 1546779
1548146 1548284
1551188 1551490
1555409 1555709
1556463 1556635
1558146 1558401
1560994 1561078
1565092 1565237
1567970 1568070
1570412 1570693
1571839 1571939
1576127 1576924
1582675 1583864
1586673 1586806
1587330 1587522
1592644 1593160
1596537 1596621
1602433 1602588
1603169 1603651
1604572 1604735
1605356 1605945
1608710 1608815
1615534 1615653
1617665 1617787
1620683 1622352
1630595 1631238
1633376 1634087
1634632 1636520
1637396 1637609
1638137 1640823
1642038 1647837
1648746 1654212
1655080 1656525
1657129 1662020
1663778 1666172
1667002 1667293
1669921 1671458
1672819 1673647
1680075 1680239
1681697 1683651
1687707 1689088
1690264 1690384
1703883 1704049
1705589 1707256
1709754 1710877
1714940 1715580
1717550 1719476
1721136 1721268
1722075 1723105
1725203 1725264
1728058 1728206
1729878 1730159
1730930 1731618
1732634 1735250
1738688 1738767
1742824 1744956
1747875 1749989
1750532 1750897
1752147 1752391
1760368 1763747
1769546 1770141
1770749 1772131
1776884 1777317
1783753 1783840
1787625 1788148
1791436 1792083
1796166 1796777
1797345 1797613
1798978 1799947
1805694 1805843
1807539 1807753
1808323 1809196
1813187 1815999
1817054 1817283
1820277 1820620
1824404 1824661
1825961 1826344
1832511 1832647
1833722 1834638
1835796 1835915
1841196 1841496
1842255 1842557
1846804 1847133
1848218 1849829
1850707 1851143
1854111 1854565
1855935 1856291
1859412 1876812
1878076 1881732
1882510 1885897
1888232 1890615
1891295 1891802
1893830 1894355
1900524 1900725
1901547 1903857
1904676 1904800
1905883 1913545
1915603 1917529
1919189 1919321
1920128 1921314
1922514 1922941
1924607 1935056
1936237 1938818
1942546 1942610
1943186 1943451
1947091 1947224
1948149 1949626
1953179 1953470
1955969 1956188
1957250 1957356
1964807 1964909
1967035 1967242
1968545 1968612
1972102 1972547
1979071 1979217
1985235 1985608
1990855 1991141
1993239 1993483
1995442 1996571
1997592 1997641
1999769 1999917
2002737 2003096
2004292 2004387
2012144 2012242
2024209 2024467
2025032 2025425
2031882 2031968
2033674 2034761
2041557 2041678
2042512 2044512
2045359 2045935
2046839 2047835
2048448 2050220
2053079 2053730
2056356 2056651
2058403 2058889
2062158 2062819
2070177 2070427
2070937 2071939
2078811 2079902
2080413 2082670
2084533 2084879
2089264 2089809
2092272 2092581
2094033 2094225
2106134 2106348
2110031 2110379
2111460 2111803
2112793 2113047
2114068 2114139
2121361 2121587
2124858 2127685
2128716 2128911
2129895 2130554
2131091 2131787
2133043 2133684
2134560 2137388
2138108 2148017
2149580 2150975
2155619 2156543
2157823 2158527
2164189 2164938
2165549 2166119
2175937 2176225
2177193 2177491
2178950 2179206
2179859 2180119
2189798 2189894
2196844 2196944
2207084 2207793
2218608 2219871
2222569 2222675
2224365 2224663
2227906 2228136
2233700 2233870
2238015 2238080
2238895 2239070
2241534 2242364
2242984 2243177
2246109 2246271
2246882 2247145
2248219 2248364
2249453 2254257
2255180 2255437
2260070 2260361
2263182 2263505
2264626 2265069
2271934 2272083
2281964 2282195
2286741 2290051
2290857 2291137
2295062 2295550
2296118 2296740
2297800 2298997
2299525 2301268
2301924 2302992
2303544 2339021
2339545 2341129
2343687 2343912
2344782 2345736
2346766 2347334
2348025 2348806
2353551 2353754
2354424 2354807
2355399 2356063
2359418 2359637
2360188 2360474
2367117 2367438
2368421 2369914
2371410 2371678
2377629 2377738
2388391 2388486
2393879 2394405
2395352 2395610
2397054 2398017
2399917 2400215
2406995 2407244
2407921 2408503
2409110 2409235
2412819 2413022
2421455 2421594
2429032 2429304
2430402 2430927
2431558 2431801
2432776 2433018
2433923 2434041
2434768 2435010
2438603 2439410
2442913 2443106
2444987 2445942
2447397 2447544
2449978 2450241
2457987 2459000
2466596 2467621
2474105 2475098
2483618 2483804
2488628 2488751
2492644 2492905
2496524 2497282
2502011 2502259
2519200 2519350
2524425 2524887
2530540 2531601
2532961 2534008
2535223 2535439
2537409 2537616
2538669 2538738
2541869 2542140
2543877 2544085
2548846 2550059
2562311 2562759
2565310 2566005
2570186 2570352
2573031 2573566
2574266 2574482
2576029 2576214
2581302 2581809
2583624 2583904
2585271 2585373
2590843 2591045
2592262 2592386
2593443 2593562
2597232 2597319
2601615 2602592
2603270 2603561
2604169 2604237
2614722 2614909
2615582 2616343
2617482 2617653
2621280 2621570
2622382 2623045
2623572 2623625
2631594 2631759
2633878 2634017
2637793 2638263
2643033 2643277
2644180 2644646
2647627 2647976
2648638 2648789
2659033 2659593
2661825 2661905
2668567 2670132
2671697 2672067
2672659 2672998
2676073 2676580
2683516 2684205
2686996 2687284
2688835 2689952
2691853 2692648
2695279 2695513
2698027 2698926
2703316 2703460
2706610 2707446
2711326 2711561
2717051 2717484
2718781 2719018
2719981 2720267
2721944 2722183
2725127 2725251
2726233 2726523
2727279 2727483
2730390 2731258
2737188 2737545
2747339 2747518
2749512 2749837
2758647 2758886
2760621 2760772
2763584 2763813
2764407 2774695
2775583 2778907
2779519 2781386
2782361 2784046
2784610 2785005
2785548 2785781
2786441 2793605
2794106 2795044
2796244 2796970
2798284 2800270
2800909 2801579
2802290 2804132
2804664 2804902
2805749 2806026
2819612 2821195
2822174 2822769
2823812 2823956
2825720 2825956
2827550 2827784
2829610 2832246
2836302 2837692
2841828 2842021
2843932 2844557
2848896 2850063
2859255 2859336
2859974 2860103
2866192 2866252
2868422 2868583
2870372 2870540
2872997 2873429
2874084 2875284
2887119 2887687
2888223 2888496
2891158 2891367
2896107 2896951
2897835 2898131
2898968 2899312
2899857 2900022
2901717 2901909
2903890 2904138
2905769 2905818
2906648 2906980
2910989 2911196
2912165 2912513
2913286 2913612
2916653 2917178
2920035 2920811
2927441 2928256
2931623 2931751
2932694 2933033
2935053 2935577
2946158 2946312
2947633 2948488
2950702 2951136
2953158 2953906
2957363 2957594
2964035 2964290
2969686 2969896
2971469 2971733
2973041 2973158
2979181 2980306
2985143 2988115
2988643 2992762
2993292 2999112
3000616 3001856
3002377 3002563
3007404 3010157
3010897 3011643
3012292 3012669
3016409 3017197
3018207 3018871
3019546 3020989
3024232 3027931
3031692 3031920
3033878 3034107
3034825 3035169
3037791 3038358
3038883 3039053
3047058 3047193
3050522 3050738
3051254 3053058
3054636 3054729
3060089 3060581
3063077 3063731
3072761 3073309
3079703 3079802
3082349 3082439
3089665 3090312
3096183 3096270
3097470 3097643
3104500 3105666
3108649 3109620
3111672 3112178
3116873 3117048
3121446 3122051
3125077 3125309
3126298 3126431
3126987 3127597
3130905 3131067
3133313 3133505
3137775 3138590
3140757 3140909
3143598 3144017
3148862 3149143
3151375 3151964
3155405 3155892
3158680 3159240
3160009 3160454
3162917 3163152
3166411 3166595
3185082 3185711
3189201 3189476
3194447 3194835
3196667 3197039
3197572 3198068
3198658 3198830
3202583 3202818
3205195 3205549
3211000 3211165
3215997 3216145
3217222 3217383
3217945 3218296
3222591 3222825
3224200 3226670
3227715 3228962
3230625 3231289
3232654 3233953
3234615 3234944
3244582 3244989
3247484 3247566
3248230 3248360
3252499 3253052
3259109 3259679
3262998 3263240
3267304 3267696
3273587 3274590
3278660 3279323
3281266 3281501
3283384 3283662
3287434 3287739
3292238 3292703
3294159 3294959
3296246 3296425
3299822 3301828
3302346 3302559
3306969 3307243
3315481 3316536
3317177 3317316
3319156 3319405
3323345 3323559
3325841 3327059
3330938 3331278
3335131 3335327
3336662 3336841
3337847 3338100
3338606 3338786
3353286 3353908
3361450 3362300
3373794 3374557
3376684 3377936
3382142 3382606
3383135 3383218
3390704 3391316
3394623 3395274
3399476 3399604
3404295 3404462
3410113 3410385
3414877 3415167
3420602 3421005
3423215 3423522
3444963 3445796
3447929 3448838
3455882 3456070
3457060 3457324
3458457 3458638
3459795 3460087
3471524 3471838
3473956 3474503
3475024 3475209
3483687 3485576
3488920 3489278
3494881 3495096
3497031 3497110
3498352 3498888
3499523 3500018
3501108 3501586
3506496 3506950
3508727 3509157
3513796 3514205
3519809 3520288
3520820 3521035
3525023 3525395
3527421 3527846
3529525 3530153
3534075 3534260
3537105 3537586
3544336 3545581
3548516 3548744
3549915 3555244
3565518 3565983
3567187 3575410
3576348 3577683
3578186 3579000
3596824 3597328
3601602 3601701
3611316 3611630
3612603 3612890
3615628 3615754
3622508 3622816
3625941 3627469
3628270 3628733
3631706 3632534
3636408 3636720
3638908 3639583
3640214 3640566
3648856 3649285
3650487 3651128
3651760 3651853
3653492 3654033
3655962 3656180
3657399 3658252
3659671 3660357
3660881 3662723
3664350 3665670
3666831 3667663
3676458 3676655
3677345 3677406
3682606 3683136
3684030 3684475
3690676 3690921
3692147 3692206
3694134 3694877
3695451 3696088
3697467 3698529
3699103 3699335
3701313 3701559
3703402 3703622
3708073 3709339
3709882 3710171
3711436 3711613
3716810 3717002
3718257 3718518
3721183 3722194
3723286 3725354
3727722 3728270
3734505 3734582
3737542 3738025
3741645 3742266
3750521 3751217
3757370 3757807
3759068 3759956
3761081 3761257
3762051 3762683
3764828 3765043
3772858 3773045
3774080 3774606
3775378 3775528
3780091 3780522
3782716 3782954
3785063 3786020
3787770 3788037
3788559 3790264
3792138 3792882
3794893 3794951
3796244 3796331
3798160 3798400
3800772 3801121
3802016 3802073
3817500 3817698
3818870 3819110
3823899 3824161
3826819 3827002
3829642 3829855
3837030 3837348
3838956 3840128
3840824 3841267
3842447 3842644
3845895 3846214
3847775 3848120
3853013 3853206
3860837 3861494
3864370 3864598
3865350 3865609
3873362 3874038
3886141 3886232
3886793 3887781
3894494 3895963
3897712 3897988
3906781 3907387
3910376 3912187
3914924 3917091
3925052 3925410
3931241 3931499
3934174 3934402
3941245 3941933
3943213 3943666
3952528 3953299
3954473 3954888
3955930 3956184
3956958 3960674
3961902 3962363
3962875 3963018
3965323 3965602
3972087 3972662
3977401 3977613
3979428 3980131
3981033 3981362
3981979 3982970
3983869 3985358
3992024 3995744
3999201 3999258
4000495 4000742
4002319 4002517
4005190 4006063
4010647 4010849
4011574 4011802
4014204 4014501
4015513 4016364
4020269 4020574
4023809 4023900
4026417 4026470
4029551 4029693
4031370 4033321
4035605 4035802
4055435 4055869
4062474 4062760
4066966 4067221
4068128 4068437
4085113 4086023
4088069 4088368
4095256 4095510
4098540 4100055
4105448 4106692
4110513 4110661
4111223 4112857
4121093 4122170
4122690 4122822
4126334 4126458
4139062 4139352
4142351 4142619
4143653 4144051
4144869 4145023
4147424 4147632
4149513 4149747
4151230 4151477
4157481 4158289
4159513 4159700
4165861 4166183
4167356 4168402
4170493 4170548
4173682 4173913
4177579 4177688
4187331 4187559
4188394 4188581
4194887 4195045
4197301 4197533
4200671 4201021
4201768 4201826
4203988 4204851
4207039 4207187
4211819 4212020
4215918 4216724
4222555 4223527
4229251 4229445
4231763 4232057
4234662 4234974
4235623 4235762
4237786 4237849
4239941 4240028
4241567 4242235
4245050 4245702
4246222 4253689
4257321 4257403
4260587 4260809
4263503 4263792
4265608 4265852
4266392 4267315
4272540 4272610
4273367 4273964
4274577 4274913
4275840 4275913
4277309 4278677
4279754 4281577
4282217 4283307
4284180 4284619
4285714 4287345
4288690 4288877
4295934 4296239
4315703 4317810
4321083 4322276
4330673 4330944
4332698 4332864
4345141 4345563
4349482 4349605
4352791 4352853
4354496 4355119
4356930 4357913
4359221 4359474
4361263 4361868
4364384 4364616
4375565 4375837
4378344 4378445
4379845 4380034
4383750 4384186
4392579 4392662
4396922 4397509
4400243 4400557
4404707 4404989
4409194 4409512
4417709 4420647
4421236 4421385
4432839 4433029
4436376 4436610
4440278 4440352
4444412 4444849
4447385 4447546
4449324 4449581
4453136 4453219
4455845 4456017
4457316 4457652
4460557 4460819
4463861 4464184
4472106 4472171
4474332 4475508
4477037 4477182
4488996 4489670
4494319 4494383
4494913 4495464
4496103 4496255
4498321 4500572
4501305 4501364
4501951 4502664
4510113 4511903
4512487 4513405
4515202 4515466
4519387 4520076
4520677 4521295
4522784 4523380
4526643 4527011
4529766 4530330
4531039 4531867
4535346 4535574
4537387 4537744
4539021 4539388
4541306 4542077
4543110 4543495
4555268 4556468
4561765 4561942
4574167 4574437
4579857 4580052
4581234 4581316
4584494 4584796
4598411 4598622
4599831 4600595
4606974 4609500
4614232 4615004
4615561 4615840
4623910 4624283
4626590 4627178
4629132 4629911
4631335 4631547
4632793 4632930
4635430 4635730
4636765 4639220
4641762 4641837
4644035 4644310
4653749 4653906
4660124 4660317
4661002 4661791
4664172 4664243
4669610 4670444
4673955 4675955
4677100 4678005
4679685 4679956
4680913 4681882
4684763 4684908
4689857 4690451
4692223 4692369
4695684 4695912
4699279 4699773
4702931 4703127
4706094 4706331
4707743 4708001
4709211 4709668
4710552 4711681
4719993 4720361
4721741 4723577
4728068 4728354
4731812 4732027
4733886 4734353
4736392 4736463
4740093 4740566
4743058 4743145
4744818 4745872
4750778 4751003
4752806 4753168
4755912 4756038
4762218 4762415
4777664 4777837
4783567 4783713
4794977 4795867
4797454 4798634
4801537 4801636
4806782 4806847
4810821 4810890
4816365 4816488
4817590 4817815
4822682 4828180
4828746 4829340
4830081 4830167
4831435 4831813
4832339 4832838
4838185 4838980
4839655 4840412
4841071 4841208
4842319 4842593
4846777 4847022
4847666 4848617
4856842 4857202
4857800 4858468
4863817 4864139
4865489 4865684
4867691 4867810
4874084 4874444
4877676 4878023
4882848 4883162
4885177 4886582
4887521 4887974
4899438 4899576
4904206 4904922
4907441 4907634
4915570 4915819
4916697 4917198
4918874 4924398
4925483 4926003
4926617 4928947
4929714 4930148
4930893 4931420
4932293 4933693
4934259 4934350
4936337 4936597
4937466 4937712
4938370 4938985
4942991 4944119
4949405 4951708
4956568 4956787
4960761 4961603
4966126 4966618
4975664 4976123
4979840 4980077
4990422 4990609
4992070 4993244
4994189 4994800
4997234 4999655
5001268 5003206
5011770 5012006
5013275 5013802
5014774 5015369
5016638 5017561
5018145 5019056
5019708 5020681
5021784 5022069
5023835 5024078
5030222 5030860
5031986 5032235
5041337 5041591
5042613 5043849
5044656 5045132
5046102 5046296
5048545 5049055
5051559 5051630
5052328 5053756
5057917 5058110
5060338 5060578
5063376 5068669
5070289 5070961
5072344 5073743
5074370 5076317
5077670 5077850
5080467 5080566
5081229 5081513
5087733 5088004
5091021 5091965
5093375 5093610
5097692 5097837
5104276 5109571
5113889 5117411
5118938 5119749
5122312 5122529
5128729 5128951
5129516 5129766
5130812 5130985
5131567 5132340
5138436 5138580
5141458 5141692
5144729 5145026
5147359 5147639
5152026 5152481
5156875 5157429
5161044 5161208
5163902 5163999
5168407 5168551
5171893 5173750
5180669 5181215
5183065 5183137
5183758 5184212
5185280 5185915
5188101 5188213
5190631 5190918
5195503 5196133
5203908 5204158
5205726 5205864
5206797 5207230
5210334 5210515
5211144 5211423
5213902 5214294
5214798 5214892
5216777 5217066
5219758 5219893
5235299 5235551
5245473 5245634
5253445 5254506
5256078 5256323
5262812 5262993
5265166 5265265
5266338 5266732
5267923 5268073
5270942 5273340
5274000 5274059
5276075 5276322
5281335 5281683
5283955 5284290
5285159 5285387
5295244 5296355
5307595 5307852
5312111 5313340
5320709 5320971
5323115 5323232
5328276 5328469
5330589 5330677
5331292 5331359
5336372 5336537
5339536 5339888
5342787 5342983
5347598 5347810
5355275 5355535
5359094 5359413
5362114 5362376
5368188 5368668
5373875 5374292
5375061 5376011
5376870 5378280
5382351 5382595
5383560 5383667
5384568 5384691
5386458 5386694
5387457 5387506
5389037 5389659
5390262 5390374
5398085 5399902
5400475 5400754
5408386 5408794
5409379 5409896
5417282 5417556
5418884 5419052
5420352 5420596
5425606 5426686
5428446 5428832
5435070 5435303
5439033 5439291
5443067 5443317
5446970 5447353
5460902 5461168
5462254 5462641
5474732 5476167
5479626 5479940
5480822 5481116
5482390 5483548
5484974 5485117
5492227 5492366
5497083 5497177
5498833 5499035
5502664 5503625
5506524 5506958
5507518 5507858
5509046 5510326
5514521 5514748
5516532 5516974
5517515 5517796
5526266 5526639
5527161 5527446
5529054 5530485
5535261 5535326
5540033 5540314
5541952 5542039
5543935 5546078
