Escherichia_coli_O157_H7_ancestor
35700 36089
38412 41786
56929 57393
363867 363955
377097 383481
385279 386190
387344 387927
459867 464872
621863 622080
663676 664265
725573 726564
727314 727391
728138 729114
734471 735130
739535 739671
740929 741313
742191 742716
743394 743643
745413 747469
755967 756900
762398 763013
879613 879924
884067 885273
1033974 1035003
1036329 1036923
1041552 1041837
1042414 1046153
1051299 1051620
1052226 1056135
1065143 1065680
1067900 1071085
1071604 1074574
1075848 1077010
1218089 1218493
1228546 1228632
1253619 1253686
1254207 1255073
1255616 1256566
1257427 1257620
1264194 1264363
1267571 1267890
1269067 1269743
1271518 1271696
1273718 1276475
1278310 1278554
1279234 1279360
1280139 1281387
1283088 1283589
1284344 1284412
1285077 1287744
1289012 1289206
1290013 1290426
1290985 1292665
1293237 1293485
1295846 1296275
1297052 1298283
1299232 1299295
1300145 1302623
1321029 1322488
1323077 1325231
1328063 1328310
1355356 1356218
1356814 1356918
1361697 1361796
1362944 1368309
1369673 1369838
1370554 1371009
1371550 1371627
1380940 1384006
1385240 1386774
1388554 1391254
1426221 1426739
1448550 1449029
1457055 1457148
1457714 1457981
1497110 1497330
1606144 1607169
1761022 1761073
1808653 1810469
1812049 1812971
1820084 1820995
1822553 1829652
1830431 1831679
1833380 1833881
1834636 1834704
1835369 1838017
1839162 1839514
1840322 1840735
1841294 1845573
1846703 1846840
1847358 1849245
1850830 1851585
1852250 1854496
1855351 1855748
1858070 1858317
1861267 1861575
1867420 1867818
1869528 1869921
1870578 1874081
1876484 1878468
1879736 1879930
1880737 1881150
1881709 1882125
1882763 1883389
1883961 1884068
1884967 1885477
1886212 1888031
1888980 1889043
1889893 1892664
1893212 1893449
1894769 1894968
1937866 1938503
1960911 1961197
2001293 2001905
2005243 2005301
2005943 2007239
2036895 2036974
2093575 2093640
2188883 2189067
2191317 2193512
2200362 2201586
2203432 2203800
2204808 2205784
2206340 2208052
2208611 2210410
2211708 2212245
2213503 2214325
2221813 2221930
2222540 2225998
2226665 2226966
2229336 2229751
2240049 2241002
2270461 2272457
2277039 2278800
2310502 2310810
2336053 2336373
2348749 2348867
2355905 2355995
2362431 2362528
2365243 2365703
2402520 2402803
2406015 2406641
2407279 2407695
2408254 2408667
2409475 2409827
2410972 2413620
2414285 2414353
2415108 2415609
2417310 2418558
2419977 2420064
2421463 2423631
2425825 2426736
2432044 2432358
2494926 2495047
2526019 2527478
2556100 2556255
2594166 2597011
2600733 2601722
2702520 2702617
2707837 2710839
2711689 2711752
2712701 2714339
2714858 2717618
2726931 2729454
2729995 2730520
2732543 2732729
2733332 2736808
2737772 2738438
2740692 2741502
2877807 2877888
2995618 2996066
3019478 3020389
3021158 3022287
3022972 3023201
3035518 3035573
3102079 3102506
3105447 3105755
3106324 3107818
3108867 3108987
3129732 3130006
3134754 3134874
3192606 3192923
3251681 3251978
3297998 3298056
3298698 3299994
3434089 3434397
3525351 3525464
3569272 3571350
3573832 3574115
3606818 3607878
3612543 3612861
3613830 3614461
3644166 3645077
3650137 3650324
3678851 3679131
3688486 3693732
3778548 3778833
4080254 4080357
4082732 4082831
4135089 4135678
4305519 4305756
4306325 4306878
4307651 4309483
4365345 4365417
4367754 4372857
4408847 4413907
4457284 4457442
4458011 4459505
4460554 4460674
4536988 4537154
4552959 4558178
4613473 4613632
4649444 4654843
4856845 4857475
4859182 4861391
4862524 4862809
4881307 4881465
4882034 4883528
4884577 4884650
4980401 4980461
4981001 4981287
5198947 5199479
5225993 5230987
5232465 5233578
5318795 5319119
5455196 5455491
Escherichia_coli_O157_H7_0925
149633 150142
566813 566911
936066 936232
1447708 1447807
1450182 1450285
1573304 1580400
1638635 1638930
1710821 1718718
1802593 1802873
1827178 1834431
1902859 1903142
2245180 2245497
2334719 2334839
2338931 2339205
2427879 2427960
2587204 2587256
3148577 3148698
3197182 3197366
3246916 3247224
3421786 3421868
4140627 4140874
4191753 4192157
4198223 4198341
4235720 4236090
4436961 4437272
4530233 4530467
4890092 4890203
4935179 4935396
5013718 5013787
5061549 5061688
