gi_556503834_ref_NC_000913.3_
1 402
925 1154
3525 3632
5133 5634
7458 7642
11883 12080
14651 14761
19582 19795
23283 24347
28550 29204
32095 32785
34438 34775
37041 37104
38315 38416
40135 40245
42624 42930
43537 43895
45659 45716
47258 47308
53477 53600
57919 57976
58574 59043
62669 62719
63224 63386
64243 64562
69453 69613
70349 70919
71643 71863
72998 73075
74903 75155
77695 77927
81653 81810
85179 85382
91129 91702
95919 96004
97386 98500
103334 103415
103976 104266
106974 107251
111987 113159
116904 117147
120442 120519
124358 124412
126149 126470
134711 134826
138669 138838
141568 142394
143227 143279
144521 144745
146455 146576
149028 149273
157495 157766
158776 159441
160055 160333
162764 162828
163587 163869
169355 170435
171122 171689
174779 175272
181288 181358
184673 184805
186783 187323
189477 190036
194450 194792
197911 198211
203582 203664
206882 207498
210861 211037
212152 212353
213020 213218
214488 214795
215853 216054
217610 217686
220040 220123
221621 221741
222537 222796
223367 225738
228881 229083
232605 232984
234401 234471
238047 238283
239027 239860
240811 241021
242390 242462
243733 243788
244352 244464
247235 247465
248062 248269
251910 252046
253881 253951
254862 255169
256090 256162
257612 258620
259838 260161
262965 263606
264178 264455
265654 268194
272658 273363
273992 275427
279181 280197
284806 286292
288260 288511
290496 291588
296788 297272
298804 299417
301432 301972
306529 306938
309472 309785
312257 312421
313002 313217
314176 314322
314823 316428
322884 322941
323853 324285
325345 325703
332834 332940
334516 334611
339757 339848
343753 343855
346558 347205
348400 348811
349884 350226
355155 356011
357523 358276
365076 365339
369043 369169
369968 370198
372587 373435
374874 375068
377377 377487
378301 378353
382591 382908
387953 389534
392968 393664
395665 395770
398605 398784
399321 399589
402556 403176
407523 407730
410675 411738
414256 414309
415277 415781
418787 419162
419687 419852
423925 424096
428022 428467
434455 435003
435755 435866
438153 438236
439733 439895
440427 440763
441451 441524
443500 443577
447259 447441
450204 450433
453797 454302
459313 459369
461585 461651
465478 466212
476409 476890
478747 479403
482610 483004
485095 485367
489300 489610
491826 491991
494001 494165
497783 497973
499512 500138
505070 505376
506611 506787
507949 508702
509381 509572
524935 527153
527925 528137
529182 529272
532712 532793
535122 535436
536833 537134
539050 539872
541269 541505
545009 545103
547050 547249
551905 552548
553138 553427
558435 558759
561135 561296
563065 563344
565273 565620
566565 567979
570139 571118
574195 574586
575791 576245
577350 577504
581721 582089
582677 582813
587542 587616
590843 591411
602825 602966
604274 605491
606818 606927
608062 609317
610169 610255
616435 616484
617765 617966
619147 619265
620558 621086
622347 622862
628221 628278
630259 630568
631984 632712
634557 635095
638143 638261
641372 641683
643751 645132
649189 650190
650737 650935
651710 651804
659266 659920
661376 661510
665505 665607
667831 670375
671295 671743
672458 672741
677296 677700
687902 689918
691666 691780
698722 699048
701314 701442
703938 704328
705091 705517
710094 710491
713807 714168
714856 715259
716865 716958
720018 720485
721146 722217
725737 725905
727422 727632
729637 733249
733819 735215
736438 736626
736706 739362
740076 740347
741021 741155
745394 745714
747839 748505
749169 749458
762097 762198
762972 764154
766395 766545
768906 769031
770931 771032
773492 773720
774394 776149
779328 781367
781577 781859
784188 784242
787986 788190
800145 800232
803157 803520
815525 815853
817091 817157
820054 820731
825651 826254
830331 830540
831250 831524
834568 835337
838761 839337
842353 842559
843763 844495
845685 845848
849280 849880
850441 850564
851423 851562
853958 854099
861349 861410
862446 862566
865189 865639
870727 870988
876136 876440
877598 877876
882377 882965
888062 888356
891887 892077
893215 893426
896156 896883
897530 898244
899995 900612
902544 902692
903318 903648
905061 905192
907239 907426
909386 909505
912571 912737
914135 914195
914930 915026
925000 925194
925743 926405
927104 928666
929951 930081
932167 932463
936322 936701
938670 939325
941866 941970
942836 943579
945965 946079
947111 947210
947930 948025
949208 949275
957673 957816
962954 963120
964883 965053
966604 967077
971791 972376
973470 973998
974578 974983
975485 975602
976551 976721
977429 977485
978778 979445
982300 982842
984356 984446
985156 986046
986566 986701
989482 989938
992271 992822
997047 997346
1001149 1001209
1002055 1002671
1003790 1004245
1013313 1013596
1014475 1014635
1015667 1015889
1020855 1021011
1023122 1023731
1026284 1026694
1036366 1036536
1037827 1037996
1039804 1039895
1040568 1040935
1044716 1044766
1045731 1046045
1047939 1048004
1049744 1050503
1051323 1051564
1057289 1057753
1058352 1058444
1058948 1059190
1061607 1062374
1069257 1069368
1071109 1071302
1077905 1078081
1082050 1082639
1084389 1084872
1093458 1095448
1096114 1097347
1098983 1100066
1101377 1101933
1109353 1109699
1120557 1120706
1124108 1124248
1124804 1124898
1125796 1126357
1129401 1129492
1130340 1130648
1131188 1131252
1133148 1133390
1137909 1138402
1139238 1139446
1141534 1141770
1142886 1142988
1144181 1144768
1153904 1153990
1159275 1159699
1160280 1160410
1161086 1161849
1165252 1165364
1166332 1166621
1170475 1170871
1171533 1171652
1177749 1177846
1179920 1180076
1181496 1181997
1189119 1189206
1191130 1192013
1196303 1196756
1198521 1198785
1202062 1202204
1206776 1206921
1207506 1207644
1208372 1208842
1212933 1213045
1222970 1223862
1231920 1232202
1233345 1233397
1242877 1243019
1247041 1247183
1251332 1251641
1252148 1252345
1253291 1253398
1256923 1257115
1261647 1261831
1266664 1267041
1269148 1271307
1271984 1272275
1273417 1274300
1280701 1280769
1282973 1283078
1284438 1284787
1286704 1286881
1299326 1301714
1305785 1305923
1310149 1310224
1311056 1311436
1313136 1313235
1314040 1314255
1316768 1316925
1326109 1326165
1330532 1330709
1333368 1334184
1344896 1345277
1350016 1350072
1355571 1355670
1362481 1362570
1365791 1365842
1375839 1376002
1378451 1378703
1381126 1381273
1382512 1382628
1388223 1388721
1391368 1392395
1392923 1393057
1395874 1397187
1404028 1404300
1410009 1410286
1412035 1412168
1416616 1416689
1417320 1417632
1418965 1419669
1421365 1421860
1423167 1424268
1427868 1428619
1429582 1429757
1430730 1431083
1435760 1435962
1438986 1439070
1440138 1440332
1442887 1443097
1444930 1445164
1446867 1447095
1453035 1453114
1457275 1457408
1460866 1461086
1464655 1464862
1466452 1470516
1471153 1471302
1473756 1474157
1485445 1485494
1487826 1487878
1488939 1489152
1493009 1493494
1498593 1498892
1501426 1501614
1502302 1502422
1505041 1505148
1508056 1508353
1514744 1515067
1516454 1516713
1520956 1521112
1531404 1531696
1537788 1538255
1539869 1539938
1541788 1541901
1544875 1545227
1546064 1546343
1547052 1548403
1549988 1550937
1551685 1552113
1554322 1554419
1557401 1557892
1559069 1559319
1563488 1564032
1568585 1568696
1569946 1572094
1572162 1572230
1573512 1573646
1576882 1577063
1578047 1578452
1578999 1579085
1579855 1580173
1584576 1585149
1587381 1587549
1590994 1591253
1593788 1594304
1597049 1597277
1600170 1600309
1601227 1602593
1606860 1607049
1612775 1612990
1613568 1613666
1624073 1624143
1628784 1628901
1629439 1629716
1630223 1630315
1632211 1637365
1639333 1639782
1646760 1646848
1647550 1647720
1649223 1649377
1649996 1651526
1652274 1652402
1658707 1658776
1662317 1662494
1681577 1682519
1692156 1692246
1696559 1696972
1699402 1699923
1708901 1709092
1709622 1709680
1717884 1719089
1721531 1721780
1723751 1724098
1726881 1727180
1728987 1729665
1733629 1733699
1735524 1736124
1739534 1739756
1743677 1744447
1745537 1745620
1746593 1747001
1749194 1749289
1750992 1751405
1764843 1765139
1774195 1774507
1779975 1780193
1788111 1788191
1789254 1789470
1792092 1792304
1799417 1799705
1802992 1803417
1812100 1812637
1814430 1814711
1815743 1816353
1819414 1819674
1820691 1820773
1828831 1828884
1829444 1829741
1832614 1832679
1836233 1836535
1838921 1839164
1844291 1844366
1852613 1852879
1853930 1854009
1857643 1858109
1863927 1864033
1868827 1869365
1870054 1870504
1872203 1872465
1874120 1874242
1876091 1876158
1880160 1880333
1881223 1881873
1884376 1884620
1885554 1885981
1886745 1886963
1893336 1893523
1897987 1898103
1900504 1900597
1903507 1903652
1904353 1904745
1910560 1910748
1912642 1912757
1917634 1918095
1923563 1925214
1930226 1930319
1933073 1933216
1936656 1937113
1938601 1938970
1939890 1940045
1945706 1945859
1948051 1948237
1952119 1952596
1959025 1959080
1960865 1960915
1961466 1961776
1962799 1963980
1965121 1965353
1972450 1973062
1975046 1975503
1976135 1979290
1980262 1980590
1981785 1982363
1986028 1986383
1987529 1987884
1991732 1992041
1996783 1996928
1997794 1997864
2001350 2001965
2005492 2005576
2010786 2011043
2012073 2012791
2017265 2017631
2019478 2019613
2020594 2020981
2022078 2022146
2024257 2024807
2025691 2025770
2026808 2026989
2028261 2028317
2029282 2029744
2031112 2031445
2033828 2034494
2039439 2039656
2040866 2041503
2042034 2043319
2048742 2049023
2051320 2051938
2055234 2055305
2057885 2058053
2059451 2059876
2066192 2067952
2068996 2071588
2074404 2075246
2076021 2076230
2083603 2084355
2085876 2086137
2095320 2095406
2100838 2103189
2109413 2109731
2115265 2115458
2116180 2116371
2126516 2126624
2130160 2130805
2135149 2135232
2137978 2138334
2153280 2154037
2154954 2155023
2156454 2156529
2159636 2161069
2163335 2163442
2164675 2164891
2165460 2165519
2170225 2171373
2176678 2176850
2185667 2186088
2186823 2187095
2187994 2188419
2193307 2193644
2195595 2195844
2207772 2207968
2210030 2210306
2213827 2213885
2216046 2216684
2219290 2221254
2221893 2222100
2223613 2224017
2228935 2229376
2235167 2235681
2236640 2236700
2240881 2240989
2241521 2241820
2248087 2248637
2251346 2251416
2252039 2252169
2252733 2253474
2258214 2258855
2260080 2260144
2264331 2265112
2265809 2266114
2267626 2267781
2268430 2268881
2271279 2271347
2272238 2272342
2277618 2278286
2280155 2280380
2287200 2287279
2288916 2290467
2292240 2292479
2295682 2296541
2298801 2299903
2304070 2305230
2307038 2307421
2308464 2308579
2311102 2311288
2312018 2312659
2313729 2314054
2315834 2315990
2319143 2319787
2327626 2327693
2333981 2334469
2337201 2337376
2339783 2339979
2342221 2342421
2344195 2344349
2347040 2347339
2349813 2350333
2354375 2354893
2355662 2355897
2357547 2357864
2358486 2358792
2359781 2360106
2361222 2361371
2364224 2364292
2365031 2365179
2369172 2369371
2370620 2370814
2372144 2373246
2376311 2377013
2378894 2379117
2387465 2387727
2393133 2393259
2396095 2396219
2399566 2399741
2402902 2402955
2405092 2405319
2405958 2406275
2406776 2406985
2409674 2409947
2410981 2411141
2414642 2414711
2415461 2415780
2417916 2417984
2422635 2422819
2424126 2424831
2426091 2426248
2431713 2431895
2435711 2435909
2436457 2436707
2437465 2437661
2438970 2439042
2441750 2441930
2445417 2445527
2450602 2450747
2451732 2451870
2453957 2454332
2457636 2457794
2464577 2464707
2472457 2472510
2475927 2476261
2480901 2481447
2483530 2484058
2488679 2489143
2491534 2491749
2494366 2494576
2505634 2506047
2511292 2511686
2513887 2515646
2518036 2518150
2519525 2521252
2528654 2528980
2530475 2530528
2532099 2532166
2535428 2536597
2538265 2538602
2539560 2539785
2541221 2541409
2544318 2544434
2549885 2550014
2550945 2552006
2552758 2552820
2559878 2559948
2561361 2561457
2565122 2565810
2567957 2568167
2568853 2569282
2574732 2575075
2581204 2581479
2589079 2589210
2590302 2591729
2592992 2593400
2594111 2594455
2601341 2601688
2604697 2605180
2606660 2606972
2609594 2610032
2613338 2613971
2621194 2622207
2625828 2626025
2631172 2631306
2637077 2637756
2638398 2638732
2647035 2647324
2651651 2651787
2652410 2652899
2654693 2654964
2656179 2656518
2657208 2657300
2659016 2659963
2660776 2661271
2664372 2664525
2667789 2667851
2670182 2670402
2673757 2673884
2675441 2675650
2680814 2681562
2686725 2687144
2689523 2689936
2690785 2690919
2691745 2691917
2693586 2693891
2694725 2694831
2697432 2697685
2698247 2698453
2709168 2709313
2711043 2712254
2714062 2714424
2715158 2715476
2717477 2717529
2721471 2721729
2726082 2731436
2733846 2734015
2734963 2735113
2737279 2737720
2739492 2740072
2745788 2746048
2747177 2747291
2747875 2748113
2748629 2748723
2757368 2757584
2759949 2760151
2760705 2761507
2763850 2764212
2766627 2766712
2768199 2768957
2770480 2771179
2771733 2772528
2775662 2776176
2777889 2778135
2783243 2783743
2784350 2784821
2785972 2786149
2787765 2788575
2795528 2795748
2802723 2802847
2803399 2803935
2805274 2805368
2807351 2807400
2809547 2809762
2815109 2815490
2816749 2816807
2817862 2818161
2826532 2826768
2828674 2829008
2842247 2842473
2843389 2843672
2845546 2845653
2846552 2846735
2852450 2852766
2856735 2857292
2859799 2860213
2868571 2869445
2871209 2871648
2874614 2874866
2875922 2876081
2877282 2877798
2878481 2878810
2880888 2881227
2883317 2883378
2886463 2886664
2888181 2888256
2895466 2895816
2900005 2900516
2901231 2901609
2907767 2907966
2909303 2910639
2911406 2911727
2912402 2912531
2922386 2923002
2923602 2924522
2925115 2925547
2927203 2928091
2929466 2929849
2930418 2931136
2931701 2932416
2934566 2934921
2941089 2941301
2945556 2945706
2946673 2947177
2947385 2947494
2958919 2959486
2964307 2964466
2967042 2967643
2971915 2972014
2975748 2976579
2982289 2982526
2987324 2987731
2990142 2990191
2995290 2995747
2996416 2997636
3000225 3000374
3004597 3005129
3006686 3008179
3009051 3009670
3011319 3011619
3017471 3017798
3018482 3018768
3021555 3022554
3026538 3026699
3027576 3028116
3036160 3036267
3048622 3049059
3052157 3052439
3053882 3054502
3057399 3057591
3058308 3058550
3065163 3066223
3067812 3067873
3072682 3073036
3074255 3074746
3078359 3078452
3079349 3079800
3081795 3081874
3087089 3087496
3088215 3088341
3088943 3089238
3091427 3092360
3098211 3098263
3099836 3100034
3102899 3102965
3104647 3104835
3106626 3107089
3107735 3107815
3108918 3109028
3110083 3110441
3111917 3111987
3119901 3120081
3124307 3124597
3130135 3131732
3132457 3132507
3133061 3133665
3136216 3136497
3139144 3139652
3145234 3145291
3146346 3146533
3147495 3147720
3148466 3149025
3154222 3154277
3158384 3160561
3169400 3169715
3170420 3170566
3172707 3172952
3178740 3178818
3180373 3180492
3182341 3182445
3184577 3184667
3185780 3187761
3189191 3189399
3190289 3190756
3193072 3193153
3194975 3195062
3196298 3196623
3202006 3202220
3205853 3206415
3207223 3207370
3209316 3209392
3214628 3214684
3215654 3216187
3218398 3218504
3226216 3226582
3231162 3231733
3237748 3238341
3239075 3239644
3242981 3243182
3244492 3244726
3246179 3246310
3246876 3247001
3248076 3248204
3254630 3255254
3256596 3257007
3258229 3258429
3259413 3259606
3260993 3261103
3263849 3264010
3266485 3266646
3269308 3270263
3270819 3270937
3272974 3273614
3281322 3281604
3283157 3283258
3284048 3284436
3296068 3296581
3299556 3299862
3305251 3305485
3308927 3309009
3309873 3310153
3311051 3311112
3312324 3312716
3315645 3316814
3318214 3318364
3318970 3319253
3327374 3327432
3330158 3330427
3337821 3337937
3338845 3339801
3341932 3342114
3352198 3352539
3356961 3357082
3357636 3358418
3362465 3362764
3365606 3366700
3373572 3373641
3374095 3374254
3380433 3380722
3383208 3383487
3392092 3392597
3394963 3395043
3398821 3399424
3403698 3404340
3405708 3405903
3412012 3412116
3417224 3417344
3418014 3418144
3420683 3421007
3423244 3429026
3430877 3431309
3432641 3432880
3434489 3435028
3436158 3436371
3436960 3437070
3440399 3440494
3441581 3441982
3448127 3448722
3450109 3450517
3451354 3451584
3452152 3452400
3454143 3454541
3458814 3459673
3464206 3464261
3466164 3466592
3477296 3477664
3485294 3485549
3487867 3487996
3488840 3489664
3491717 3492047
3492781 3492831
3494526 3494641
3495571 3495758
3498502 3498643
3500201 3500309
3502095 3502366
3505655 3505937
3507734 3507841
3509022 3509357
3509921 3510266
3515174 3515873
3518330 3519256
3522089 3522160
3524867 3524985
3529792 3531325
3532856 3533453
3542730 3542826
3543611 3543904
3544626 3544891
3547817 3547950
3551757 3552097
3557822 3557963
3573527 3573629
3575422 3575770
3576379 3576518
3583483 3584487
3587974 3588030
3588876 3589314
3590235 3590465
3596478 3597066
3597950 3598194
3599997 3600071
3604933 3605397
3607412 3608449
3609117 3609238
3610591 3610645
3615131 3615221
3622531 3623029
3623731 3625682
3626637 3627258
3629601 3629814
3633421 3633537
3634861 3635185
3636025 3636730
3639166 3639317
3639996 3640385
3643789 3644188
3652011 3653628
3654147 3654236
3655892 3656128
3656948 3657145
3659522 3660078
3665297 3665418
3668792 3668845
3671363 3671661
3672465 3673093
3674051 3674685
3677413 3677586
3681125 3682060
3684381 3684612
3688143 3688279
3689163 3689462
3698223 3698390
3700260 3700502
3705847 3705960
3711177 3711418
3712151 3712331
3713481 3713566
3714114 3714947
3717129 3717292
3719073 3719186
3721407 3721787
3740650 3740962
3742836 3743080
3749131 3749306
3750593 3750658
3757724 3758325
3758941 3759519
3760774 3761238
3762006 3766144
3767275 3767593
3768310 3768887
3770655 3771078
3777517 3777609
3778119 3778298
3784426 3784829
3785551 3785681
3790444 3790515
3792059 3792552
3793216 3793285
3796518 3796573
3797836 3798373
3801150 3801288
3803369 3803454
3804874 3804957
3809396 3809679
3811382 3811582
3812373 3812503
3813353 3813613
3815573 3815762
3816415 3816727
3817693 3818092
3821506 3821665
3824972 3826002
3828198 3828791
3832543 3832614
3833604 3834324
3837389 3837641
3841542 3841684
3844802 3844857
3850348 3850455
3850957 3851020
3852632 3853056
3854771 3854858
3857399 3857584
3859015 3859749
3861564 3862003
3866986 3867421
3869169 3869265
3875547 3875737
3877382 3878550
3879719 3879978
3882137 3882243
3885011 3885233
3888567 3888752
3893754 3894027
3898084 3898549
3907650 3908174
3911062 3911139
3914136 3914432
3918320 3918708
3923117 3924790
3929920 3930117
3940788 3940849
3941503 3947174
3949219 3949452
3951964 3952452
3960552 3960814
3965195 3965341
3966679 3966759
3976705 3977252
3978004 3978145
3982528 3982892
3984812 3984919
3985639 3986104
3994458 3994635
3999103 3999429
4000054 4000171
4002546 4002777
4006296 4006641
4009509 4009758
4011051 4011322
4012756 4013201
4015697 4015839
4016593 4016714
4018990 4019060
4021126 4021304
4022980 4023256
4024572 4024915
4027511 4027609
4029524 4029712
4035196 4040586
4040793 4040897
4044929 4045219
4050449 4050591
4051274 4051607
4053439 4053493
4063152 4063604
4066201 4067281
4074005 4074495
4077015 4077190
4080148 4081078
4083146 4083365
4084105 4084239
4085240 4085356
4091898 4092143
4093506 4093567
4094577 4094874
4099480 4099693
4102030 4102147
4106294 4106354
4107168 4107242
4109032 4109325
4113953 4114222
4116661 4116728
4124626 4125677
4127002 4127354
4129505 4130175
4130843 4131347
4131997 4132431
4135188 4135268
4140553 4141319
4146219 4147198
4148459 4148581
4153346 4153591
4155364 4155496
4156941 4157112
4165014 4165157
4166354 4172163
4175406 4177054
4181836 4182078
4184434 4184596
4185910 4185959
4192942 4193263
4198301 4198606
4204042 4204184
4205850 4206826
4209703 4213135
4213810 4214134
4216031 4216102
4221767 4221833
4222357 4222444
4223246 4223398
4227575 4228190
4230378 4231064
4235498 4235582
4242568 4242683
4248523 4248605
4249375 4249577
4254413 4254540
4264195 4264370
4266623 4267014
4270979 4271411
4273275 4273721
4276377 4276437
4277160 4277308
4279501 4279887
4280508 4280580
4284189 4284584
4285262 4286344
4290742 4290809
4293489 4293831
4295837 4296060
4305851 4306178
4309962 4310638
4313910 4314841
4316865 4317127
4319321 4320544
4321702 4321928
4325099 4325150
4325850 4326690
4328903 4329215
4334882 4334942
4339504 4339589
4340731 4340834
4342258 4342347
4345460 4345796
4352420 4352690
4356841 4357230
4357781 4357847
4359391 4359683
4360447 4360695
4362220 4362550
4367113 4367343
4371685 4371915
4373289 4374090
4377827 4378357
4379003 4379149
4380201 4380312
4384325 4384429
4390996 4391365
4392026 4392547
4398683 4399057
4402371 4402482
4408034 4408561
4409199 4409251
4410876 4411256
4414114 4414214
4424158 4424262
4425127 4425233
4433261 4433785
4435139 4435334
4437269 4437553
4438460 4438854
4439969 4440035
4450978 4451066
4451861 4451981
4456092 4456579
4457107 4457389
4458529 4459340
4469548 4470425
4473968 4474138
4476673 4476817
4478195 4478363
4479413 4480862
4484299 4484358
4498236 4499912
4502924 4503047
4506670 4508677
4509619 4510883
4513741 4514002
4515588 4516330
4518206 4519981
4521371 4521530
4525004 4525140
4532737 4532962
4533542 4533839
4535183 4535368
4536326 4536551
4549637 4549843
4551577 4551926
4554595 4554925
4557247 4557592
4558966 4559742
4561422 4561548
4562674 4562957
4564466 4564566
4567733 4567946
4571421 4572735
4574117 4574189
4575193 4575417
4576408 4577239
4579170 4579233
4581928 4582279
4583930 4584321
4585012 4585083
4586508 4587579
4593355 4593964
4604674 4605131
4605827 4607022
4609114 4609528
4611567 4611829
4612876 4613669
4617802 4618168
4622481 4622595
4623607 4623877
4632209 4632325
4634491 4634590
4635144 4635704
4639224 4639495
4641579 4641652
