Escherichia_coli_O157_H7_EDL933_ancestor
101665 101986
226977 232189
273045 274009
303621 304273
324202 324419
345584 347703
391354 391467
616915 617703
618785 619590
660154 660399
664030 665163
670165 670518
776368 776479
807883 811357
814422 815187
895420 895649
896392 897407
900631 900832
916812 917778
919573 919903
920756 921221
1056788 1057544
1063546 1063595
1067208 1070767
1074947 1079746
1081609 1089351
1102403 1103250
1106409 1110204
1110708 1112947
1113452 1121798
1122935 1126618
1134325 1135392
1139502 1144376
1250102 1251895
1259657 1259763
1262358 1263741
1267396 1270895
1271403 1271678
1274817 1277058
1280795 1281509
1282816 1283925
1285202 1286379
1286894 1287554
1288131 1292373
1294068 1297247
1338141 1338682
1341795 1341876
1348023 1350200
1353227 1353301
1357354 1357670
1359379 1361358
1372966 1373237
1391702 1392007
1393465 1394028
1456939 1457171
1457795 1467258
1468168 1473164
1473753 1475108
1476009 1476059
1479756 1481675
1489588 1502395
1503149 1506553
1513127 1513821
1518420 1519949
1522037 1523220
1526862 1534369
1535638 1539552
1541292 1542534
1633514 1634989
1638341 1640717
1642279 1642795
1645613 1647837
1649701 1654212
1655387 1655577
1656155 1656512
1657103 1661875
1664007 1664419
1715278 1715387
1716085 1716150
1716872 1720262
1721136 1721268
1733233 1735239
1742254 1744720
1748618 1750417
1770749 1770971
1771540 1771792
1844296 1844368
1845113 1845799
1846465 1847133
1856049 1856400
1859973 1875773
1876347 1878971
1879557 1881437
1882409 1882611
1883242 1885421
1888234 1890480
1891295 1891465
1894144 1894313
1897244 1897322
1901808 1902113
1903527 1903936
1904576 1904800
1906114 1909223
1909751 1913417
1918415 1921133
1922514 1923461
1925844 1931041
1932050 1935943
1936506 1937246
2043683 2044572
2048448 2048604
2094747 2104082
2126132 2127685
2128634 2128848
2130040 2130366
2130962 2131582
2132953 2133447
2134722 2135686
2136343 2136565
2137999 2138547
2139062 2140137
2140691 2141008
2141341 2141502
2142604 2144225
2144733 2147870
2218608 2219655
2249631 2253268
2253770 2254228
2274269 2274566
2286972 2289129
2293992 2294309
2295929 2296526
2299289 2301268
2302612 2302848
2303447 2305214
2305774 2308475
2309035 2320287
2320880 2322761
2323324 2335006
2336182 2338171
2339732 2339838
2344382 2345220
2347251 2347340
2348025 2348157
2415884 2416107
2548846 2549856
2666995 2667293
2698253 2699560
2707102 2707446
2729004 2729300
2731124 2731258
2762387 2762448
2764252 2774523
2775662 2777168
2778146 2779393
2779938 2785005
2785548 2785781
2787166 2790459
2791085 2794007
2799574 2800147
2802926 2803133
2830064 2832311
2836451 2837494
2900756 2900837
2979193 2980306
2985143 2988314
2989532 2990228
2990984 2991818
2992493 2992762
2993292 2995705
2996277 2997008
3000619 3001731
3007721 3009605
3010663 3011607
3015576 3015830
3017945 3018048
3018558 3020076
3024314 3027831
3130881 3131175
3210512 3210720
3233679 3234187
3259431 3259679
3362346 3362653
3550104 3555209
3567193 3575022
3576557 3577102
3578376 3578680
3629828 3630000
3663956 3683532
3799359 3799546
3871592 3871757
3889049 3889403
3936799 3937091
3941300 3941933
3957057 3960281
3973540 3973755
3990454 3990725
4121093 4121963
4246393 4251436
4277793 4278442
4344834 4350517
4480041 4481921
4509964 4513447
4566424 4566816
4625011 4625239
4673789 4675955
4676959 4677099
4716180 4716627
4822842 4827872
4863691 4863982
4886234 4886410
4919181 4924364
4973546 4973796
5018007 5018422
5019321 5020074
5063476 5068605
5073007 5073656
5104453 5109571
5214483 5214698
5294909 5295054
5330777 5330879
5353376 5353477
5398251 5399290
