Escherichia_coli_O157_H7_ancestor
2099 2709
3355 3567
4271 4373
7553 8367
15364 15957
21013 21279
22817 23103
24300 25206
26480 26633
27455 27594
30155 30275
31027 31172
32004 32513
35098 35870
37480 41847
43321 43373
45975 46263
47508 47715
48864 49037
55856 56029
56595 57772
58875 59141
59783 60854
62357 62935
66104 66764
67674 67799
71595 72140
74994 75384
82259 82471
84015 84165
86476 86960
90641 91578
96275 96679
98945 99199
102440 102613
104158 104262
105367 105590
109335 109429
110018 110125
111723 112814
113851 114117
117073 117534
121188 122203
125490 125933
128373 128934
129564 129827
137482 137936
138750 138980
141295 141966
142887 143578
145382 147205
148323 148590
150038 150205
152162 152408
153690 154559
156342 156637
158215 159026
159866 160022
161567 161707
164435 165137
165721 165853
168407 168691
171956 172424
174117 174175
178958 180150
182004 182736
183608 183715
186024 186454
186984 187430
191923 192058
193214 194137
195048 195569
198191 199089
201491 201713
202613 203309
204495 204554
205749 205941
212763 213121
214902 215186
220213 220508
222817 223200
225117 225216
230017 230194
234252 234895
235437 236890
240920 241421
243534 243813
246784 246903
254766 255079
256002 256466
257742 257926
258640 259635
260228 260490
263292 263751
265995 266401
267636 268265
271627 271810
273090 273224
273727 274182
285196 285472
287704 288287
289264 290785
293162 293654
294224 295733
299264 299673
301727 302972
304821 304891
305579 305676
309722 309862
312239 312726
314421 314584
315641 316449
320150 320299
324373 325015
326220 326331
327651 328038
329466 329717
330983 331459
336773 336896
338216 338798
342325 342655
344145 344592
347782 347848
348572 348629
349319 350193
353383 353857
356922 357710
359643 360456
361032 361625
364578 364762
366356 366611
371185 371743
372720 373454
376853 384227
385217 385324
385868 387927
390116 390510
394434 395170
402464 403355
405215 406327
411379 411522
412851 413011
413515 413778
416609 417241
417862 418110
421727 422210
424094 424722
425225 425571
426108 427977
429032 429087
430632 430704
433464 434121
435435 436019
437766 438253
438905 440443
441130 441415
444473 444638
447027 448324
449029 449591
451169 451699
452468 453097
455668 456355
457932 458089
459755 465400
466150 466584
467739 468030
469800 470579
478569 478780
479354 479832
482388 482504
489964 490717
492241 492801
495106 496020
500411 500567
501461 501547
502214 502959
504743 505447
506559 506941
509967 510265
511498 511736
515235 515360
520425 520521
526313 526961
535540 535672
542770 543776
545418 546787
547787 548009
551731 551782
552468 553092
557901 558786
560839 561448
562850 562992
565003 565255
565885 566161
566944 567224
567801 568437
572287 572461
572988 573613
574484 574675
575244 575666
581138 581282
585297 585577
586170 586700
588664 589022
589797 590088
591307 591644
594278 594940
596306 596450
605994 606823
607699 607780
609165 609455
612806 612983
613885 614011
620047 620147
621943 623092
625906 626365
627156 627282
629513 629928
632422 632771
641667 641872
643237 644043
646410 646539
647979 648719
650439 650742
651262 651479
652679 652778
653990 654174
657744 658408
661370 661697
662611 662891
663466 664265
664777 664984
666919 667240
670391 670581
672833 674140
677308 677563
678075 678241
679018 679072
681057 681207
684451 684735
685917 686045
691665 692028
698350 698952
702599 702914
705730 705883
706866 707081
709588 709933
712200 713379
714703 716424
717621 717805
719091 719790
720498 720594
723637 723769
724697 729478
730490 730677
731217 731492
732207 732852
734267 735093
736265 736621
738500 738965
739535 739630
741245 741313
742143 743654
744525 747741
748529 750057
752203 752458
755967 757432
759993 760962
761582 761783
762417 763327
764198 764823
765914 766179
767506 767719
768462 768857
773048 773585
775523 776815
779482 780375
785870 786104
786716 787476
789295 789584
791344 791636
794219 794396
796436 796747
797516 799316
800949 801125
803309 803768
804681 804853
807648 807938
812220 812480
816663 817965
820783 821904
825372 825922
826924 827118
827866 827948
828933 829195
831718 831887
832795 833287
834818 835020
836185 836408
838125 838283
841349 841524
844210 844920
846771 847654
854344 854606
858511 859091
860299 860559
862626 863192
867137 867251
868903 869125
869800 869959
872120 872583
874444 874626
883149 886463
891930 892220
892903 892981
894453 895078
897937 898482
899123 899251
903336 903506
905091 905188
906325 906588
907936 908217
909099 909543
910093 910456
914514 914706
918985 919126
920635 920813
921363 921457
923715 923919
926216 926507
927685 928114
928918 929500
931982 932308
933041 933162
934756 935383
936168 936310
937690 937831
938711 939495
941267 941369
945242 945318
951235 951672
953504 953815
954576 954837
955419 955597
956484 956649
959286 959529
961548 963187
963803 965351
965886 965998
966658 967028
968842 969509
972001 972236
972781 973009
976824 977265
978073 978634
981313 981474
983774 985387
986216 986360
986926 987258
988218 988608
989152 989571
990216 990379
992279 992495
995523 996146
997262 997452
1002641 1002747
1005431 1006084
1009456 1009579
1014811 1015218
1015958 1016008
1019054 1019401
1020574 1020899
1026927 1027293
1028830 1028986
1029784 1029959
1032120 1036923
1037909 1039303
1041552 1046816
1049452 1050447
1051299 1051620
1052226 1056135
1058684 1058773
1060262 1060343
1064933 1066703
1067207 1075304
1075848 1077010
1078127 1078190
1081370 1081687
1082806 1083486
1084041 1084745
1089651 1090007
1090510 1090683
1092955 1093425
1094679 1095604
1096296 1096436
1098306 1098484
1099558 1099778
1102700 1102821
1103930 1104412
1105532 1105781
1106699 1106933
1109031 1109409
1110593 1110735
1111409 1111721
1112404 1113462
1118983 1119382
1120424 1121048
1121634 1122263
1127719 1128167
1130688 1131305
1133486 1133600
1135756 1135937
1136667 1139052
1144525 1145237
1145749 1145866
1150237 1150894
1153360 1154419
1155148 1155453
1160682 1160872
1164917 1165260
1167056 1167164
1167732 1168020
1169424 1169811
1172105 1172216
1184237 1184451
1185252 1185455
1186701 1187075
1188034 1188122
1192165 1192238
1194891 1195487
1196385 1196805
1198459 1198610
1200564 1200787
1201691 1201849
1202669 1202844
1204536 1204818
1205711 1206006
1207963 1208256
1208891 1209567
1210086 1210175
1212553 1212677
1215870 1216578
1218256 1218479
1221047 1222172
1224227 1225007
1227804 1228154
1230495 1230722
1233991 1234416
1238108 1238355
1239890 1240027
1242404 1243195
1243759 1243832
1249030 1249086
1249630 1249921
1250661 1251614
1252205 1253665
1254338 1256566
1257144 1257620
1262027 1262145
1263059 1263270
1264151 1264349
1265334 1265903
1267257 1267849
1268945 1269283
1270293 1270532
1271518 1272674
1273336 1276803
1278446 1281514
1282037 1283760
1284456 1293485
1294089 1294226
1295583 1296297
1296853 1302766
1303923 1304678
1306587 1306772
1307322 1307606
1308278 1308710
1310180 1312780
1314501 1317684
1319417 1319800
1320518 1325650
1328047 1328565
1329704 1330142
1330945 1331203
1332676 1332973
1333638 1333700
1334569 1335064
1336196 1336742
1339360 1340327
1342720 1342792
1348369 1348696
1350552 1353080
1355248 1356539
1360173 1362133
1362641 1369058
1369673 1371931
1372444 1375194
1376218 1378715
1379892 1384006
1384749 1386736
1387343 1391294
1396338 1396792
1402110 1403502
1406832 1407124
1409478 1409733
1413423 1413927
1415665 1415930
1418639 1418831
1419392 1419729
1422224 1423024
1424046 1424374
1426303 1426836
1429585 1429951
1430551 1431101
1433218 1434929
1438704 1439071
1439672 1439796
1441476 1441821
1442941 1442998
1445103 1445536
1446578 1447061
1448299 1449029
1449784 1449962
1452421 1452646
1454492 1454606
1457055 1457826
1460947 1461243
1461990 1462230
1462874 1463286
1463946 1464193
1464728 1464815
1465927 1466087
1469007 1469296
1472363 1472544
1476847 1476961
1477943 1478348
1484427 1485946
1486537 1486616
1491213 1491335
1493697 1494195
1495387 1496044
1496634 1496685
1499194 1499303
1502840 1502992
1506083 1506920
1508706 1509318
1512366 1512472
1514899 1515077
1515759 1517149
1520545 1520761
1521658 1522105
1527570 1527958
1528548 1528752
1532259 1532363
1533730 1533833
1534356 1534648
1536585 1537104
1539457 1539841
1542704 1543758
1544659 1544745
1547743 1547992
1548741 1549026
1549582 1549679
1554212 1554841
1556878 1557050
1558435 1558703
1559292 1559732
1560578 1560930
1567070 1567174
1569057 1569618
1571005 1571161
1574826 1574945
1576094 1576654
1578050 1578747
1580714 1580892
1582349 1583094
1584266 1584560
1585441 1585840
1587071 1587170
1592116 1592622
1593836 1594112
1595500 1596502
1598451 1598503
1603926 1604171
1604924 1605106
1606012 1607588
1608222 1609507
1616272 1616839
1617623 1619797
1623021 1623214
1624211 1624369
1630968 1631178
1634088 1634599
1640661 1641160
1642304 1642412
1645790 1646201
1646790 1647330
1648048 1648201
1648772 1648972
1649606 1649898
1664831 1665694
1666263 1666352
1667967 1668922
1674825 1675659
1676594 1676838
1680771 1681045
1682713 1683449
1685741 1685959
1686711 1686852
1688594 1688707
1691571 1691743
1697438 1698041
1698559 1698824
1699787 1700013
1700559 1700988
1705657 1706612
1707917 1709092
1710294 1710684
1711762 1711981
1714789 1715185
1718225 1718926
1719620 1720267
1720942 1721141
1722576 1723050
1723770 1724359
1725325 1725456
1726969 1727325
1728486 1730106
1733099 1733957
1734537 1734818
1735756 1736481
1740969 1741687
1743265 1743399
1747165 1747451
1749216 1749996
1752483 1752577
1755572 1755857
1758190 1758716
1764343 1764527
1765087 1765662
1768643 1769299
1773346 1773540
1775258 1775420
1777650 1777813
1779096 1780411
1781771 1782233
1786515 1786688
1788231 1788365
1790683 1791518
1793128 1793224
1795978 1796293
1798143 1799058
1800877 1801186
1802495 1802933
1805256 1806054
1807669 1807856
1808456 1813248
1818562 1821332
1821840 1831806
1832329 1834052
1834748 1835016
1835573 1838236
1838967 1841711
1842215 1845783
1846703 1849295
1850720 1850924
1851586 1854647
1855351 1855600
1857737 1858379
1859265 1859923
1860482 1861902
1865411 1865974
1867420 1867873
1868640 1869021
1869983 1873239
1873757 1874081
1874972 1875479
1876492 1884068
1884967 1893550
1894088 1894222
1898400 1898808
1899668 1899997
1904643 1907523
1908971 1909107
1909801 1909856
1912007 1912493
1917136 1917590
1919964 1921131
1922110 1922162
1922784 1922879
1924321 1924537
1925628 1925982
1926490 1926684
1928648 1928754
1929333 1929879
1931148 1931250
1935418 1935639
1937749 1937897
1942563 1942867
1946736 1947059
1948077 1948164
1949861 1950530
1959253 1961197
1962607 1962872
1963509 1963826
1964431 1964588
1965108 1965565
1966279 1966379
1967623 1967702
1969527 1969606
1975021 1975163
1976421 1976573
1979730 1980340
1982931 1983568
1991752 1991948
1992552 1992980
1997382 1998219
2001264 2002208
2002827 2002920
2003985 2004728
2005243 2007239
2008828 2009060
2019863 2019930
2023357 2023673
2025065 2025669
2028328 2028626
2030589 2031275
2035255 2035690
2037344 2037669
2039730 2039834
2040497 2040761
2041536 2041778
2042797 2043013
2043770 2044249
2048444 2048538
2050751 2051067
2054001 2054264
2055222 2055515
2056592 2056939
2057500 2057748
2059177 2059683
2060235 2060407
2062593 2062888
2066451 2066913
2070721 2071170
2073150 2073402
2076803 2076988
2081264 2082577
2083213 2083489
2087539 2088123
2093957 2094070
2095417 2096994
2101969 2102199
2110767 2111276
2113446 2113629
2114873 2115572
2121060 2121275
2121934 2122104
2125610 2127985
2128716 2128898
2129458 2129633
2131464 2131904
2136037 2136139
2136738 2136834
2138090 2139432
2140623 2141094
2143988 2144251
2145261 2145549
2148356 2148504
2152868 2153403
2156301 2156350
2158841 2159419
2162089 2162481
2165650 2166529
2170203 2170498
2172368 2172531
2173508 2173678
2175608 2176056
2177426 2178022
2179190 2179518
2184059 2184188
2184792 2184861
2188395 2188777
2190379 2190645
2191317 2193512
2195723 2196225
2200182 2201586
2202702 2203844
2204808 2205498
2206132 2210181
2210685 2213590
2214394 2217766
2218766 2219206
2220025 2220158
2221813 2225959
2226668 2227790
2229304 2229751
2231075 2231377
2237365 2237623
2238964 2241002
2243637 2243851
2244517 2245225
2250918 2251045
2253750 2253954
2254783 2255378
2255882 2256072
2257332 2257541
2259763 2260122
2261568 2261770
2264447 2264673
2269111 2272765
2274677 2274844
2275835 2275921
2276536 2278957
2281705 2282185
2285609 2286679
2287405 2287578
2289248 2289337
2294244 2294422
2295305 2295660
2296781 2298367
2298961 2299035
2300344 2301675
2304655 2304851
2305352 2305998
2308294 2308817
2309598 2309732
2310457 2310794
2311959 2312145
2315542 2315717
2317413 2317570
2319649 2319941
2321879 2322061
2322768 2322961
2323726 2324943
2326367 2326990
2328483 2328745
2329365 2329455
2332721 2333042
2335516 2336373
2337050 2338255
2338880 2338990
2341140 2342026
2343046 2344055
2346114 2346250
2347048 2347443
2348936 2352308
2353308 2354108
2355572 2356317
2357483 2358012
2358943 2359237
2360703 2361034
2361724 2363043
2364016 2365777
2368949 2369397
2370768 2371134
2374872 2375164
2378752 2379018
2380996 2381271
2383374 2383492
2384041 2385881
2386764 2387323
2389460 2389676
2391120 2391308
2393940 2394196
2398259 2398428
2400841 2401548
2402305 2403743
2406015 2410022
2410753 2413416
2413973 2414241
2414937 2416660
2417183 2419977
2420945 2423678
2424232 2424326
2425641 2427988
2428622 2428875
2431723 2431944
2432882 2433265
2434316 2435799
2436882 2437250
2437773 2437855
2439052 2439210
2441681 2441816
2448213 2449223
2451491 2451618
2455892 2456257
2458065 2458203
2458773 2459265
2461691 2461926
2462897 2462954
2463637 2463861
2465908 2466411
2468621 2468904
2469888 2470181
2473310 2473843
2476553 2476738
2477560 2477698
2479658 2479746
2480265 2480605
2481424 2481711
2483079 2483579
2489501 2490161
2490809 2490858
2491619 2492156
2492768 2493027
2493871 2494363
2496917 2497065
2498150 2498335
2499773 2500049
2503049 2503162
2505303 2505509
2508309 2508639
2511103 2511247
2522573 2522704
2524219 2524429
2525314 2527977
2532610 2532844
2535644 2536373
2537081 2537339
2538406 2538573
2540715 2540968
2542037 2542293
2542875 2544735
2547479 2547876
2548815 2549235
2551867 2552342
2554084 2554200
2555682 2556022
2558556 2558657
2560875 2561637
2562320 2562445
2563244 2563738
2564760 2564940
2566121 2566328
2567453 2568340
2571220 2571305
2575686 2575971
2578480 2578728
2579706 2579907
2582040 2582307
2583236 2583957
2585537 2585923
2586658 2586945
2587888 2588222
2591081 2591346
2591955 2592174
2592922 2593323
2594166 2597011
2598338 2598889
2599792 2602077
2602888 2603233
2607070 2607414
2609687 2610741
2611321 2612029
2616443 2616846
2617739 2618662
2619278 2619404
2622138 2622319
2628428 2628726
2629467 2629620
2630690 2630838
2633003 2633086
2634320 2634509
2638830 2639222
2640997 2641136
2641785 2642342
2643583 2643653
2644854 2645334
2646077 2646212
2646779 2646984
2647595 2647728
2651091 2651200
2651813 2652739
2653421 2653759
2654269 2654385
2656061 2656683
2659050 2659532
2660496 2660685
2661479 2661642
2663966 2664457
2665065 2665134
2665880 2665971
2668662 2668999
2671591 2671995
2675544 2676015
2678218 2678292
2681994 2682318
2683328 2683404
2686334 2686948
2688360 2688853
2696966 2697043
2698503 2698688
2699424 2699668
2700422 2700479
2701194 2701340
2702074 2702833
2703963 2704248
2705264 2706994
2707578 2718666
2719843 2722340
2723364 2726114
2726627 2730657
2731708 2731973
2732543 2737673
2740660 2743083
2744502 2744754
2747238 2747765
2751065 2751611
2752155 2754306
2762776 2762849
2765859 2765935
2770178 2770276
2771654 2771723
2775827 2776364
2777094 2777306
2777842 2778438
2779065 2779804
2782392 2782533
2784636 2784838
2785575 2785828
2786980 2787063
2790231 2790782
2798154 2798406
2799139 2799882
2801021 2801333
2801859 2802204
2804218 2804381
2806256 2806682
2810712 2811488
2812065 2812198
2815051 2815363
2816356 2816546
2819035 2819363
2820753 2821286
2822941 2823380
2826109 2826430
2826986 2827531
2828437 2828724
2831501 2831794
2832859 2833282
2836297 2836390
2839121 2839511
2849256 2849341
2850344 2850866
2852694 2853661
2855075 2855425
2863823 2864046
2868162 2868528
2870526 2870865
2871410 2871538
2873975 2874086
2875589 2875849
2877773 2877940
2878735 2878808
2879623 2879685
2882549 2883132
2885399 2885598
2886389 2887274
2888020 2888184
2889925 2890861
2896398 2896517
2899316 2899841
2900750 2901441
2902098 2902315
2902854 2903416
2908427 2909262
2912564 2913197
2915262 2915463
2919458 2919818
2923212 2923707
2924895 2925072
2927904 2927964
2930652 2930925
2933799 2934399
2935710 2935848
2937322 2937699
2938344 2938814
2940408 2940659
2949519 2950098
2952078 2952378
2954956 2955450
2958491 2958737
2959810 2960206
2962140 2962533
2964454 2964543
2965106 2965391
2965997 2966055
2975916 2976635
2978009 2978356
2979195 2979333
2981475 2982150
2982799 2982944
2984740 2985035
2987037 2987268
2989497 2989657
2991100 2991326
2993078 2993227
2993832 2994345
2995585 2996141
2996887 2997063
2997647 2997873
2998757 3000009
3003474 3003780
3007876 3008215
3014628 3015176
3019478 3023024
3023546 3023850
3024548 3024895
3026649 3027892
3029011 3029115
3032445 3032711
3033609 3033918
3035134 3035940
3037253 3037693
3039648 3040293
3044048 3044473
3046919 3047788
3048909 3049539
3052236 3052607
3055746 3055953
3061847 3062310
3063875 3064150
3064801 3065170
3067821 3068009
3069199 3069779
3070527 3070811
3075778 3076265
3082102 3082248
3082859 3083442
3084597 3085076
3088670 3089208
3091554 3091827
3101642 3103581
3105447 3109322
3110416 3110700
3115241 3115348
3119220 3119325
3121669 3121790
3123109 3123357
3124436 3124669
3125713 3125831
3129732 3130179
3131581 3131798
3134731 3135077
3135780 3135853
3137205 3137505
3142718 3144718
3145444 3145664
3147814 3148087
3149064 3149368
3153298 3153636
3154296 3154646
3156961 3157822
3162404 3163104
3165037 3165932
3166597 3166777
3168105 3168706
3169800 3170040
3172387 3172540
3177564 3178149
3179918 3180488
3181747 3181940
3184602 3184700
3192982 3193197
3193764 3194203
3197586 3197875
3199727 3200145
3200878 3201559
3205952 3206728
3215535 3215897
3218378 3219837
3220409 3220474
3221649 3222311
3224128 3224924
3226875 3226926
3227597 3227678
3231826 3232146
3233326 3233666
3235492 3235704
3241275 3241535
3242211 3242887
3244699 3245736
3250012 3250811
3251681 3251978
3255005 3255373
3256931 3257087
3257671 3257785
3258820 3258900
3264075 3264611
3265916 3266201
3268109 3268227
3274118 3274265
3275251 3275451
3275958 3276124
3276974 3277440
3277992 3279064
3280044 3281567
3282584 3282773
3283466 3283684
3289135 3289189
3291567 3291724
3292753 3293224
3293847 3294132
3294995 3296094
3296787 3297483
3297998 3300370
3302887 3303180
3305059 3305249
3310958 3311251
3311758 3312464
3313353 3313630
3318460 3319015
3320270 3320367
3322621 3322681
3325357 3325676
3329762 3329857
3331298 3332260
3337512 3337591
3340238 3340674
3341242 3341391
3346305 3346508
3347793 3348527
3349573 3350587
3354251 3354343
3359795 3360259
3364613 3364829
3366682 3367129
3368831 3369396
3374426 3374537
3376187 3376288
3379471 3379743
3383971 3384236
3385269 3386161
3390503 3390650
3391350 3391691
3393203 3393399
3394283 3394522
3395066 3396033
3401770 3401948
3402804 3403089
3404018 3405372
3410759 3410860
3411519 3412189
3412891 3413004
3414552 3414774
3415524 3415623
3416683 3417003
3417954 3418533
3421446 3422058
3423144 3423818
3424502 3425127
3425636 3425893
3429076 3429143
3429682 3429981
3430539 3430952
3432651 3432799
3433496 3434781
3438049 3438473
3440922 3441122
3441712 3442223
3443122 3443605
3446231 3446433
3448502 3449326
3451387 3451726
3454276 3454345
3455497 3456488
3457053 3457654
3459434 3459997
3460602 3461000
3464638 3464862
3468379 3468602
3472039 3472317
3474893 3475158
3476029 3476445
3478674 3478948
3479785 3479966
3481278 3481435
3484955 3485661
3488292 3488755
3496175 3496460
3497118 3497633
3502770 3503002
3504131 3504484
3508668 3509370
3509919 3510190
3513905 3514757
3519815 3520080
3521377 3521548
3522304 3523498
3525350 3525464
3530647 3530895
3531575 3531738
3535231 3535672
3538070 3538359
3541595 3542027
3543636 3544091
3552064 3553880
3556063 3556617
3558049 3558253
3560391 3560775
3564363 3565275
3567750 3567804
3568892 3571350
3572076 3572352
3579876 3580495
3581289 3581568
3586609 3586828
3587912 3588482
3589207 3589427
3593118 3593332
3595082 3595439
3596524 3596657
3598372 3598491
3599004 3600000
3601073 3601217
3602117 3602563
3603195 3603368
3604855 3605553
3606457 3608098
3609313 3609894
3612724 3614430
3615664 3615815
3619346 3619580
3622370 3622990
3623801 3624079
3625299 3625539
3627261 3627525
3633144 3633266
3635323 3635497
3639244 3639462
3640634 3640862
3641570 3641759
3642450 3642575
3643314 3643405
3644487 3644891
3646455 3648308
3649721 3651369
3652038 3652833
3654405 3654603
3656477 3656753
3659223 3659456
3670555 3671329
3673678 3673900
3674686 3674988
3675747 3676021
3676784 3676908
3678494 3678677
3683254 3683766
3685688 3685881
3687324 3687754
3688372 3693732
3696584 3696666
3698584 3698919
3699861 3699961
3701210 3701729
3702296 3702371
3703117 3703755
3705567 3705739
3710507 3710658
3711682 3711983
3712795 3713027
3714330 3714492
3716105 3716881
3721310 3721664
3722356 3723175
3724914 3725571
3729518 3729938
3731065 3731766
3732274 3732939
3740333 3740732
3741279 3741328
3747724 3747900
3749512 3749693
3752672 3752995
3754382 3754481
3756066 3756540
3759121 3759216
3761555 3761816
3762569 3762701
3765901 3766221
3769118 3770239
3772128 3772354
3775064 3775561
3777191 3777563
3778097 3778877
3783018 3783367
3786530 3786724
3788010 3788334
3789660 3790153
3795591 3795914
3798113 3798660
3800426 3800746
3801587 3802183
3805226 3805449
3809768 3810216
3812187 3813133
3823683 3823852
3825825 3825923
3827993 3828294
3830105 3830777
3834644 3835336
3838695 3839534
3842249 3842503
3849168 3849235
3851158 3851417
3852149 3853207
3857979 3858302
3859556 3859791
3862024 3862618
3864186 3864791
3865777 3866142
3866852 3867231
3868235 3868447
3871404 3872126
3872780 3873049
3874455 3875103
3875633 3876012
3876607 3877819
3882521 3882897
3883936 3884154
3887559 3887829
3893400 3894171
3895040 3895484
3896304 3896480
3897046 3897266
3898745 3899855
3907234 3908709
3912599 3912915
3914642 3915399
3919873 3920483
3922189 3922996
3923912 3924275
3927842 3930415
3932185 3932621
3935799 3936381
3937798 3939308
3942261 3942468
3944503 3944591
3945174 3945938
3948871 3949095
3950600 3950874
3955695 3956009
3960468 3960633
3961485 3962663
3963735 3963918
3969103 3969324
3970257 3970614
3971971 3972063
3976282 3977869
3981639 3981806
3982783 3983018
3984100 3984601
3986585 3987094
3987631 3988555
3991629 3992530
3993052 3993926
3994441 3994624
3995255 3996105
3996952 3997470
3998170 3998727
3999632 3999871
4007980 4008094
4013687 4013974
4015560 4015765
4018867 4019011
4019567 4019732
4024342 4024776
4025368 4025598
4027575 4027805
4029863 4031180
4036392 4036497
4039287 4039437
4045961 4046081
4051248 4051490
4053548 4054050
4055173 4055344
4056144 4056522
4061387 4061944
4065313 4065513
4066024 4067643
4070115 4070873
4071948 4072182
4074228 4074620
4075931 4076691
4085305 4086314
4088158 4088388
4090275 4090585
4093957 4094224
4094836 4095110
4097544 4097742
4098292 4098777
4103029 4103308
4108305 4108406
4109183 4109662
4110807 4111052
4111974 4112063
4113913 4114073
4114950 4115204
4116491 4116904
4119791 4120514
4121515 4122031
4123760 4123878
4124449 4124613
4125115 4125166
4126386 4126534
4127104 4127266
4130611 4131375
4132414 4132658
4134513 4134577
4135089 4135700
4137586 4137667
4141783 4141910
4143625 4143674
4144763 4145304
4146597 4146894
4148763 4148989
4151000 4151162
4154526 4154939
4159916 4160244
4160821 4161040
4161659 4161907
4165083 4165788
4169300 4170127
4171212 4171388
4174051 4174102
4175224 4175388
4183427 4183714
4185682 4186252
4188449 4188895
4190807 4191200
4194780 4194977
4200202 4200723
4201312 4201452
4203745 4205094
4207084 4207193
4207739 4208410
4209287 4209374
4210883 4211078
4214548 4214800
4216419 4216955
4217758 4217904
4220050 4220396
4221203 4221312
4222027 4222498
4223238 4223417
4227573 4228335
4229394 4229727
4232316 4232915
4234129 4235090
4240326 4240874
4241711 4242058
4244887 4245439
4247110 4247318
4248017 4248143
4257391 4257715
4267910 4268024
4270958 4271195
4271854 4272101
4275462 4275659
4276210 4277046
4277605 4278252
4279367 4279446
4280122 4281428
4284057 4284824
4287888 4288097
4288798 4289271
4289890 4290358
4293194 4294895
4295959 4296064
4297986 4298298
4299003 4299113
4302161 4302768
4304588 4304666
4305373 4305439
4306325 4307066
4307651 4309483
4310054 4310312
4311021 4311616
4313323 4314617
4315634 4315859
4317451 4317675
4322216 4322457
4323209 4323447
4324081 4324135
4325299 4326256
4327228 4327504
4329879 4330232
4331614 4331751
4333555 4334745
4336163 4336618
4338438 4338517
4340012 4340356
4348692 4349550
4350236 4350821
4360157 4360290
4360881 4360951
4362508 4362774
4364138 4364282
4364993 4365412
4366378 4366579
4367754 4372872
4374546 4374688
4377409 4378684
4379281 4379833
4380616 4380825
4381730 4381789
4384026 4384310
4387665 4388359
4389912 4390287
4392788 4393050
4394536 4396092
4401251 4401871
4402378 4402493
4403881 4404723
4405247 4405406
4408847 4413797
4415740 4416387
4417030 4417211
4420051 4420978
4421955 4422111
4422885 4423160
4424058 4424393
4424976 4425248
4426126 4426611
4434287 4434844
4441711 4442044
4442700 4442778
4444649 4445284
4446890 4447983
4449841 4450283
4456260 4456315
4456968 4460073
4461737 4461934
4462542 4462971
4464143 4464594
4466207 4466342
4466903 4466981
4467521 4468026
4468727 4468999
4471899 4473144
4476974 4477397
4479932 4480101
4481838 4482032
4483727 4483825
4484474 4485547
4486479 4487150
4491258 4491530
4496766 4496930
4497810 4498654
4501654 4501854
4504172 4504393
4505055 4505342
4510448 4510747
4512323 4512541
4513736 4513874
4517292 4517435
4520643 4520932
4525440 4525653
4529352 4529457
4531543 4532200
4533189 4533584
4536988 4537577
4539683 4540939
4542587 4542918
4546431 4546563
4549335 4549669
4551636 4551758
4552959 4558432
4559905 4560139
4560896 4561008
4561909 4562178
4564097 4564554
4565309 4565817
4566649 4567128
4567768 4568322
4573724 4573976
4578122 4578284
4579916 4580266
4582145 4583062
4583632 4583771
4590321 4590434
4592106 4592287
4594302 4594792
4601339 4601659
4603132 4603461
4605405 4605785
4606563 4606991
4610963 4611101
4613473 4613632
4616344 4617095
4617783 4617895
4620081 4620152
4620791 4620971
4623552 4623872
4627405 4628939
4632236 4632340
4633428 4633679
4635940 4636134
4643320 4644374
4644899 4645182
4645912 4646021
4649444 4654888
4656134 4656374
4659502 4659608
4662002 4662159
4663937 4664009
4665844 4666249
4669159 4669424
4670036 4670328
4673996 4674844
4677197 4677446
4677957 4678059
4681385 4681592
4682124 4682231
4684829 4685672
4690686 4690959
4698030 4699948
4700450 4700683
4704981 4706259
4707364 4707449
4707953 4708141
4711498 4711785
4712744 4713226
4715509 4715743
4724375 4724674
4727775 4728438
4729485 4730059
4730594 4731082
4732672 4733182
4741443 4741731
4743453 4743518
4746309 4746362
4749067 4749116
4750037 4750935
4755463 4755518
4756036 4756216
4757071 4757677
4758198 4758827
4762077 4762266
4762952 4763170
4768042 4768248
4770850 4771054
4772729 4773258
4777230 4777308
4778307 4778412
4781374 4781777
4782314 4782580
4784539 4784726
4785802 4785995
4786637 4786734
4788416 4788524
4789216 4789549
4790925 4791234
4793742 4795015
4795678 4795727
4797549 4798033
4800718 4801038
4803383 4803532
4806727 4806821
4807343 4808359
4808972 4809241
4810974 4811451
4812364 4812507
4813644 4814119
4814751 4815378
4819795 4820028
4822404 4823123
4825245 4826412
4827789 4828138
4829355 4829456
4831881 4834033
4834537 4834852
4836489 4836718
4838465 4838610
4839897 4840139
4842744 4842817
4843793 4845568
4847674 4847816
4853865 4853958
4855697 4855859
4857364 4857506
4859182 4861391
4862012 4862754
4865551 4866316
4866957 4868379
4869189 4869760
4870353 4871192
4872893 4873024
4877429 4877543
4881307 4884096
4890304 4890778
4891504 4892411
4895326 4895887
4896494 4898067
4899615 4900358
4908427 4908715
4914464 4915348
4919140 4919795
4921753 4922120
4923104 4923428
4924040 4924231
4924757 4924998
4930110 4930489
4931914 4932028
4932614 4933045
4938609 4938878
4941387 4941668
4943837 4943994
4945786 4945976
4950960 4951209
4952517 4952702
4953268 4953587
4954785 4955084
4955768 4956652
4957288 4957341
4958601 4958782
4961942 4962419
4963827 4964794
4965534 4965758
4967568 4968596
4969395 4969634
4970833 4971124
4972091 4972427
4973975 4974708
4978136 4978748
4979843 4980494
4981042 4981287
4982552 4982827
4985340 4985470
4990181 4990477
4993712 4993788
4994642 4994730
4997994 4998349
4999754 5000025
5001700 5001881
5003032 5003572
5004233 5004665
5011789 5012340
5012890 5013926
5014887 5015842
5016379 5016497
5018831 5019005
5021415 5021607
5024640 5025921
5030238 5031365
5037948 5038191
5040393 5041027
5044100 5044405
5045475 5046241
5046998 5048104
5050057 5050418
5051646 5052703
5054913 5055078
5055692 5055868
5058816 5059009
5059617 5059882
5061844 5062746
5064151 5064445
5066380 5066573
5067344 5067924
5071741 5072818
5075385 5075552
5079456 5079507
5082399 5083342
5084535 5084682
5086294 5086628
5091333 5091641
5101202 5101626
5102969 5103649
5105531 5106022
5109868 5110872
5112468 5112526
5114147 5114617
5115661 5115790
5116584 5117283
5119112 5119458
5120247 5120494
5123707 5123770
5124301 5124483
5126001 5126267
5128211 5128429
5134195 5134374
5140353 5141315
5142896 5144040
5144621 5145076
5145664 5146973
5147857 5147971
5152755 5153054
5159226 5159411
5161150 5161281
5161801 5162061
5163369 5163471
5164025 5164254
5172683 5172746
5174857 5175073
5176125 5176413
5177322 5178229
5179805 5180019
5180670 5180742
5182005 5182184
5182732 5183143
5186515 5187108
5188148 5188817
5190631 5191479
5192749 5193198
5196304 5196405
5197515 5197595
5198651 5199375
5205608 5206288
5210973 5211170
5220120 5220539
5223435 5224621
5225711 5230987
5231954 5233736
5244674 5244895
5245851 5246538
5248149 5248403
5249832 5250009
5256094 5256358
5261093 5261618
5263182 5263418
5264037 5264116
5264911 5264993
5265884 5266172
5267919 5268145
5270186 5270630
5271730 5272468
5273250 5273323
5277368 5277509
5278045 5278176
5280764 5280948
5286621 5286742
5289908 5289963
5290824 5290988
5292806 5293252
5295340 5295743
5298708 5299028
5299647 5300155
5300942 5301467
5307624 5307709
5312330 5312408
5313789 5314477
5323395 5323680
5324806 5324993
5329329 5330397
5331503 5332596
5333967 5334157
5338360 5338619
5342867 5343064
5346329 5346500
5348903 5349099
5351063 5351133
5357739 5358125
5361779 5362055
5362601 5363158
5365539 5365957
5368570 5369132
5371393 5371511
5372803 5372899
5376817 5377006
5379230 5380663
5381425 5381856
5383855 5384426
5387694 5387817
5391468 5391555
5394657 5394750
5396371 5396849
5398418 5398557
5400055 5400527
5401101 5401206
5403978 5404078
5406309 5406609
5407799 5407862
5408417 5408520
5409128 5409363
5415265 5416763
5420904 5421192
5422540 5422594
5423226 5424223
5425891 5426150
5427612 5427746
5428359 5428429
5431164 5431493
5432919 5433144
5435161 5435545
5438538 5439294
5440572 5440751
5443889 5444422
5445074 5445357
5449042 5449171
5449780 5449978
5452118 5453191
5454869 5456615
5461010 5461831
5467182 5467303
5470058 5470745
5474160 5474633
Escherichia_coli_O157_H7_0970
3355 3567
4271 4882
11588 11650
13724 14999
15910 16176
21232 23000
24300 25206
27455 27594
30155 30274
31608 32181
33392 33725
37444 37773
39809 39947
40508 40578
42132 42277
44714 45711
46343 46397
47745 48033
52174 53672
55213 55518
59574 59809
61075 61138
62328 62628
63143 63704
64218 64318
67731 67836
70380 70519
71221 71391
72088 72566
73580 73777
77042 77213
79616 79812
80467 80863
81776 81846
88452 88838
92381 92768
93314 93871
96252 96670
99283 99845
101657 102006
105809 106032
109943 110202
114568 115139
118407 118530
122181 122268
124381 124666
125370 125463
126611 126908
130318 130577
134780 134970
137145 138027
138540 139608
141463 142545
143944 144668
145257 145542
149755 150142
166883 167104
170114 170612
172041 172218
178303 178567
181985 182586
183593 183827
186246 186325
187166 188381
190128 190354
192200 192839
195459 195532
197996 198170
198971 199718
200254 200385
202973 203157
204912 205239
210288 211049
212117 212172
212922 214356
215015 215461
217549 217952
220917 221237
225711 226040
229833 229918
234178 234579
236762 236983
238270 238496
243987 244607
246944 247160
253430 254425
255743 256302
257767 258451
262649 263950
269307 269614
271342 271893
272532 273072
275739 276036
277458 277773
278896 279576
283154 283704
286753 286932
288195 288267
288918 289132
290708 292812
293864 294080
296191 296254
299450 299756
301268 302025
305466 305568
306876 307136
307887 308272
308803 308985
310506 310769
312713 312931
316359 316548
318786 318873
324365 326319
343728 343913
347963 348690
349444 349825
352251 352353
353111 353276
353812 354790
356411 357259
358065 358491
361113 361612
362960 363406
365288 365968
367311 367735
369193 369478
375479 375815
380406 381627
385665 386841
387598 388704
392246 392737
395513 395678
396292 396468
398341 399609
400217 400482
402444 403346
404751 405045
405612 405825
406980 407173
412341 412847
416031 416152
416951 417556
419029 419549
420056 420107
422999 423597
425135 425282
426894 427228
431933 432215
438404 438699
443016 443585
449932 450106
453095 454107
455011 456047
456597 457139
459363 460094
462091 462257
463679 463797
464773 464846
467451 469125
470872 471101
472738 473053
473557 473779
475228 475709
478134 478235
484467 485186
487562 487795
492212 492839
493471 494279
495083 495397
496139 496616
500769 500863
505725 506036
506909 507560
508655 509267
511026 511343
513201 513428
516279 516570
517774 518008
518807 519835
521645 521869
522609 523111
526120 526439
530062 530115
530793 531635
532319 532618
533816 535603
536194 536443
541427 541617
545735 546016
548525 548794
554358 554829
555375 555489
559095 560218
562405 562646
563172 563363
563975 564300
567608 568263
572055 572508
573446 574237
587045 587262
589336 590224
591516 592077
593037 593472
596625 597099
604436 604641
609860 609974
611577 611927
612749 613120
615521 615830
618897 619611
620274 620323
622145 622629
625314 625634
627335 627803
628671 630253
634964 635260
638495 638571
639425 639513
641914 642247
644537 644808
645459 645653
647332 647441
648128 649033
650386 651140
653588 654412
659861 660401
661552 661733
663494 663636
668145 668871
669596 669662
671681 672446
673088 673580
675775 675890
676483 677322
679084 679154
682203 682300
682942 683135
684211 684398
686357 686623
687160 687563
690525 690630
691294 691707
695679 696208
700689 700895
705767 705985
706671 707771
708967 709106
710110 710739
711260 711866
712721 712901
713419 713499
716271 716647
718015 718900
719821 719870
720570 721583
722932 723197
724829 725179
728545 728684
735234 735347
737019 737200
739215 739896
743360 745466
747746 748452
748999 749319
751900 752080
752719 752790
754976 755088
755776 756527
761770 761908
767086 767466
768120 768541
769410 769739
774599 774796
778341 778592
780853 781788
786225 786331
789459 789699
790945 791488
793325 793492
795285 796042
799812 799921
800651 800934
801459 801759
805238 805889
806915 807072
808850 808922
810757 810968
812125 812431
814122 814337
818909 819757
822110 822359
826298 826505
827037 827144
829742 831664
835599 835872
839811 840626
842943 843973
845363 845596
849894 851172
852866 853054
856411 856698
857392 858139
860422 860656
863903 863991
869288 869587
872688 873351
874398 874972
875507 876197
877585 878095
885003 885694
886356 886644
888374 888431
891222 891275
893186 894099
894961 896008
896888 897732
900732 900929
904133 904420
907421 908286
912135 912424
913307 914082
915632 916358
919193 919320
920526 920744
922320 922619
924379 925680
928430 928535
930621 931278
932267 933421
934775 935498
936066 936655
939823 940017
943152 943563
945509 945641
948413 948747
952253 953092
955460 956604
957384 957510
959009 959217
959974 960086
960987 961256
962346 962739
965727 966206
966846 967400
971827 972171
975377 975843
976569 976760
977407 977679
980300 980402
983390 984463
985112 985664
986905 987099
988190 989036
991540 991963
995793 996401
998342 998636
999878 1000210
1000911 1001416
1001956 1002034
1002595 1002730
1003623 1004569
1005966 1006395
1007003 1007200
1010735 1011125
1011744 1011969
1012622 1012677
1018654 1019152
1020954 1021113
1023048 1024288
1026159 1026237
1026893 1027226
1027742 1027852
1033097 1033501
1034093 1034650
1036427 1036870
1040107 1040788
1042326 1042811
1044512 1044879
1045777 1046052
1046826 1046982
1047959 1048144
1051647 1051762
1052427 1053158
1054516 1054675
1057481 1057714
1058276 1058618
1060034 1060159
1062920 1063712
1065009 1065656
1066299 1066480
1068298 1068443
1070882 1070992
1074138 1074401
1075887 1076149
1078103 1078550
1080578 1081801
1084627 1084911
1087148 1087207
1088112 1088321
1090253 1090539
1092088 1092290
1094249 1094391
1097800 1098075
1098685 1098850
1102358 1102559
1104655 1104799
1107354 1107961
1108878 1108979
1110566 1110632
1111518 1111588
1112299 1112461
1113239 1113387
1115247 1115505
1116593 1116809
1117779 1118416
1120827 1121052
1123725 1124199
1130112 1130626
1133256 1133549
1135678 1136096
1136994 1137449
1138867 1139020
1139839 1140057
1141861 1141998
1143380 1143733
1146108 1146384
1147826 1148313
1149477 1149531
1150165 1150403
1151155 1151396
1153885 1154531
1155095 1156473
1159196 1159616
1164001 1164570
1165350 1165483
1166074 1166224
1167701 1167967
1168624 1169934
1170639 1170951
1172873 1172978
1175565 1175743
1176915 1177380
1179666 1180139
1180840 1181049
1183126 1183581
1186950 1188815
1191891 1192727
1193278 1193475
1194066 1194290
1196836 1197110
1197742 1197979
1200913 1201027
1202784 1203229
1204668 1205067
1209666 1210327
1210830 1211546
1220794 1220920
1221619 1221878
1222563 1222698
1223498 1224050
1227718 1228611
1229513 1229690
1233847 1234811
1236022 1236621
1239210 1239543
1242148 1242585
1243683 1243754
1244660 1244890
1248470 1248667
1252724 1252796
1255002 1255142
1257435 1257830
1260774 1260883
1261429 1262100
1262977 1263064
1271448 1271594
1273740 1274086
1276928 1277107
1278664 1279981
1281263 1282025
1282685 1283255
1285223 1285510
1293549 1293713
1294835 1294886
1295581 1296153
1298810 1298990
1300947 1301079
1303149 1304047
1307030 1307282
1313998 1314411
1317775 1317937
1319948 1320174
1322043 1322340
1327027 1327154
1331270 1331351
1336279 1336523
1341671 1341833
1342403 1342551
1343772 1343822
1344324 1344488
1345059 1345177
1346906 1347834
1353733 1353987
1354864 1355024
1356990 1357091
1357868 1358347
1359492 1359737
1360659 1360748
1365629 1366322
1367146 1367706
1368725 1368957
1370710 1370952
1373010 1373512
1374635 1374806
1380849 1381406
1384775 1384975
1389577 1390073
1391410 1391644
1392390 1393104
1393690 1394082
1395393 1396153
1404767 1405779
1408319 1408708
1409737 1410047
1413419 1413686
1414298 1414572
1417006 1417204
1417754 1418239
1422856 1422976
1429500 1429650
1441132 1441362
1444161 1444595
1447737 1448255
1448766 1449327
1449926 1450070
1453172 1453377
1467167 1467378
1469066 1469305
1471467 1471985
1472832 1473682
1474313 1474496
1475011 1475885
1476407 1476637
1480382 1480560
1481193 1481306
1481843 1482352
1484759 1485382
1485900 1486154
1490265 1491367
1498323 1498482
1499613 1499834
1508965 1509141
1511406 1511870
1516175 1516228
1517582 1517726
1519056 1519336
1523527 1523713
1525260 1525576
1527303 1528060
1532534 1533667
1538224 1539235
1540503 1543076
1544846 1545750
1546517 1547809
1550318 1550596
1551396 1551969
1554922 1555129
1557164 1557281
1557835 1558599
1561532 1561756
1563261 1563535
1565075 1565538
1568356 1568670
1574146 1575324
1576396 1576579
1579152 1579304
1581108 1581281
1584783 1585001
1586040 1586825
1587442 1587605
1591788 1591872
1592925 1593304
1593903 1594482
1595888 1596157
1596932 1597533
1598275 1598715
1600490 1600702
1601706 1602085
1604439 1605250
1606319 1606467
1607659 1608385
1609146 1609381
1610635 1610958
1616243 1616480
1619702 1619769
1623188 1623685
1626434 1627207
1631679 1631830
1634095 1634293
1638566 1638832
1640643 1641375
1642009 1642504
1643014 1643112
1645085 1645254
1648766 1649887
1651803 1652002
1653422 1653775
1654712 1655629
1656839 1657211
1657745 1658525
1659433 1661536
1662666 1663015
1666178 1666372
1667658 1667982
1668751 1669208
1672352 1672667
1675170 1675562
1676091 1676662
1679048 1679551
1680074 1680394
1681510 1681831
1684874 1685097
1689416 1689734
1690982 1692336
1697431 1698119
1706236 1706368
1707121 1707382
1709721 1709816
1712397 1712871
1713540 1713633
1714456 1714555
1717865 1718371
1719244 1719425
1721037 1721213
1721724 1721856
1727609 1727661
1728205 1728604
1735998 1736663
1737619 1737872
1738999 1739419
1741567 1743266
1744676 1745026
1745762 1747627
1749053 1749563
1752056 1752200
1752723 1752832
1755910 1756142
1756954 1757042
1758279 1758430
1760048 1760326
1764367 1764600
1766194 1766382
1767822 1768311
1769544 1769680
1770826 1771389
1771936 1772375
1775212 1775294
1776413 1777547
1778489 1778589
1779838 1780357
1781745 1782863
1784195 1784811
1785635 1785838
1788655 1790541
1794297 1794615
1798428 1798587
1800526 1800650
1802236 1802419
1806996 1807508
1809430 1809623
1811066 1811387
1812184 1812460
1814813 1814999
1816104 1816899
1822303 1822482
1824046 1824450
1825532 1825623
1826362 1826487
1827178 1827367
1828075 1828303
1829475 1829693
1830354 1830565
1833440 1833614
1835673 1835793
1839951 1840054
1841412 1841676
1843370 1843638
1844858 1845136
1845947 1846246
1849357 1849591
1859043 1859624
1861945 1862549
1863384 1863728
1864774 1864907
1866622 1866741
1867981 1868250
1869323 1869467
1870367 1870836
1871445 1871618
1873105 1873398
1875605 1875819
1876859 1877226
1879510 1879730
1880455 1881025
1882109 1882328
1887369 1887648
1894624 1894729
1896585 1897071
1897700 1898484
1899082 1899621
1901133 1901187
1903662 1903956
1905674 1905948
1906785 1906966
1908278 1908435
1911164 1911513
1921686 1922054
1923175 1923460
1924125 1924633
1931131 1931484
1935668 1936370
1936919 1937190
1939697 1940021
1940905 1941757
1946815 1947080
1949304 1950288
1952350 1952464
1954492 1954933
1957523 1957575
1958245 1958326
1959269 1959517
1965070 1965359
1968595 1969027
1970636 1971091
1980340 1980880
1982486 1982963
1985049 1985253
1987391 1987775
1992492 1992908
1996620 1997652
2000335 2000558
2010861 2010962
2011621 2012291
2014654 2014876
2015626 2017105
2018467 2018635
2019528 2019986
2022633 2023057
2025506 2026807
2027706 2028189
2030815 2031017
2033086 2033910
2035971 2036310
2038801 2039100
2039639 2039706
2042889 2043146
2045386 2045638
2049574 2050804
2051501 2051649
2056383 2056887
2057549 2058255
2058762 2059055
2064764 2064954
2066833 2067126
2070203 2070749
2072764 2073226
2073919 2074097
2074848 2075018
2075881 2076166
2078289 2078446
2080824 2080878
2081956 2082006
2083708 2084273
2089303 2089414
2091064 2091165
2094348 2094620
2098848 2099083
2100146 2100538
2103122 2103475
2106227 2106568
2108080 2108276
2109160 2109399
2111384 2111481
2112127 2112578
2116647 2116825
2118850 2119074
2119745 2120544
2121358 2121823
2122712 2123110
2123715 2124278
2126128 2126659
2127926 2128813
2134071 2134168
2135653 2135800
2136786 2136986
2137493 2137659
2139527 2140100
2141579 2142188
2144119 2144363
2145001 2145219
2146157 2146403
2151842 2152058
2156412 2156876
2158555 2158930
2159551 2160393
2163956 2164051
2167300 2168585
2169694 2170098
2171706 2171785
2173685 2175585
2180499 2180702
2181987 2182721
2183767 2184367
2188445 2188537
2190879 2192185
2193990 2194050
2200685 2200828
2202736 2203021
2211152 2211266
2211850 2212006
2218126 2218423
2223201 2223459
2224099 2224238
2230138 2230723
2234321 2234514
2237176 2237274
2246338 2246777
2252301 2252719
2253452 2254133
2258526 2259700
2265601 2265857
2268075 2268471
2270883 2272411
2272983 2273048
2273597 2273813
2274606 2274885
2276702 2277498
2278192 2278518
2279449 2279500
2280171 2280252
2281164 2281627
2284400 2284720
2285900 2286240
2289206 2289576
2293849 2294534
2296397 2296550
2302160 2302340
2303005 2303900
2311115 2311976
2314291 2314641
2315301 2315639
2317051 2317119
2319569 2319873
2320850 2321105
2323273 2323493
2324219 2324764
2326076 2326219
2331432 2331732
2333081 2333157
2335523 2335862
2336993 2337356
2338758 2339205
2343106 2343224
2344268 2344501
2345580 2345828
2347147 2347268
2348932 2349080
2349612 2349717
2353589 2353696
2357299 2357395
2358237 2358521
2360732 2360856
2363048 2363490
2367063 2367295
2371101 2371218
2377110 2377383
2379729 2380267
2383861 2384340
2385495 2385639
2386689 2386835
2390456 2391024
2397323 2397381
2397987 2398272
2398835 2398924
2400873 2401238
2403172 2403568
2404641 2404887
2407885 2408422
2410500 2411300
2413532 2413859
2422719 2422923
2424564 2425034
2425661 2425921
2432621 2433204
2435471 2435670
2438933 2439272
2445982 2446233
2450473 2451228
2453844 2454068
2454603 2454907
2458537 2458949
2460068 2460172
2461319 2461900
2463502 2463768
2464666 2464975
2466191 2466997
2468310 2468720
2470705 2471350
2475105 2475530
2477976 2478845
2479966 2480596
2483293 2483664
2486803 2487010
2490773 2491560
2492904 2493367
2494932 2495207
2495858 2496227
2498514 2499066
2499838 2500836
2501584 2501868
2502548 2502867
2506835 2507854
2512532 2512781
2514625 2514972
2515811 2515949
2518091 2518720
2519415 2519560
2521356 2521891
2523653 2523884
2526113 2526269
2527716 2527942
2529694 2529843
2532201 2532757
2533593 2533679
2534263 2534489
2535373 2535489
2540101 2540396
2543661 2543815
2546277 2547262
2547765 2547884
2553838 2554392
2554947 2555472
2556843 2557072
2557729 2557946
2558505 2559958
2562519 2562899
2564058 2564893
2568195 2568828
2570893 2571094
2572370 2572467
2575089 2575449
2576401 2576834
2580526 2580703
2583535 2583595
2586300 2586556
2587418 2587477
2589430 2590030
2591341 2591479
2592953 2593330
2594851 2594962
2597400 2597527
2598072 2598411
2604891 2605114
2607045 2608145
2610159 2610292
2616135 2616243
2618499 2618593
2622102 2622381
2629426 2629816
2632547 2632640
2635655 2636389
2637143 2637436
2640741 2640993
2642457 2642541
2643608 2643920
2644446 2644791
2645783 2645933
2646805 2646968
2653299 2653433
2654652 2654785
2657638 2657950
2658943 2659133
2661622 2661950
2663340 2664169
2665770 2665967
2668696 2669017
2671024 2671311
2678155 2678706
2681874 2681957
2683109 2683362
2684099 2684301
2686404 2686545
2689133 2689383
2692374 2692473
2694999 2695775
2697214 2697318
2700123 2701044
2703002 2703078
2703832 2704496
2706088 2706161
2714203 2714266
2714977 2715086
2725854 2726393
2736964 2737329
2738408 2738478
2740569 2740944
2743903 2743983
2748028 2748645
2750271 2754351
2755097 2755643
2759318 2760186
2761004 2761355
2764689 2764974
2765620 2766863
2767597 2767743
2768458 2768515
2769362 2769513
2770249 2770434
2771877 2772578
2778726 2779451
2780084 2781055
2782360 2782603
2785533 2785609
2786619 2786943
2787667 2787806
2789431 2789993
2790645 2790719
2792922 2793393
2796942 2797346
2799938 2800945
2802966 2803057
2803803 2803872
2804480 2804971
2807295 2807458
2808252 2808441
2809293 2809887
2812254 2812879
2814552 2814668
2815178 2815516
2816156 2817124
2817737 2817846
2818360 2818582
2821209 2821342
2821953 2822158
2822725 2822860
2823603 2824083
2826595 2827152
2827801 2827940
2830207 2830904
2834428 2834617
2835851 2835934
2840926 2841321
2841919 2842045
2844779 2844960
2851069 2851367
2852108 2852261
2853331 2853479
2855725 2856194
2856908 2857616
2858196 2859250
2860984 2861867
2867355 2867847
2868444 2869145
2872892 2873244
2875003 2875449
2876343 2877156
2877762 2878027
2883014 2883400
2889030 2889231
2890209 2890457
2897632 2897717
2900597 2901484
2903997 2904177
2905402 2905693
2906492 2906617
2907300 2908062
2909941 2910151
2911666 2911797
2912508 2912852
2914650 2914722
2918262 2919050
2920146 2920247
2921471 2922457
2923667 2924414
2925679 2926438
2927414 2927527
2929668 2930496
2931660 2931711
2932674 2933004
2933922 2933974
2935468 2935612
2936238 2936420
2941123 2941463
2942945 2943061
2949106 2949169
2950322 2950744
2953154 2953330
2956177 2956430
2958632 2959487
2962465 2962732
2963416 2963687
2967242 2967316
2970740 2971896
2972523 2973017
2974568 2974923
2976339 2976777
2977492 2977771
2978813 2979235
2981648 2981817
2989602 2990986
2992753 2993312
2996584 2996702
2998805 2999080
3000609 3002047
3004912 3005204
3006960 3007491
3008942 3009308
3010679 3011127
3017087 3017312
3018001 3018352
3020839 3021133
3022414 3022593
3028038 3028707
3029950 3030187
3033313 3033585
3043562 3043704
3044755 3045573
3047321 3047689
3048228 3048294
3049491 3049649
3052120 3052255
3061930 3062057
3062835 3063319
3068504 3068642
3071036 3071514
3072130 3072365
3072936 3073393
3074076 3074781
3079060 3079322
3080327 3080620
3083749 3084048
3086992 3087177
3087999 3088137
3090097 3090185
3090704 3092150
3093288 3094018
3101248 3101297
3102695 3103466
3104531 3104610
3105351 3105608
3107556 3107924
3109255 3110084
3111379 3111493
3113291 3113561
3114221 3114388
3115455 3116321
3117250 3117349
3119950 3120184
3126251 3126436
3127521 3127669
3130223 3130715
3135709 3135866
3138165 3138545
3139343 3139738
3142692 3142991
3144701 3145577
3146192 3146374
3147186 3147279
3149178 3150015
3151361 3151841
3155265 3156335
3157061 3157235
3158904 3158993
3164961 3165788
3166437 3168023
3168617 3169125
3170000 3170210
3174311 3174507
3175438 3175654
3177950 3178473
3179254 3179388
3180113 3180450
3185198 3185433
3187069 3187226
3189305 3189597
3191535 3191717
3192424 3192617
3193944 3195212
3196023 3196321
3198139 3198401
3199021 3199111
3200708 3201166
3204264 3204490
3206526 3207369
3208815 3209174
3212865 3213055
3217892 3218019
3223712 3224487
3225086 3225300
3229123 3229188
3229930 3230119
3233656 3235484
3239733 3240130
3241147 3241808
3243279 3243799
3247121 3247203
3249268 3249637
3250429 3252091
3253295 3253366
3256263 3256692
3257472 3257704
3263867 3264296
3267567 3267730
3268707 3268877
3269980 3270119
3272439 3273221
3274389 3274717
3275519 3276011
3278083 3278315
3279917 3280299
3283833 3283902
3284506 3284635
3285644 3286436
3290922 3291424
3295381 3296342
3298439 3298734
3304886 3305501
3306456 3306848
3309518 3310096
3315534 3316069
3318789 3319044
3324878 3324991
3326338 3326782
3333901 3334265
3334901 3335190
3339227 3339684
3341200 3341348
3344155 3344443
3345453 3345716
3349181 3349697
3353565 3353667
3355457 3356285
3358779 3359107
3360071 3360246
3360806 3360988
3363857 3364094
3367600 3367770
3368429 3368644
3370767 3371224
3372669 3373158
3374415 3376258
3378428 3378937
3380078 3380604
3387505 3387673
3391949 3392162
3393787 3394286
3396995 3397182
3397767 3398216
3402024 3402486
3406049 3407110
3408530 3408702
3409265 3409760
3411121 3411437
3413422 3413715
3414673 3414936
3417870 3418186
3420399 3420493
3424688 3425167
3425924 3426140
3427159 3427401
3428176 3428440
3429103 3429207
3433247 3433682
3435740 3436869
3437433 3437735
3439101 3439357
3439886 3440093
3440712 3440805
3442447 3442613
3443660 3444347
3444929 3444979
3447504 3448486
3451631 3451747
3461242 3461558
3464740 3464947
3466213 3466511
3468474 3469160
3474957 3475031
3475780 3476385
3476989 3477185
3485369 3486006
3488597 3489207
3492364 3492516
3498186 3498490
3503700 3503787
3505484 3505981
3508511 3508949
3510417 3510860
3515233 3515393
3518230 3518495
3520731 3521188
3521902 3522002
3523246 3523325
3525150 3525229
3527901 3528027
3528561 3528757
3531040 3531188
3537687 3537789
3539058 3539604
3540183 3540289
3542253 3542447
3542955 3543612
3544400 3544616
3546058 3546153
3546775 3546827
3548081 3548973
3550400 3550499
3551347 3553477
3559830 3559953
3562350 3562549
3570129 3570537
3576004 3576519
3577130 3577846
3580609 3581244
3582034 3583326
3585984 3586841
3589598 3589671
3591123 3591175
3595936 3596133
3598226 3598534
3599054 3599816
3602963 3603526
3608186 3608455
3609014 3609201
3610558 3611200
3614016 3614703
3616472 3617029
3618013 3618217
3619642 3620628
3621369 3622015
3623878 3624382
3624988 3626370
3627336 3627799
3630497 3631613
3632346 3632709
3634898 3634961
3637292 3637360
3639970 3640559
3641460 3641753
3643178 3644709
3649144 3649540
3652137 3653268
3654192 3654617
3658683 3659518
3661034 3661892
3662472 3662753
3663691 3664416
3668904 3669177
3671200 3671334
3675100 3675386
3677650 3677931
3680418 3680512
3683507 3683792
3685488 3685600
3692278 3692462
3694752 3695379
3696067 3696804
3697859 3698377
3699926 3700014
3701281 3701501
3703193 3703355
3705585 3705748
3706336 3706931
3709706 3710168
3714450 3714624
3716166 3716300
3718618 3719453
3721548 3722332
3726751 3726993
3727786 3729121
3730430 3730868
3733191 3733989
3735303 3735791
3737136 3737419
3739152 3739448
3740614 3740688
3750370 3750734
3752300 3752463
3754634 3754921
3756956 3757175
3758253 3758643
3759845 3761020
3769250 3770378
3775411 3776260
3777194 3777366
3780270 3780343
3782085 3782275
3782978 3783196
3785488 3785559
3787892 3788166
3791751 3792343
3793278 3794112
3796231 3796656
3798032 3798486
3800015 3800970
3803290 3804106
3807462 3807865
3809374 3809607
3817201 3817922
3819039 3819331
3819965 3820165
3820736 3820889
3821607 3822147
3827777 3828276
3829745 3830069
3837759 3837969
3844568 3844726
3845723 3845916
3849370 3849596
3851095 3851314
3852398 3852665
3859430 3859528
3864766 3865019
3866739 3867847
3869161 3869596
3870434 3870486
3872435 3873001
3873821 3874305
3874825 3875101
3876315 3876821
3880107 3880548
3881767 3881866
3883097 3883417
3884377 3885009
3885843 3887090
3888045 3888223
3890190 3890887
3892283 3892843
3893992 3894111
3897776 3898348
3900997 3902392
3908270 3908359
3910234 3910502
3911887 3912059
3915809 3916152
3918787 3919355
3919911 3920196
3920945 3921194
3924192 3924278
3925179 3925415
3930308 3930388
3931833 3933474
3934289 3934581
3935100 3935207
3936564 3936696
3939128 3939665
3940185 3940389
3943449 3943901
3946320 3946480
3947157 3947453
3948200 3948440
3949084 3949483
3950156 3950403
3950938 3951025
3952137 3952297
3955217 3955506
3959237 3959561
3960728 3961278
3961878 3962244
3966821 3967783
3968307 3969605
3972100 3973190
3975899 3976164
3980625 3980890
3982096 3982351
3984705 3984997
3986578 3986686
3989196 3989265
3992277 3992984
3993575 3993654
3995490 3995842
3998191 4000105
4000735 4002325
4005059 4005488
4007533 4007938
4008920 4009034
4016592 4016793
4019934 4020058
4021674 4022083
4023203 4023260
4025365 4025796
4026840 4027349
4028812 4029066
4030046 4030224
4032787 4032908
4040884 4041331
4042227 4042444
4043232 4043316
4045840 4046020
4046926 4047230
4047912 4048090
4050517 4050623
4053038 4053302
4053966 4055201
4056069 4056264
4056803 4056906
4066326 4066827
4068035 4068283
4074487 4075518
4078747 4078902
4081119 4081334
4084113 4084374
4084913 4085174
4086252 4086670
4088891 4089435
4090880 4091170
4091683 4092819
4093876 4094433
4097126 4097829
4099540 4099614
4100558 4101420
4102425 4102577
4103988 4104825
4106582 4106995
4108793 4109070
4110237 4110546
4111941 4112484
4115577 4116024
4120180 4120568
4126145 4126217
4133873 4134368
4135237 4135299
4140372 4140890
4143287 4143534
4144281 4144599
4146110 4146368
4149137 4149473
4152147 4152214
4155211 4155553
4157690 4158231
4160227 4160659
4161331 4162841
4166171 4166234
4168073 4168128
4168710 4169064
4169613 4169747
4170884 4171088
4173388 4174025
4174711 4174840
4176333 4176508
4178200 4178482
4179375 4179670
4181627 4181920
4182976 4183231
4183750 4183839
4186217 4186341
4189534 4190242
4191920 4192143
4195478 4195836
4197891 4198724
4201468 4201818
4204159 4204389
4207655 4208080
4211772 4212019
4212781 4213691
4216068 4216223
4222694 4223585
4224325 4225278
4225859 4226327
4227113 4228295
4228944 4230015
4235691 4237199
4238634 4240254
4241414 4241513
4242609 4243329
4245928 4246338
4249473 4249919
4251322 4252268
4253015 4253370
4256163 4256640
4257201 4257424
4258120 4259422
4262176 4262270
4262810 4263268
4263780 4264009
4264975 4265050
4265605 4266815
4268150 4268373
4269235 4270227
4272132 4272552
4276699 4276772
4280815 4280903
4281862 4282236
4283482 4283685
4284486 4284700
4295004 4295601
4296721 4296832
4299126 4299513
4300917 4301205
4301773 4301881
4303677 4305255
4306773 4306954
4309110 4309629
4310432 4310732
4311405 4312022
4314543 4314991
4322537 4322847
4329168 4329473
4334702 4334892
4339043 4339299
4340525 4341154
4341662 4341731
4344772 4345272
4347403 4348180
4355475 4356533
4359528 4359906
4360635 4362238
4363156 4363405
4366050 4366749
4367437 4367688
4368809 4369379
4370453 4370631
4371176 4371245
4372501 4372643
4373333 4374258
4378221 4378427
4378930 4379286
4385451 4386131
4387250 4387567
4392678 4392817
4393633 4393928
4394875 4394988
4396292 4396455
4398113 4398571
4401599 4402222
4403338 4403528
4404229 4404528
4407561 4408823
4410334 4410747
4415532 4415655
4416895 4417303
4422034 4422084
4425130 4425477
4426650 4426975
4433003 4433369
4434906 4435062
4435860 4436035
4442166 4442248
4444133 4444429
4445124 4445416
4448395 4448465
4449334 4449964
4451613 4451735
4452823 4452892
4455754 4456439
4459343 4459419
4460371 4460593
4462133 4462444
4464765 4464849
4466338 4466396
4469127 4469339
4473397 4473760
4474310 4475917
4477265 4477528
4478665 4478762
4480347 4480517
4482889 4483372
4484602 4484730
4485371 4485547
4488775 4489400
4490872 4490950
4491633 4491923
4496852 4497491
4499782 4500233
4501400 4501636
4505577 4505735
4511004 4512617
4514718 4514872
4516479 4516661
4521632 4521959
4525184 4526056
4527179 4527768
4529425 4529539
4533566 4533707
4535216 4535394
4535944 4536056
4537420 4537668
4538311 4538500
4539785 4540252
4540797 4541088
4542266 4542695
4543499 4544081
4546563 4546889
4549337 4549964
4550748 4550891
4553292 4553498
4555848 4555950
4561270 4561743
4562892 4562986
4565816 4566253
4569157 4569418
4570000 4570178
4571065 4571389
4572111 4572193
4573867 4574110
4576129 4577768
4579692 4579932
4581096 4581609
4583423 4584077
4586582 4586817
4587362 4587590
4588262 4588662
4591405 4591846
4592654 4593215
4595240 4595442
4596155 4596817
4597930 4599137
4599812 4600034
4603405 4603505
4604084 4604154
4605745 4606311
4608378 4608638
4609846 4609979
4614331 4614593
4615459 4616557
4621283 4622166
4624430 4624690
4625319 4625899
4628873 4629159
4633578 4634114
4637836 4639335
4640076 4640158
4641143 4641405
4643903 4644126
4645291 4645493
4647024 4647516
4648424 4648593
4650335 4650493
4651850 4652097
4652897 4653734
4655222 4655827
4660999 4661354
4664084 4664256
4665169 4665628
4667812 4667988
4669621 4671421
4672144 4672490
4673127 4673896
4674666 4674779
4675791 4675978
4676518 4676793
4677508 4678153
4679726 4680394
4681566 4681922
4689567 4690203
4691977 4693042
4693830 4694492
4697504 4697759
4701691 4701911
4702614 4702733
4706883 4707084
4707718 4708106
4709499 4710124
4711215 4711480
4712807 4713020
4713763 4714158
4718805 4718886
4721824 4722116
4725026 4725676
4726492 4727283
4729528 4729752
4730697 4731405
4731968 4732777
4734596 4734885
4736645 4736937
4738020 4738495
4739520 4739697
4742302 4742646
4743904 4744240
4745168 4745336
4748343 4748439
4749525 4749846
4751132 4751316
4752906 4753581
4759933 4760047
4761856 4763207
4763828 4764255
4766023 4766338
4769809 4771014
4773527 4774276
4776909 4777213
4784202 4784486
4787730 4787880
4789865 4789919
4790696 4790862
4791374 4791629
4794797 4796104
4798356 4799925
4801697 4802835
4804005 4804256
4804828 4805045
4806245 4806344
4811734 4811974
4814936 4815263
4816177 4816457
4817032 4817155
4820764 4820958
4822398 4822527
4824154 4824588
4827065 4827270
4836166 4836515
4839233 4839410
4840312 4840438
4843938 4844574
4850082 4850421
4858283 4858475
4860167 4860402
4862536 4862758
4866480 4866531
4867217 4867841
4872650 4873535
4875588 4876343
4877599 4877741
4879752 4880004
4880634 4880910
4881693 4881973
4882550 4883186
4885930 4886093
4887737 4888362
4889233 4890415
4892283 4892513
4895887 4896031
4900046 4900326
4900908 4900979
4902578 4904837
4906056 4906393
4909027 4909689
4911055 4911199
4922448 4922529
4923914 4924204
4926257 4927231
4928452 4928831
4929983 4930185
4930894 4931353
4934842 4935316
4942316 4942624
4944230 4944347
4948416 4948512
4950962 4951416
4953577 4953702
4957201 4957439
4961585 4961796
4962370 4962848
4963991 4964378
4965416 4965520
4971582 4971824
4973515 4973733
4975257 4975817
4977652 4979036
4980240 4980621
4982905 4983583
4984477 4984563
4987759 4988463
4989583 4989957
4991918 4992363
4992983 4993281
4993797 4994049
4998358 4998684
5000907 5001198
5003537 5003646
5004364 5004478
5007507 5008437
5008948 5009182
5010128 5010337
5010848 5011005
5011587 5012041
5012582 5013269
5014726 5015053
5015840 5016469
5017238 5017361
5020675 5021910
5024299 5024464
5029257 5029541
5035329 5035864
5039980 5040170
5042873 5043530
5046290 5046362
5047907 5047962
5049017 5049661
5050301 5050484
5051423 5052900
5058884 5059132
5060202 5061022
5063216 5063479
5063983 5064143
5064647 5064780
5065472 5065615
5067891 5068134
5070425 5071265
5074625 5075403
5079775 5081508
5084762 5085320
5086297 5087063
5087829 5088487
5090430 5090649
5092176 5092570
5094329 5094454
5095692 5097230
5102616 5103179
5104524 5105415
5107275 5107934
5111227 5111479
5118744 5119618
5120308 5120365
5124345 5124792
5130139 5130721
5132041 5132164
5133809 5133925
5137478 5137954
5139220 5139471
5140899 5141286
5147501 5148106
5148638 5148787
5149670 5150983
5152488 5152955
5154353 5154516
5159075 5159648
5160812 5161749
5163261 5163358
5166944 5167210
5168094 5168210
5173204 5173845
5175277 5175775
5181068 5181233
5183465 5183741
5190782 5191461
5192156 5192420
5193861 5194147
5194755 5195210
5199224 5200429
5205186 5205645
5207335 5207753
5208447 5208709
5209302 5211195
5213858 5214171
5222034 5222153
5225124 5225403
5227516 5227792
5229774 5230292
5231476 5232311
5235260 5235688
5238743 5238920
5243426 5243815
5248429 5250395
5253751 5254035
5255816 5256174
5262996 5263188
5264383 5264442
5265628 5265868
5267794 5267892
5268701 5268776
5269848 5270746
5282737 5282913
5286201 5286933
5300246 5300530
5301214 5301555
5303105 5303216
5303800 5304006
5307230 5307370
5308915 5309071
5309911 5310634
5312300 5312595
5314378 5315247
5316045 5317068
5318732 5318899
5320347 5320614
5321732 5322495
5326426 5326702
5329298 5330301
5334151 5334439
5335609 5335891
5337040 5337213
5346894 5347679
5348752 5349142
5352392 5352541
5356337 5356462
5357372 5358032
5361201 5361779
5363282 5364316
5364995 5365261
5365912 5366264
5368107 5368280
5370435 5370647
5372191 5372341
5373917 5374232
5378817 5379150
5382667 5382768
5387121 5387375
5390616 5390789
5392334 5392438
5393543 5393766
5395302 5395692
5397511 5397605
5398194 5398301
5402027 5402293
5405466 5405710
5407105 5407788
5409364 5410379
5413666 5414109
5415612 5415941
5417740 5418003
5421807 5422158
5426926 5427156
5429471 5430142
5431063 5431271
5433707 5433840
5435999 5437910
5438538 5438626
5439880 5439988
5440572 5440751
5446772 5447007
5451402 5453148
5454826 5455899
5458039 5458237
5462660 5462940
5463595 5463833
5467182 5467303
5470058 5470745
5473027 5473560
5474160 5474633
