Buchnera_aphidicola_Acyrthosiphon_pisum_ancestor
1907 2240
3237 3719
7445 7744
9978 10102
17185 17410
19265 19533
21533 21665
24237 24708
25606 25670
31538 31843
33613 34445
35129 35329
38044 38404
42208 43145
44277 44569
46976 47106
50216 51020
51661 51764
54507 54660
56589 56682
57940 58154
59269 59370
60401 60799
64837 65323
65617 66071
66834 67198
72898 73188
74718 75027
78828 78898
80779 81392
83353 83807
88026 88381
88983 89266
91194 91389
94627 94831
95455 95765
97751 97935
100746 101007
105316 105428
107813 108017
108944 109168
111929 112076
115151 115450
117109 117205
117983 118053
122038 122230
126042 126130
129508 129706
138210 138583
144147 144252
148749 149286
151506 152163
154030 154088
166310 166389
176772 177217
178311 178799
181161 181300
183311 183515
187844 188031
188973 189253
193278 193505
194973 195160
195733 195853
196612 196832
199951 200454
203972 204180
212182 212889
215331 215548
222167 222408
229129 229233
236055 236298
241583 241822
242533 242598
249659 249722
250849 251210
253998 254285
255613 255720
256312 256566
273907 274770
277022 277308
282191 282348
283594 283774
284730 284908
286036 286313
291027 291277
292137 292760
296460 296529
297902 298125
300253 300503
300601 300750
305869 306180
306831 307091
311042 311231
311954 312405
315248 315851
317473 318182
321468 321621
322192 322303
328580 328702
332241 332865
336139 336329
338432 338837
342359 343074
345969 346205
350150 350265
353552 353809
355346 355941
361075 361710
365217 365365
367083 367263
370842 371408
372405 372663
377485 377690
381887 382077
382941 383040
386565 386819
387585 387722
390124 390340
393186 393390
394025 394170
394782 395105
397192 397522
403076 403551
404172 404426
407185 407399
410229 411334
416528 416875
419138 419617
424020 424603
427506 428227
430388 430661
438688 439293
440267 440859
445565 445725
447965 448260
449805 450333
450875 451742
457913 458785
463090 463372
464489 464689
467144 467369
470225 470308
471539 472080
472641 473174
482041 482334
486862 486991
491996 492250
492783 492855
493880 494101
499027 499452
501109 501752
502332 502597
514639 514828
524219 524369
527774 527958
529484 529758
530633 530912
540566 540703
547133 547281
547831 548288
550264 550467
554453 554502
555473 555752
558473 558883
561826 562361
566228 566332
570278 570343
571912 572114
574732 575298
576749 577472
582576 582865
586529 586897
589503 589611
592173 592442
596828 597010
598031 598341
600223 600919
602806 603329
604451 604696
614855 615136
615901 616042
617945 618192
625838 625898
627478 627608
632224 632435
640307 640871
