gi_556503834_ref_NC_000913.3_
1 1482
2571 3484
4012 4799
6953 7124
7717 8729
10177 10485
11227 11487
12096 13270
13972 14313
14894 15070
18141 18499
19139 21812
22911 23314
23865 24429
25668 25771
27320 27641
28526 29064
30455 31731
33963 34075
34614 34975
36050 36565
37385 37706
38463 39022
41654 42031
43004 45245
45823 46167
47952 48782
49521 50722
56244 58058
59058 61080
63483 63872
66602 67013
67576 68176
69449 70057
71981 72590
74627 74678
77288 77458
78248 79331
80133 80670
84248 85254
86055 86358
87338 87566
89651 90104
90708 91307
91830 92639
94056 95672
99466 99822
101075 101244
102255 104119
105010 105462
106436 107222
107765 107874
109117 109702
112439 112730
113557 114038
115019 115431
116288 116447
117745 117893
118707 118809
119422 119604
120726 122622
123428 123498
124697 124835
126058 127668
128325 128529
129863 130684
132919 133135
133777 134253
134784 136044
137084 137155
138599 139350
143250 143917
145478 145776
146377 146636
147279 148768
149665 149940
151819 152288
153325 153859
154410 154520
156458 159325
160940 161256
162345 162565
163483 163537
164692 165326
166458 167233
167856 169358
169943 170553
171084 171391
172964 173605
174765 175756
176442 177872
178379 178872
180235 181448
182725 184292
186715 187040
187563 187676
188478 189614
190304 190416
190937 191695
193078 193336
193837 193991
194546 195153
197190 197650
199326 200932
202446 202981
204660 205278
205781 206206
206788 207254
207810 207970
209446 209888
210590 210678
211426 211777
212985 213196
213711 214952
216390 216931
219978 220028
221415 222118
222859 228982
229642 229890
231794 232457
233460 233624
235374 235646
236166 236561
238809 238936
239098 239514
240022 240181
242420 243811
244485 245511
246028 246376
248040 249406
250150 251009
251817 252269
253200 255339
255922 256573
257144 257320
257905 258893
260090 260700
261395 262554
264497 264819
266535 268593
269714 270229
271762 272156
272725 275090
275726 275937
276698 278319
278900 280403
281074 281441
282394 282500
283144 284427
285796 285977
286550 287075
289469 289822
294148 294738
295509 295749
296571 296633
298922 299485
300926 302066
303205 303703
304487 304637
305483 307235
307836 308457
309267 309514
311624 312126
312660 313066
313800 316617
317184 317799
320991 321190
322112 322308
323635 323857
324596 325418
326047 326618
327390 327546
331491 331913
336415 336487
338256 338386
338990 339080
339690 341212
341952 342085
344591 344821
345476 347639
348818 349118
349744 350511
351399 352128
354386 354882
355436 356207
357419 357718
359823 360546
362950 363258
363993 364671
365597 365816
367957 368079
369658 369983
370823 370891
371562 372161
373045 375088
376769 377749
379267 379350
379871 380020
380647 381569
383683 384488
385587 386026
387666 388497
389000 389974
391493 391834
393097 393189
393818 395871
397403 398854
399952 401474
402105 402256
403908 404728
407299 407474
408139 408474
409259 409541
411040 411443
411961 412446
414085 414287
415049 415961
416564 416699
417301 417517
418107 418393
421412 421642
422266 422355
423069 423295
423937 424618
425254 425458
428099 428960
429530 429953
430798 431547
433770 435301
435904 436230
436743 436911
439222 440717
441227 441815
442341 443095
443710 443815
444386 444593
445121 445173
446805 447363
448377 448637
450116 450709
451583 452158
453315 454039
454724 455027
457271 457496
460049 460182
461476 461658
462394 463487
464163 467128
469275 469335
470724 470778
471926 472156
475187 475688
476401 476514
478152 479338
481184 482162
482739 483369
483923 484180
484933 486165
487182 487321
488082 488509
489142 491148
491692 492101
493578 493724
495318 495484
498605 498899
499676 500176
501294 501641
502410 502994
504606 506101
506790 507168
508327 510121
513235 513420
514061 515383
516688 516992
518329 518765
519340 519689
520619 520839
522117 522928
523536 524739
525311 525762
526339 526428
527069 528472
530184 530436
531593 531981
532640 532759
533777 534045
535308 536444
537054 537366
538075 539132
540872 541746
545540 545716
546288 546996
548390 548596
551050 551397
551986 552996
553634 554891
555752 555983
557435 557686
558236 558793
563549 564303
565332 566407
566925 567835
569688 569786
570502 571480
573807 576971
577743 578341
579116 580595
582168 583016
583522 583614
584454 586547
587582 587667
588304 588463
589052 589124
592574 593183
593850 594000
594631 594685
598595 598656
599269 600624
601361 601572
602330 603208
604225 604325
605004 605097
608115 609362
609488 611673
612341 612636
613303 613487
615737 615900
616485 617131
617667 619600
620405 621266
624289 624636
625259 627017
628438 628883
629700 630455
632167 632396
636706 638334
639085 639477
640103 642718
643403 643676
644791 644936
646825 647393
649012 650147
650985 652125
654180 654261
656040 656554
661383 661964
663256 664098
665446 665788
667199 668599
670571 671245
671864 672111
673879 674050
675609 675832
676363 676451
677070 679122
679938 680345
681706 682000
682657 682856
683533 684234
684957 685592
686128 686499
687932 690290
692232 692635
694022 694103
694968 695585
696427 696766
697429 697812
698576 700285
700891 701256
703040 703487
704018 704258
705767 705936
707238 708106
710539 710798
711436 712458
713171 713308
713880 714215
715357 716165
716775 717066
717671 717759
720398 721856
722842 723349
726251 726591
727777 728516
729641 730826
732173 733215
733694 733902
735342 735404
735964 738878
739500 741028
742115 742376
743026 743457
744010 744203
745102 747225
748815 749495
750187 750415
752521 753344
754176 754592
755909 756429
757163 757237
758592 759028
759767 761921
765218 765463
765970 767633
768304 768608
769978 772752
776929 778074
780439 781790
782594 782706
783750 783944
785207 785294
786637 787585
788792 789345
789927 790903
792429 793571
794604 794895
795426 795489
798516 798572
799082 800496
801621 802213
802799 804397
805039 805790
808526 809251
809825 810133
810805 811299
812602 813123
814852 815125
816577 816781
819757 819852
820949 822594
823683 824282
828030 830115
830784 832359
833414 833507
834553 834690
835334 835797
836355 836763
837809 838278
839558 839739
841622 842797
845227 845864
847684 847988
848731 849805
850482 854644
855664 856837
857381 857563
858184 859779
860850 861598
862232 863085
864363 865086
866190 866344
867239 868030
868538 869511
870256 870482
872015 872172
873457 873757
875370 875813
877631 878458
879007 879458
880034 880396
883709 885916
886707 887297
888319 889830
895563 895657
896855 899126
899774 899882
900755 901118
902944 902995
904655 905304
909092 909150
909814 910877
911563 912026
913855 915026
916116 916640
917178 919419
920079 920870
923373 923561
924310 925619
926126 927138
928269 928365
929185 929622
931659 932464
932965 933745
934358 934666
935378 936584
937577 938495
939450 939681
940211 940785
943514 943717
945100 945450
946739 947280
948958 949196
950542 951471
952114 952473
953195 953923
955265 955927
956567 956767
959581 960360
963724 964978
969150 969634
970581 970745
973238 974302
975118 976245
976970 977360
978697 978884
979445 979673
980197 980527
981126 982059
983315 983499
984064 984370
984917 985501
986050 986947
989085 989340
989947 990332
990924 991258
994791 995077
996010 996840
999817 999998
1001003 1001180
1005537 1006574
1007306 1007678
1008305 1008529
1010918 1011007
1011908 1012021
1014158 1014360
1014872 1015221
1022826 1023250
1023936 1024019
1025201 1025633
1026239 1028092
1029732 1029986
1030993 1031959
1032938 1033226
1035988 1036065
1038485 1038839
1040014 1040402
1040969 1041046
1041756 1041978
1043358 1043562
1044616 1045852
1047055 1047616
1048146 1048765
1049269 1050648
1051214 1052176
1052730 1053114
1055338 1055425
1056437 1056598
1057477 1058404
1058996 1059192
1060223 1060989
1062332 1063577
1064427 1064621
1066433 1066561
1067110 1067222
1067852 1068512
1069922 1071393
1073908 1074337
1075599 1075768
1076680 1076734
1077245 1077326
1080750 1081188
1081690 1083370
1085485 1086220
1087393 1087885
1089188 1090375
1091862 1093801
1094425 1096435
1097189 1098650
1099904 1100365
1101538 1101765
1102584 1102661
1103278 1103900
1105958 1106267
1107068 1107474
1108060 1108152
1108790 1109435
1110312 1110744
1112146 1112539
1113438 1115023
1115551 1116015
1117508 1117812
1118577 1119393
1120723 1122889
1126075 1126516
1127431 1127504
1128084 1128627
1129958 1130823
1131453 1133425
1134491 1135792
1137898 1138488
1140150 1141480
1142020 1142186
1143133 1143893
1144912 1146390
1148314 1148486
1149764 1150003
1152641 1154004
1155010 1155635
1157508 1159212
1162053 1162608
1163947 1165090
1165601 1165977
1166549 1167066
1169454 1169888
1171196 1171407
1172172 1174891
1175858 1175975
1177648 1178528
1179697 1180431
1183963 1184720
1185457 1186113
1188269 1188926
1190031 1190142
1190688 1190772
1191306 1191586
1192156 1193391
1194181 1195602
1196953 1197240
1198406 1198497
1199391 1200099
1200711 1201231
1202514 1202829
1204191 1204518
1205075 1205628
1206209 1206290
1206925 1207365
1208782 1210618
1211198 1212157
1213381 1213654
1214760 1215249
1216271 1217003
1217522 1217688
1218272 1218821
1219357 1219416
1220817 1221971
1223324 1223541
1224401 1224873
1225759 1226150
1227174 1227224
1227823 1228111
1229357 1229854
1230587 1230797
1231441 1231565
1233152 1233595
1234837 1235331
1236828 1238301
1239592 1239760
1241263 1241326
1242051 1243427
1244097 1245452
1246191 1246595
1248914 1250939
1251997 1252554
1253685 1253923
1256447 1256516
1257211 1257436
1257940 1258158
1260341 1261364
1261976 1262510
1265287 1265926
1266502 1266558
1267885 1268724
1269261 1270049
1270573 1271184
1272055 1272161
1272837 1273195
1274209 1274741
1275416 1275649
1278334 1279495
1280342 1280731
1281234 1281380
1283008 1284107
1284888 1285720
1286323 1286461
1286971 1287785
1288479 1288850
1292448 1292528
1294276 1294780
1295418 1295658
1296846 1297174
1299344 1300474
1301141 1302416
1303055 1303490
1304130 1306973
1308485 1309609
1310322 1310513
1311105 1311991
1315732 1316332
1318289 1319489
1320354 1320488
1321065 1321116
1321740 1321828
1322796 1323056
1323571 1324363
1325902 1325995
1326670 1328323
1330855 1331278
1332012 1332646
1333494 1334761
1335312 1336252
1336947 1338425
1339818 1340428
1340996 1341190
1343619 1344710
1345338 1345567
1346612 1346711
1349312 1350192
1350833 1351870
1352563 1352937
1354220 1355094
1356189 1357855
1359161 1359710
1360219 1361646
1362382 1363642
1364282 1366587
1368469 1368524
1369814 1370097
1370697 1370894
1371871 1372235
1373223 1376004
1377072 1377176
1377817 1378160
1378934 1379026
1379647 1380154
1380768 1381375
1383950 1384206
1384752 1384997
1385979 1386091
1387683 1388136
1389205 1389353
1390574 1391110
1391638 1391757
1392937 1393742
1394609 1394942
1395983 1399063
1399722 1399935
1402886 1403409
1405471 1405613
1406226 1406940
1407521 1408718
1409410 1409577
1410091 1411392
1416518 1416741
1417598 1417941
1418612 1418889
1419447 1419791
1420395 1421290
1423032 1424617
1425371 1426987
1427692 1428774
1429466 1429631
1431223 1434438
1436116 1436472
1437601 1438202
1438885 1439831
1440564 1440949
1441486 1441549
1442169 1442549
1443054 1443319
1443820 1443871
1444584 1444711
1445370 1446087
1447451 1448958
1449828 1449929
1451708 1453583
1454811 1455036
1455734 1456378
1457721 1457892
1458534 1458628
1460095 1461660
1463007 1464162
1465192 1465679
1466228 1466851
1467406 1471475
1472335 1472790
1474262 1475536
1476270 1476339
1477796 1478643
1479833 1480281
1480958 1482459
1484479 1484733
1485477 1486232
1487294 1487850
1488470 1488952
1491968 1492211
1493196 1493533
1494306 1494644
1495862 1496159
1496706 1497995
1499712 1500013
1502131 1503881
1506614 1508154
1510818 1513064
1514779 1515443
1516394 1516780
1517312 1517366
1519709 1519774
1520435 1520705
1521595 1522343
1523135 1523308
1524095 1524231
1524816 1525652
1526748 1526828
1527501 1530360
1531332 1531509
1534345 1534533
1535068 1535598
1536418 1537724
1539480 1539752
1542058 1542170
1545631 1546518
1547871 1548378
1549917 1550861
1551773 1552745
1553572 1554650
1555315 1555769
1557005 1557248
1557831 1557963
1558930 1559047
1559554 1560163
1560701 1561272
1562415 1563459
1564006 1564907
1565411 1565475
1566337 1567486
1567991 1568113
1570412 1571426
1572086 1572390
1573260 1573799
1575485 1575733
1576248 1576421
1576956 1577245
1578301 1579564
1580213 1580647
1582216 1583052
1583694 1584915
1585634 1586553
1587565 1588471
1590725 1592550
1593251 1593515
1594703 1595038
1595710 1596333
1597208 1597958
1599033 1599521
1600112 1600207
1601414 1601775
1602669 1603086
1607867 1608603
1609279 1609942
1610819 1610896
1611446 1611867
1612404 1612976
1614064 1614897
1615779 1616180
1616702 1617395
1619271 1619432
1620059 1621142
1623236 1624364
1625329 1625479
1626462 1627365
1628678 1628767
1629961 1630740
1631269 1632899
1634140 1634914
1635511 1637165
1638953 1640067
1641690 1642997
1643716 1644088
1645242 1646170
1648863 1649233
1650086 1651669
1654199 1654933
1656383 1656500
1659384 1659727
1660565 1661457
1662967 1663833
1664826 1664977
1666020 1666115
1667416 1667984
1669683 1669813
1672771 1672897
1673410 1674964
1675596 1675786
1676298 1676498
1677440 1678274
1678986 1679961
1680997 1681063
1681960 1682016
1682629 1686385
1689495 1691460
1692262 1692590
1694056 1694867
1695535 1695768
1696486 1697112
1697916 1698017
1698798 1698928
1700925 1701661
1702222 1702411
1703201 1704011
1704766 1705194
1707321 1707488
1708542 1708864
1709367 1710044
1710914 1711330
1712733 1713039
1714227 1714465
1715664 1716949
1718403 1719005
1719953 1721025
1721675 1722121
1722679 1723279
1724785 1725077
1726841 1727853
1728603 1728980
1729482 1730085
1731184 1731897
1732657 1732716
1735035 1736514
1737018 1737742
1738532 1739005
1739565 1740253
1740885 1741659
1743717 1745806
1746556 1748653
1750618 1750913
1752226 1753309
1754271 1755066
1756009 1756129
1757625 1758519
1760297 1760456
1762537 1763340
1764036 1764246
1766527 1766682
1767585 1768298
1769580 1769832
1776240 1776740
1777476 1777960
1778558 1778672
1779323 1779745
1780803 1781446
1782062 1782127
1783338 1783492
1785992 1787145
1787938 1788246
1789600 1790179
1791760 1792336
1794784 1795822
1796326 1796953
1797595 1798428
1799647 1799807
1800412 1800673
1801701 1802327
1803101 1803217
1804024 1804120
1806237 1806751
1807794 1808144
1810636 1810709
1812629 1812720
1814847 1815447
1816814 1816961
1817689 1818922
1819436 1819510
1820868 1821374
1824640 1824788
1825301 1825465
1826254 1826690
1827594 1827687
1829006 1829448
1830531 1831303
1832594 1833462
1834484 1835215
1836333 1836835
1838123 1839360
1839908 1841231
1842433 1843017
1843700 1844228
1844877 1845384
1847062 1848159
1849055 1849620
1851174 1852058
1854676 1856037
1857272 1857362
1858282 1860184
1861676 1861789
1864603 1864798
1865364 1865628
1867057 1867651
1869283 1869367
1870127 1870934
1871483 1873356
1874642 1874925
1876167 1876446
1877006 1877087
1877838 1878706
1880156 1880613
1881374 1881601
1883997 1884120
1886359 1889190
1890361 1892430
1893234 1894312
1896732 1897235
1898726 1900701
1903271 1903985
1905157 1905224
1906620 1906848
1907433 1908051
1910660 1910863
1911548 1912423
1913044 1914639
1915666 1916727
1917844 1918028
1919059 1919383
1920034 1920269
1922655 1923855
1925134 1925396
1926831 1928200
1929143 1929373
1930317 1930590
1931233 1931283
1934549 1935942
1936530 1937595
1939058 1940491
1941653 1941803
1942673 1944061
1945561 1945895
1947119 1947689
1948196 1948420
1949069 1949143
1949827 1950278
1952521 1952631
1953238 1953307
1954855 1956261
1959566 1959758
1960392 1961209
1962150 1962520
1963655 1963743
1965398 1965677
1966979 1967183
1968098 1969975
1971371 1971850
1972698 1972974
1975244 1975668
1976484 1977470
1978025 1979167
1980055 1980114
1983634 1983797
1985462 1985718
1986298 1987225
1987902 1988021
1988995 1989378
1991238 1992154
1992714 1993242
1994331 1994561
1996789 1997377
1998003 1998087
1999556 2001289
2002156 2002226
2002767 2003046
2003583 2004269
2005738 2007314
2010220 2010342
2011147 2011493
2013197 2013273
2014091 2014219
2015114 2015468
2017471 2017687
2019003 2019095
2019714 2020064
2020811 2021862
2022724 2024145
2025447 2025685
2026857 2027145
2029209 2030832
2031571 2032358
2033139 2033751
2035864 2036005
2036771 2037994
2038850 2040919
2043992 2044602
2045673 2045744
2046302 2047050
2051790 2052150
2053090 2054248
2055459 2056286
2059063 2059819
2060388 2060660
2061963 2063259
2064805 2065545
2066237 2067280
2067951 2068299
2068965 2069755
2070397 2070560
2072283 2072397
2072917 2072984
2074246 2074806
2076457 2077232
2077757 2078567
2079671 2080208
2081122 2081444
2082798 2083149
2083936 2085327
2086504 2087007
2087513 2087585
2088099 2088356
2089005 2089408
2091310 2091469
2091991 2092706
2093228 2093370
2094419 2094704
2095357 2095730
2097628 2097759
2099074 2099514
2101450 2103050
2104325 2104518
2105312 2107572
2108546 2108599
2110308 2110945
2112074 2113965
2116230 2116929
2118127 2118634
2119760 2120167
2121313 2121367
2123506 2124539
2124933 2125287
2126659 2127437
2128374 2128565
2129923 2132093
2134753 2135785
2136444 2136851
2137454 2137755
2139820 2140316
2140990 2141798
2142385 2143382
2144055 2145788
2146362 2146555
2147295 2148682
2149438 2151024
2151961 2152590
2153154 2154561
2155303 2155481
2156008 2156707
2158413 2158673
2159427 2159556
2161682 2161846
2163151 2164038
2164560 2167288
2168266 2168585
2169257 2172821
2173684 2173775
2174570 2175892
2176948 2177470
2178229 2179695
2180310 2181542
2184225 2184313
2186695 2186898
2190099 2190306
2191205 2191522
2192944 2193185
2197010 2197193
2197765 2198090
2198599 2198870
2199971 2200304
2201041 2201256
2202291 2202748
2203482 2203931
2208064 2209591
2210289 2210459
2213114 2213251
2215361 2216038
2216550 2216622
2217242 2218583
2219262 2219576
2221386 2221751
2223158 2223239
2223774 2223904
2224543 2224727
2225521 2227750
2228285 2229376
2229911 2229972
2230527 2231222
2232999 2233342
2235154 2235385
2236482 2236697
2237228 2237776
2238706 2238956
2241563 2242181
2242797 2243047
2243641 2244065
2245573 2246306
2247843 2248813
2250801 2251050
2251889 2252098
2252628 2253227
2254843 2256007
2256581 2256722
2257483 2258016
2259853 2259984
2261633 2262070
2262650 2262879
2263448 2264305
2265793 2267083
2269581 2270700
2272085 2272802
2273393 2273637
2276561 2277035
2279022 2282028
2282566 2283887
2286854 2286933
2287887 2288157
2288739 2291642
2295312 2295527
2296936 2298695
2299198 2299546
2300306 2300447
2302398 2302967
2304229 2305032
2307053 2307624
2308890 2309043
2309650 2309704
2312861 2312949
2316978 2317929
2318798 2319060
2322942 2323286
2326256 2326967
2328445 2329319
2331620 2331802
2332333 2332617
2335794 2336107
2339202 2339572
2340359 2340708
2343323 2343511
2344295 2345159
2347116 2348013
2350143 2352568
2353195 2353393
2355253 2355862
2357030 2358619
2359378 2359640
2360813 2361599
2365856 2366563
2367761 2368326
2370804 2371097
2372527 2372616
2373184 2373747
2375569 2377137
2377971 2379048
2379721 2381050
2381595 2381646
2383958 2384407
2387120 2387217
2388806 2388977
2389808 2390793
2391353 2391527
2392585 2392748
2393557 2393689
2395375 2395844
2396783 2397226
2398175 2399050
2399854 2400828
2401484 2401795
2402736 2402807
2407519 2407797
2409052 2409372
2411491 2412211
2413020 2414559
2417597 2418326
2419768 2419843
2420387 2421051
2421783 2422048
2423581 2424216
2426274 2427503
2428090 2429256
2432330 2433636
2434439 2435272
2436092 2436390
2437894 2438249
2438906 2439102
2441218 2441639
2443256 2443766
2444281 2444375
2446673 2448476
2449055 2449146
2454637 2454696
2455320 2456142
2456662 2457932
2458529 2459393
2460165 2460359
2460892 2461083
2462158 2463506
2466784 2467124
2468121 2468360
2468862 2469459
2471274 2471949
2473084 2473533
2474605 2475322
2476037 2476175
2477339 2477700
2478412 2479164
2479681 2480005
2480513 2481106
2483031 2483587
2484610 2485364
2486690 2486852
2488822 2489031
2490757 2490820
2491419 2492514
2493299 2493844
2494496 2495437
2497735 2498003
2498574 2500346
2500896 2501097
2501816 2502586
2503432 2503530
2504035 2504365
2505541 2506078
2507500 2508639
2511800 2512390
2513206 2516210
2517325 2517725
2518036 2518150
2519600 2519930
2520505 2521256
2521485 2521585
2522584 2522772
2526467 2526960
2527486 2527741
2529409 2529506
2530206 2530656
2531679 2531780
2532653 2533973
2535203 2535310
2535851 2536361
2537252 2538555
2539062 2539489
2540243 2540409
2541821 2541983
2542787 2542963
2544779 2545019
2546215 2546280
2547251 2547655
2549117 2549663
2550654 2550827
2551915 2554475
2555733 2555937
2557413 2558480
2559144 2559409
2560557 2561547
2562279 2563747
2564706 2566365
2567942 2568238
2569688 2569855
2571055 2571106
2572180 2572556
2574066 2574328
2575004 2575734
2576455 2579137
2579879 2580666
2581735 2581818
2582896 2583280
2583914 2584341
2584914 2585012
2585816 2586599
2587132 2587194
2588125 2588894
2590004 2590594
2593110 2593327
2593840 2594380
2596045 2596251
2599051 2599196
2601059 2601258
2603662 2603939
2606519 2607792
2608882 2609631
2611972 2612263
2613279 2613608
2614256 2615260
2615934 2616080
2617459 2617771
2619155 2619221
2620989 2623108
2623634 2623917
2625988 2626245
2627975 2628062
2628701 2630912
2631441 2634126
2634633 2634856
2635999 2636098
2638703 2639539
2641557 2641642
2642963 2643498
2647261 2648045
2649024 2649295
2649831 2650059
2650608 2650919
2652083 2653458
2654206 2655578
2657998 2658072
2658743 2659053
2659959 2660284
2662106 2662863
2663747 2664630
2665713 2667101
2667999 2668731
2669464 2669894
2670449 2671718
2672724 2672837
2674188 2674426
2675740 2676389
2676949 2677461
2678832 2680139
2680639 2684286
2686323 2686372
2687038 2687243
2689002 2689508
2690137 2690186
2690688 2691222
2692165 2692471
2693132 2693310
2694212 2694353
2695268 2697890
2699004 2700752
2701307 2702156
2703841 2704951
2707237 2708557
2709312 2710229
2710835 2711213
2711751 2712528
2714186 2714498
2715006 2715981
2719243 2719457
2720533 2721790
2722479 2723260
2724062 2725125
2725716 2726089
2727553 2731507
2732941 2733202
2733724 2734311
2734930 2735747
2737252 2738398
2739080 2740337
2741002 2742136
2745881 2745951
2746906 2747298
2748438 2749420
2750526 2750830
2752493 2753116
2753915 2753970
2754981 2755039
2757435 2759317
2759896 2760130
2761145 2761948
2764331 2765268
2765790 2766126
2767130 2767214
2767862 2768963
2770483 2770803
2771879 2772254
2773992 2776103
2776633 2777804
2778359 2779457
2781465 2782296
2782909 2783078
2783991 2784292
2784953 2785127
2786569 2787259
2788398 2789229
2789760 2789944
2791261 2791984
2792827 2793106
2795777 2795854
2797017 2797196
2797992 2798139
2799289 2799413
2804434 2805312
2807672 2809531
2810581 2810639
2811785 2812148
2813283 2814274
2814786 2814890
2815759 2816320
2816958 2818772
2821479 2821844
2823063 2823257
2823787 2825521
2826557 2827261
2828141 2828649
2829155 2829384
2830512 2835315
2837101 2837820
2839180 2839457
2841034 2841844
2843550 2844323
2847256 2848125
2850626 2853926
2855254 2855410
2856820 2857337
2858326 2859188
2859698 2861415
2861954 2862353
2863920 2864146
2865054 2865563
2868154 2868773
2869841 2874344
2875139 2875860
2876542 2877001
2877929 2878545
2879548 2879689
2880360 2881841
2882951 2883142
2883703 2884462
2885325 2885428
2886009 2887333
2887984 2888891
2891865 2892517
2893539 2893684
2894625 2894812
2895364 2895811
2896530 2897103
2897854 2898102
2899604 2899848
2900389 2900488
2903328 2903562
2904103 2904531
2905687 2905854
2906680 2906778
2907662 2909285
2909849 2910822
2911482 2911864
2912614 2913199
2913729 2913786
2915507 2917416
2921349 2921422
2922854 2923291
2924594 2924993
2926169 2927805
2929534 2929910
2931348 2932802
2933496 2934356
2935761 2936072
2937715 2937821
2938335 2938477
2939593 2939896
2941953 2942301
2944414 2945234
2950382 2950495
2951392 2952401
2953364 2953491
2954034 2954979
2956535 2956787
2957304 2958179
2959225 2959286
2961916 2961979
2962892 2964380
2965880 2966484
2968522 2969392
2973001 2974825
2975489 2975646
2976304 2976597
2977609 2977966
2978576 2978979
2979524 2979722
2980293 2981277
2982856 2982905
2983706 2984222
2985780 2986551
2990352 2990499
2991682 2992634
2995217 2995442
2996246 2998097
2998871 2999085
2999728 3000756
3002292 3002393
3003979 3005007
3005556 3005829
3007983 3009052
3009945 3011092
3011885 3011990
3012523 3013528
3014422 3014867
3015663 3015897
3016512 3016685
3018878 3019270
3019779 3021033
3021592 3021927
3023915 3024146
3024737 3024855
3025448 3025734
3026863 3027029
3027857 3028397
3029268 3029652
3030249 3031543
3032265 3032334
3034003 3034062
3034590 3037396
3039069 3039627
3040872 3041080
3041665 3041802
3044049 3044409
3045298 3047976
3048662 3049929
3051526 3051592
3054082 3054163
3059004 3060046
3061224 3062018
3064270 3064415
3065387 3066071
3071299 3071525
3072062 3072466
3074583 3074798
3076946 3077165
3080859 3081000
3082406 3082797
3083076 3083263
3084089 3086231
3087197 3087251
3087847 3089174
3091243 3091342
3092073 3092201
3094055 3094389
3095561 3096402
3098294 3098469
3099114 3099173
3100605 3101720
3102662 3102900
3104481 3104916
3107104 3107364
3108546 3109966
3110824 3111835
3114081 3114825
3115377 3116502
3117312 3117920
3118919 3119853
3120608 3120738
3121421 3121792
3122476 3123279
3123851 3125353
3126686 3126857
3128422 3129458
3129987 3133046
3134724 3136291
3138182 3138497
3141817 3144157
3145090 3146200
3146985 3147491
3148714 3149837
3150525 3151304
3152003 3152262
3152813 3153088
3155726 3156495
3159376 3160213
3160863 3160991
3162047 3162987
3164123 3164178
3168763 3169129
3169932 3170540
3172526 3172653
3173778 3173930
3174718 3175005
3176658 3176745
3178383 3178652
3180787 3181335
3186072 3187121
3187812 3188883
3189992 3190338
3192454 3192816
3193392 3193525
3194233 3195272
3196027 3196334
3199171 3201055
3202098 3203559
3205398 3205585
3211030 3211331
3212911 3213259
3213962 3214038
3214816 3215664
3218191 3218330
3218922 3219632
3220926 3221136
3222682 3222789
3223399 3223466
3224736 3225557
3226798 3227008
3227608 3229733
3230658 3232617
3233862 3234198
3235526 3235953
3236580 3237238
3237968 3238618
3239404 3239641
3240276 3240693
3241251 3241333
3242886 3243139
3243970 3244732
3245270 3245499
3246349 3246540
3249354 3249446
3250178 3250533
3251071 3251917
3252554 3253417
3257021 3257726
3258883 3259207
3259956 3260895
3262627 3262846
3263576 3264000
3265288 3266059
3267802 3267903
3268516 3268986
3269965 3270160
3271194 3271349
3272559 3273517
3275859 3278142
3278810 3279159
3280018 3281769
3282827 3283044
3283836 3283986
3286048 3286207
3288886 3291209
3292289 3292866
3294024 3294564
3295885 3296008
3299309 3299563
3300166 3300634
3301198 3301457
3302657 3303214
3304263 3304821
3307857 3308043
3310067 3311227
3312822 3313256
3313818 3315106
3316034 3317105
3317639 3318020
3318580 3319688
3321839 3322171
3323496 3323924
3324444 3324558
3325082 3327353
3328064 3328981
3329609 3331757
3334847 3335036
3335816 3336086
3337672 3338435
3339946 3340400
3341214 3341873
3342447 3342581
3343124 3343659
3345548 3346895
3347510 3347999
3349076 3350776
3351465 3351699
3352595 3352876
3353401 3354021
3357717 3358732
3359685 3359780
3364547 3365065
3365726 3366981
3367781 3368039
3370187 3370968
3371998 3372295
3373469 3373613
3374471 3376707
3377920 3379160
3380696 3380931
3382560 3383655
3385296 3385488
3386228 3386541
3387579 3388224
3388856 3389182
3391367 3394154
3395030 3395519
3397471 3398153
3399119 3400251
3401897 3401986
3403598 3404377
3406507 3407096
3408305 3408427
3409088 3409588
3411280 3411459
3414461 3415182
3415861 3415989
3417872 3418036
3419036 3420403
3421533 3422496
3423395 3428408
3430029 3430653
3431791 3432111
3433467 3433539
3436505 3436767
3437645 3438200
3440116 3440403
3443847 3444203
3445083 3445196
3445765 3446313
3448775 3448836
3449420 3449748
3451564 3451662
3453075 3453303
3458918 3459552
3460107 3460583
3461330 3462231
3467696 3467962
3468609 3468893
3470305 3471936
3474202 3474440
3475092 3475683
3476726 3477072
3478940 3479613
3480250 3480368
3481172 3481645
3482848 3483039
3483683 3484584
3485435 3486245
3488494 3488593
3489400 3490809
3491449 3492220
3493859 3494193
3495059 3495282
3495990 3496676
3497903 3498817
3500035 3500722
3502416 3502627
3503170 3503705
3504480 3504745
3505418 3506259
3507615 3507801
3508587 3508739
3509848 3510325
3511833 3511929
3513127 3513451
3514913 3517107
3517827 3518007
3519356 3520525
3521052 3521992
3523720 3524946
3525574 3526174
3527851 3528194
3528713 3530214
3530789 3531079
3532904 3535586
3538246 3540923
3545806 3546037
3547236 3547686
3548865 3549184
3550716 3550923
3554366 3555215
3556740 3556860
3557522 3557616
3558145 3558225
3558916 3559043
3563372 3564047
3565460 3566662
3567709 3568343
3569223 3569628
3571418 3572015
3573559 3576326
3576887 3576986
3580373 3580889
3583420 3584171
3584850 3585669
3587844 3588065
3591400 3592678
3593273 3593370
3593897 3594585
3595375 3596187
3597082 3597267
3598432 3598883
3600878 3601128
3601929 3602515
3603491 3603785
3604462 3605153
3606055 3606511
3607814 3608608
3610522 3611187
3611707 3611860
3613938 3614028
3614581 3614634
3615170 3615297
3617007 3617158
3618627 3619008
3620456 3621469
3622071 3623018
3623786 3625233
3626849 3627852
3628460 3628748
3630169 3631447
3632106 3632441
3635067 3635194
3636274 3637439
3637945 3638516
3639069 3639121
3640182 3641024
3643426 3643734
3644318 3644454
3645648 3645845
3647054 3647142
3648161 3648391
3648559 3648909
3650221 3650738
3655171 3655836
3657500 3659387
3660236 3660617
3661182 3661765
3662298 3663165
3664044 3665235
3665929 3666181
3667053 3667464
3668068 3668204
3668800 3668851
3669941 3670097
3670813 3670988
3671635 3672599
3674167 3674434
3675833 3676180
3676889 3677089
3677758 3678966
3679833 3680382
3682073 3683227
3683869 3685200
3685873 3686540
3687153 3687285
3687983 3688352
3689959 3690353
3691683 3691984
3692597 3692994
3693582 3694403
3695377 3696092
3696694 3697125
3698090 3698734
3699290 3699940
3701040 3701351
3703009 3703291
3703726 3704069
3704584 3705078
3706005 3706104
3708464 3708701
3709236 3709467
3711161 3711256
3711763 3712247
3713107 3713231
3714258 3714407
3715008 3715295
3715802 3716236
3716834 3716901
3717585 3717659
3718614 3718834
3719402 3720240
3721034 3721267
3722146 3722474
3723210 3723451
3725573 3726690
3728497 3729177
3731642 3732123
3733542 3733760
3734339 3734783
3735934 3736756
3737720 3740322
3741475 3741616
3743168 3745924
3747137 3749773
3750959 3752713
3753908 3755074
3755656 3756863
3757671 3758063
3759244 3759746
3762261 3766200
3767034 3767865
3768387 3768866
3770757 3772022
3773190 3773270
3774143 3774202
3775026 3776049
3776967 3778511
3779105 3784083
3786239 3786501
3787012 3787090
3788131 3788366
3788948 3789501
3790595 3790741
3791401 3791648
3792165 3792261
3793132 3793328
3793893 3794569
3795769 3796331
3796903 3797096
3799615 3800368
3802425 3802662
3807665 3807958
3808534 3808884
3809720 3810062
3813503 3813822
3815140 3815687
3817556 3818629
3819224 3819392
3820075 3820154
3820920 3821816
3822426 3823377
3825768 3826141
3827537 3827812
3829389 3829512
3832057 3832380
3833243 3834041
3835451 3835789
3838851 3839183
3839709 3840596
3841123 3841666
3842664 3844990
3848992 3849302
3851093 3852781
3853332 3853568
3854781 3856331
3857756 3859561
3860690 3861431
3862408 3862766
3863320 3863489
3864115 3864669
3870075 3870450
3871413 3871505
3872861 3873980
3874658 3875641
3876274 3876699
3878108 3878436
3879520 3879681
3880750 3880872
3881521 3882208
3885173 3885313
3886481 3886616
3888700 3889438
3890926 3891379
3892010 3893255
3894084 3895243
3895770 3895869
3896463 3897287
3899066 3899608
3902283 3902404
3903016 3904748
3906728 3907134
3908331 3908425
3909718 3912692
3913891 3914177
3914689 3916153
3916893 3917680
3919806 3920339
3921118 3921683
3924507 3924892
3925720 3926011
3926582 3926765
3927324 3928774
3929322 3929948
3930454 3931043
3931579 3931787
3937025 3937928
3940574 3947039
3948155 3950111
3951331 3951633
3953425 3954217
3955563 3955814
3956468 3957021
3957804 3958233
3958823 3960168
3961393 3962055
3963075 3963502
3964770 3966384
3969100 3969799
3970727 3972844
3973583 3975185
3976091 3977189
3978758 3979165
3979782 3979946
3981100 3981566
3982164 3982674
3983432 3983665
3986262 3986421
3988900 3989477
3990129 3990911
3991530 3993105
3993767 3995941
3996569 3996713
3997250 3997587
3998275 3998561
3999802 4000034
4002533 4003076
4003675 4004559
4006033 4006146
4007379 4008505
4009200 4009707
4011525 4011829
4013992 4014189
4018756 4019080
4019644 4019840
4024646 4025029
4025865 4025971
4026568 4026995
4029710 4029930
4031185 4031359
4033199 4033778
4035130 4037001
4039379 4040619
4041540 4041933
4044448 4045343
4046240 4046321
4047102 4047371
4048398 4050739
4051458 4053497
4054175 4054308
4054850 4057622
4058818 4059075
4062197 4063592
4065010 4065322
4066709 4067305
4069483 4070431
4071555 4071854
4073366 4074258
4075586 4076615
4077443 4077699
4079641 4079899
4080891 4081266
4081838 4083631
4086272 4086709
4092801 4093019
4093713 4094608
4095357 4096881
4097830 4098647
4101384 4103231
4104991 4105064
4106636 4107275
4108017 4108092
4108600 4109228
4109803 4110108
4110688 4110937
4111961 4112227
4112738 4112806
4117676 4117943
4118565 4118757
4119936 4119992
4120749 4121802
4123920 4124301
4125430 4125489
4126922 4127039
4127539 4129688
4130274 4130690
4131423 4131504
4133267 4133346
4135934 4136515
4137423 4138963
4139709 4140121
4140694 4140816
4141752 4142597
4144347 4144734
4145716 4145914
4146597 4146799
4149048 4149183
4152223 4152730
4153447 4153859
4154385 4155751
4157316 4157366
4158294 4158392
4161645 4161865
4163593 4164463
4165717 4166801
4168336 4172416
4174088 4174900
4175464 4175993
4177945 4178866
4179479 4179708
4180757 4181631
4182895 4182979
4184447 4185235
4186958 4187101
4187644 4188369
4190337 4191012
4191568 4193975
4195317 4195758
4196932 4197430
4198019 4198447
4199883 4200143
4201951 4205539
4206208 4206621
4207949 4213149
4214308 4215121
4215781 4216719
4217690 4218805
4220091 4220349
4220867 4221035
4221629 4221956
4223626 4224122
4225808 4227436
4228598 4230209
4230994 4231049
4231631 4232059
4233616 4234737
4236143 4237210
4239012 4239164
4241791 4242225
4242734 4242912
4243730 4243852
4244431 4246215
4246782 4247154
4248176 4248741
4251818 4251870
4252436 4252621
4253170 4254015
4254715 4255199
4255970 4256104
4256636 4256743
4257830 4258344
4259221 4261547
4263407 4263620
4264144 4264580
4267083 4268572
4269336 4270245
4270772 4271653
4272871 4272964
4274344 4274425
4275499 4275576
4277892 4278640
4279752 4279855
4284126 4285332
4286630 4287796
4288746 4289258
4291153 4291663
4292593 4292657
4293582 4293736
4294984 4295076
4295702 4296997
4297769 4298787
4300542 4300920
4301925 4302402
4304394 4304620
4305488 4305751
4306596 4306801
4307628 4308231
4309063 4309888
4311040 4311120
4311711 4311885
4312411 4312681
4314385 4315536
4317053 4318567
4319078 4319157
4320042 4320292
4322768 4323358
4324076 4325341
4325935 4326327
4328911 4329196
4330746 4330919
4332001 4332426
4335238 4336257
4337782 4338326
4339066 4339211
4339749 4339919
4340940 4342132
4342694 4343401
4344183 4344310
4345038 4345392
4345947 4346626
4347236 4347717
4348336 4348663
4349749 4350931
4352203 4353487
4354227 4354935
4356595 4356987
4357319 4357659
4358221 4359491
4360584 4361244
4361899 4363573
4365602 4366153
4366960 4367100
4369019 4369159
4369888 4370484
4371768 4372332
4373384 4374577
4375269 4376570
4377202 4379032
4380630 4380696
4381443 4383396
4384340 4384469
4386152 4386590
4387588 4387945
4388701 4389693
4391131 4391925
4392492 4394107
4395551 4395981
4396559 4397274
4399749 4399808
4401378 4401596
4403944 4404186
4405095 4406021
4408970 4409111
4409673 4410435
4411581 4411697
4412556 4413965
4415314 4415792
4416910 4417473
4418342 4418947
4420369 4420682
4421323 4422157
4423403 4425820
4426863 4427242
4427772 4428141
4428678 4430097
4430958 4431278
4432361 4432629
4433518 4434642
4435151 4435288
4436261 4436400
4438353 4438481
4439075 4439842
4441267 4442313
4444676 4445018
4445578 4445907
4446611 4446799
4451705 4451911
4452929 4453202
4453914 4454347
4454924 4455539
4457685 4458421
4462307 4463364
4464051 4464541
4465865 4466903
4467982 4468276
4468902 4469062
4469603 4470631
4471523 4471852
4473300 4473633
4474766 4475016
4475578 4476015
4477085 4478932
4480756 4482347
4487009 4488319
4490317 4490541
4491677 4491946
4492528 4493039
4494840 4495896
4497463 4499922
4501840 4502254
4502843 4504305
4505094 4506015
4506772 4508966
4512621 4513075
4513774 4515765
4516763 4516992
4518231 4519409
4520066 4520994
4522240 4522549
4523150 4523455
4524255 4524358
4525861 4526238
4527260 4527623
4528276 4528803
4529304 4529557
4530291 4530847
4533901 4534102
4534935 4535019
4536281 4536380
4536906 4536970
4540089 4540352
4543662 4543953
4544631 4546869
4547468 4547669
4548489 4548597
4549228 4550769
4551447 4552499
4553982 4555060
4555794 4556721
4558837 4558914
4559757 4559807
4560548 4561324
4562415 4566145
4568250 4571002
4573987 4575897
4578404 4578522
4580868 4580924
4581667 4582529
4583274 4583486
4585162 4585486
4586393 4587667
4589671 4589913
4590419 4591345
4592660 4593265
4594399 4594997
4597577 4597670
4598314 4600025
4601458 4601881
4602661 4603098
4604331 4605085
4605732 4605871
4606078 4606313
4607230 4609026
4611431 4613863
4614366 4614668
4614914 4615107
4616126 4617077
4617868 4618593
4619397 4621177
4621884 4624186
4626314 4626613
4627299 4627503
4628038 4628629
4629231 4630132
4631203 4631916
4632626 4633383
4634286 4634739
4635531 4636000
4637056 4637876
4638930 4640657
4641573 4641652
