Ecoli_ancestor_Ancestor_
81564 82136
83309 84029
91196 91371
92576 93083
197868 202404
203025 203642
204308 205650
206153 206894
371156 372249
372807 375359
380884 381270
382354 384919
418530 419042
422286 422758
423842 424236
549644 550162
553408 553886
554970 556504
647223 647609
648693 649270
823410 824995
826373 826546
828541 828636
938373 939242
969364 969537
971532 971672
1006342 1006620
1161951 1162345
1163429 1163907
1167142 1167654
1216322 1216566
1217068 1222421
1224853 1225193
1456261 1457759
1458354 1459859
1538138 1541460
1859374 1859950
1861034 1861506
1864741 1866360
2074631 2075202
2076532 2077892
2287275 2290105
2290811 2292238
2292774 2293208
2293993 2295145
2300402 2300744
2301490 2302946
2419047 2419560
2420631 2420900
2484918 2485242
2486095 2486398
2486922 2487914
2488660 2489317
2489856 2490685
2521785 2522117
2522633 2522786
2523322 2523504
2524250 2524574
2604122 2605243
2605950 2607455
2938281 2939334
2939962 2940719
2955512 2955890
3038401 3039155
3122359 3123677
3131273 3132532
3163312 3164553
3165758 3165872
3168661 3169000
3193621 3193961
3290166 3290506
3291252 3291737
3303317 3305014
3492834 3493785
3495222 3495304
3496375 3496504
3499484 3500307
3500929 3502282
3540977 3541864
3809907 3809962
3851172 3851299
3851926 3854373
3855584 3855724
3856657 3861237
3864568 3866250
3902558 3903844
3979531 3981468
3982798 3983747
4015818 4016394
4020868 4021906
4022426 4022954
4063932 4064083
4198911 4199692
4200591 4202228
4207396 4208292
4209497 4210318
4211013 4211807
4271914 4272284
4273085 4274505
4296717 4297928
4299508 4303673
4304825 4305099
4306432 4307928
4308468 4308824
4309404 4310385
4310979 4311586
4314774 4315708
4316454 4319079
4320252 4321692
4328726 4329342
4332885 4337366
4359403 4360001
4360519 4360844
4365168 4365646
4366730 4367124
4641323 4641652
Ecoli_0955_Taxon012_
1 691
12296 16662
19851 20115
223678 229394
258041 258596
274010 275040
279218 280363
290510 292336
324483 326081
380922 382482
391763 393631
394312 395684
462373 463916
577567 578804
682022 685608
753048 753293
838793 840147
869490 871645
885381 885754
1282216 1283500
1284568 1285384
1404818 1405848
1408084 1409515
1410036 1410366
1424825 1425738
1432438 1433979
1468165 1470424
1573528 1589044
2064370 2067268
2068473 2069617
2174135 2175471
2189524 2189837
2418681 2419378
2661317 2662632
2695402 2702365
3080854 3081973
3201250 3202273
3219113 3220922
3374038 3376262
3423150 3428421
3493096 3494810
3497678 3499100
3578016 3578487
3579655 3580849
3583533 3583939
3619132 3622762
3652363 3652937
3692703 3696809
3761164 3765756
3767275 3767395
3941534 3948071
3949790 3950523
3951081 3951423
3973991 3975039
4038028 4041160
4041834 4042701
4043265 4044859
4110422 4117550
4118375 4118555
4306745 4311583
4641476 4641652
