Ecoli_0907_Taxon008_
1 56
65029 65148
70592 70731
110750 110903
115649 115920
147802 148014
152465 152751
227781 228083
232627 232791
235129 235432
305395 305461
315713 315888
317373 317575
371773 372096
392065 392172
437043 437277
503871 503933
524705 524887
564945 565348
576005 576183
608558 608608
667111 667384
685172 685459
691182 691556
703314 703438
796078 796369
956214 956501
973817 974008
1063312 1064420
1198256 1198616
1278704 1278947
1308581 1308839
1330209 1330441
1358148 1358431
1373147 1373246
1381357 1381412
1409223 1409331
1425838 1426056
1478657 1478751
1540896 1541152
1570293 1570472
1657879 1658012
1742595 1742699
1756032 1756334
1800717 1800852
1894136 1894509
1901156 1901333
1929661 1931364
1936726 1936879
1955308 1955600
1975655 1975728
2040536 2040695
2091263 2091438
2143444 2143564
2146945 2147001
2153625 2153951
2197574 2197735
2290253 2290353
2330090 2330250
2358492 2358675
2367400 2367713
2462291 2462777
2463847 2464145
2473601 2473904
2553510 2553867
2562301 2562563
2573602 2574087
2580422 2580656
2633418 2633768
2689093 2689200
2717580 2717762
2730138 2730252
2757017 2757075
2761589 2761647
2788082 2788313
2820406 2820620
2825146 2825318
2866102 2866402
2904504 2904581
2923156 2923224
3004854 3005156
3030951 3031103
3056459 3056777
3057367 3057425
3276614 3276894
3321377 3321503
3332071 3332128
3347644 3347833
3380021 3380531
3426227 3426370
3455867 3456155
3459492 3459627
3581589 3581785
3617875 3618321
3690512 3690579
3766558 3766754
3778539 3778838
3787346 3787585
3817382 3817641
3831509 3831765
3849732 3849869
3875762 3876022
3943887 3944648
3978999 3979296
4017805 4017893
4023941 4024009
4026894 4027136
4104988 4105173
4120511 4120565
4139495 4139736
4169960 4170136
4197361 4197517
4200785 4201014
4333292 4333460
4346767 4347038
4348866 4349049
4379426 4379722
4394394 4394662
4421745 4422133
4455724 4455828
4500019 4500317
4512801 4512857
4610778 4610894
4611697 4611752
4625032 4625237
4635254 4635356
