Ecoli_0945_Taxon010_
1 691
13905 14157
14675 19138
223678 229394
229981 230285
230803 230886
256353 256712
257441 258620
274021 275040
279045 279875
380922 382496
389698 389966
391457 392682
462373 463916
575947 576408
692423 692668
742895 745342
746914 747780
780946 781207
1308364 1310873
1426882 1428536
1432777 1433770
1554994 1556504
1566784 1567375
1650794 1651305
2016811 2017189
2122210 2123354
2124559 2126478
2188873 2189458
2301928 2302221
2303432 2303738
2502615 2504524
2526585 2527102
2814470 2816171
2816825 2821489
3080873 3082039
3168172 3168262
3197992 3198118
3198622 3200029
3201250 3202273
3257882 3260425
3374657 3376137
3423150 3426841
3497678 3498952
3583483 3584420
3619132 3622762
3652359 3652797
3941717 3948672
3949906 3950516
3974596 3980805
4038028 4041160
4041834 4042701
4105557 4105696
4106727 4109553
4242097 4243251
4317817 4326661
4527459 4528850
