Escherichia_coli_O157_H7_EDL933_0920
78097 78317
210893 211191
333239 338153
345400 345615
368666 368717
543341 543425
647356 647560
728150 728228
1496236 1496330
1529376 1529461
1569701 1569993
1647181 1647518
2345588 2345869
2562381 2562475
2688346 2688434
3655446 3655721
3824173 3824404
4866446 4866686
4877032 4877102
4986999 4987314
5183428 5183833
Escherichia_coli_O157_H7_EDL933_ancestor
226977 232189
269545 269759
273045 274009
303621 304273
345584 347703
391354 391467
617680 618172
618785 619676
637843 638158
660154 660394
664415 665145
809458 809705
811178 811357
814124 815187
895363 895454
896392 896545
919385 919903
920756 921221
1056788 1056988
1068064 1070748
1076272 1076430
1077780 1077930
1106085 1106179
1112566 1112984
1118142 1120392
1122386 1122591
1127495 1127766
1133039 1135819
1141145 1142761
1251951 1252121
1259657 1259763
1262909 1263741
1267416 1270895
1271403 1271678
1274266 1277157
1285202 1285340
1286894 1287554
1288131 1289792
1290673 1292373
1294068 1297247
1338141 1338682
1339740 1339982
1341795 1341876
1348023 1349391
1353167 1353301
1357206 1358298
1359624 1361358
1372966 1373237
1391743 1392007
1393465 1394028
1407648 1407803
1456939 1457139
1468209 1470892
1476416 1476574
1477924 1478074
1506229 1506323
1512710 1513128
1518286 1520538
1522530 1522735
1527639 1527910
1533184 1533449
1541292 1542908
1630776 1631057
1633514 1634087
1638878 1639183
1639801 1640633
1642279 1642795
1645613 1647837
1649701 1654212
1655387 1655577
1656106 1656324
1657149 1661875
1664007 1664419
1706123 1706380
1715327 1715387
1733233 1735239
1742595 1744720
1748618 1750028
1770749 1770971
1771540 1771792
1844296 1844368
1845113 1845371
1848317 1848618
1856049 1856400
1859973 1865057
1865620 1870131
1870636 1878971
1879557 1881437
1882573 1882637
1883242 1885421
1888234 1890480
1891295 1891433
1894144 1894313
1897244 1897330
1901808 1902136
1903527 1903857
1904576 1904800
1905963 1912956
1914925 1915503
1923134 1923461
1925844 1927630
1928305 1931041
1932402 1935056
2043683 2044439
2048448 2048940
2126132 2127685
2128784 2128960
2129887 2130366
2130962 2131582
2132953 2133447
2134722 2135686
2136343 2137328
2137999 2138547
2139062 2140137
2140691 2141001
2142604 2143037
2143542 2144225
2144733 2146859
2147431 2147870
2218608 2219655
2243893 2243962
2249631 2249714
2250689 2251394
2252020 2253268
2253770 2254228
2286972 2289129
2295929 2296526
2300414 2301268
2302361 2302848
2303447 2305214
2305763 2305963
2306486 2307155
2307677 2312861
2313366 2316003
2316759 2322819
2323324 2327835
2328398 2335006
2336388 2337227
2337845 2338150
2339732 2339838
2344382 2345220
2346654 2347340
2348025 2348157
2548800 2549856
2620611 2621981
2698253 2698975
2707102 2707487
2730698 2731359
2764407 2767795
2769156 2771891
2772566 2774523
2775662 2775800
2783845 2785005
2785548 2785781
2787166 2790459
2791085 2794007
2799574 2800147
2802977 2803147
2830064 2832311
2836451 2837494
2979193 2980306
2985143 2986952
2989532 2990228
2990952 2991818
2992493 2992787
2993292 2994279
2996653 2996980
3000619 3001731
3007721 3010151
3010663 3011755
3019469 3020076
3024314 3024395
3026208 3026450
3027508 3027831
3075985 3076079
3130881 3131175
3199971 3200252
3233533 3233637
3392437 3392716
3550254 3555209
3567193 3574208
3575122 3575426
3576949 3577102
3578407 3578680
3881861 3881916
3889049 3889386
3941300 3941933
3957057 3960281
3990433 3990725
4121093 4121963
4246393 4251436
4277793 4278442
4510004 4510153
4511626 4511873
4673789 4675955
4822692 4827872
4863691 4863882
4919181 4924364
5016600 5018422
5019895 5020074
5048517 5048721
5063476 5068474
5073007 5073656
5104453 5109571
5214483 5214698
5248534 5248753
5282852 5283150
5398251 5399290
5456230 5456450
