gi_556503834_ref_NC_000913.3_
19554 19860
223702 228688
258050 258600
270618 272007
274032 274104
274779 275072
279240 280035
290518 291324
308080 308414
339931 340115
349774 349826
357675 357873
374988 375247
381335 381884
382591 383123
383781 384178
391785 392939
414230 414408
458946 459114
508718 508818
566857 568128
574663 575894
578289 578419
581363 581918
597057 597107
608084 609274
633347 633414
636504 636618
667285 667350
683054 683110
687924 689334
729741 731580
732944 733226
734225 735021
736682 737507
737681 738774
780539 781767
915104 915169
1049855 1050472
1051178 1051415
1094322 1095426
1097219 1097582
1201749 1202107
1207638 1207804
1269705 1270515
1286785 1287272
1299571 1300622
1396492 1397166
1423362 1423492
1427827 1428346
1432087 1434659
1466726 1467019
1467986 1469295
1528082 1529257
1532057 1532854
1551705 1552112
1635249 1635385
1635916 1636815
1650920 1651471
1708836 1708985
1746434 1746514
1908569 1908756
1963054 1963138
1978645 1979193
2044609 2044867
2066254 2067276
2069017 2070194
2101823 2102871
2125027 2125157
2139085 2139249
2149527 2149646
2170246 2171351
2226254 2226388
2229234 2229299
2231272 2231365
2278453 2278545
2289146 2290036
2296486 2296890
2339049 2339098
2406943 2407190
2513965 2515541
2532595 2532658
2557912 2557995
2559795 2559868
2578588 2578666
2673624 2673676
2726129 2731408
2754288 2754354
2768095 2768274
2776871 2777292
2782756 2783255
2805066 2805164
2816383 2816473
2817860 2818473
2835916 2835965
2858254 2858328
2887081 2887249
2947462 2947610
2996438 2997617
3130220 3131263
3181955 3182405
3186798 3187349
3234796 3234958
3269798 3270048
3365629 3366677
3402620 3402751
3423348 3428840
3523362 3523435
3569932 3570079
3583504 3584122
3592765 3592866
3606824 3607013
3621267 3622761
3623982 3624233
3624416 3624541
3625138 3625436
3640452 3640599
3643917 3644068
3652107 3653157
3666176 3667318
3706138 3706444
3721864 3722218
3762219 3765750
3767297 3767571
3858288 3858357
3920923 3920987
3936903 3936995
3941519 3946872
4021368 4021421
4035462 4040564
4094507 4094686
4166376 4171888
4175795 4177130
4188197 4188254
4192559 4192875
4207920 4208000
4212959 4213089
4229339 4229637
4295912 4296304
4325881 4326261
4422438 4422607
4498258 4499435
4507536 4508604
4525902 4525965
4606287 4606407
4614180 4614484
4624169 4624218
4636788 4636926
4641550 4641652
