Escherichia_coli_O157_H7_ancestor
15809 15936
38250 41537
56929 57637
99734 99956
119879 121090
146371 146708
194097 194272
237296 237461
240894 241091
277660 277816
305833 306039
373210 373416
377097 383173
385279 386190
387344 387927
410538 410739
459867 464872
466137 466252
497492 497583
535514 535659
572991 573254
575299 575654
621857 622080
634095 634487
663676 664265
664777 664988
689477 689599
720677 720979
724917 725011
725573 726036
727314 727391
727903 729114
734471 735130
736466 736621
739535 739671
743349 743643
745352 747741
755967 756900
762398 763013
796441 796747
801118 801172
857607 857783
879191 879924
884067 885007
907795 907869
996738 997014
1034437 1035003
1036329 1036923
1041564 1041837
1042414 1043717
1051299 1051620
1052226 1054738
1055383 1056135
1065143 1065680
1066737 1074574
1075848 1077010
1153371 1153516
1186714 1186995
1196671 1196804
1204182 1204436
1208336 1208808
1218089 1218493
1228546 1228631
1253620 1253686
1254207 1255073
1255616 1256566
1257144 1257620
1264194 1264349
1267571 1267890
1268651 1269743
1271518 1271696
1273718 1276475
1278210 1278554
1280716 1280779
1283344 1284474
1285077 1287744
1288411 1289206
1290013 1290091
1290985 1293485
1295602 1296549
1297052 1299295
1300145 1302516
1303893 1304678
1311595 1311725
1312868 1313409
1317531 1317592
1321029 1322144
1323077 1325231
1328047 1328565
1334755 1334806
1345078 1345392
1351987 1352548
1355356 1355659
1356318 1357254
1361697 1361930
1362993 1363361
1363989 1368309
1369673 1370012
1370554 1371009
1371550 1371627
1374912 1375115
1378321 1378581
1379509 1379683
1380476 1384006
1385240 1386774
1388554 1391222
1426221 1426848
1448550 1449029
1457055 1457148
1457714 1457826
1539457 1539838
1606151 1607169
1703273 1703682
1725865 1726067
1790905 1791418
1808653 1810919
1812049 1813022
1818871 1819929
1820470 1821129
1822192 1822564
1823192 1828108
1828735 1828845
1831008 1831071
1833636 1834766
1835369 1838258
1839262 1839514
1840322 1840400
1841294 1841711
1842215 1843537
1844347 1845573
1846703 1846840
1847358 1849245
1852250 1854496
1855351 1855748
1858276 1858329
1861267 1861575
1867405 1868048
1871106 1874081
1876900 1878468
1879135 1879930
1880737 1880815
1881709 1884068
1884967 1885477
1886212 1889043
1889893 1892664
1894202 1894968
1912327 1912493
1960697 1961197
2001264 2001905
2005943 2007239
2085862 2086089
2095611 2095716
2114207 2114301
2160783 2161077
2188877 2189069
2191317 2193512
2200362 2201586
2203432 2203844
2204808 2205541
2206266 2208052
2208611 2210048
2211708 2212245
2213500 2213570
2214207 2214325
2219283 2219561
2221579 2221930
2222540 2225959
2229540 2229751
2240801 2241002
2270461 2272457
2277039 2278378
2282710 2283035
2310502 2311067
2319649 2319968
2336053 2336373
2337618 2338059
2341223 2341481
2348749 2348867
2353825 2354233
2355905 2356328
2363082 2363439
2364851 2365772
2402618 2402803
2406015 2407695
2408589 2408667
2409475 2409727
2410731 2413620
2414223 2415353
2417918 2417981
2420045 2420120
2421463 2423631
2425825 2426350
2426891 2428303
2431723 2432911
2435440 2435498
2451491 2451618
2526037 2527131
2547422 2547625
2548913 2549127
2594166 2597011
2600733 2601722
2652164 2652415
2702526 2706794
2707837 2710839
2711689 2718082
2718875 2719049
2719977 2720237
2723445 2723646
2726931 2729454
2729995 2730520
2732543 2732729
2733332 2736808
2740692 2742298
2752152 2752713
2808593 2808747
2934491 2934659
2944424 2944473
2995618 2996066
2999206 2999464
3019478 3020389
3021158 3022287
3022972 3023201
3044787 3045128
3101799 3102506
3105371 3105755
3106933 3107593
3108176 3108308
3108867 3109123
3131321 3131470
3133355 3133414
3192606 3192923
3206543 3206739
3251681 3251978
3298698 3299994
3384020 3384187
3410897 3413004
3416188 3416455
3425064 3425127
3434237 3434597
3451392 3451726
3518279 3518555
3525351 3525464
3569272 3571350
3595082 3595221
3606818 3607878
3612259 3612916
3644166 3645077
3646294 3646611
3650121 3650748
3688480 3693732
3796611 3796700
3839366 3839534
3946019 3947348
3977482 3978344
4014503 4014561
4018539 4018767
4042193 4043214
4044480 4044593
4080217 4080357
4082588 4082831
4091564 4092045
4133069 4133217
4135089 4135678
4139223 4139559
4280989 4281123
4304866 4305756
4306325 4306878
4307651 4309483
4367754 4372857
4401748 4401871
4403796 4404309
4408847 4413907
4432251 4432510
4457284 4457442
4458011 4459280
4459863 4459995
4536988 4537154
4542695 4543066
4552959 4558178
4611973 4612210
4613473 4613632
4649066 4654852
4669513 4669695
4684868 4684953
4736223 4736288
4798137 4798475
4813800 4814119
4855479 4855597
4856845 4857475
4859182 4861391
4862577 4862693
4867283 4867525
4881202 4881465
4882643 4883303
4883886 4884697
4950793 4951088
4980365 4980436
4981010 4981287
5008879 5009074
5044239 5044444
5072317 5072644
5105555 5105712
5134525 5134865
5139215 5139329
5186546 5186680
5198947 5199274
5225993 5230987
5232465 5233578
5274061 5274113
5318795 5319122
5364219 5364292
5398226 5398580
5455196 5455491
Escherichia_coli_O157_H7_0935
46922 47049
94872 95005
149815 150142
169017 169151
282140 282467
342747 342886
410831 410988
459863 460058
478230 478568
564691 564986
601812 602131
673413 673655
762997 763234
814426 814881
829781 829866
830753 830844
841178 841344
860727 861121
923942 924007
1050622 1050756
1114638 1114897
1208724 1208847
1329378 1329714
1335720 1335868
1352305 1356390
1368750 1373200
1379550 1379644
1399679 1399819
1402050 1402293
1438361 1438474
1460674 1460732
1464710 1464938
1490593 1490757
1516134 1516229
1629403 1629571
1638625 1638930
1650326 1650475
1704330 1704452
1776384 1776564
1849922 1850228
1889702 1889763
1937963 1938043
1946063 1946339
1969222 1969361
2016290 2016557
2025166 2025229
2034403 2034737
2049703 2050063
2114014 2114131
2245180 2245497
2259117 2259313
2333320 2333379
2337467 2337616
2362381 2362868
2418905 2418954
2475844 2476185
2496554 2496722
2590122 2590290
2671347 2671406
2816522 2816773
2882669 2885165
3061930 3062057
3143167 3143492
3183198 3183517
3192099 3192664
3226262 3226556
3229578 3229770
3303145 3303433
3327145 3327507
3425962 3426125
3573019 3573185
3599054 3599319
3659072 3659197
3776794 3777307
3778392 3778503
3922763 3922906
3968505 3968590
4111683 4111945
4123545 4123859
4134131 4134182
4140372 4140890
4169268 4169522
4175127 4175298
4191753 4192157
4198223 4198383
4235771 4236105
4268085 4268366
4333725 4336207
4381370 4381706
4416380 4416484
4422307 4422602
4436961 4437272
4482862 4482936
4521874 4522150
4530189 4530467
4611154 4611330
4621719 4621777
4691740 4691988
4751455 4751757
4779338 4779460
4820746 4820850
4850263 4850408
4887740 4888003
4935179 4935402
4980508 4980599
5024899 5025312
5102741 5102850
5143943 5144015
5158829 5159088
5195801 5195859
5224987 5225152
5236411 5236484
5322229 5322566
5368981 5369203
5395358 5396496
5466223 5466960
