Ecoli_ancestor_Ancestor_
1 218
2276 3605
7573 8208
13056 13125
13770 14919
16067 17936
22322 22687
25753 26128
31305 31547
32867 34602
38131 39596
40505 41131
42811 42882
43522 44029
45249 46054
47322 47583
48605 49200
61376 61537
65682 66682
69984 70412
71936 72218
73540 74010
82354 83294
85524 85613
89111 89212
91391 92677
93992 94391
96272 96837
104734 104837
110533 111225
113040 113127
116834 117022
121332 122199
128296 128554
130438 132694
133605 133766
137422 137880
142520 142716
143591 143750
145021 145206
156540 156990
159666 159986
160951 161227
162775 163108
164937 167779
168924 170423
171264 171668
174644 175075
181514 181955
182777 182974
184032 184560
193477 193566
198985 199840
203718 205722
207812 209040
212066 212365
216875 217164
218854 218948
219453 219578
226854 228143
232021 232074
234294 234502
237242 239489
246139 246597
249131 249493
251963 252170
253936 254210
257570 260415
261131 261270
262292 262958
270205 270348
280213 280473
286436 286662
287658 288227
291733 292391
294215 294870
296226 296559
297730 298464
299940 300012
300573 301790
304405 304670
305548 306096
307398 307525
317372 318858
319984 320137
321404 322241
329404 329565
332291 332479
335422 335702
336714 337144
338189 338402
339307 339554
342588 343784
354067 357775
366903 366973
370098 370359
374271 375235
377697 382862
384562 384821
387258 387911
388584 389085
392679 393741
394511 395246
398489 399181
400250 400516
401228 401453
405410 405735
406277 406938
414107 414751
418430 424429
427918 427989
428646 429480
431337 431499
434885 435196
442434 442626
446690 447014
456005 456554
459183 459280
460563 460813
462094 464063
468416 469130
471197 472237
478227 481177
482021 482303
482998 483440
488290 488548
489239 489532
490466 491035
491945 493994
495815 496096
497467 497705
499104 500327
501551 501764
503101 504026
505132 505415
509334 510177
510704 510844
511520 511696
512973 513471
518150 518990
521221 521373
523698 524055
529017 529307
533208 533423
537095 537635
538932 539159
541631 541892
543611 543864
544515 545670
549403 555779
563230 563704
572224 572732
577110 580488
582796 583067
584417 584513
585083 587407
592736 593059
593815 594495
596811 597879
611623 611857
618308 619379
622385 622578
625683 626104
627930 628202
631698 631902
634947 635191
640706 640871
643910 649356
649945 650455
658202 658348
667064 668285
670042 670766
671820 671918
681697 682387
684558 684653
695317 695557
697669 697851
701916 703044
705072 705602
708205 710023
714481 715299
717015 717249
726308 726839
728521 728723
731247 731539
737485 737818
739087 739446
740183 740780
744585 745033
749244 749620
751472 751528
752171 752244
752876 753094
754621 756884
757677 757967
760871 761063
770429 770580
776334 776524
777823 778591
781283 781580
789352 790125
807462 807661
814708 814761
816559 816832
823275 828762
829282 829670
832764 832965
835144 835204
836888 837082
841095 843148
845851 846224
847067 847266
849247 849465
849983 850339
853025 853093
860891 862447
869822 870017
873242 873685
876814 878571
883018 883169
884762 885058
889179 891435
892914 893710
894682 895212
900750 900990
903284 903823
905142 905216
908978 909065
922536 922767
923566 924973
930206 932062
932716 932941
935106 935197
935841 938675
943431 943632
948293 948408
949214 949768
950460 950642
954561 954866
965314 966130
966866 967119
968041 972813
984410 985389
986038 988138
991159 991686
998500 998723
1006641 1007278
1009556 1010257
1012317 1012444
1013413 1013701
1014407 1014650
1015826 1016886
1017850 1018575
1021568 1021969
1026668 1026877
1030209 1030620
1032493 1032787
1036374 1036556
1047810 1047994
1048614 1049742
1050494 1051237
1055852 1056352
1058104 1058348
1059643 1060390
1060936 1061436
1064419 1064724
1068559 1068758
1070436 1070814
1081268 1082221
1083866 1085897
1090166 1090319
1091315 1091641
1092962 1093203
1097616 1098394
1099281 1101989
1102909 1103769
1110851 1112172
1114640 1114719
1119719 1120343
1129616 1130221
1131482 1131646
1148269 1148840
1155110 1156181
1156704 1156968
1161912 1167607
1170577 1170660
1171340 1172287
1173838 1174039
1181729 1182293
1190114 1190411
1195659 1195842
1198378 1198877
1202319 1202615
1205558 1205741
1210334 1210517
1212813 1212963
1214995 1216583
1218136 1218332
1218900 1219102
1219755 1219938
1223970 1225153
1228686 1228974
1230104 1230299
1230866 1232504
1234054 1234304
1234882 1235133
1236656 1236798
1238000 1238648
1239415 1239621
1241922 1242214
1243604 1243895
1245710 1245916
1249606 1249870
1252928 1255197
1257356 1259122
1263067 1263389
1265030 1265838
1272972 1274835
1276511 1276795
1277746 1277872
1279727 1280502
1281422 1281498
1284340 1284447
1291861 1292778
1294781 1294888
1299474 1301066
1304617 1305003
1307006 1307302
1310351 1310570
1314113 1314406
1316167 1316515
1319761 1319935
1322452 1322602
1323897 1324157
1324727 1325060
1325695 1325815
1330209 1330468
1340280 1340704
1342646 1342860
1345626 1346738
1352286 1352734
1359691 1361801
1369646 1370171
1371577 1371707
1377632 1378142
1381757 1382024
1388951 1389086
1391333 1391790
1392875 1393001
1400116 1400735
1401396 1401634
1403172 1404610
1411061 1412058
1419462 1419683
1422314 1422455
1424212 1425223
1428455 1428730
1433466 1433596
1440163 1440438
1444834 1444990
1445583 1445821
1447498 1447772
1448316 1448609
1450421 1450725
1458866 1459023
1459557 1460770
1461883 1462116
1476318 1476405
1478877 1480161
1486969 1487587
1490610 1490718
1491459 1492290
1494681 1495903
1498263 1498351
1507057 1507284
1511347 1511688
1512930 1513163
1515015 1515709
1516954 1519342
1529993 1531051
1534902 1535202
1538086 1538555
1539101 1539508
1541821 1542004
1545220 1545396
1547911 1548129
1548871 1550862
1552778 1553096
1558365 1558423
1562104 1566414
1571558 1571856
1576629 1577097
1581521 1581773
1582397 1583415
1585584 1586522
1590146 1590355
1590965 1591529
1593209 1594520
1596532 1597611
1600303 1600559
1602066 1602355
1608415 1609210
1610520 1610655
1612658 1612803
1617080 1617248
1619799 1620814
1622988 1623138
1627533 1627603
1631085 1631607
1632124 1632715
1633275 1633576
1634225 1634842
1635909 1636826
1637373 1637489
1641531 1641777
1644252 1644457
1645074 1645129
1648610 1648802
1649305 1649839
1652513 1652714
1654260 1654835
1655366 1655593
1658607 1658879
1660754 1661580
1663401 1665320
1666564 1666830
1671172 1671318
1675982 1676452
1687215 1687585
1696096 1696295
1697921 1698615
1702463 1702532
1703162 1704680
1707200 1707337
1709546 1709779
1712581 1712795
1714955 1715011
1715799 1716135
1725070 1728229
1730125 1731205
1734354 1734620
1737298 1737406
1739137 1740094
1743371 1743913
1744600 1744845
1745786 1747087
1750339 1750799
1756819 1756917
1758362 1758621
1760710 1760987
1765181 1766174
1767009 1767082
1773427 1774726
1785228 1786796
1791186 1791418
1805102 1805173
1812684 1812925
1819271 1819536
1822110 1822612
1823616 1823805
1825704 1825984
1828140 1830102
1832465 1832954
1833626 1833801
1842345 1844800
1845622 1846660
1847170 1847352
1851109 1851202
1859418 1865058
1871985 1872355
1874067 1874342
1881410 1882540
1886003 1887189
1894483 1896346
1897697 1898113
1898977 1900821
1907904 1908088
1910041 1910384
1912145 1912411
1915191 1915429
1917814 1917987
1918598 1919261
1922057 1922478
1928348 1928585
1933437 1933675
1940550 1941921
1944272 1945118
1946583 1948840
1949449 1949719
1954249 1955156
1957354 1957925
1967291 1967597
1971702 1971794
1972808 1973186
1973830 1974350
1975658 1975818
1977490 1978390
1979004 1979376
1979901 1981996
1986667 1986869
1990835 1992154
1995944 1996242
1998073 1998249
2009171 2009400
2011472 2013167
2014877 2015145
2019745 2021767
2023841 2024384
2033964 2034205
2034928 2036485
2038262 2038591
2039785 2040116
2045410 2045855
2047790 2048193
2048701 2049295
2051017 2051220
2059757 2060018
2066688 2066881
2067824 2068123
2069497 2069742
2074717 2077147
2082128 2082402
2104887 2105070
2109528 2109580
2110992 2111175
2114272 2114707
2120148 2120360
2124431 2124619
2126420 2126684
2129569 2130422
2135481 2135689
2139752 2140349
2141797 2143067
2148554 2148743
2151341 2151615
2154310 2154605
2155993 2156235
2163639 2163730
2166049 2166327
2168863 2168968
2174388 2174437
2176104 2176247
2179517 2179757
2192364 2192770
2198162 2198303
2211258 2211310
2217042 2217341
2219188 2219360
2219988 2220053
2220613 2220864
2221476 2221748
2224826 2225138
2227590 2229709
2236338 2236579
2238308 2239953
2240809 2241016
2244799 2245326
2249351 2249575
2265345 2265505
2268735 2269123
2270300 2270876
2274179 2274925
2276347 2276926
2279688 2279860
2280550 2280680
2281229 2281525
2282292 2282530
2285435 2286379
2287457 2287562
2290259 2290756
2294491 2294706
2296404 2296884
2300707 2303204
2304157 2304374
2315002 2315186
2320021 2320325
2321107 2321163
2325179 2325378
2329592 2329984
2336595 2336680
2337766 2338641
2343729 2343948
2345445 2345643
2346653 2346882
2347679 2348490
2351117 2351437
2356738 2357249
2357779 2358895
2360187 2360952
2364717 2364873
2370157 2371397
2372386 2372623
2373858 2374211
2379197 2380036
2385067 2385584
2390722 2390922
2396804 2397449
2398039 2398177
2398968 2399097
2401129 2401389
2405947 2406206
2407760 2407855
2409772 2409956
2412791 2413064
2419436 2421499
2422851 2423135
2424638 2424910
2432059 2432296
2438163 2438441
2441339 2441600
2443252 2443626
2444500 2444814
2445650 2446245
2447695 2448127
2448646 2449119
2450893 2451046
2453174 2453507
2455070 2455299
2465662 2465856
2470964 2471188
2471724 2471969
2479441 2479573
2481005 2481518
2484356 2484561
2488132 2488999
2493243 2493481
2494260 2494576
2495117 2495183
2498934 2500473
2502963 2503152
2504073 2504561
2519837 2521717
2523604 2524713
2531146 2532526
2538638 2538687
2542237 2542528
2543117 2543311
2546152 2546328
2549145 2549357
2550099 2550876
2554694 2554907
2555430 2558570
2559119 2559333
2562552 2562960
2567418 2567720
2569110 2569194
2570937 2571674
2576614 2576894
2579154 2580686
2586115 2586729
2590837 2590910
2603826 2606119
2606634 2607943
2617121 2617610
2619246 2619707
2620938 2622656
2631921 2633175
2634465 2634639
2635410 2635879
2638732 2638799
2643971 2644307
2647658 2647838
2650252 2651356
2654283 2655159
2656086 2656495
2658610 2660501
2662349 2663169
2664430 2664516
2668440 2669686
2677747 2678465
2682034 2682616
2688074 2689261
2690060 2690453
2692670 2692753
2696994 2697064
2697810 2698086
2704175 2704225
2706431 2706745
2707360 2707762
2710840 2711236
2717569 2719229
2724369 2724596
2729657 2729761
2730432 2731701
2734880 2737238
2739996 2740136
2743576 2744786
2745308 2745447
2747405 2747832
2748491 2748567
2749767 2752108
2752633 2753199
2760098 2760740
2762602 2762927
2766072 2766277
2767754 2768297
2776159 2776458
2783974 2784226
2789798 2789906
2797694 2798523
2802044 2802975
2804632 2804851
2810696 2811338
2812554 2812757
2818430 2818533
2820001 2820053
2832880 2833009
2833625 2834629
2836801 2837059
2837857 2839337
2842181 2842315
2847717 2848924
2851711 2852070
2853101 2853270
2856874 2857018
2859875 2859965
2860802 2861524
2863261 2863424
2866484 2866663
2873142 2873298
2875437 2875728
2876323 2876476
2879057 2879298
2879848 2880046
2881328 2881477
2887914 2888167
2888702 2889194
2893540 2895429
2898793 2899010
2903468 2904249
2910512 2910763
2912310 2912682
2913347 2913521
2914986 2915051
2918158 2918273
2920262 2921432
2922950 2923607
2929816 2930572
2939160 2940164
2942530 2943808
2948601 2948845
2953563 2954866
2956067 2958414
2958943 2959712
2960223 2960924
2964666 2964925
2968709 2968911
2970737 2970823
2980351 2980478
2987118 2987277
2988790 2989464
2990359 2993299
2996197 2997348
2998672 2998906
3001775 3002240
3005071 3005512
3006047 3006130
3012770 3013021
3015301 3015708
3016209 3016378
3018822 3020786
3030469 3031288
3035418 3035838
3037554 3038719
3048146 3048391
3049232 3049484
3050589 3051044
3052634 3052757
3057988 3058728
3061729 3062535
3064963 3065092
3070355 3070602
3081754 3081960
3083793 3085262
3096623 3097039
3098550 3099541
3101330 3101773
3104395 3104573
3109057 3109259
3112602 3112849
3116417 3116756
3117486 3119033
3120003 3120100
3120894 3121198
3124459 3125239
3126919 3127831
3128997 3132232
3133724 3134053
3138309 3138520
3139257 3139652
3143476 3143773
3144946 3145321
3147760 3148056
3157581 3157841
3161598 3161723
3163103 3163645
3164574 3168480
3169062 3169761
3171885 3172231
3175509 3176257
3179298 3179710
3180263 3180385
3182830 3183032
3183661 3183818
3187373 3187625
3191814 3192518
3193484 3194704
3199297 3199759
3207165 3207529
3209464 3209687
3229665 3229923
3239027 3239457
3245801 3246163
3249627 3250323
3253850 3254504
3255690 3255903
3258179 3258932
3265883 3266638
3267234 3267897
3269729 3269987
3271650 3272236
3277914 3277968
3280545 3280629
3290029 3291211
3292540 3292730
3297944 3299081
3302416 3302605
3307504 3307706
3320513 3321470
3322504 3323683
3325625 3325717
3328118 3328394
3330370 3331621
3333564 3333836
3337132 3337188
3338504 3338644
3339564 3339847
3345587 3346567
3347102 3347312
3349125 3349361
3350151 3350683
3354095 3354885
3357342 3357527
3359933 3360033
3363650 3363980
3367290 3367848
3368898 3369139
3372399 3372816
3373351 3373562
3377035 3377634
3387416 3387602
3388657 3389808
3391199 3391333
3392071 3392579
3398586 3399165
3403054 3403430
3405850 3406271
3410017 3410166
3412892 3413687
3419435 3419553
3423763 3424029
3427179 3427347
3427905 3428476
3431193 3431306
3432077 3432234
3434255 3434577
3435180 3435573
3441406 3442019
3444918 3445263
3446297 3446512
3449189 3449405
3452814 3453105
3454348 3454591
3459910 3467104
3470668 3470847
3476788 3477223
3478045 3478167
3479441 3479815
3485457 3485665
3486169 3486506
3489876 3489950
3492821 3493744
3494575 3496316
3502994 3503276
3503806 3504134
3508501 3508657
3513865 3514867
3520409 3520901
3522526 3522794
3527283 3527750
3534138 3534397
3539175 3541129
3543832 3545594
3547763 3548164
3554234 3555277
3557999 3558075
3560783 3560999
3562738 3563159
3565296 3567764
3574915 3575889
3576775 3577340
3578549 3580589
3582032 3582290
3582912 3583159
3583973 3584189
3584716 3585522
3587114 3587460
3590248 3590774
3594277 3594407
3599165 3599777
3606740 3607032
3611495 3612609
3615210 3616723
3620640 3620920
3621600 3622088
3624179 3624268
3625236 3625628
3626790 3628557
3630067 3630179
3631883 3632013
3632947 3633421
3633985 3634626
3635148 3635828
3646336 3646440
3649655 3649744
3653274 3653741
3655304 3655427
3657092 3657219
3661178 3661420
3673722 3673979
3674980 3675161
3677827 3677954
3688772 3690718
3694069 3694493
3696880 3697109
3700789 3700984
3701916 3702153
3704699 3706045
3708153 3708289
3708933 3709399
3710131 3710996
3713092 3713285
3715580 3715726
3720086 3720370
3723164 3723383
3725174 3728577
3731824 3732378
3734206 3734591
3741665 3741783
3742584 3742823
3743825 3743907
3745046 3745305
3747529 3747914
3750216 3750397
3753435 3753573
3757065 3757256
3757932 3758220
3760887 3761107
3772790 3772971
3773741 3774710
3776319 3776512
3778304 3778883
3782327 3782627
3784602 3784763
3785454 3785536
3787461 3787602
3801166 3801243
3803137 3803693
3804707 3806715
3807763 3808176
3808773 3809497
3818633 3818854
3819731 3819886
3821684 3821962
3824029 3824166
3827778 3827888
3830253 3831006
3833748 3833901
3836443 3836592
3838959 3839201
3842803 3842964
3844400 3844635
3848733 3849025
3849891 3849958
3850937 3852720
3853289 3853454
3855628 3856635
3857521 3858657
3859386 3859691
3860270 3860987
3871578 3872459
3882986 3883084
3885728 3885887
3891737 3892383
3895037 3895266
3897489 3898929
3899584 3903222
3912783 3913046
3917240 3918451
3920119 3920394
3925498 3927037
3931891 3932080
3932696 3933394
3935508 3935908
3944788 3944972
3946108 3946335
3947476 3947610
3951376 3951600
3952238 3952820
3962390 3962678
3964335 3964558
3972583 3972677
3973465 3974517
3980317 3982822
3983829 3984038
3985876 3985999
3995406 3996076
3996885 3997119
4002778 4003457
4009459 4010396
4012462 4012570
4015113 4016842
4018707 4018964
4022616 4023934
4027342 4027606
4028228 4028477
4031740 4031971
4033381 4033554
4035347 4037125
4037957 4038699
4042157 4042227
4043242 4044353
4049881 4051434
4054427 4054650
4055285 4055593
4063960 4064795
4066361 4066869
4072852 4074741
4087619 4087731
4090887 4092013
4101159 4101290
4105896 4106538
4111307 4112166
4112721 4113002
4113757 4114929
4121838 4122637
4126016 4126371
4126928 4127227
4129817 4130175
4135271 4136055
4136572 4137142
4139369 4140051
4140680 4140813
4156261 4156544
4159884 4160561
4161065 4161262
4161887 4162083
4165870 4166204
4170835 4171101
4172473 4172665
4176829 4177128
4177823 4177929
4181442 4181670
4188653 4188942
4190251 4190488
4194621 4194861
4195492 4196448
4197920 4198997
4199621 4200631
4202717 4202865
4206662 4206776
4207283 4209451
4213103 4213900
4216116 4216649
4218803 4218967
4219836 4220136
4221844 4222762
4223597 4225165
4231701 4231893
4233059 4233758
4234724 4234976
4237807 4238468
4240978 4242217
4246920 4247454
4248990 4249062
4252857 4254600
4257637 4258202
4258849 4258929
4259790 4260840
4261470 4261721
4265408 4265721
4267659 4267734
4274345 4275687
4278604 4278758
4280959 4281086
4287047 4287765
4296386 4296747
4298173 4298396
4299333 4300393
4301949 4302204
4303460 4303641
4304143 4304488
4306274 4306349
4306891 4308108
4310186 4311658
4314041 4314287
4315735 4316799
4319142 4320734
4322269 4322967
4328501 4328856
4330983 4331212
4332117 4332857
4335086 4336214
4337739 4337962
4339281 4339985
4345489 4345690
4349758 4349994
4352040 4352787
4356130 4356253
4357058 4357666
4361545 4367240
4370860 4371355
4375601 4375894
4377203 4377804
4379329 4379479
4397508 4397604
4403131 4403221
4412107 4412254
4414872 4415140
4436028 4436962
4439018 4439196
4443549 4448109
4452111 4452554
4453421 4454537
4464626 4466576
4471946 4472172
4479418 4479538
4480780 4480847
4485381 4485669
4494415 4494702
4498201 4498405
4499444 4502579
4503672 4503943
4506570 4506704
4519065 4520117
4520986 4522247
4523235 4523523
4528497 4530549
4536328 4537488
4540015 4542795
4543826 4544796
4548776 4549309
4557209 4558985
4561295 4561504
4564361 4564800
4567448 4568239
4568783 4569233
4572526 4572999
4573706 4574073
4578384 4578612
4579659 4579943
4581642 4583014
4584643 4584774
4587588 4588511
4591206 4591332
4595777 4596762
4602109 4602263
4606939 4608716
4610398 4610665
4612029 4612847
4613501 4613872
4615451 4615574
4639228 4639424
Ecoli_0985_Taxon018_
1 783
2380 3533
11093 11181
15473 16633
19160 19707
21756 23195
27921 28127
37923 38130
40440 40649
45191 45564
52851 53218
57529 57757
58804 59088
60787 63102
63788 63919
65373 66063
70351 70477
81254 81408
86084 87861
89543 90334
91001 91992
92646 93017
94596 94719
113289 117727
123967 124063
134749 135346
139506 139604
143606 144049
150884 153276
155740 157265
158041 158267
162994 163537
169606 170299
172835 172982
176485 177820
198400 199924
204277 204579
205231 206194
209096 209477
211325 211475
213794 215234
215762 216302
217492 217746
218336 219213
222833 223328
225624 227009
227575 227867
228480 229259
233138 233746
234348 234674
238017 238764
245114 245315
250819 251523
252842 253570
254590 255308
257947 258687
259592 260839
267837 268535
270070 271069
274005 275069
276517 276763
278167 278522
279146 279918
282696 283191
284455 284530
286316 286661
287163 287344
288600 288855
290865 291057
292408 292631
294057 294418
303039 303211
309010 309845
312046 312200
315117 316459
320146 320742
323070 323145
323869 324250
329083 329334
329964 330350
331875 331955
332602 333167
333924 336216
340011 340618
341705 342667
343350 343884
348587 349879
352336 352997
355828 356080
357046 357745
358911 359103
365976 367207
368042 369814
370394 370968
371837 374688
381194 381723
382260 383521
384028 384142
387939 388087
392065 392884
395412 396183
396858 397554
401862 402151
409134 409362
412875 412981
413676 413975
418139 418331
419703 420599
428721 428917
429542 430920
433607 434543
449505 451435
453662 454232
454749 455533
460629 460987
463577 463876
468920 469562
474331 475190
475745 476026
477495 480053
480920 481883
484862 485661
498791 499917
503073 504098
507029 507722
517625 517952
520911 521287
523935 524443
525822 526844
535211 535519
536154 536377
540682 540923
546451 547562
548577 548647
552105 552396
555557 556058
557250 557423
558833 559064
559633 559994
563198 563462
566870 568188
571840 572097
573962 575691
578234 578342
580931 581345
587347 588026
591937 592915
593685 593919
597081 597389
599885 602724
604805 604928
606766 606975
607982 609227
611181 611351
613615 614383
616287 616650
618850 619736
626246 626469
628126 628414
637984 638566
639204 639428
643194 643328
644469 644696
645832 646016
655396 655702
656652 657310
657847 659809
670410 670685
672353 673564
675075 675804
676544 676758
677758 678021
679848 680916
683874 684847
687582 689251
691105 691347
694949 695110
696546 696781
698881 700196
700879 701171
702037 702104
703745 704866
707774 708781
709667 709889
710521 713133
723724 724605
729582 730302
730844 733637
734462 734677
735332 735593
736872 737453
738995 739224
748374 748533
750150 750227
751839 752135
754212 754361
756903 757056
759798 760551
762916 763322
766638 766775
768842 769120
770918 774916
776174 776342
781307 782031
785960 786097
787111 789004
789561 789638
803202 803852
805268 805350
806041 806202
808177 808477
811350 812500
814292 814485
816094 816398
817833 818014
829697 829917
832584 834323
837231 837369
840407 840588
842890 843275
845499 845758
846320 848220
849021 849139
853241 854319
856213 857140
858426 858661
859494 859810
862227 862663
867421 869574
870434 870718
875078 875224
877519 879278
880733 882032
883522 883751
886084 887626
888558 890193
891341 891930
894795 894931
895575 896244
912850 912977
915643 915824
916825 917082
925960 927727
929384 929626
933585 933712
938945 940122
941060 941149
944364 944945
954976 955157
957383 957857
958791 958921
960625 960737
963821 964014
965176 966625
967382 969204
969884 970164
974899 975171
983772 984064
991027 991316
996397 996527
1000030 1000311
1001786 1001931
1005713 1005905
1008514 1009205
1012355 1012741
1022339 1022416
1024523 1024764
1025324 1025508
1027645 1027842
1028573 1030021
1032729 1032805
1033632 1034715
1042640 1043041
1045210 1046972
1049675 1050486
1051355 1051629
1056407 1056666
1063054 1063521
1064803 1068278
1069903 1070395
1071094 1071270
1079296 1080218
1087098 1087396
1094488 1096229
1097060 1097232
1100854 1100928
1104735 1105347
1110989 1111363
1114536 1115322
1119957 1120136
1123700 1123749
1137699 1137990
1141399 1141615
1144292 1144507
1145541 1145886
1148785 1149398
1155231 1155624
1157579 1159611
1164301 1165074
1166775 1167041
1168358 1169868
1171251 1171369
1177117 1177912
1180638 1180787
1183453 1183997
1184533 1185323
1187907 1188486
1198225 1198733
1199471 1199605
1203671 1203771
1204293 1204851
1205901 1206142
1210354 1212743
1215235 1215703
1218639 1218904
1224419 1224605
1230771 1230871
1233277 1233462
1235919 1236474
1238306 1239465
1240071 1240320
1247742 1247866
1249808 1249900
1252301 1252577
1253202 1257012
1257747 1258019
1261315 1261371
1261882 1262827
1263747 1264030
1268730 1269670
1271285 1271495
1272442 1273544
1274334 1274866
1278278 1279631
1280434 1281020
1285278 1286195
1286698 1286752
1289051 1292513
1295977 1297678
1300200 1300854
1301372 1302253
1305719 1305866
1306758 1307504
1315523 1315911
1319692 1320866
1324984 1325954
1335640 1336319
1337159 1338341
1342363 1342898
1347741 1347868
1358130 1359746
1360881 1361139
1372522 1375107
1379574 1379696
1382141 1382343
1382972 1383129
1384406 1384727
1386084 1387445
1387999 1388316
1389065 1389977
1390608 1392437
1395698 1396002
1396796 1398489
1399388 1400727
1401412 1401758
1405036 1405305
1411333 1411556
1413491 1413855
1421261 1421723
1426316 1426424
1426934 1427098
1429075 1429206
1433395 1433647
1440763 1441219
1441744 1441955
1442692 1443087
1443940 1444796
1446911 1447208
1448381 1449973
1451195 1451491
1461016 1461276
1465033 1465158
1466642 1467080
1468283 1470344
1474048 1474387
1474918 1476114
1477955 1478202
1478902 1480160
1481545 1481747
1486231 1486409
1489031 1489474
1491263 1492254
1495478 1495879
1505542 1505839
1506733 1507011
1508844 1509050
1509557 1509619
1517707 1518446
1519110 1521872
1525712 1525841
1528269 1529075
1532631 1532819
1536939 1537520
1538047 1538170
1538700 1539127
1540315 1541572
1542413 1543061
1552085 1552295
1559516 1560335
1570018 1571549
1572082 1572825
1575096 1575503
1577783 1578034
1582110 1582363
1584674 1584757
1588564 1589029
1591898 1592132
1593456 1593760
1601733 1602014
1603527 1603686
1605305 1605939
1610326 1610453
1618882 1619046
1620872 1621600
1625879 1626138
1628375 1629780
1631092 1633329
1638047 1639350
1640551 1641136
1641844 1642203
1646996 1648274
1650640 1651644
1653108 1653250
1660825 1661767
1667197 1667854
1669372 1669669
1670306 1670542
1672531 1672646
1675753 1676245
1677283 1677457
1678122 1678494
1680041 1680292
1686555 1687336
1691794 1692011
1697044 1697264
1701455 1702102
1702637 1702890
1709327 1709389
1710420 1710589
1711708 1711824
1714193 1714337
1717194 1717284
1720165 1720743
1723803 1723982
1730461 1730617
1732756 1733047
1733642 1733795
1736957 1737365
1741880 1742070
1745170 1745305
1746505 1746581
1749625 1749764
1750286 1751496
1754936 1755076
1759928 1761346
1769281 1769415
1775465 1776031
1782930 1783572
1785434 1785554
1788540 1789109
1790586 1791129
1798991 1802541
1806806 1807058
1812630 1813230
1821127 1821355
1825732 1825807
1827464 1830363
1833528 1834170
1835386 1835589
1841262 1842309
1843441 1845599
1846277 1846867
1855712 1855841
1860073 1860372
1861043 1861147
1866208 1866435
1873145 1873235
1884059 1884373
1886579 1886629
1892434 1892994
1893740 1893810
1908188 1908770
1912339 1912513
1917399 1917683
1921176 1921824
1926474 1928455
1931907 1932194
1934309 1934718
1937052 1937388
1937997 1938536
1950345 1950519
1954612 1954679
1959851 1960187
1960774 1961187
1963538 1963718
1967124 1967236
1969730 1969866
1971097 1972523
1978922 1979390
1980685 1981214
1989896 1990067
1999895 1999967
2004075 2004689
2008720 2009256
2010704 2011650
2013910 2015401
2019440 2019867
2021610 2021694
2023084 2023386
2027844 2028252
2029168 2029785
2031471 2032540
2033504 2034389
2035897 2036110
2043277 2043845
2044476 2044652
2047493 2048567
2052117 2052166
2058278 2058474
2059510 2059658
2066091 2068059
2069087 2070967
2073954 2075018
2077754 2078859
2079744 2080835
2082338 2082610
2095863 2096141
2099039 2099300
2100952 2101326
2102614 2103945
2108593 2109232
2112770 2112999
2123362 2123556
2128243 2128888
2129424 2129669
2137141 2137273
2138705 2139216
2142056 2142930
2145832 2145890
2146405 2146699
2150943 2151181
2152817 2152883
2160663 2160852
2161773 2163632
2177740 2178013
2180848 2181032
2182949 2183044
2184598 2184857
2189415 2189675
2191707 2191836
2192627 2192765
2193355 2194000
2199882 2200082
2205220 2205737
2216593 2216946
2218181 2219653
2225931 2226087
2229852 2230617
2231909 2233116
2233857 2234066
2239367 2239687
2240731 2241221
2243922 2244624
2245161 2245359
2246856 2247075
2253138 2254209
2265426 2265625
2268672 2269009
2270479 2270783
2272020 2272813
2275618 2275802
2286430 2286647
2288239 2291395
2293920 2294400
2296098 2296313
2300048 2300545
2303242 2303347
2304425 2305369
2308274 2308512
2309279 2309575
2310124 2310254
2310944 2311116
2313878 2314457
2314981 2315301
2317557 2319305
2319928 2320504
2321681 2322069
2325299 2325459
2327077 2327204
2327819 2328232
2338316 2339152
2341471 2341749
2343827 2344426
2349810 2349859
2351526 2351669
2354939 2355179
2359004 2359509
2370037 2370598
2373584 2373725
2379375 2379773
2384352 2386732
2392464 2392763
2394610 2394782
2395410 2395475
2396035 2396286
2396898 2397170
2405878 2407226
2409851 2411660
2414683 2414890
2415746 2415990
2420817 2421252
2426693 2426905
2430976 2431652
2432466 2433689
2434275 2436268
2442026 2442234
2448342 2448828
2455099 2455288
2457886 2458160
2460855 2461150
2462538 2463682
2470184 2470473
2471771 2472576
2479478 2479812
2481224 2481276
2485734 2485917
2498200 2498750
2508402 2508676
2513626 2513823
2514371 2516087
2521062 2521307
2522681 2522980
2530786 2531047
2539584 2539787
2544949 2546374
2547893 2548436
2558016 2558257
2561207 2561562
2563837 2564168
2570549 2571059
2572871 2574264
2575659 2575927
2576804 2577537
2578207 2578579
2579104 2579204
2585870 2587938
2595147 2595445
2606389 2609334
2614986 2615146
2616454 2616974
2618096 2619102
2623207 2623513
2631331 2632779
2633404 2635131
2635648 2636555
2641085 2641355
2641964 2643013
2646313 2646532
2648883 2649110
2657129 2657367
2662219 2662456
2668326 2668747
2671543 2672206
2672817 2672990
2674897 2675613
2678393 2678659
2680420 2680763
2682716 2682900
2688252 2689938
2691317 2692073
2697098 2697210
2697819 2698905
2699910 2700388
2701021 2702738
2711747 2712022
2715389 2715929
2717189 2719583
2721925 2722596
2724293 2725473
2735432 2736043
2739602 2739695
2743452 2743634
2748253 2748459
2754959 2755099
2755659 2759398
2764820 2765584
2766672 2767188
2768192 2768694
2769398 2770505
2771268 2771533
2777879 2778120
2785631 2785702
2799386 2800035
2805340 2805576
2812199 2812499
2816078 2816782
2823722 2823795
2824630 2824876
2825429 2825623
2828220 2829257
2829817 2830094
2832183 2832442
2833887 2833985
2840389 2841404
2843578 2843728
2844549 2845002
2848123 2848193
2851675 2852197
2854815 2855432
2856499 2857416
2857963 2858079
2860920 2862367
2864842 2865047
2865664 2865719
2869200 2869392
2869895 2870429
2873103 2873304
2874137 2874444
2875525 2876183
2879197 2879469
2881344 2882170
2883991 2884154
2885132 2885384
2887154 2887420
2891762 2892379
2896572 2897042
2907805 2908175
2916686 2916885
2918511 2918807
2923053 2923122
2927790 2927927
2928467 2929108
2929862 2930369
2933171 2933636
2936389 2936725
2950311 2950615
2951895 2952492
2953359 2953654
2954944 2957996
2962733 2963271
2965190 2965435
2970929 2971389
2973556 2973724
2978001 2978146
2980149 2980284
2981594 2982389
2988449 2988738
2990245 2990501
2991009 2991468
2993193 2993450
2994113 2994272
2995524 2997084
2999275 2999839
3000449 3000658
3003038 3005220
3007389 3008407
3009031 3009283
3013707 3014175
3014902 3015469
3018948 3019246
3032381 3032439
3034175 3034559
3037708 3038026
3039942 3040221
3042675 3043045
3045408 3045584
3048800 3048983
3055602 3055902
3059753 3059980
3073577 3074537
3075563 3075789
3077641 3077874
3079302 3079457
3082465 3085379
3092453 3092541
3098514 3098782
3100086 3100194
3111787 3111927
3114399 3118636
3127591 3127812
3130443 3131420
3133106 3133352
3136584 3136859
3141595 3142697
3145181 3145720
3148292 3148567
3151609 3152239
3152963 3153119
3154050 3155062
3155627 3155901
3156445 3156738
3158064 3158450
3159507 3160731
3166995 3168280
3169465 3170245
3180021 3180173
3186194 3187632
3189167 3189408
3190069 3190177
3197803 3197929
3198610 3198914
3201718 3201853
3208780 3209047
3210732 3211861
3212662 3212774
3219097 3219227
3220633 3221158
3234529 3234703
3237220 3237370
3238665 3238925
3244977 3245199
3257414 3257628
3261298 3261506
3274459 3274637
3276398 3276691
3280234 3280452
3283502 3283798
3285801 3286187
3296405 3296512
3299354 3299430
3302004 3303106
3304057 3305683
3308412 3309006
3313451 3313836
3315295 3315822
3317463 3317785
3322320 3322568
3323191 3324232
3326235 3326342
3331682 3331832
3332832 3332920
3340934 3341198
3344888 3345094
3346909 3347200
3348590 3348882
3351183 3352804
3354006 3354148
3355671 3355922
3356500 3357217
3359401 3360700
3361830 3365015
3366737 3368529
3370866 3371049
3371702 3371904
3372472 3372668
3374221 3374844
3375909 3377991
3380287 3381365
3385063 3385246
3388189 3388485
3390368 3390730
3391927 3392543
3399444 3399730
3400393 3400690
3408511 3408633
3416765 3416966
3418517 3419464
3420144 3420227
3423707 3427368
3428689 3428930
3433343 3433553
3434221 3435207
3437390 3438310
3443485 3445814
3448611 3449254
3450367 3450446
3455867 3456070
3461151 3461268
3467209 3468145
3468657 3468923
3480184 3484164
3484667 3484790
3492431 3492695
3497639 3499927
3500485 3500638
3504907 3505174
3509020 3509536
3518025 3518589
3522046 3522245
3526080 3526385
3529368 3529868
3530994 3531161
3534452 3534952
3539758 3540310
3541062 3542190
3542810 3542994
3554248 3554430
3558017 3558978
3560184 3560595
3563927 3564136
3572726 3573205
3573918 3574978
3576154 3576397
3577103 3577391
3578360 3578487
3580547 3581248
3583526 3584163
3592081 3592304
3593053 3593363
3599118 3599645
3604476 3604766
3605415 3605660
3615495 3616847
3619372 3620071
3620711 3622564
3623685 3625069
3640162 3640344
3642396 3642511
3647172 3647373
3652485 3653074
3654371 3655698
3656872 3657055
3657863 3658088
3658742 3658913
3660327 3660598
3666584 3667140
3668037 3668268
3680426 3680713
3684206 3684852
3685588 3685662
3689814 3690054
3692530 3694965
3695485 3695873
3698967 3699145
3701347 3701407
3703091 3703825
3709251 3709354
3713270 3713469
3715450 3715668
3719228 3719296
3727094 3727557
3728084 3728650
3736025 3736220
3739445 3740811
3745285 3745651
3749221 3749372
3750965 3751261
3758392 3758470
3759117 3759913
3760885 3761415
3762477 3763867
3764531 3765070
3773972 3774245
3776043 3776096
3783143 3783342
3800679 3801452
3808567 3809521
3812213 3812436
3814280 3814470
3820224 3820375
3821255 3822327
3823880 3824107
3828283 3829033
3829741 3829933
3832837 3833127
3836033 3836183
3837710 3837928
3838560 3838633
3839276 3840223
3845771 3846219
3847792 3847900
3850024 3850137
3851358 3851717
3852986 3853319
3859265 3859557
3862081 3862283
3873555 3873789
3880213 3881023
3885202 3885732
3888635 3890061
3892434 3893135
3895247 3895487
3906151 3906246
3909207 3909673
3918886 3918984
3920038 3920289
3922519 3922895
3923512 3923740
3926051 3927600
3932456 3932602
3940349 3940420
3941448 3941889
3942938 3943619
3944131 3945956
3946490 3946894
3949933 3950098
3955613 3955857
3958902 3959106
3962602 3962874
3964700 3965121
3968226 3968419
3972596 3972992
3978947 3979181
3992925 3993096
3994093 3994937
3996309 3996569
4006291 4006387
4007737 4008008
4010316 4010479
4014386 4015167
4018072 4018580
4027100 4027574
4034344 4034427
4035792 4037705
4038429 4038864
4039426 4040431
4041079 4041401
4046025 4046508
4047134 4047193
4048912 4049173
4051645 4051872
4053169 4053709
4057381 4059336
4061497 4061787
4066749 4067106
4069431 4069583
4071814 4071959
4077539 4079284
4079960 4080100
4080627 4081470
4085389 4085672
4086778 4086943
4088458 4089253
4090477 4090713
4091462 4091700
4093099 4093337
4094708 4094989
4096810 4097103
4099769 4100338
4101272 4101565
4102728 4102847
4106664 4107806
4108501 4108783
4112287 4116735
4117359 4117743
4121232 4121989
4123058 4124261
4125719 4125783
4129085 4129746
4136915 4137559
4151168 4151882
4154647 4155678
4156189 4157625
4159230 4159530
4160778 4161035
4164278 4166636
4167367 4167794
4171180 4171491
4174132 4178091
4178729 4178921
4182985 4184054
4186377 4187087
4195478 4195575
4196086 4197108
4198389 4198584
4201708 4202021
4202832 4202946
4206019 4206432
4207942 4212151
4212904 4213508
4220445 4220706
4223831 4223901
4246084 4246241
4248035 4248216
4251250 4251497
4252402 4252615
4253660 4255382
4258325 4258513
4261239 4262673
4268563 4269400
4270664 4271317
4272860 4273432
4281562 4282596
4284708 4288434
4289014 4289526
4292340 4293074
4294245 4294578
4302577 4303146
4304142 4304368
4310331 4310591
4313116 4313941
4316444 4316705
4318559 4319080
4325730 4326188
4328722 4329084
4331554 4331761
4333014 4333801
4340722 4340861
4342305 4342549
4349796 4349939
4353256 4353562
4354211 4355075
4356302 4356510
4363422 4363950
4364711 4365563
4366781 4367018
4371226 4371351
4371856 4371950
4373640 4373929
4378288 4378738
4382450 4382992
4383940 4384363
4389174 4390310
4397238 4397327
4407830 4408027
4419136 4420281
4423025 4423346
4424823 4425867
4429577 4429853
4433814 4434264
4445598 4445783
4447054 4447213
4448088 4448284
4452924 4453382
4457038 4457177
4460675 4460776
4462955 4463124
4463928 4464241
4467836 4468401
4476298 4476401
4482097 4483987
4484604 4485562
4488398 4488586
4492896 4493175
4494307 4496501
4498886 4499265
4499860 4500118
4503696 4503786
4511525 4511677
4512758 4515883
4519702 4520702
4525956 4526238
4527560 4528030
4528606 4530427
4531272 4532062
4536374 4536473
4536995 4537314
4539544 4539927
4540431 4540692
4542557 4542765
4543942 4545174
4545704 4547777
4558475 4559178
4563702 4564597
4567515 4567652
4572348 4572646
4573555 4574181
4575861 4575932
4576572 4577748
4582596 4583231
4588303 4589719
4590470 4590673
4592349 4592594
4593496 4593799
4601519 4602607
4604955 4605089
4607716 4608615
4611687 4612215
4613254 4613458
4616957 4617244
4625990 4626278
4627229 4627752
4628391 4628852
4629645 4630879
4632121 4632241
4637145 4637229
4639228 4639424
