Buchnera_aphidicola_Acyrthosiphon_pisum_ancestor
1 101
4665 5127
9978 10493
11402 11617
24541 24732
30595 30963
32615 32724
34968 35100
50216 50452
51120 51366
52985 53223
57780 58154
66797 66866
72898 73220
76175 76535
84374 84749
85443 85731
88822 89266
90145 90431
91194 91389
94916 95790
96637 96856
105316 105392
110998 111071
113032 113125
117902 118249
125652 126180
130723 130972
132490 132566
136511 136596
138667 138833
142618 143283
157950 158229
159213 159471
171182 171440
172425 173013
173672 173832
179801 180431
182700 183180
186724 186908
190474 190950
194063 194354
195811 196105
200595 200749
202664 202930
205389 205578
207526 207740
209712 209941
216346 216623
234244 234894
236055 236302
241583 241822
244437 244693
255613 255720
257742 257853
260658 260889
268952 269070
269722 270059
278314 278573
279641 280047
282180 282360
283352 283494
295692 295792
298913 299017
315113 315239
317467 318468
320205 320417
322057 322179
329423 329973
333051 333558
335415 335706
341495 341789
342358 342700
347334 347399
353383 353809
356097 356246
357277 357506
364612 364698
370567 370726
375484 375840
377485 377690
383791 384003
386593 386819
393490 393971
398700 398934
403253 403551
410848 411385
417487 417566
419138 419848
423015 423317
424363 424603
425761 425957
426609 426686
431346 431560
432764 433358
437587 439169
445531 445782
449124 449275
451267 451467
455963 456584
460519 460886
464459 464693
466839 467346
470779 470887
476726 477045
480074 480349
486815 487081
493868 494115
495053 495259
497113 497182
498698 498934
502320 502597
503594 503698
506142 506316
509570 509738
511105 511241
514639 515204
518885 519261
527712 527958
531705 532560
537818 538136
539041 539857
547831 547906
561826 561963
570888 571112
575215 575294
576749 577049
580622 580775
582576 582803
584825 585320
587956 588135
602397 602706
623326 623533
