Ecoli_0945_Taxon010_
15921 16027
16646 16925
19161 19482
44957 45353
54791 55106
70973 71076
77530 77821
79798 80069
91035 91197
93819 93964
119343 119563
149602 149726
151505 151645
159554 159708
169888 170191
203576 203861
212378 212491
227781 228190
235240 235443
258434 258551
369113 369349
376481 376764
392065 392172
416428 416690
457015 457352
490144 490312
502080 502390
503847 503903
504778 504878
528379 528558
556336 556576
565139 565508
584913 585090
596839 597069
659967 660228
666715 667384
685548 685602
691182 691556
701093 701264
703294 703438
708132 708256
727059 727120
796078 796369
797620 797693
827613 827717
855394 855620
873322 873423
897052 897253
926991 927191
936326 936566
949879 950085
964736 964793
969573 969785
987081 987388
1010267 1010466
1019186 1019344
1020576 1020668
1088629 1088996
1090501 1090828
1134221 1134514
1255235 1255285
1267609 1267882
1330209 1330441
1337802 1338070
1358156 1358704
1374588 1374937
1393019 1393443
1425838 1426058
1450544 1450689
1478657 1478751
1507829 1508084
1523738 1523933
1534622 1534718
1565875 1565965
1576461 1576786
1580269 1580356
1613903 1614105
1617114 1617451
1629180 1629325
1645777 1646380
1699663 1699725
1703343 1703599
1756032 1756335
1775841 1776204
1783830 1783899
1800717 1800870
1835689 1835815
1882275 1882477
1885631 1885761
1901795 1901910
1918958 1919259
1940046 1940136
1955267 1955469
1997144 1997242
2003708 2003901
2041427 2041568
2044446 2044627
2085060 2085379
2090410 2090599
2093568 2093804
2096515 2096738
2114483 2115022
2126971 2127413
2136600 2136726
2153625 2153986
2162601 2162691
2220244 2220421
2255242 2255568
2266243 2266705
2301234 2301335
2308787 2308866
2320856 2320910
2330334 2330555
2375186 2375424
2395966 2396081
2414990 2415290
2425584 2425691
2463847 2464145
2467794 2467976
2473599 2473917
2493986 2494276
2508746 2509224
2509924 2510055
2522630 2522710
2530467 2530621
2542371 2542542
2556118 2556272
2557877 2558070
2613126 2613199
2656270 2656626
2684212 2684423
2689718 2689790
2721908 2722199
2745648 2745864
2788082 2788313
2794594 2794833
2805620 2805877
2818655 2818748
2855532 2855756
2858651 2858749
2936768 2937099
3004855 3005156
3095455 3095519
3108324 3108469
3247365 3247493
3257926 3258167
3292100 3292227
3310980 3311183
3315622 3315700
3317927 3318207
3326592 3326772
3364684 3364779
3374701 3374844
3380210 3380549
3391885 3392107
3549425 3549963
3553852 3554105
3560257 3560627
3562896 3562985
3571907 3572149
3581882 3581970
3582897 3583143
3608439 3608591
3634676 3634964
3643291 3643479
3666702 3667059
3671831 3672014
3719350 3719653
3722174 3722424
3757183 3757307
3763031 3763224
3766619 3766754
3767918 3768035
3773215 3773558
3781710 3781771
3787346 3787585
3815393 3815576
3821958 3822206
3822933 3823049
3868392 3868633
4017808 4017893
4019726 4019960
4031544 4031700
4041878 4041970
4055317 4055475
4098886 4098973
4120314 4120565
4142359 4142428
4153021 4153134
4169752 4169929
4180600 4180712
4199753 4200394
4219349 4219570
4235249 4235371
4265982 4266357
4284101 4284262
4295146 4295226
4321800 4322188
4349197 4349323
4354801 4355445
4382294 4382362
4402466 4402577
4411479 4411750
4437202 4437513
4443389 4443717
4473737 4474245
4476576 4476776
4490805 4490889
4513935 4514075
4537968 4538066
4538740 4538869
4542488 4542601
4546208 4546344
4554314 4554385
4561539 4561761
4574921 4575219
4601048 4601563
4602498 4602837
4629102 4629299
4640464 4640729
