Escherichia_coli_O157_H7_EDL933_0995
1 15483
16084 30043
37116 62747
63546 63722
65318 67329
67831 68001
99037 99215
101852 102262
117746 118148
123275 138344
152180 156677
169671 170397
186692 203502
205179 205857
215669 215818
220050 236199
236794 236870
257799 260492
268494 268855
280762 280910
282104 286504
294418 294575
296117 296245
311651 332033
340685 351560
352110 356109
358898 366695
371264 371690
372335 389379
389909 441327
445135 459072
461848 469771
470297 488031
488555 519967
532677 532829
550570 559553
570087 571646
585346 586914
598840 609431
612195 641985
653819 660310
662567 706501
708648 741220
755642 762742
769320 769519
780529 780614
793856 794013
811448 811889
816432 816492
823970 845706
847728 855946
859194 859637
860377 862878
864526 864789
872693 872956
874823 875002
913659 930056
930679 943963
960183 966730
993545 1012334
1012881 1014243
1015846 1021956
1037488 1037609
1038453 1039137
1040094 1040212
1052227 1052513
1070885 1078393
1078903 1079116
1083375 1083758
1086615 1118524
1144360 1144897
1146122 1153059
1153698 1161201
1164242 1169196
1177446 1180976
1192679 1198227
1200094 1213474
1218253 1225535
1236559 1264477
1270366 1270649
1284977 1290174
1294065 1305164
1306854 1316662
1342202 1347643
1359793 1375823
1377390 1390343
1408257 1415883
1421351 1426132
1438127 1453912
1457878 1461344
1465648 1468434
1472051 1480867
1487633 1495647
1534072 1555306
1566062 1566242
1569695 1574471
1576120 1589959
1590552 1604007
1605068 1633470
1635294 1635444
1636006 1636372
1641578 1681195
1708834 1772849
1778880 1779197
1796322 1810115
1817048 1826296
1835070 1835342
1856178 1862204
1884281 1884644
1888844 1888941
1917703 1920526
1932438 1932731
1940974 1946960
1948094 1948415
1953217 1953338
1957957 1961445
1962567 1969011
1969557 1971131
1973362 2013171
2016840 2023054
2023653 2023751
2032345 2041686
2042377 2042559
2045266 2045391
2051173 2053177
2054233 2062515
2067994 2068228
2073581 2086994
2087643 2087732
2090591 2096751
2098099 2098258
2099124 2118121
2123227 2134212
2140008 2144023
2158631 2167710
2169664 2170213
2170735 2179267
2199741 2199886
2202047 2204111
2209816 2210161
2210852 2211774
2220783 2220959
2224235 2224566
2229312 2261466
2262607 2262852
2263974 2270934
2274768 2276104
2277146 2277339
2278989 2303092
2304583 2329317
2348387 2358409
2358943 2360191
2361282 2366293
2372617 2405580
2408954 2409106
2416164 2416309
2418061 2423961
2440729 2454218
2479639 2481931
2482485 2490316
2492229 2492326
2494412 2499019
2500198 2500335
2504793 2504861
2510098 2511038
2515242 2515417
2515918 2528332
2529036 2532464
2538264 2540337
2541684 2542411
2543024 2544903
2545404 2548031
2554440 2555494
2563538 2587121
2588726 2589490
2590972 2591230
2595294 2596948
2597464 2647865
2651251 2655449
2675276 2675769
2682503 2682725
2697755 2697836
2698347 2699490
2700156 2700271
2702424 2719188
2720614 2724154
2731443 2733832
2736320 2737831
2742878 2749793
2750718 2755408
2756148 2760443
2761455 2767117
2768764 2772254
2790827 2795335
2802230 2807185
2809092 2809365
2816163 2829656
2837570 2842770
2851609 2851729
2852237 2853295
2863665 2863717
2871283 2872848
2874139 2884625
2885674 2899881
2902599 2904777
2915046 2915289
2925033 2945676
2948628 2948866
2952760 2953019
2956337 2968292
2975868 2978897
2979471 2979988
2998940 3006738
3009140 3021085
3061218 3062869
3063507 3065929
3069023 3077786
3082450 3085112
3089919 3096343
3116585 3118668
3127834 3130430
3134097 3151615
3155026 3162186
3166384 3166575
3188410 3188542
3189060 3189438
3190013 3191411
3193938 3196091
3196784 3197022
3198010 3243049
3246187 3248492
3255459 3256589
3257141 3258423
3259167 3259394
3260054 3281774
3282329 3292306
3293037 3294980
3306554 3325375
3329405 3338059
3349257 3363636
3369052 3386962
3388674 3394072
3394655 3395016
3395559 3396964
3397685 3400192
3401012 3403530
3405345 3405605
3406158 3407783
3408600 3418386
3426188 3463387
3484028 3485250
3486762 3488142
3488732 3489581
3492055 3493032
3504214 3504486
3508489 3509590
3511184 3515502
3516319 3525365
3529167 3542772
3550248 3560138
3560654 3560988
3569595 3570280
3578885 3580598
3583137 3612334
3613106 3614053
3615434 3621390
3621956 3623514
3624253 3624475
3625151 3631043
3631908 3631991
3632710 3633178
3634401 3635087
3639372 3642423
3644910 3648333
3650978 3653880
3654897 3658533
3659066 3677362
3680067 3682422
3685661 3696275
3696880 3696962
3700070 3721478
3722198 3722551
3723055 3723307
3739691 3739827
3747953 3759726
3761237 3781432
3785191 3797314
3797961 3800099
3802423 3803555
3804138 3805433
3806673 3812222
3813487 3828653
3830176 3830688
3847803 3852130
3854970 3855376
3856923 3857060
3867012 3867539
3872148 3872564
3874692 3881295
3882184 3887437
3888730 3891038
3891868 3898096
3901642 3903053
3905380 3933420
3933927 3934685
3940076 3940266
3951347 3954347
3972325 3974235
3977083 3977336
3990053 4000906
4001688 4007945
4008657 4008815
4009534 4022900
4023439 4034567
4037938 4055130
4056969 4060360
4060988 4062275
4062817 4092137
4093912 4101955
4102725 4134761
4142827 4142941
4143493 4145539
4159344 4159479
4162933 4163131
4163677 4163732
4182961 4186535
4191423 4194817
4197498 4197960
4198774 4198845
4201941 4207829
4217469 4218407
4219533 4219600
4221105 4221299
4227666 4236883
4238584 4245668
4260758 4268915
4270312 4291652
4292284 4296547
4297169 4306755
4307295 4307903
4313571 4319743
4324040 4324268
4336664 4347383
4353131 4355176
4358274 4361086
4364365 4364459
4374867 4376298
4377315 4384233
4386505 4386702
4389776 4400603
4401131 4412620
4413167 4418865
4419743 4424139
4426682 4431829
4433018 4444225
4446254 4469185
4471549 4473412
4478984 4482442
4487217 4496960
4505382 4507233
4508501 4519525
4520624 4522783
4523858 4524719
4525473 4534171
4577746 4577880
4579839 4603535
4607184 4607662
4612299 4612559
4613983 4619538
4628568 4636786
4638367 4638467
4639240 4640143
4641818 4642876
4643705 4659005
4661118 4665614
4671182 4686200
4697417 4701329
4709999 4723300
4725325 4725652
4727043 4759322
4769967 4782742
4787793 4787922
4796482 4808005
4808595 4810957
4817329 4820111
4839890 4847794
4848305 4849624
4855011 4857970
4863043 4863650
4879841 4879986
4882685 4884000
4884881 4885731
4887519 4887827
4890779 4895165
4910630 4911378
4920690 4943056
4943800 4945155
4947969 4948377
4951242 4961813
4964911 4973584
4981374 5010310
5017983 5018032
5020519 5020709
5023793 5024054
5030472 5038970
5042628 5052083
5052714 5055594
5063359 5070081
5084003 5093509
5094046 5125854
5133210 5139887
5141408 5147414
5151905 5155203
5166476 5166805
5167583 5168437
5173231 5175140
5177892 5187576
5188299 5193248
5194068 5194190
5195677 5195920
5198035 5205466
5214103 5232641
5237128 5253622
5262434 5263671
5268327 5268546
5270199 5270271
5270839 5274765
5279821 5282623
5304331 5310033
5314284 5323505
5328556 5331116
5340840 5360790
5395282 5396152
5409554 5428562
5445390 5445605
5449504 5449647
5452800 5453146
5455456 5459546
5471451 5472360
5482431 5483461
5506381 5514191
5532453 5540968
Escherichia_coli_O157_H7_EDL933_ancestor
13930 14103
18335 18427
21555 21956
23436 23809
29462 48706
49397 53188
54236 63522
64931 77017
80502 102886
103401 108155
127113 136573
137116 175677
196244 205719
208111 212962
222083 253844
256531 261836
266296 282845
298900 303989
311302 312448
317105 317725
324682 338794
345445 348447
349580 349782
380185 387768
391207 391467
394488 395809
401833 406582
410489 421306
423038 423141
432049 452887
460194 469266
477683 477945
482666 482941
487158 487878
489757 492522
494515 494674
505973 516236
529121 537684
555293 562317
565630 566083
571756 574927
585425 591537
601873 601990
603093 609094
611855 634834
635752 638523
640077 644464
649050 655974
656670 674475
688384 688673
696577 696659
697274 716356
719876 725269
740185 753314
766700 768950
769556 777145
789128 789335
800510 800610
807793 812700
813270 813375
814174 815187
826668 835378
839068 839913
841400 841542
844609 849981
865718 877462
880299 880441
892962 893751
894593 896545
897427 900832
908587 917441
920756 921361
922684 928805
929483 933204
956555 986819
987432 1002395
1020328 1023250
1024918 1029795
1033948 1038523
1048227 1055222
1055815 1060603
1061917 1065350
1066249 1066668
1067364 1071930
1072629 1078078
1079043 1081432
1082522 1082761
1083287 1084861
1085578 1086412
1087343 1089607
1090158 1092510
1094644 1094726
1095535 1096715
1097262 1104917
1109716 1115722
1116724 1119510
1121378 1122895
1123500 1124490
1125897 1126041
1126808 1127935
1128872 1129510
1130447 1130778
1131339 1134225
1134800 1140424
1141145 1144273
1146943 1160305
1163471 1163775
1173239 1176749
1177448 1181291
1183536 1188636
1194007 1194322
1199727 1217098
1226834 1228164
1234661 1252333
1258359 1259763
1260819 1260944
1262068 1263788
1267286 1270895
1271403 1271723
1274266 1281752
1282965 1284553
1285188 1292709
1293707 1302815
1308826 1315168
1315692 1341252
1341780 1358037
1359379 1362020
1363027 1390742
1391632 1392090
1393445 1401992
1408443 1408585
1414920 1415162
1435759 1436003
1442755 1444330
1455703 1455877
1456719 1456846
1457904 1458054
1458773 1460078
1460642 1462442
1463397 1464257
1465314 1476945
1477674 1483563
1484583 1485751
1486534 1489006
1489518 1497306
1498486 1513567
1514973 1522286
1523014 1530491
1532534 1538468
1539288 1542730
1543922 1544527
1546313 1562232
1564108 1582310
1585773 1600111
1601069 1601302
1616572 1619077
1631031 1640817
1642299 1642817
1644799 1655735
1656256 1656487
1657149 1658770
1659310 1684531
1688864 1707275
1710651 1710877
1713349 1713595
1715278 1715387
1717124 1719341
1720115 1724502
1729615 1731029
1732450 1735266
1742595 1744760
1745408 1746669
1747186 1750432
1769390 1772314
1772896 1796181
1798454 1798693
1808311 1809179
1819642 1819789
1823903 1824660
1830514 1833775
1844296 1844368
1845108 1847133
1848333 1855029
1856049 1890480
1891423 1894313
1897244 1905424
1906018 1912990
1913493 1913858
1914464 1916623
1917292 1918418
1919543 1920288
1921233 1937711
1953530 1956188
1957269 1966377
1966922 1966972
1978572 1982541
1996871 2003551
2004305 2004387
2012767 2022840
2025483 2026877
2028608 2051217
2052405 2073375
2110176 2118081
2123889 2127967
2128524 2128848
2129905 2133684
2134722 2140137
2140691 2149845
2155619 2155749
2164689 2175625
2177033 2177238
2186125 2189698
2207106 2219755
2220489 2220709
2230376 2230534
2232907 2238123
2249631 2254228
2254793 2254915
2270106 2270271
2283808 2296778
2297348 2297825
2298393 2301583
2302141 2305214
2305727 2317118
2317620 2335168
2336042 2337539
2338054 2340376
2342339 2345988
2346654 2369892
2370508 2371682
2372205 2374951
2377071 2381980
2388404 2409559
2410929 2420203
2421405 2421489
2422691 2426405
2443876 2447224
2454447 2458681
2467475 2467599
2468811 2469249
2472342 2515532
2518806 2519065
2527304 2530369
2538393 2546047
2548688 2569040
2575966 2576099
2580093 2591045
2601615 2601732
2610351 2610427
2611408 2631690
2633837 2641742
2643033 2643202
2644743 2644837
2647213 2648383
2658886 2660160
2670232 2683384
2684871 2693897
2698253 2707446
2720154 2729656
2734437 2741132
2745560 2751902
2752438 2781564
2783235 2784999
2785548 2802741
2803284 2803614
2805055 2812313
2815672 2817279
2825746 2825829
2830064 2832311
2834061 2837524
2838912 2881327
2882923 2883059
2885051 2888602
2911028 2916767
2920682 2929032
2930045 2935577
2937832 2943387
2957428 2957594
2974128 2995016
2995624 2995790
2996375 2998204
2999743 2999831
3000591 3012502
3014271 3014585
3015576 3015748
3016440 3019079
3019592 3020635
3024314 3025036
3025706 3026031
3026565 3028003
3041452 3046151
3056753 3058706
3059228 3081800
3095589 3112506
3118606 3130986
3164050 3170174
3175385 3176673
3184588 3185269
3186488 3186621
3197609 3197739
3209848 3225504
3226103 3233718
3235610 3240600
3242758 3257511
3290051 3295123
3302233 3305552
3307088 3309362
3315492 3315577
3318785 3319008
3338073 3357200
3367003 3368944
3377335 3392668
3397069 3402646
3413767 3417907
3428052 3428250
3437324 3440091
3445725 3448924
3463086 3483438
3483963 3484026
3485520 3486498
3494881 3495028
3496335 3496654
3504322 3512914
3519480 3525294
3550204 3555209
3567110 3575022
3575914 3577070
3578206 3582651
3583450 3589780
3595453 3615528
3618435 3651823
3652386 3674263
3680090 3709450
3719619 3726504
3727722 3727982
3740345 3756865
3757370 3763618
3787488 3787615
3827462 3855272
3857597 3857853
3895089 3900095
3901373 3902997
3907155 3907337
3912057 3912146
3931241 3932824
3941188 3942068
3949086 3949374
3951513 3951666
3956889 3962003
3962851 3963018
3965559 3965668
3966548 3981362
3986463 3986585
4002595 4040820
4046083 4046223
4049034 4055068
4065030 4068033
4071537 4075123
4078362 4082555
4093176 4093312
4098540 4110335
4115316 4122063
4128222 4146124
4159277 4161041
4169977 4170246
4174403 4174631
4177327 4188824
4194887 4219805
4229813 4231584
4242374 4272254
4276222 4276578
4277793 4277920
4278526 4278575
4300526 4311258
4316039 4316264
4318144 4323378
4333952 4334449
4336391 4337804
4342092 4342247
4343768 4351914
4352452 4355491
4358887 4366722
4372060 4375417
4382969 4383408
4390157 4418542
4427814 4427937
4441958 4442037
4449843 4452709
4453292 4457782
4465782 4497330
4498720 4499542
4500929 4501026
4502764 4502991
4510004 4525228
4525828 4528874
4535991 4562481
4581416 4581708
4583593 4585232
4590563 4590704
4591342 4599518
4600021 4606996
4609306 4609428
4623008 4680521
4688841 4688943
4693459 4695532
4712419 4761120
4761713 4773927
4781538 4794679
4799515 4799894
4809113 4809190
4822708 4829497
4833129 4833284
4863691 4863960
4874100 4875740
4881662 4881806
4882848 4883930
4884508 4894482
4919148 4926538
4931746 4931911
4937439 4950158
4951321 4957812
4958362 4964821
4966420 4976914
4982079 4982241
4985690 4985997
4987010 5020060
5023835 5023939
5043082 5043560
5048536 5048629
5063376 5068574
5072901 5073656
5074337 5077850
5090798 5091047
5104422 5109571
5158896 5159019
5160784 5169772
5177552 5180358
5195982 5204434
5207358 5207532
5224740 5249963
5255041 5267612
5268173 5275527
5276075 5276304
5278868 5299797
5315689 5315996
5317087 5332965
5349975 5379790
5384487 5399364
5413392 5468736
5471349 5472534
5473121 5473720
5479171 5479253
5499270 5506522
5508588 5508756
5511820 5530126
5532514 5532694
5535931 5536245
5540590 5547323
