gi_556503834_ref_NC_000913.3_
1 1772
3190 8620
9436 20856
21540 29111
30622 38061
38753 42276
43305 45755
46460 46836
47988 49767
50313 52677
53688 58365
59360 65171
66485 70793
71224 78552
79929 86172
87728 90550
91696 92815
93731 116037
117731 120524
120845 122423
123660 128720
129053 130410
131638 135048
135509 137821
138734 171963
173116 176959
177546 180096
181453 186135
187228 212992
213728 216923
219103 222521
222979 228927
229007 231432
232711 236930
237010 260451
262204 271691
271762 272240
273079 290427
290634 315228
316054 317517
318431 325578
326438 337689
338595 341128
342372 350011
351920 353807
354847 355293
356527 361065
361842 370341
374262 374319
374893 381346
382318 383830
384310 386305
386865 387265
388097 394784
398078 405861
407617 410284
410830 412764
413566 421193
422107 424489
425290 436262
437087 450417
451861 455266
457351 466277
466598 466752
469256 479489
480789 487024
488096 493052
494992 495929
496604 502724
503279 506324
507869 512161
513147 517126
518688 529495
530085 532478
532959 545012
545952 547065
548293 555359
556754 558419
559554 560227
562105 622740
623781 630880
634337 672015
674287 680698
681665 689609
690731 693833
694275 699793
700390 707590
709976 710958
711959 727625
729203 733377
734276 735094
736218 739306
741697 765655
766740 771676
773855 785834
786576 790199
791390 795894
797528 802211
803332 805900
807298 822146
823063 825683
827122 827318
828477 840372
840993 843307
845646 858408
858914 875078
876034 877718
878481 880537
881841 939975
940324 951266
952416 969588
969896 975332
976461 981479
982123 984717
986140 1017380
1019152 1028798
1031533 1032137
1033596 1059122
1060747 1061703
1063333 1066704
1067198 1070261
1071508 1078392
1079059 1084756
1086609 1095427
1096997 1097252
1097533 1105372
1106734 1110133
1110735 1123137
1123762 1133173
1133586 1143182
1144087 1152884
1153595 1157354
1158082 1158626
1159392 1166347
1167836 1174450
1175067 1195443
1196056 1202420
1203428 1204603
1206986 1207978
1208506 1212204
1213394 1219397
1221070 1222950
1223483 1231474
1233079 1238295
1238852 1243411
1244185 1271666
1272621 1287536
1288153 1318212
1319046 1322553
1324491 1332199
1332580 1365608
1366901 1373308
1373832 1403565
1405984 1420051
1420993 1436452
1439663 1440610
1441129 1449656
1450021 1452663
1453693 1463065
1465320 1476605
1476928 1487200
1488038 1488535
1489080 1494883
1495612 1496694
1497504 1514386
1515083 1521081
1522203 1522585
1523387 1546546
1547077 1553525
1554389 1568408
1569197 1573671
1574207 1579373
1579680 1586062
1586413 1586760
1589311 1591605
1594063 1594877
1596633 1598979
1599783 1603808
1605476 1616192
1617556 1621561
1624366 1625228
1627394 1635838
1635995 1646724
1648423 1666279
1666692 1671844
1672878 1674503
1675902 1678731
1680053 1692014
1693034 1713445
1714497 1721376
1721700 1726956
1727970 1732388
1733221 1740872
1741339 1758930
1760054 1760190
1761057 1795293
1796785 1798380
1798885 1825925
1826842 1828229
1828739 1830360
1831624 1851740
1853749 1855150
1855842 1857862
1859192 1864556
1865033 1877296
1877740 1897270
1899133 1899959
1901083 1932192
1934305 1941312
1942253 1943078
1944215 1948331
1949030 1956076
1956862 1963018
1964881 1974302
1976503 1990851
1991421 1996455
1997364 2001933
2003332 2024007
2024628 2027252
2027743 2036981
2038837 2038960
2039367 2049677
2052066 2052481
2052788 2074806
2076502 2077742
2078262 2079093
2079924 2090147
2090929 2098138
2099206 2101181
2101796 2106356
2108228 2108306
2109525 2134274
2136556 2140820
2142146 2144614
2146016 2158460
2159007 2164670
2165234 2171887
2173341 2175515
2176800 2191899
2192486 2194344
2195626 2196881
2197992 2221531
2222698 2254564
2256107 2257472
2258816 2259381
2259988 2269427
2271078 2275144
2276711 2299945
2300964 2314367
2314994 2315642
2316838 2323175
2323789 2329577
2330736 2335738
2336399 2345095
2345433 2352610
2353460 2362433
2363625 2388881
2389824 2395364
2396414 2408885
2410009 2411728
2412163 2444692
2445494 2451148
2451613 2452634
2452996 2474852
2475356 2475747
2477370 2495695
2496742 2497490
2498226 2503166
2503760 2507478
2509364 2523653
2525072 2578748
2580285 2582257
2583184 2588243
2589137 2599943
2600512 2601409
2603859 2608425
2608860 2621459
2622926 2633164
2634581 2655765
2656604 2657036
2658438 2663261
2665068 2667068
2668424 2671816
2674273 2699971
2701196 2714358
2715311 2720624
2721688 2731957
2733011 2759182
2760007 2761774
2762495 2774874
2775966 2776980
2777308 2779367
2780069 2792932
2793693 2798864
2799304 2802709
2805090 2809614
2811067 2830183
2831776 2833673
2835155 2836807
2838647 2853834
2855863 2857208
2857760 2871875
2873670 2874639
2875348 2905664
2905899 2908150
2909476 2913448
2913655 2933343
2934029 2934872
2935564 2936070
2937244 2938015
2938949 2946064
2947140 2947384
2947468 2953722
2954617 2954688
2955512 2960808
2961851 2976333
2977659 2984088
2985121 2995900
2996423 3006948
3008243 3009972
3011263 3014774
3016300 3048692
3050446 3060804
3061764 3070080
3071704 3073169
3073699 3086009
3086904 3092933
3093683 3094568
3095634 3101757
3103299 3111210
3112350 3132849
3133391 3144519
3145430 3147112
3147684 3147880
3148931 3149715
3150652 3156827
3158008 3184750
3186262 3187054
3187546 3203967
3204951 3218424
3219437 3228216
3229132 3241700
3242234 3245632
3246711 3246831
3248545 3263512
3265166 3273773
3274860 3300295
3300847 3302350
3303057 3304935
3305898 3306604
3308463 3338956
3340688 3348359
3349949 3370822
3371570 3376152
3376955 3385814
3386541 3387897
3388420 3398346
3398928 3399677
3400874 3401928
3403317 3405563
3406701 3410635
3412063 3431771
3432917 3433910
3434227 3446152
3447478 3456985
3458608 3468188
3468624 3489509
3490403 3497672
3498051 3500911
3502471 3510230
3510864 3518990
3520199 3524855
3525408 3543151
3543466 3545928
3546698 3548899
3549720 3550336
3551839 3554706
3556266 3556945
3559305 3564251
3565043 3578995
3580811 3581796
3583503 3591605
3591906 3598247
3600066 3604767
3605770 3612139
3613985 3617974
3619309 3621273
3621763 3651421
3651995 3660724
3661651 3667358
3668058 3672659
3674567 3700105
3701285 3703223
3703971 3714211
3715128 3716331
3716764 3717906
3718353 3721821
3723771 3736123
3737229 3756647
3758303 3774323
3775182 3784745
3785159 3785442
3786809 3788070
3788993 3789956
3791024 3797016
3798398 3803808
3805010 3814632
3816662 3819480
3821088 3822126
3824227 3835159
3836647 3843800
3844631 3854114
3856519 3858325
3862820 3863534
3864807 3871655
3872297 3873791
3874363 3908888
3910138 3917014
3917834 3918679
3919770 3926919
3928171 3931741
3932824 3935624
3937369 3950296
3951502 3953759
3955282 3974299
3975634 3982057
3982612 3995056
3995837 3996096
3997109 4000582
4001957 4017998
4018823 4028059
4029120 4042894
4043323 4066831
4068462 4074465
4076268 4091568
4093968 4098896
4100329 4105350
4106369 4124347
4127379 4127511
4128016 4142159
4144828 4149422
4150465 4155452
4158918 4177985
4178510 4179075
4180547 4188535
4190281 4201122
4201885 4213586
4215219 4231104
4232417 4249861
4251097 4263259
4264263 4296112
4296325 4310069
4310727 4315692
4316703 4321246
4321955 4326196
4328182 4332011
4332763 4339635
4340363 4342966
4343390 4369168
4369922 4370099
4372394 4383688
4384537 4400961
4401342 4411777
4413372 4426952
4427854 4445378
4446797 4446984
4447869 4456469
4457572 4465195
4466483 4482952
4484199 4494755
4495335 4503656
4504764 4527729
4529422 4530746
4532563 4535352
4536209 4538904
4540593 4570459
4571965 4578702
4579615 4579937
4581394 4595567
4597452 4603211
4604248 4606313
4606664 4623090
4625454 4627425
4628064 4630751
4631577 4631965
4632496 4641652
