Salmonella_ancestor_Ancestor_
1 255
1192 1968
3461 3734
4426 4534
6049 7252
7992 8227
9130 9911
13073 13391
15393 15713
16841 17488
18176 18785
19707 19941
22429 22597
25909 26088
27320 27705
28264 28504
30899 31600
34165 36137
39079 39174
40781 40979
41895 42788
43531 44393
45573 45687
48281 49381
52888 53046
56214 56566
57767 57939
59139 59243
63386 64327
64872 66837
69831 70337
71933 72422
76467 76657
79903 80075
81508 81752
92601 92881
96664 97467
99224 100204
100788 100947
101493 101715
102741 102963
104320 104563
106681 106945
107691 107765
108437 108628
109195 109607
110823 111081
116813 117007
121634 122217
123082 123347
126684 126898
128783 129128
131274 131428
133777 133968
142061 142208
155849 156347
164272 164388
167065 167493
169018 169973
170783 171044
173545 173794
174406 174999
177145 177465
180459 180626
183201 183424
188365 188491
195752 196115
196933 197258
197926 198987
199625 199819
204765 205418
207533 207698
208570 209467
211980 212459
213241 214399
215369 215438
217172 218063
218581 218837
221043 221306
223584 223644
226606 227326
229668 230355
230991 231827
232977 233375
234190 234656
238257 238859
239438 239701
240452 240736
241629 241823
242640 243000
247768 248004
248706 248851
253853 254365
263806 264326
265898 266783
268151 268442
269081 269260
270516 270589
274136 274290
276888 277610
278302 278702
281421 281932
283658 283858
288905 294506
296181 296730
298403 298497
299184 299444
300124 300317
302274 302493
303437 303905
305185 305420
307969 308139
314716 315726
317207 317499
320240 320827
321456 321670
325388 325775
331837 332096
335900 336113
337105 337318
339830 340081
340976 341352
343285 344041
344682 344834
349243 349733
354822 356630
358443 358571
359115 359889
361291 361516
362869 363040
364474 365559
369353 370599
372544 374276
375849 376065
377734 378692
386651 386982
388315 389443
390560 391771
394395 394550
395490 396242
397343 397445
399038 399165
406095 406239
408696 409392
411809 411909
413579 413671
414337 414594
415257 415563
418409 419151
420945 421274
425320 425443
426463 426544
429968 430165
430810 431402
433998 434153
435978 437299
439205 439511
440028 441198
442436 443147
451949 452106
453339 453916
454891 455014
455855 456065
457376 457550
461458 461699
462306 462485
463645 464225
464726 464868
467715 467882
470079 470574
471549 471907
473914 474075
474778 475046
476769 478115
480868 481727
484923 485226
486518 486602
488184 488999
491090 491701
495841 495896
498924 499447
506161 506673
509161 509348
515298 515980
516525 516848
517650 517761
518898 519029
521148 522231
522916 523134
525614 525909
526476 527376
528995 529513
533613 533908
538096 538422
541244 541411
542993 543201
545044 545097
546085 546333
546898 547008
548641 548830
550636 550945
551525 551963
552518 552927
554392 554744
556000 556947
557944 558067
560519 561161
564172 564394
566401 566576
567156 567468
568589 568763
570970 571221
573112 574449
576698 576916
577600 577671
578280 578480
582480 582683
584161 584278
587785 587883
589376 589596
591029 591244
594413 594926
596905 597045
597889 598699
599449 599840
600501 600719
602897 603943
604833 605088
608320 608581
611616 612221
616654 616986
618534 618594
619432 619789
621263 621844
626086 626439
628373 628648
636537 636802
638497 638635
639884 641692
651174 651986
655404 655596
657625 658231
666532 666754
668947 669158
671164 671411
672188 672474
674766 675420
676158 676291
677431 677684
680499 681951
683031 683365
684124 684409
685747 686123
687044 688666
689316 689570
692162 692358
697671 697892
699368 699760
700584 700836
701690 702201
703879 705127
708725 709297
711085 711218
712250 712346
714436 714599
720473 720750
721510 722017
723789 724021
728273 728508
730433 730643
731884 732170
735177 735730
736346 736549
737695 737999
738600 738919
741449 741944
743093 744892
750145 750247
754151 754484
757272 757553
760416 760710
763034 763175
764938 765412
766974 767023
769320 769800
770855 772455
773000 773836
775318 775409
776055 776927
778246 778497
781482 781663
782651 782796
784089 785644
787894 788141
792245 792559
797115 797234
798697 798759
801558 801749
805935 807056
807557 807638
808948 809163
809668 810479
814997 815401
819541 819725
822477 822634
823700 823827
829980 830150
831136 831222
832015 832579
833456 833951
835154 835872
836641 837620
838845 839748
841123 841966
843399 843668
851060 851341
851901 851978
853387 853736
854397 854878
861954 862849
863875 864000
864919 865366
868264 868398
869539 869707
875042 875125
878706 878971
880008 880265
883465 884908
886969 887278
890470 890751
891428 891845
897234 898210
901869 902175
904224 904665
906828 907077
909869 910893
911478 912852
913549 913713
914381 915274
921868 922117
923530 923672
925251 925512
926179 927773
929173 929862
934789 935545
937630 937816
939617 939941
940666 940896
942300 942566
943518 944356
946297 946760
947553 947988
948760 948892
951560 952061
954001 954062
954892 955338
962191 962336
962944 963101
965140 965197
968191 968753
969538 969733
973565 973794
976832 977257
979787 979890
982201 982749
984767 985622
987379 988075
988717 989944
990888 991128
996769 997030
997538 997820
998520 999975
1000766 1000859
1002021 1002200
1005185 1005306
1010348 1011006
1014667 1015084
1020468 1020947
1023881 1024069
1024899 1025636
1027088 1027351
1028162 1028567
1032184 1032392
1034655 1035672
1037243 1037907
1041096 1041756
1042423 1042909
1043488 1043855
1045522 1045691
1046515 1047074
1048116 1048500
1049982 1050130
1052065 1052503
1053677 1053933
1060581 1061254
1062409 1062695
1064631 1065555
1069096 1069199
1071459 1072096
1075231 1075901
1076601 1076855
1077367 1077418
1078001 1078371
1088988 1089138
1091959 1092405
1093137 1093237
1098225 1098367
1099850 1106802
1108243 1112245
1114308 1114616
1115129 1115762
1116832 1117050
1119821 1120257
1121133 1121626
1122240 1122523
1127554 1129245
1130454 1130959
1134974 1135822
1136748 1137535
1138080 1138397
1139482 1139732
1140581 1141138
1142149 1142314
1143489 1143794
1150843 1151603
1155635 1155687
1158692 1158765
1162648 1162914
1163592 1163657
1166343 1166585
1173386 1173447
1175522 1175790
1176515 1176652
1178053 1179961
1181551 1181618
1184986 1185201
1185780 1185893
1191184 1191307
1192406 1192886
1193755 1193910
1196264 1196791
1198491 1198717
1202546 1202759
1203431 1203980
1204536 1204833
1205427 1205679
1212766 1212845
1213501 1213767
1214863 1214918
1215990 1216129
1218686 1219272
1219774 1220154
1221758 1221991
1223593 1223707
1224249 1224995
1227094 1227334
1232186 1232309
1234611 1234972
1235492 1235763
1236457 1236552
1237576 1238510
1240612 1240823
1243837 1244524
1245033 1245118
1248121 1248532
1249573 1249730
1250376 1251309
1252778 1253607
1254528 1254845
1255472 1255702
1265062 1265679
1267236 1267523
1268388 1268669
1271939 1272246
1273020 1274054
1274605 1275280
1276762 1277162
1278018 1278187
1279138 1279547
1282238 1282845
1283926 1284240
1287384 1287551
1288375 1288636
1289215 1289480
1290848 1291105
1293432 1294458
1295182 1295572
1298116 1298322
1299150 1299496
1303936 1304114
1305281 1305550
1306162 1306925
1307829 1308157
1308764 1308995
1311272 1311583
1312480 1312581
1313568 1313798
1317627 1317925
1318676 1319141
1322641 1322702
1333111 1333553
1337411 1337573
1338844 1339028
1342197 1342361
1346145 1346542
1350353 1351676
1353640 1354103
1356352 1356438
1357982 1358646
1361722 1361959
1362761 1363033
1365257 1366951
1368434 1368862
1370584 1371693
1373716 1373837
1375510 1375860
1377040 1377324
1381309 1382537
1383779 1384054
1387309 1387486
1389593 1390109
1395812 1396155
1399529 1399865
1400476 1400812
1402621 1403128
1404085 1404308
1406021 1406557
1408854 1409098
1414186 1414428
1415285 1415859
1418510 1418766
1421848 1422742
1423573 1424530
1429585 1430153
1431241 1431340
1432276 1432548
1434378 1434550
1435107 1435231
1435945 1436460
1442560 1442752
1443806 1443976
1446240 1446452
1447844 1448616
1452504 1452802
1456389 1456798
1457975 1458304
1466192 1467271
1469359 1469587
1470207 1470819
1472597 1473539
1474807 1475082
1477981 1478597
1482336 1482605
1484348 1484567
1485267 1485658
1487006 1487208
1487712 1487855
1494279 1494478
1495363 1495536
1500097 1500201
1500989 1501110
1503407 1503977
1506401 1506451
1508095 1508273
1511701 1512058
1513915 1514098
1515231 1515398
1520910 1521168
1522766 1523906
1524746 1524802
1526165 1527015
1532513 1533056
1533880 1534037
1535055 1535153
1537766 1538036
1541335 1541539
1546285 1546632
1547173 1547721
1548982 1549906
1551119 1551244
1554806 1554879
1556108 1557306
1560421 1560511
1561226 1561418
1564390 1564639
1565602 1565837
1566597 1566974
1568146 1568874
1569510 1569834
1572122 1572492
1573345 1574206
1574798 1575517
1577776 1577989
1580279 1580350
1584289 1584514
1585726 1586752
1588588 1589654
1591165 1591636
1592543 1592892
1593574 1593755
1594647 1594878
1596309 1596584
1597110 1597648
1602044 1602878
1608470 1608605
1609274 1609706
1611759 1612269
1615788 1615872
1617957 1618196
1623337 1623499
1625667 1625970
1626957 1627478
1629353 1629477
1631737 1632431
1633115 1633197
1638680 1639326
1639843 1640088
1640823 1640935
1649674 1649975
1651390 1652099
1652928 1653024
1654386 1656671
1657965 1658118
1659128 1660588
1663159 1664135
1665669 1666011
1667744 1667992
1669412 1669624
1671914 1672400
1673022 1674133
1674800 1675064
1675669 1675801
1678440 1678917
1680935 1681240
1683018 1683917
1685727 1685983
1687187 1687523
1689035 1689280
1691012 1691258
1691794 1692784
1696408 1696671
1698037 1698095
1698646 1699123
1700800 1701109
1701993 1702387
1704131 1704408
1707639 1708524
1709509 1709580
1711497 1711691
1713121 1713451
1718396 1718474
1719093 1719799
1720329 1721331
1723080 1723249
1729043 1729312
1732517 1732770
1737022 1737439
1741462 1741805
1742372 1742549
1745104 1745772
1752857 1753727
1754273 1754667
1755465 1755638
1758139 1758410
1759237 1759349
1766631 1767329
1768185 1768479
1771486 1771633
1773366 1773453
1774596 1774827
1775560 1775769
1779322 1779600
1782581 1782986
1783503 1783626
1784231 1784754
1786802 1787256
1788289 1788707
1789302 1790148
1790916 1791176
1791982 1792058
1793488 1793781
1794676 1794945
1795895 1795969
1797018 1797272
1799115 1799447
1802780 1803169
1809700 1810614
1813051 1813364
1814059 1814698
1817281 1818311
1819029 1819373
1821597 1822357
1826950 1827260
1828258 1828854
1830013 1831118
1832548 1832951
1840207 1840380
1842885 1843048
1844812 1844899
1846333 1846566
1847345 1848568
1850064 1850221
1850867 1851187
1851962 1852504
1854662 1854884
1859904 1861340
1865784 1865983
1866492 1866961
1869632 1869710
1873407 1873760
1876571 1877675
1878883 1879069
1883194 1883438
1886938 1887297
1889569 1889698
1895617 1896076
1896686 1897415
1898846 1899353
1901446 1901687
1903292 1904117
1904686 1905067
1913478 1913558
1916700 1917080
1918127 1918660
1920066 1920263
1921430 1922276
1923957 1924016
1924554 1924827
1929069 1929257
1930886 1931319
1932014 1932348
1933255 1933359
1937647 1938233
1938847 1939146
1946254 1946426
1948251 1948785
1949335 1950029
1952959 1954146
1956579 1957257
1958302 1958556
1960168 1960362
1963530 1963825
1964819 1964939
1965479 1965663
1966223 1967268
1967988 1968221
1971299 1971535
1972903 1973277
1973920 1974208
1977762 1977840
1978765 1979967
1981428 1981636
1983950 1984383
1986268 1986396
1996688 1996804
1997409 1997778
1999345 1999478
2000828 2001123
2003833 2004671
2005541 2006312
2008722 2008931
2010252 2010476
2014894 2014984
2016407 2016754
2018763 2019490
2020663 2021210
2023925 2024128
2027123 2027371
2029885 2030616
2031544 2031894
2033905 2034044
2034589 2034886
2035390 2035674
2036807 2037889
2039994 2040269
2040800 2040949
2043222 2043452
2043981 2044221
2045473 2046243
2047310 2049815
2050601 2050821
2055941 2056287
2063040 2063754
2068225 2068371
2069676 2069783
2070709 2070948
2075137 2075347
2076350 2076598
2082264 2082544
2084301 2084555
2085124 2085215
2086936 2087786
2090158 2090969
2094244 2094604
2095240 2096347
2099137 2099409
2100447 2100613
2102653 2102755
2103812 2103998
2104587 2105802
2108039 2108445
2110312 2110531
2113241 2114922
2117180 2117582
2119378 2119540
2124720 2124934
2125568 2126202
2126883 2127042
2131014 2131354
2133546 2135646
2136563 2136631
2137351 2137828
2139206 2139540
2141496 2142981
2146080 2146236
2150597 2151191
2152083 2152262
2152799 2153324
2154886 2155473
2158108 2158222
2159253 2159390
2162019 2162190
2162979 2163715
2166802 2167276
2168526 2169939
2174170 2175190
2176067 2176411
2177278 2177624
2181322 2181375
2182884 2183141
2183922 2184895
2188446 2188526
2189179 2189531
2192016 2192112
2197580 2197698
2198863 2199383
2202547 2202763
2204928 2205209
2207431 2209850
2210521 2212916
2217489 2218273
2218954 2219617
2223253 2223486
2227101 2228189
2229417 2229723
2230867 2231917
2234677 2234887
2238202 2238391
2239671 2240445
2242281 2242330
2242977 2243183
2244822 2244895
2247037 2247195
2248208 2248353
2249113 2250103
2260899 2261017
2261691 2262085
2269960 2270535
2271995 2272180
2274419 2274639
2275314 2277229
2278493 2278624
2279353 2279479
2286557 2286911
2287518 2287746
2289368 2289670
2294876 2295532
2297942 2298018
2299478 2299754
2305978 2306260
2308804 2309049
2310065 2310331
2311059 2311771
2315230 2315427
2315958 2316796
2318796 2319994
2320632 2321337
2322230 2322483
2326403 2328270
2330482 2330997
2334676 2335216
2336508 2336803
2337413 2337659
2338288 2339073
2339829 2339940
2341139 2341205
2343147 2343472
2344146 2344360
2344953 2345404
2348229 2349080
2349783 2353488
2355123 2355387
2355960 2356171
2358139 2358796
2361632 2361846
2362393 2362518
2364940 2365131
2365916 2366363
2367689 2370021
2373238 2373478
2376469 2376914
2380580 2380863
2381710 2383186
2383759 2384049
2384593 2385132
2386894 2387069
2404644 2404961
2405592 2406302
2406957 2407008
2409925 2410127
2411693 2411760
2415794 2416277
2417009 2417481
2420239 2420313
2421665 2422031
2429033 2429092
2434136 2434534
2437386 2437567
2447720 2448108
2450097 2450330
2452893 2453524
2454216 2454491
2455406 2455661
2456307 2456758
2457939 2458605
2461399 2461617
2464068 2464627
2466495 2466549
2470716 2471015
2471694 2471748
2474160 2474688
2475667 2476049
2476752 2477206
2479703 2479889
2481130 2481592
2482482 2482827
2484172 2484562
2486771 2487599
2490111 2490283
2491058 2491435
2492714 2492975
2496451 2496702
2498593 2499015
2500527 2500846
2502048 2502288
2503150 2505581
2507742 2507833
2508503 2508844
2509409 2509693
2511049 2511174
2511768 2512321
2513299 2514201
2522993 2523962
2525031 2525302
2527629 2527802
2529569 2529687
2530972 2532551
2533466 2534673
2535179 2535680
2538463 2538732
2543185 2543603
2544104 2544413
2545030 2546658
2548835 2549732
2553592 2553874
2554512 2555111
2555814 2555896
2556871 2556929
2557435 2558578
2559315 2559680
2565465 2565765
2567265 2567563
2569006 2569080
2571021 2571214
2572478 2573182
2573989 2574454
2579156 2579840
2581741 2582027
2582546 2583092
2584028 2584615
2585220 2586109
2587812 2588739
2591288 2591692
2595515 2596063
2597658 2598011
2599773 2600199
2605553 2605823
2607070 2608298
2610751 2610950
2618161 2618323
2619556 2619634
2623709 2623798
2624447 2624634
2626560 2627798
2630885 2631604
2632559 2633107
2634863 2635455
2637071 2637264
2637805 2638000
2639190 2639431
2641229 2641335
2643778 2644012
2647128 2648751
2649384 2649548
2650226 2651072
2651603 2652614
2655915 2656653
2657956 2658101
2658884 2659229
2660780 2661000
2661785 2661978
2663816 2664019
2666202 2666466
2668481 2669006
2670024 2670500
2673893 2674123
2675227 2675345
2677422 2678179
2687312 2687480
2688919 2689185
2690981 2691333
2694240 2694505
2698944 2699116
2701390 2702353
2703314 2703738
2704528 2704778
2707536 2708294
2711546 2711819
2715093 2715303
2715951 2716502
2722827 2722934
2724822 2725269
2726772 2727950
2735102 2736741
2737512 2738652
2739301 2739696
2744868 2745251
2746803 2747836
2751265 2751490
2752499 2752696
2754186 2754603
2759228 2759538
2761617 2763670
2764424 2764775
2765798 2765922
2771225 2771652
2773893 2774027
2775818 2776237
2778073 2778571
2779087 2779447
2781791 2782037
2784103 2784417
2785466 2785629
2787614 2788090
2790383 2791238
2793700 2794087
2794687 2794864
2795587 2799759
2800399 2805685
2806642 2807148
2809962 2810025
2815827 2816670
2818430 2819735
2822818 2823208
2824104 2824825
2826879 2828785
2829303 2832484
2834260 2835173
2839142 2839403
2840109 2840233
2841972 2843106
2844013 2844467
2845856 2846412
2849606 2849819
2851531 2851969
2853700 2855130
2858563 2858699
2860586 2860995
2862164 2862431
2865271 2865508
2866033 2866154
2866723 2867412
2868017 2868176
2869324 2869574
2876798 2878527
2880646 2881523
2884117 2884725
2888581 2888775
2889725 2890065
2890641 2891089
2891930 2892737
2893305 2893834
2894591 2894767
2895327 2896224
2897519 2897962
2900083 2900296
2902863 2903212
2904471 2904804
2906455 2907226
2910948 2911433
2913843 2914399
2918136 2918804
2919354 2919611
2920277 2921114
2922985 2923405
2927028 2928167
2931196 2932122
2933163 2933602
2934640 2934933
2936093 2936299
2938065 2938175
2940513 2940659
2942328 2942668
2944829 2945065
2945892 2946233
2948927 2949631
2951360 2951810
2952671 2952970
2959295 2959444
2960584 2960698
2961666 2962409
2965231 2965738
2966640 2967168
2970421 2970618
2971136 2971229
2974103 2974711
2976717 2977209
2988641 2989471
2990040 2990097
2991758 2992091
2992972 2993286
2999748 3000297
3004859 3005261
3010283 3010506
3015416 3015575
3016498 3016928
3021210 3021557
3028482 3029676
3031446 3031508
3033258 3033426
3034051 3034662
3036466 3036567
3037232 3037364
3038768 3038835
3041556 3041734
3043532 3043623
3045857 3045912
3048431 3048978
3049990 3050723
3054336 3054832
3059898 3060000
3062457 3063220
3065752 3066878
3068027 3068827
3069566 3069860
3075190 3075367
3076700 3077139
3077941 3078199
3078766 3079149
3080437 3081503
3086089 3086880
3088519 3088717
3090019 3090623
3092377 3092987
3095176 3095588
3099813 3100021
3101361 3101533
3103132 3103274
3106272 3106538
3107081 3107947
3108885 3109100
3109780 3109948
3110520 3111050
3111558 3111670
3112343 3112393
3117831 3118053
3121954 3122217
3124395 3124759
3126316 3126457
3127082 3127274
3127978 3128060
3130775 3131328
3132032 3132588
3133104 3133282
3134486 3134648
3137591 3138385
3145000 3145156
3146403 3147606
3152296 3153434
3154716 3154773
3157079 3157245
3158250 3159078
3162771 3162876
3163716 3164309
3168648 3168731
3169369 3170268
3171609 3171677
3172419 3172647
3174373 3174635
3175981 3176277
3176836 3177885
3179275 3179469
3180702 3181962
3182794 3183313
3184558 3184762
3191237 3191408
3191938 3192356
3193883 3194827
3196090 3197161
3197891 3197963
3198798 3198949
3205874 3206069
3210694 3211279
3215915 3216387
3217733 3218130
3223905 3224153
3228187 3228790
3229412 3229547
3232391 3232642
3233378 3233519
3235374 3235542
3247331 3247535
3249036 3249928
3251532 3252379
3253371 3253635
3257977 3258301
3260646 3261679
3262336 3262597
3265499 3265711
3267493 3268289
3270569 3271480
3273824 3274054
3281109 3281452
3283390 3283618
3284398 3284699
3293869 3294382
3296214 3296523
3297289 3298931
3300744 3301250
3303449 3303746
3305882 3306956
3308862 3309087
3310244 3311395
3312779 3313637
3316727 3317387
3318537 3318660
3320549 3320951
3323246 3323947
3324525 3325913
3326719 3327270
3329092 3329955
3334525 3334727
3337745 3338049
3339633 3341074
3341950 3343703
3345063 3346455
3352560 3352845
3354147 3354663
3355239 3355902
3359264 3360203
3367223 3367482
3370345 3370653
3372009 3372168
3373307 3374392
3376091 3376337
3378002 3378197
3379754 3380409
3385379 3385658
3386385 3386566
3392638 3392897
3393508 3393757
3395222 3395776
3397016 3397409
3400666 3401193
3402844 3403126
3405503 3406250
3407380 3408186
3408806 3408995
3410696 3410945
3414298 3415038
3416521 3416701
3428710 3428910
3430627 3430685
3431199 3431354
3435064 3436246
3436817 3437125
3438170 3438382
3439162 3440621
3443670 3443856
3449064 3449129
3449711 3449957
3451737 3452037
3455400 3455576
3457182 3457496
3458514 3458986
3461703 3461915
3462875 3463172
3463841 3464128
3468270 3469406
3474036 3474103
3474715 3475340
3476040 3476298
3477099 3477256
3482786 3483601
3486560 3487152
3487748 3488049
3490219 3491190
3492117 3492842
3496167 3496557
3497564 3497738
3499069 3499556
3500645 3500997
3503702 3503970
3507749 3509242
3509910 3510426
3514637 3514967
3516753 3517113
3519115 3521293
3524625 3525366
3525928 3526346
3528999 3529570
3533247 3535018
3535632 3535965
3537721 3538250
3539328 3539458
3541460 3541610
3542381 3543246
3543840 3544187
3544732 3545448
3546243 3548755
3549357 3550202
3551280 3551815
3552594 3553242
3555535 3555765
3558882 3559928
3566963 3572123
3573418 3574185
3575234 3575438
3576787 3576862
3577917 3579031
3581034 3581092
3581684 3581875
3586822 3587886
3589826 3590422
3590950 3591004
3593225 3593489
3598409 3598548
3599196 3599372
3602656 3603402
3604035 3605297
3606895 3607181
3608528 3608795
3610088 3610425
3613962 3615294
3619454 3619905
3621831 3621936
3625921 3626469
3631446 3631716
3635102 3635668
3636600 3636880
3638412 3638589
3639296 3639557
3645704 3646071
3653909 3655666
3656275 3656707
3658687 3659772
3661536 3661756
3664122 3664390
3665567 3665747
3666685 3667199
3668948 3669020
3669696 3669781
3672102 3672911
3677726 3677911
3678518 3678811
3681232 3682275
3682871 3683152
3684174 3684695
3689097 3689309
3690240 3690303
3694970 3695044
3699099 3699531
3700115 3700350
3704229 3704914
3706299 3706396
3707800 3708019
3709662 3710042
3710951 3711554
3714405 3714682
3715464 3716083
3719927 3720278
3725005 3725254
3728676 3728903
3729737 3730001
3730601 3733126
3735357 3736080
3738857 3739065
3739692 3739906
3743856 3744083
3747595 3748292
3755739 3756204
3758348 3758640
3761527 3761892
3763422 3764866
3770413 3771160
3772451 3772502
3775436 3775601
3778352 3779006
3783864 3784245
3787334 3787953
3789115 3789200
3791907 3792126
3795312 3797082
3798529 3799543
3800075 3800183
3801671 3802044
3804775 3805948
3806501 3806778
3808178 3808373
3809693 3810034
3811987 3812223
3813094 3813488
3816320 3816610
3817322 3817566
3823556 3824155
3825385 3825713
3829404 3829597
3831292 3831370
3834584 3834724
3835495 3835783
3840290 3840432
3842395 3842900
3843862 3844812
3847594 3848351
3852949 3853014
3860384 3861227
3862492 3862645
3864859 3866153
3868999 3869078
3869628 3869802
3875229 3875371
3875934 3876000
3881729 3882221
3883366 3883571
3886902 3887493
3890151 3890566
3892105 3892465
3894124 3894222
3895907 3896183
3896801 3897240
3902442 3903168
3905042 3905128
3906704 3907219
3908150 3908506
3910956 3911256
3912546 3912816
3914235 3914540
3915084 3915310
3916663 3916935
3917460 3918703
3919708 3919985
3920643 3921011
3925230 3926931
3928662 3929031
3931263 3931737
3937035 3937466
3939406 3940104
3943287 3943445
3946280 3946806
3950076 3950281
3953228 3954030
3956023 3956370
3957461 3958715
3960681 3961926
3962462 3962558
3965621 3966672
3973626 3974440
3976496 3976674
3980849 3981311
3983583 3983770
3988170 3988532
3992180 3992431
3993135 3993381
3994312 3995456
3997138 3997444
4001985 4002157
4005593 4006931
4008604 4009571
4010540 4011004
4013639 4013992
4015270 4015815
4017463 4018241
4020554 4020758
4023219 4023539
4025467 4031128
4032245 4033305
4036146 4036256
4037199 4037411
4040167 4040562
4041821 4042780
4043983 4044282
4045117 4045569
4048263 4048332
4049618 4050122
4053567 4054062
4055219 4056213
4057188 4057497
4060515 4061318
4063008 4063186
4066833 4067072
4068264 4068519
4074692 4074877
4078960 4079108
4081550 4081699
4082234 4082463
4090556 4090833
4092841 4093088
4096260 4096633
4100460 4100779
4102221 4102612
4104277 4104734
4105637 4105861
4106480 4106539
4108490 4108681
4110603 4110841
4111991 4117309
4117973 4118591
4119845 4120395
4124003 4124409
4125631 4126006
4127951 4128632
4130518 4130675
4134009 4134156
4134961 4135043
4143852 4144487
4145151 4145593
4156404 4156782
4157412 4157825
4158850 4160253
4164628 4164808
4165886 4166045
4166627 4168068
4169753 4170327
4172908 4173118
4181395 4181647
4182681 4182866
4183784 4183855
4184786 4184857
4186114 4186298
4186806 4187116
4189867 4190670
4192162 4192415
4193492 4193610
4194448 4194964
4195913 4201356
4206233 4206490
4207559 4207697
4208205 4208453
4209024 4209273
4211193 4212665
4219828 4220476
4221146 4221271
4222451 4222504
4223165 4224292
4224961 4225255
4230216 4231121
4233305 4233496
4235153 4235597
4238410 4239355
4239968 4240272
4241614 4241728
4244649 4245447
4248556 4249565
4251802 4252092
4252950 4253058
4255089 4255396
4257266 4258066
4263708 4264384
4265141 4265438
4268372 4268454
4271833 4271947
4272481 4272825
4277036 4277301
4278524 4278937
4279513 4280662
4281347 4281646
4284602 4285183
4286193 4286346
4288741 4290070
4290682 4291305
4299174 4299285
4300639 4300779
4301732 4302303
4302851 4302968
4303814 4304035
4306498 4306584
4307939 4308192
4309238 4309447
4312399 4313585
4314423 4314886
4317029 4317236
4317768 4318010
4318889 4319972
4333732 4335293
4338297 4338402
4339683 4340394
4345169 4345555
4346375 4346910
4348950 4349466
4350975 4356471
4359117 4359437
4360160 4360760
4361301 4362257
4362827 4362925
4364036 4365128
4368609 4369078
4371790 4372545
4373084 4373654
4374361 4374840
4377106 4377453
4378081 4379480
4380311 4380975
4382337 4383700
4386595 4387349
4388040 4388354
4391802 4391933
4392937 4393300
4395507 4395701
4398920 4399291
4412315 4412522
4414874 4420487
4421364 4421771
4423185 4423256
4424974 4425222
4426440 4426576
4427140 4428306
4429006 4429254
4431104 4431447
4432844 4433006
4434730 4434975
4435824 4436128
4440848 4441115
4444834 4445162
4445664 4445866
4447861 4448204
4450339 4450541
4451530 4452229
4452994 4453333
4453888 4454154
4459030 4459307
4463267 4463706
4467944 4468750
4469415 4469555
4475295 4475504
4478598 4478703
4483424 4483882
4485444 4485968
4486643 4486709
4487717 4488148
4489737 4490626
4492325 4492591
4494951 4495217
4497000 4497252
4502039 4504509
4505036 4505357
4507995 4508208
4509514 4509582
4511325 4511631
4513648 4514144
4514692 4515446
4516489 4516628
4518872 4518993
4521578 4521877
4522412 4522596
4523349 4525601
4526470 4526899
4529322 4529559
4532708 4533197
4536046 4536993
4537793 4537929
4539670 4540118
4541075 4541346
4541989 4542275
4553538 4553864
4554442 4554696
4556430 4556546
4557337 4558153
4560041 4560510
4567714 4568441
4570884 4570934
4572348 4572976
4574855 4575805
4581604 4581724
4583316 4583600
4584573 4584654
4586239 4586474
4590246 4590363
4592457 4592714
4593362 4594597
4595640 4596841
4605441 4606006
4612277 4612380
4613779 4614188
4616725 4618145
4620697 4621590
4622119 4622433
4624471 4624776
4626247 4627112
4628982 4629837
4630529 4631870
4634794 4634963
4635484 4635772
4640297 4640778
4642746 4642871
4644089 4644326
4644853 4645107
4646613 4646701
4648655 4648803
4651035 4651119
4653756 4654313
4654870 4656467
4660122 4660922
4661460 4662722
4663428 4663965
4664527 4665555
4666671 4666725
4670629 4670907
4673948 4674272
4674815 4674942
4677224 4677942
4678606 4678803
4681748 4681945
4682832 4682885
4683509 4683698
4684880 4685143
4686149 4686959
4692561 4693690
4695967 4696134
4696797 4697023
4699426 4699517
4701584 4701839
4702500 4702936
4704110 4704368
4705486 4705682
4706815 4707227
4708621 4708762
4709301 4709588
4710111 4710263
4711044 4711162
4712685 4713082
4715418 4715672
4716960 4717252
4720589 4720728
4721267 4721748
4725336 4726385
4726937 4727337
4730266 4730516
4733473 4734333
4735058 4735179
4735816 4736003
4736509 4737083
4740346 4741675
4742330 4742477
4743611 4744084
4746397 4746523
4748769 4748901
4749806 4749962
4751040 4751390
4752430 4752585
4753304 4753360
4753884 4755071
4756468 4757112
4760403 4760637
4776971 4777264
4778578 4778759
4780893 4781199
4781872 4782074
4785380 4785830
4786590 4786720
4787268 4787443
4789491 4790004
4790615 4790902
4796128 4796277
4802664 4803145
4805251 4806451
4809140 4809949
4812542 4812792
4816971 4817086
4817619 4818268
4818815 4819628
4820495 4820725
4822681 4822840
4824011 4824202
4826449 4826597
4828006 4828212
4829081 4829314
4832589 4833017
4833535 4833789
4834913 4835385
4838663 4839280
4840372 4840835
4843519 4843841
4847693 4847895
4854153 4854259
4855072 4855320
