gi_556503834_ref_NC_000913.3_
15486 15628
16353 16666
19895 20465
134559 134613
210180 210238
219966 220025
223564 228906
258007 258577
270638 271686
274054 275050
279262 280088
290540 291304
315328 315434
316151 316384
357575 357675
381357 382493
391749 392873
438459 438548
566870 567936
574659 575691
580408 580831
581363 581632
608034 609283
687945 688952
729901 730436
731157 731558
732089 733154
734247 735038
736482 737492
781676 781745
925806 925891
1049927 1050450
1094314 1095404
1097060 1097560
1269192 1270291
1287200 1287585
1288387 1288475
1299537 1300647
1396138 1397144
1432373 1434535
1466538 1466756
1468008 1469295
1470285 1470417
1528426 1529075
1531990 1532816
1552121 1552299
1635938 1636793
1650942 1651450
1663371 1663423
1978602 1979171
2066267 2067200
2069039 2070174
2101817 2102849
2170268 2171244
2289015 2290014
2304499 2304913
2514372 2515523
2521352 2521421
2726161 2731273
2759993 2760057
2818002 2818257
2996458 2997595
3003290 3003343
3130240 3131247
3164619 3164674
3186194 3187328
3198927 3198986
3365651 3366656
3423337 3428895
3470733 3471095
3583278 3584100
3619372 3620045
3620632 3621167
3621698 3622763
3624693 3625378
3652072 3653137
3666304 3667238
3708458 3708535
3762363 3765730
3767319 3767368
3772204 3772272
3866123 3866216
3941541 3946850
4035264 4040746
4166398 4171866
4176178 4177010
4207942 4213067
4295934 4296282
4325948 4326148
4498280 4499413
4507514 4508582
4520518 4520628
