Buchnera_aphidicola_Baizongia_pistaciae_ancestor
23827 23884
36297 36549
65993 66198
73609 73716
75537 75716
96561 96636
98085 98296
129126 129177
129697 129759
138059 138377
140162 140310
149417 149734
168133 168441
175596 175694
188619 188744
189543 189844
195874 196192
198708 199002
210566 210682
217182 217426
230640 230749
240961 241208
253926 254032
258213 258763
280875 281193
282683 282943
283456 283709
291916 293007
315086 315158
317367 317524
319453 319889
330857 330954
342972 343338
360020 360311
371182 371475
377920 378496
386627 386783
418847 418967
426330 426520
428231 428380
431006 431206
437368 437540
449462 449512
469742 469850
482589 483068
483914 484059
496267 496405
513395 513445
514939 515313
536412 536494
537657 537856
542839 542940
553324 553510
562998 563184
576793 576988
582937 583947
594357 594540
596524 596637
