Ecoli_0920_Ancestor_
43762 44037
60609 61015
65987 66085
82236 83247
91391 92426
134801 134905
179054 179325
199552 199640
208442 208510
235359 235621
239869 240110
246350 246597
257388 257656
281969 282190
285502 285629
294522 294870
359345 359420
370542 370591
377737 383072
389185 389370
413556 414616
418969 424406
467566 467816
470227 470335
548147 548230
548834 548964
550137 555506
563370 563703
602179 602322
619109 619175
644010 649257
690900 691058
803334 803458
824050 824185
825085 828298
839470 839715
853147 853464
877626 877761
923566 924471
937667 938675
955840 956128
965426 966290
968041 969098
1006462 1007278
1008856 1008922
1029992 1030547
1092464 1092650
1119719 1120363
1161912 1167278
1224148 1225153
1228666 1228943
1269919 1269971
1304063 1304215
1372960 1373166
1403487 1404591
1459557 1460496
1525285 1525599
1589432 1589536
1593209 1594334
1635259 1635389
1692571 1692864
1727672 1727949
1752035 1752258
1783160 1783391
1789672 1789894
1831592 1831797
1835920 1836211
1859531 1864679
1892026 1892242
1956728 1957233
1972674 1972867
2031058 2031108
2033748 2033841
2075285 2076225
2086799 2087149
2137932 2138297
2197527 2197834
2226416 2226734
2259940 2260161
2285849 2286305
2300446 2301786
2348766 2349042
2413204 2413682
2419475 2420536
2424632 2424877
2445680 2445972
2487957 2488899
2492429 2492559
2504662 2504958
2519263 2519521
2520413 2521685
2523604 2524529
2525471 2525646
2549938 2550180
2552872 2553108
2605456 2605900
2653213 2653586
2670221 2670390
2678858 2678936
2691015 2691307
2696983 2697198
2753932 2754210
2812857 2812983
2868988 2869291
2873691 2873813
2908879 2909014
2924269 2924426
2939354 2939775
2954011 2954434
2956055 2957755
2967936 2968300
2987117 2987301
3019668 3020018
3027457 3027868
3038536 3039010
3057988 3058454
3062441 3062708
3092824 3093074
3122403 3122623
3148992 3149260
3163103 3163319
3164574 3167332
3193661 3194666
3286819 3287170
3290204 3291322
3320456 3320557
3368439 3368496
3465753 3465996
3481527 3481771
3493244 3493744
3495400 3496461
3540496 3540877
3603416 3603723
3621019 3621231
3684583 3684645
3693551 3693752
3735184 3735466
3761946 3762187
3794468 3794687
3830260 3830610
3852663 3852928
3855805 3856413
3857650 3858657
3860368 3861167
3863940 3864015
3881380 3881644
3901852 3902755
3935597 3935808
3940470 3940526
3943227 3943314
3948739 3948987
3981552 3982698
3992959 3993199
4009220 4010396
4015113 4016119
4022868 4023934
4064274 4064795
4103346 4103832
4197931 4198997
4208313 4209445
4218708 4219036
4233129 4233229
4244400 4244596
4274502 4275476
4281688 4281788
4299500 4300264
4310791 4311529
4315850 4316750
4319142 4320159
4332227 4332797
4361954 4367240
4378313 4378426
4442848 4443141
4449546 4449942
4468827 4469085
4536341 4537488
4540015 4541320
4552496 4552800
4557237 4557571
4601414 4601557
4631577 4631797
Ecoli_0908_Taxon009_
19160 19482
60073 60407
64844 65148
80559 80702
110722 110942
115662 115920
256190 256303
264812 265105
283353 283749
309016 309116
346208 346404
369555 369883
498974 499185
503847 503903
506604 506691
512116 512364
556336 556576
564862 565348
685172 685522
707991 708256
754909 754984
796117 796336
828617 828858
855338 855620
897052 897253
906159 906221
969573 969785
987081 987388
1082114 1082208
1154584 1154641
1278704 1278947
1294478 1294722
1323253 1323621
1400335 1400697
1409141 1409361
1443120 1443388
1507829 1508079
1603503 1603687
1622504 1622868
1688072 1688350
1725158 1725315
1751510 1751632
1756032 1756335
1800717 1800852
1833624 1834041
1835689 1835815
1925895 1926268
1936710 1936879
1955308 1955600
1961276 1961491
1996877 1997242
2017390 2025767
2090410 2090577
2093568 2093804
2096496 2096738
2121030 2121205
2136282 2136527
2159252 2159544
2273525 2273801
2330334 2330555
2367400 2367707
2414770 2415275
2473599 2473917
2510231 2510527
2522630 2522760
2557877 2558070
2597264 2597314
2633418 2633768
2717580 2717785
2721908 2722199
2745648 2745864
2788082 2788313
2794594 2794816
2838546 2838769
2855849 2855979
3000724 3001017
3004842 3005156
3030951 3031103
3057321 3057425
3075923 3076329
3147205 3147263
3191172 3191403
3251240 3251446
3276617 3276894
3310881 3310933
3377223 3377644
3428191 3428377
3455867 3456090
3560257 3560812
3581882 3581948
3614551 3614618
3628759 3629004
3642436 3642753
3718182 3718470
3743829 3743964
3766619 3766754
3849732 3849890
4023866 4024009
4042574 4042657
4120150 4120391
4134188 4134239
4154713 4154898
4177379 4177629
4185399 4185752
4219349 4219570
4288395 4288470
4317582 4317650
4332532 4332803
4356452 4356540
4376196 4376458
4394394 4394662
4421745 4422133
4425277 4425367
4499959 4500365
4571960 4572082
4631029 4631127
4640471 4640564
