Ecoli_ancestor_Ancestor_
1 1396
30339 37458
45205 71264
83309 85559
91395 117353
120629 122083
131182 133766
143850 144120
145832 163608
195910 206198
217830 274733
294371 294481
327599 387908
422184 422589
424292 428791
450892 452457
465180 466693
478475 505563
550059 555547
576918 635652
640123 665241
669570 687477
695317 709725
711800 828636
924600 937627
938752 968863
1006663 1006768
1066048 1081439
1112646 1119619
1121112 1132710
1138175 1148684
1161951 1271416
1294737 1299418
1316167 1323619
1324727 1324955
1336665 1403424
1404709 1428774
1459536 1520990
1526466 1531095
1536057 1573867
1593168 1597611
1599895 1699270
1717523 1728934
1745382 1791926
1854060 1906881
2026316 2038848
2069345 2079230
2137580 2143257
2143782 2163730
2187125 2243710
2251713 2280724
2300800 2301813
2419568 2461598
2487970 2513000
2520782 2521761
2523560 2526609
2541521 2560833
2565477 2580832
2590793 2605894
2619311 2626644
2639315 2654046
2658137 2664455
2673135 2705711
2760421 2760653
2782566 2793078
2827073 2833146
2852008 2864685
2881478 2939907
2955912 2957487
2959131 2968739
2990315 2997305
3012770 3020079
3080320 3095415
3096579 3116317
3118688 3128913
3130600 3175796
3193638 3215747
3230211 3230465
3242936 3280629
3290183 3291196
3317356 3349359
3390335 3395989
3433965 3453374
3493221 3493401
3496423 3496505
3540313 3549652
3581203 3584993
3590386 3653096
3653997 3655248
3669781 3684957
3787546 3791324
3852187 3853705
3857632 3865192
3868638 3882886
3900045 3902881
3952194 3978939
4015128 4043529
4051832 4065019
4192681 4209489
4242273 4249062
4250818 4286017
4299508 4311587
4315764 4320208
4332184 4332841
4338018 4350517
4353789 4361797
4365533 4367124
4418110 4435104
4435856 4458868
4474440 4537506
4539971 4541363
4569734 4606127
4612029 4635040
