gi_556503834_ref_NC_000913.3_
1 86
66564 66648
213182 213262
223616 228597
258050 258598
270618 271684
274032 274152
279305 280034
290518 291324
340024 340115
381337 381884
391786 392886
525865 526643
566857 567957
574664 575654
578289 578419
580386 580831
581363 581872
608084 609274
687924 688914
701124 701178
730713 733183
734225 735023
736460 738142
780630 780841
781654 781767
1001207 1001264
1038817 1038893
1049855 1050403
1094322 1095422
1096961 1097141
1270092 1270625
1286704 1286881
1299630 1300620
1396175 1397166
1423362 1423492
1432641 1434659
1467987 1469295
1531846 1532721
1570747 1571725
1584452 1584502
1634526 1634945
1635916 1636815
1650920 1651471
1746512 1746592
1880074 1880139
1978645 1979193
1994900 1994958
2066434 2067222
2069018 2070194
2101826 2102812
2170251 2171837
2288996 2289982
2304627 2304935
2391022 2391083
2514350 2515540
2521028 2521443
2651823 2651886
2662308 2662398
2726346 2731226
2996438 2997614
3130277 3131267
3186173 3187349
3365629 3366619
3375378 3375451
3423540 3428831
3490247 3490298
3583505 3584053
3619287 3620526
3621324 3622761
3625048 3625283
3652109 3653099
3762479 3764237
3765544 3765752
3767297 3767505
3874837 3874910
3941525 3946872
4027511 4027609
4035248 4040723
4166590 4168137
4168698 4171843
4176156 4177032
4209703 4210022
4498883 4499434
4507536 4508602
4606106 4606326
4641585 4641652
