gi_556503834_ref_NC_000913.3_
223702 225738
228675 228928
257985 258599
270616 271684
279305 279855
290518 291324
381337 381884
391785 392890
525927 526643
566848 567958
574663 575713
580386 580831
608084 609274
687924 688972
729879 730458
731135 733176
734225 735021
736460 737730
781654 781767
1049982 1050468
1094322 1095422
1097038 1097325
1269170 1270442
1286963 1287071
1299571 1300622
1396118 1397166
1432351 1432665
1434347 1434659
1467986 1469295
1531968 1532721
1633027 1634945
1635916 1636815
1650920 1651471
1978645 1979193
2066253 2067222
2069017 2070196
2101823 2102871
2170246 2171351
2288996 2289982
2514350 2515540
2521128 2521443
2726139 2731226
2996438 2997614
3130223 3131267
3186172 3187349
3365650 3366677
3423336 3428917
3470241 3471117
3583504 3584122
3619350 3619410
3621267 3622002
3622515 3622646
3624343 3625400
3652107 3653159
3666282 3667260
3762479 3765750
3941670 3946872
4035242 4040723
4166376 4168137
4168698 4171888
4207920 4208000
4209703 4212881
4295837 4296060
4498883 4499435
4507535 4508602
