Escherichia_coli_O157_H7_0985
1 1201
5691 5938
7279 8023
10496 10654
12569 16886
17393 20643
21232 21349
23100 23262
26197 28586
30698 33757
34305 34647
36322 36557
37148 38457
40501 40578
44595 50224
52933 53672
54246 54545
55949 56091
58138 59807
62010 64295
65135 66921
68656 71391
72079 73481
74734 76186
80605 82196
85552 87827
88731 88800
89839 89933
91478 95607
98880 100641
107667 107838
108491 110188
117255 117391
119144 121265
127787 128695
129422 132707
134008 138027
143376 144826
145611 146915
151203 151483
155579 156817
158115 159025
160022 160610
161374 163879
164497 165700
171782 172805
175907 176251
179547 180355
180994 181293
181819 184335
189723 190359
191636 192237
193188 196225
198075 198404
199003 199169
199902 200305
200894 204557
208855 209124
209655 210629
211366 219248
220801 222723
223392 224019
224542 225468
226182 226865
227423 228310
229438 230065
230606 233050
233599 234257
236937 237141
237860 239210
239746 241450
242004 243693
246421 248208
248745 248817
255759 258732
264857 265280
266187 267790
269678 270927
275571 279536
283106 285353
291027 291124
295837 298721
300648 303111
303618 303898
304864 305880
309602 310057
312381 314798
318757 319367
320066 321573
325111 326337
329407 334794
338382 338510
340550 342585
344257 345444
346791 350211
350784 350994
354007 356990
357848 368956
372829 372966
381697 383851
388937 391048
392397 392807
393819 394892
397115 397347
399827 399959
400582 401873
403177 405007
406531 408482
409574 414490
415024 416851
419794 420729
421467 422654
426878 427984
428587 431664
433438 433662
435412 435464
437080 438919
442092 443747
444273 445245
445905 446122
450728 451062
452048 457239
459036 461375
462622 465935
467337 467535
468912 470379
472055 473538
474249 474594
475985 477940
478505 479291
483153 483621
484225 485055
489076 489307
492399 492679
493491 493597
496442 499828
500626 502645
503914 505416
506059 506312
507542 508300
509046 509248
510548 513535
514415 517770
521507 521847
523518 525635
526478 526781
527503 527671
528681 531227
531753 537421
538243 540178
545945 546835
547710 547872
549083 549745
550268 557141
558183 558375
562880 565526
566150 566530
567704 568793
570107 572293
573220 575460
578767 586161
587281 589088
595435 596934
597521 598687
599290 600303
600988 601186
603425 603486
604812 605389
606228 606402
607206 607584
610043 618637
619264 621651
623857 623945
625010 626077
630692 632058
634117 635622
637820 640132
641829 642231
643389 643489
649633 650909
656356 659263
661680 663150
665486 666505
667054 667537
668250 674104
675775 675873
676493 676975
680525 680819
682614 682862
683900 684111
685862 687179
687960 688161
689707 689902
691446 691860
692541 698068
698903 701007
701600 702217
703565 703975
704683 705182
705839 705988
707755 708557
717147 717456
724982 727191
728893 729040
732037 732986
734560 735403
738051 738571
740381 740629
741791 741971
742711 743197
745235 745930
748425 748997
749978 753251
754574 754772
756075 757343
758581 758786
759335 759519
760067 762185
765640 766465
767114 771133
771740 772139
774067 774488
776472 776807
777337 780313
782547 782625
783939 784426
791526 791700
792319 794465
795066 796229
798757 799094
799629 801133
808039 809081
810360 810537
811946 812899
814002 814645
817107 817216
818628 819168
821959 824468
825300 828149
828747 830585
835584 838301
842928 844825
845363 851152
853546 857077
859463 861748
862292 863253
865398 865594
866720 867292
869984 873776
877585 878048
881101 881707
889593 890369
890930 892366
897499 897860
900347 901551
902092 902320
903009 905276
905907 906191
907237 907829
909190 912241
912761 914049
914656 915681
916716 917345
918501 919553
920161 921670
922252 927663
929486 929633
933566 935781
936346 940657
941420 941598
944378 948035
950048 950621
951442 951631
958237 958527
959368 959567
962138 965268
966053 968301
969361 969745
970712 971421
973779 980688
981225 984979
989684 990451
991094 993386
994942 1002720
1005304 1006080
1008163 1012482
1015299 1015991
1019720 1021999
1023496 1023589
1024300 1028358
1030857 1031299
1031942 1032711
1035823 1036154
1046758 1048767
1050654 1051140
1052895 1054681
1055354 1061068
1061689 1061997
1062592 1063266
1064507 1066480
1067320 1068443
1069057 1069755
1071976 1075787
1076331 1076468
1079642 1081568
1082598 1086110
1087148 1088303
1090367 1091903
1093890 1096123
1096778 1100556
1101065 1101233
1102361 1102673
1103587 1104815
1106786 1108073
1109101 1111670
1112862 1121582
1124599 1124913
1125557 1127189
1127727 1128730
1130389 1138781
1140204 1141589
1142559 1142848
1144088 1146338
1146907 1147103
1147957 1148105
1148624 1148724
1152861 1157766
1158285 1162661
1163375 1163504
1165775 1167467
1168247 1172053
1173320 1173456
1174257 1175743
1178613 1178831
1182201 1182511
1183259 1186150
1191127 1191341
1198227 1199069
1204603 1205756
1208232 1211116
1215361 1215430
1219849 1220210
1222624 1223389
1226158 1226348
1228141 1228240
1228832 1229073
1231610 1233052
1233798 1234385
1234901 1235188
1237501 1238529
1239210 1239387
1240186 1240587
1241443 1241528
1242476 1243087
1244834 1245705
1246439 1247915
1248721 1248918
1250237 1250489
1251955 1255201
1256651 1257183
1260525 1261803
1262425 1262996
1264796 1264861
1265857 1268257
1270086 1271077
1272602 1276170
1279637 1280309
1280937 1282127
1282657 1283247
1287454 1287538
1291179 1291479
1292470 1295416
1304886 1305900
1309100 1309538
1314763 1315050
1316254 1316497
1318030 1320212
1320955 1323090
1324436 1324716
1325909 1331379
1333290 1334606
1336623 1336934
1337670 1343822
1344570 1344644
1345244 1345559
1349451 1351356
1352052 1353820
1354676 1355524
1356990 1357091
1360163 1360559
1361099 1366069
1367144 1367485
1369038 1369667
1370447 1370645
1371237 1371361
1372081 1372307
1373827 1374426
1374953 1380262
1382974 1383887
1385065 1386349
1387342 1387914
1388614 1389442
1391902 1393006
1394317 1399667
1400272 1400982
1404291 1404552
1405304 1405763
1407323 1407514
1409886 1410168
1410838 1413377
1413900 1414517
1415066 1415720
1418847 1419011
1419879 1420005
1423363 1424117
1426485 1428771
1430653 1434257
1434949 1435582
1436231 1438570
1439865 1440128
1443426 1448255
1449926 1453463
1454082 1456628
1457789 1458878
1459593 1461519
1465851 1466237
1466907 1467500
1468239 1472201
1473363 1475885
1479324 1481306
1482041 1482493
1483035 1484236
1487051 1488900
1489636 1490314
1498432 1502477
1503221 1508498
1509584 1511194
1512415 1514866
1517668 1519733
1523469 1525555
1528063 1528238
1528975 1531698
1535502 1540200
1541596 1543374
1548454 1549277
1552282 1552691
1553327 1555922
1558699 1562254
1564200 1564413
1566230 1567082
1567668 1568781
1574928 1574978
1576296 1576480
1578229 1578398
1581062 1583460
1589777 1592736
1593389 1595103
1595860 1597770
1598488 1600985
1601718 1602710
1608634 1611440
1616353 1619755
1621098 1622524
1623166 1625873
1627128 1627275
1628396 1628924
1630030 1634192
1636266 1636330
1636871 1637317
1637867 1641442
1642665 1643131
1643943 1645584
1653442 1653895
1655003 1657643
1658851 1662590
1664761 1664960
1666428 1669833
1670425 1671005
1674607 1675033
1678157 1681623
1684715 1686167
1689730 1689918
1692500 1693873
1695272 1695700
1697197 1697394
1699332 1699501
1701214 1701836
1704138 1704742
1705388 1707525
1708711 1708799
1709422 1710490
1711227 1711647
1712408 1714653
1715216 1716514
1717601 1721524
1723438 1723541
1726640 1727718
1730700 1742326
1742861 1743676
1744496 1744718
1750052 1750483
1751247 1752832
1753403 1753797
1754445 1754534
1755126 1759020
1759914 1764749
1767827 1767959
1773166 1773425
1774815 1782164
1782856 1784059
1786333 1786494
1787203 1787451
1789592 1794445
1795213 1796032
1798959 1799443
1801546 1803307
1805005 1809053
1813583 1814476
1817568 1817738
1819179 1823720
1824681 1827411
1827975 1829023
1829551 1830959
1838459 1839481
1840213 1840459
1841776 1847039
1849310 1850448
1850965 1852272
1856169 1856488
1857135 1857372
1861945 1864040
1866260 1871874
1874123 1875178
1881745 1883053
1886820 1887012
1888253 1890855
1891629 1896964
1897700 1897784
1898286 1898350
1898876 1900145
1900646 1902528
1903307 1905437
1906899 1909416
1912482 1914201
1915048 1917952
1920578 1920880
1924902 1927404
1930185 1931281
1932969 1933177
1933806 1935425
1936670 1938051
1938586 1939304
1939806 1942352
1945272 1946579
1947398 1947541
1948240 1949571
1950393 1950645
1951765 1961631
1962812 1963307
1966009 1966499
1967762 1968205
1969117 1969399
1970413 1973965
1974860 1978579
1979179 1979613
1981108 1981722
1982511 1982807
1983749 1984286
1988293 1989457
1998829 2001148
2001889 2002863
2003567 2006044
2007299 2009176
2017038 2019245
2020327 2022229
2024249 2024974
2029954 2030236
2031304 2031828
2036405 2036686
2038814 2040049
2040808 2041084
2042629 2043575
2047300 2050636
2051538 2058178
2059193 2059653
2067505 2067651
2068297 2070265
2071009 2072202
2073383 2073875
2074415 2079642
2083576 2083876
2092542 2093870
2097820 2097896
2098426 2098652
2099277 2100106
2100677 2101872
2108830 2109066
2110330 2123142
2128171 2128892
2129810 2130546
2132367 2135299
2137291 2137575
2139775 2140200
2140763 2147873
2148484 2153478
2157720 2159398
2160988 2161807
2163180 2163485
2164094 2164388
2168573 2168864
2169807 2169856
2172077 2177368
2177906 2179584
2180800 2180872
2181786 2182185
2182917 2183189
2185569 2188893
2189498 2190945
2192776 2192869
2197783 2197853
2201009 2201219
2202426 2203875
2212676 2213750
2216941 2217840
2220471 2223459
2224292 2224909
2225948 2227906
2232227 2236143
2236706 2236878
2246322 2247652
2248391 2248951
2252107 2254707
2255494 2255978
2257195 2258261
2262927 2264299
2264954 2265526
2269061 2272178
2272801 2273053
2274695 2275061
2279392 2279500
2280222 2280606
2281164 2281481
2282052 2282417
2282929 2283653
2288381 2288753
2293695 2294392
2301909 2304058
2308496 2309863
2310388 2312332
2313926 2314148
2315318 2315690
2316794 2317015
2319344 2322230
2323914 2324460
2326076 2327719
2331164 2335797
2337204 2339141
2342529 2343595
2345926 2346216
2347801 2348227
2356172 2358786
2360047 2360845
2361852 2363376
2364915 2369041
2375131 2375962
2380028 2380165
2383822 2384032
2389084 2389587
2391237 2394985
2397377 2398028
2398577 2399409
2399922 2400565
2403289 2403862
2406400 2406771
2409188 2411849
2412452 2413917
2414582 2416217
2417067 2417706
2419861 2420116
2421678 2423172
2424860 2425486
2430143 2430682
2434089 2436241
2436922 2436987
2442337 2442713
2443492 2443661
2444714 2445325
2445998 2448978
2449539 2450726
2451335 2451802
2452709 2453322
2459855 2460151
2463284 2463768
2466144 2470073
2471782 2471961
2474979 2475061
2477641 2481632
2482207 2486283
2487348 2487706
2488242 2488607
2489415 2489480
2490077 2493658
2499364 2499469
2499982 2500836
2504182 2508095
2510129 2510288
2513129 2513841
2514496 2517392
2517957 2521942
2525050 2525274
2525918 2527276
2528734 2531075
2532010 2534436
2536195 2538344
2541813 2544026
2545622 2545734
2546977 2547318
2549643 2551557
2552118 2555104
2558248 2560178
2561603 2565324
2570393 2570793
2575689 2577019
2578580 2589310
2590237 2593906
2596584 2596863
2599107 2599890
2602458 2606034
2608911 2609465
2610180 2610459
2611657 2612231
2612955 2613633
2614219 2614434
2616779 2617386
2622968 2624462
2626434 2626597
2627594 2628579
2629212 2629326
2630770 2631273
2632965 2634428
2637116 2641957
2642502 2646618
2648610 2651872
2652457 2652618
2653863 2657351
2658091 2658225
2659530 2661213
2663318 2663454
2664532 2670647
2671274 2671332
2672959 2675098
2676268 2680166
2680677 2684284
2684807 2685795
2694999 2695224
2697071 2698991
2699498 2702902
2705250 2706161
2706753 2708340
2709288 2709427
2710107 2711957
2712646 2715257
2716414 2716752
2717872 2718329
2719357 2720073
2720846 2723325
2723935 2724316
2725526 2726408
2727029 2727148
2727689 2728267
2732405 2734361
2735320 2735399
2738358 2738412
2739042 2739101
2739647 2745194
2746537 2754360
2755063 2758207
2758887 2761359
2765524 2767847
2768452 2768635
2770524 2770673
2771889 2771976
2772588 2772686
2773215 2776381
2778234 2786037
2786619 2788989
2792858 2793080
2794190 2795697
2796433 2798416
2799121 2799392
2801045 2801305
2802934 2809126
2809676 2811406
2815107 2817427
2822680 2823979
2827250 2832654
2834902 2835048
2836828 2837868
2838483 2840111
2842771 2844355
2845039 2845372
2846637 2850499
2851018 2852762
2854034 2864981
2865675 2866385
2867886 2868255
2871828 2874958
2876524 2877940
2878462 2878570
2879213 2879966
2881883 2884672
2886022 2886941
2888891 2889436
2890081 2890457
2890969 2894566
2895107 2895724
2902787 2904160
2907125 2909048
2909682 2910043
2912033 2913031
2913835 2914133
2915617 2916994
2922049 2923216
2923907 2925049
2925932 2926857
2927404 2928699
2933333 2933974
2938740 2939684
2940291 2940461
2942125 2942377
2943602 2945282
2946750 2946920
2949437 2949537
2952017 2953043
2954271 2954339
2957609 2962126
2962645 2964672
2965185 2966561
2967148 2968165
2968781 2969347
2969975 2970030
2970663 2974902
2980798 2981817
2982812 2984566
2985497 2985941
2986585 2988122
2988759 2992016
2992840 2993072
2993609 2995819
2996570 2997155
2997709 3000205
3004635 3005793
3006910 3010689
3013156 3014658
3015503 3016058
3017033 3019653
3021101 3021837
3022378 3023674
3025531 3026784
3029965 3032294
3033665 3037929
3038502 3039810
3042018 3042766
3043580 3045014
3045854 3046139
3047530 3049659
3050440 3052255
3056308 3056565
3058590 3061866
3062767 3064295
3065540 3065598
3066146 3069775
3070474 3070528
3071204 3071609
3074223 3076981
3077702 3079385
3080026 3082178
3083776 3085194
3086932 3087177
3087841 3088375
3088951 3089674
3090515 3091568
3101248 3101348
3101866 3104703
3105302 3109542
3111544 3115569
3117066 3117601
3120904 3121812
3122324 3128648
3129368 3129700
3130209 3131013
3133390 3133765
3135125 3136356
3136876 3141035
3141674 3141793
3142323 3143655
3144560 3144735
3145491 3146337
3147260 3147765
3151028 3151408
3153952 3154704
3155402 3160980
3162564 3162656
3163375 3163649
3166434 3166738
3171713 3172180
3172712 3174899
3179974 3180735
3183387 3183702
3189376 3195191
3195755 3201305
3202026 3204762
3205502 3207364
3209659 3218331
3221909 3222162
3222724 3222930
3227566 3227846
3228474 3228529
3229097 3231063
3231787 3231951
3232624 3233484
3234374 3237499
3239390 3240762
3242702 3243430
3246283 3248502
3249086 3250287
3251039 3256166
3256795 3257898
3258698 3260369
3260933 3261140
3263293 3267659
3273210 3273801
3278074 3280438
3281662 3281881
3283496 3283800
3284547 3284809
3285640 3286162
3288335 3289794
3290523 3290637
3292711 3293403
3293920 3294177
3294870 3295179
3298803 3302480
3304394 3304532
3306831 3307084
3312696 3314109
3314640 3315022
3315867 3316039
3316868 3319996
3320513 3321329
3323080 3323231
3327355 3329106
3329700 3332162
3337033 3342926
3347113 3352819
3353465 3358317
3359658 3361031
3361739 3364169
3365449 3367151
3367803 3368627
3369442 3370372
3371174 3371236
3374140 3375660
3377013 3382179
3383064 3383683
3385535 3387160
3389146 3389790
3390345 3390612
3396730 3398700
3399601 3401523
3402476 3405143
3408207 3413266
3415927 3416245
3416829 3419514
3420355 3420946
3422228 3423673
3426704 3427382
3430460 3431107
3431642 3432388
3433602 3434872
3435665 3435914
3437614 3438455
3438988 3439207
3439886 3440410
3442991 3443548
3447656 3447900
3448741 3449256
3450368 3450637
3451450 3452238
3454797 3456308
3457178 3457646
3459357 3460901
3461702 3463209
3463740 3464046
3465957 3468039
3470074 3470424
3473440 3475019
3475937 3478257
3478854 3479266
3480250 3480475
3482642 3482834
3486093 3488045
3490769 3491517
3493407 3495728
3497008 3498076
3498692 3499778
3500327 3501854
3504564 3506355
3507223 3509657
3511209 3513825
3514349 3514417
3517120 3520340
3520905 3521246
3522301 3522397
3523622 3526248
3527027 3528697
3530054 3530234
3533568 3533623
3534322 3537937
3538459 3540289
3541110 3541349
3542253 3542364
3546440 3546675
3549536 3550371
3552935 3553937
3556145 3557595
3564918 3565114
3566815 3568433
3568935 3572832
3574316 3574764
3575388 3579317
3579982 3581124
3581770 3583789
3585292 3588727
3589284 3593383
3594869 3595022
3596197 3597513
3598176 3602031
3602963 3604400
3605084 3609708
3610756 3610849
3614239 3616687
3617444 3617862
3618511 3618577
3619698 3619886
3620387 3620779
3621369 3622234
3623193 3624678
3625337 3626725
3627336 3628472
3628999 3629092
3629772 3630062
3630597 3630671
3631275 3635366
3636042 3636527
3637146 3643120
3647306 3648232
3648908 3654574
3656421 3658806
3662216 3662998
3667113 3667453
3668316 3670109
3671931 3673028
3675100 3676365
3677674 3677933
3680315 3682769
3683500 3684283
3685732 3686025
3688291 3689741
3692035 3692470
3694752 3695668
3696456 3698805
3699308 3701687
3702286 3710730
3711864 3713785
3714873 3715013
3716736 3716996
3718117 3718518
3720409 3720973
3721656 3722862
3723443 3724239
3729404 3733704
3736433 3738470
3739135 3739592
3742111 3742270
3743250 3743862
3746739 3747169
3747996 3748238
3748887 3749690
3750304 3750377
3752108 3753217
3753736 3754034
3754549 3755897
3757695 3759055
3759845 3761000
3764335 3764661
3767131 3768694
3770471 3771499
3779428 3781575
3782379 3782878
3791116 3794876
3797753 3799044
3799759 3799952
3800523 3802027
3804721 3804857
3807102 3807270
3814767 3816676
3817201 3820178
3820827 3822055
3825711 3825962
3832677 3833677
3834318 3834610
3835895 3836372
3838881 3839160
3843822 3844915
3845579 3847954
3851904 3852682
3853340 3855010
3855574 3856743
3858709 3860952
3862200 3863306
3863831 3863922
3866543 3867611
3868277 3868430
3873942 3876215
3884025 3886550
3887693 3887835
3889137 3890387
3890902 3895249
3898588 3900064
3900611 3900953
3902879 3904438
3907407 3908737
3909371 3911081
3911923 3912101
3912702 3917485
3918097 3921267
3922265 3924305
3924925 3926446
3930031 3931709
3932561 3935491
3936182 3938459
3940046 3941295
3943276 3943442
3944574 3944675
3945836 3946220
3949305 3950056
3953505 3953732
3955772 3956093
3958808 3959668
3962680 3962964
3968588 3968958
3969913 3970126
3970685 3976150
3976700 3977012
3977753 3979810
3982282 3982744
3989160 3990591
3991134 3993967
3994587 3996799
4000642 4000928
4003002 4003101
4003743 4004290
4006347 4007159
4010570 4011241
4012279 4013812
4015448 4015915
4016512 4016949
4017670 4017746
4018535 4019633
4020145 4023285
4024234 4026331
4027600 4028579
4033744 4037112
4040057 4041218
4042140 4042460
4053007 4053290
4054984 4056299
4060361 4060596
4061659 4063231
4064452 4067097
4068309 4073361
4074523 4074664
4076372 4076602
4077299 4077605
4078286 4078492
4079071 4079881
4080635 4081884
4082448 4088281
4089145 4090616
4091837 4092641
4093725 4104048
4104682 4104832
4106175 4108062
4108747 4108885
4111675 4113002
4113623 4113789
4115752 4118385
4121410 4121648
4125138 4125249
4125930 4128205
4130531 4133314
4137690 4137772
4142874 4145197
4146110 4146888
4147417 4153477
4154012 4154725
4155369 4155804
4156717 4157229
4158405 4158791
4160524 4160648
4161345 4161857
4162511 4164417
4166171 4167071
4167786 4169064
4169613 4169711
4170367 4171117
4171861 4172078
4172677 4172818
4177885 4178749
4179375 4180253
4180906 4181031
4184093 4188496
4190984 4192894
4193428 4195836
4196500 4196661
4199858 4199964
4201685 4203380
4204286 4205247
4212131 4212681
4214073 4214343
4215271 4218364
4225859 4226198
4226753 4231753
4234582 4234865
4239542 4240213
4241184 4243330
4246762 4247028
4248753 4249018
4249782 4249919
4251969 4254306
4254912 4255024
4255976 4256178
4257201 4259404
4260106 4263100
4263764 4265085
4265599 4266815
4268150 4269065
4271341 4272557
4273302 4274046
4274675 4274799
4275636 4276807
4277656 4279689
4285038 4285338
4286115 4286557
4290384 4290607
4294713 4300553
4306143 4306315
4308969 4309224
4311700 4312725
4314536 4314586
4322253 4332945
4334807 4339755
4348908 4350587
4351663 4355753
4358123 4358216
4361614 4362132
4362638 4362983
4372038 4374759
4377025 4378955
4379384 4380981
4382537 4383302
4389828 4393222
4394028 4394847
4395415 4396779
4398808 4400581
4402810 4403572
4404221 4404566
4406557 4406761
4408717 4408918
4416964 4417170
4418674 4420005
4420621 4425607
4426236 4427624
4428613 4433639
4437994 4438090
4438641 4441477
4442166 4443016
4443758 4447900
4448505 4449829
4450547 4450626
4451243 4454493
4455754 4457278
4459161 4462457
4462968 4463725
4467101 4467194
4468252 4472470
4473037 4473463
4476104 4480737
4481506 4482026
4483248 4484192
4484841 4485046
4486714 4489462
4491602 4494465
4495558 4496027
4496642 4497032
4497797 4499244
4502562 4503881
4504597 4507610
4508350 4509682
4512501 4515922
4517182 4518047
4522734 4525037
4526701 4527091
4527647 4529809
4533807 4535719
4542795 4542845
4543565 4545007
4546505 4549572
4556107 4556442
4560223 4560935
4561562 4562106
4565826 4568396
4570032 4570347
4572112 4575104
4577100 4581609
4583171 4584077
4584606 4588685
4591668 4592502
4596917 4597456
4598307 4598356
4602978 4603186
4603900 4604018
4605584 4605919
4612396 4612672
4614233 4615215
4616698 4617226
4617944 4618420
4619233 4619503
4620040 4622888
4623394 4626246
4627114 4628133
4634323 4635908
4642028 4644324
4644983 4647571
4649617 4653599
4654189 4654832
4656920 4659865
4660652 4663890
4665169 4668285
4668971 4671421
4671928 4672707
4673528 4673796
4674424 4676218
4677276 4677543
4678116 4679028
4682267 4685013
4685802 4685960
4686950 4690565
4691146 4691576
4692257 4692525
4693649 4694377
4695256 4697136
4697863 4698307
4698933 4699136
4700140 4704014
4705624 4709946
4710488 4712825
4716056 4717109
4719601 4720335
4721532 4723028
4724072 4724249
4725243 4725572
4726124 4726746
4727846 4728160
4728744 4729407
4732307 4738507
4739215 4743407
4744046 4745759
4748989 4749658
4755172 4755412
4761124 4766542
4767217 4768562
4769636 4769690
4774872 4775259
4777446 4778836
4782534 4783184
4784135 4784256
4784799 4786030
4789241 4790187
4791133 4791789
4794683 4799911
4801062 4805711
4806321 4806561
4807765 4808059
4809404 4810258
4813571 4815846
4816856 4819595
4821853 4827117
4827694 4830548
4831341 4832574
4833402 4834946
4835561 4836173
4836744 4837066
4837696 4838410
4838960 4839141
4839939 4840836
4842111 4843714
4845606 4845715
4846283 4847668
4849000 4849222
4849783 4855177
4857851 4858369
4859890 4859989
4861477 4863422
4863956 4866799
4868510 4868882
4869423 4869864
4870599 4871570
4877638 4878920
4879822 4886308
4889227 4889340
4890304 4891237
4892516 4892709
4893241 4893445
4894453 4894926
4895471 4895803
4898173 4898402
4900802 4901267
4901872 4902030
4902575 4904096
4906053 4906590
4909678 4909866
4912530 4913747
4915091 4915733
4917155 4920208
4924278 4926283
4929672 4929958
4930689 4931112
4932970 4933095
4936981 4937571
4938130 4938530
4939615 4940291
4943230 4944039
4948246 4950659
4953758 4954426
4956542 4957653
4958406 4960047
4960614 4960870
4962065 4962867
4963991 4965787
4966520 4967235
4968556 4968825
4973515 4973772
4976575 4977138
4978152 4978357
4979617 4986415
4986983 4987221
4991496 4993128
4993741 4994166
4996423 4999292
4999915 5004481
5005076 5005502
5006029 5008437
5008949 5009863
5014074 5014922
5015578 5015740
5019953 5020422
5021009 5024523
5025072 5025611
5027658 5032751
5033314 5033725
5038513 5039017
5040385 5040546
5044698 5044793
5045426 5046402
5047058 5048506
5049660 5050572
5051204 5052750
5053363 5054950
5055508 5055865
5056417 5056698
5057778 5059354
5060182 5063511
5064559 5069017
5070472 5071841
5073041 5075381
5077129 5078678
5081579 5083563
5085756 5087159
5087839 5089096
5089673 5090811
5093146 5093199
5093862 5095122
5095987 5096245
5097246 5102214
5102882 5103096
5104704 5105208
5109602 5109973
5111292 5113386
5114272 5114936
5115713 5117053
5121770 5127078
5127602 5128813
5129774 5130215
5131324 5132979
5136053 5136351
5140467 5143343
5143888 5144182
5144876 5146982
5151121 5152818
5153628 5154548
5155141 5160480
5168990 5171423
5172043 5172580
5173204 5173954
5175476 5177086
5180514 5181233
5181876 5182881
5195755 5199384
5201157 5201333
5203179 5206643
5212624 5218717
5219251 5219520
5221203 5221421
5222034 5222153
5227476 5228007
5229992 5234566
5238478 5238630
5239968 5240157
5242144 5242991
5243566 5244305
5246288 5247129
5249431 5253598
5256274 5261087
5261897 5262172
5263629 5266548
5267213 5269873
5270391 5271723
5278846 5279739
5282755 5282859
5286442 5286517
5287113 5288961
5289878 5290124
5295240 5295617
5296948 5298248
5299557 5305699
5306750 5309844
5313273 5313446
5315779 5323384
5325842 5326033
5327176 5327963
5329252 5330236
5331001 5331662
5335071 5338143
5340806 5346387
5349325 5350413
5351368 5355086
5355669 5360509
5361536 5366580
5368568 5375853
5377001 5378551
5379529 5380141
5384016 5384672
5385731 5385784
5387895 5389741
5390371 5391850
5398237 5399759
5402091 5403061
5403782 5403990
5404572 5405451
5406584 5407501
5409059 5409334
5411616 5413476
5413995 5415340
5417931 5419172
5419788 5420301
5421929 5422940
5427183 5428007
5429755 5432481
5434049 5434884
5435563 5437019
5438378 5443035
5445767 5445903
5446783 5447007
5449118 5449995
5450499 5454444
5456593 5457497
5463748 5464262
5466102 5467358
5472402 5474585
5475786 5477377
