Ecoli_0920_Taxon005_
1 826258
828125 1270345
1270460 4111800
4112472 4641652
Ecoli_0940_Taxon009_
193641 194659
210108 210641
239287 245003
314841 316428
381395 382410
462373 463916
575704 576408
692423 693146
1065551 1066147
1308364 1309785
1335098 1335643
1406663 1406989
2007941 2008379
2124559 2125764
2189459 2189571
2526805 2527170
2814470 2818599
2820522 2821562
3201333 3202550
3219833 3220963
3381734 3382147
3423152 3426414
3653425 3656832
3700598 3701055
3941717 3946771
3974660 3976373
4038028 4040586
4040671 4040980
4147878 4152806
4419843 4422143
4640202 4641652
