Escherichia_coli_O157_H7_EDL933_ancestor
202755 202992
226977 232189
273045 274009
345584 347703
391354 391467
618057 618172
618785 619590
664415 665145
807883 808778
809290 811357
814422 815187
896392 897407
920756 921221
1056788 1067111
1067676 1070763
1073120 1123037
1141145 1142579
1250102 1252175
1259657 1259763
1262358 1263741
1267396 1270895
1271403 1271678
1274266 1282085
1284025 1286379
1286894 1287554
1288131 1290962
1291484 1292373
1294068 1297202
1338141 1338682
1341795 1341876
1348023 1348947
1353167 1353301
1357354 1361358
1372966 1373237
1391702 1392007
1393465 1393683
1456939 1457159
1467355 1473164
1504677 1504777
1512710 1512822
1518286 1519532
1523146 1544416
1638341 1640717
1642279 1642795
1645613 1647837
1649701 1654212
1655387 1655541
1656256 1656324
1657149 1660460
1661136 1661875
1664011 1664419
1715278 1715387
1720055 1723080
1729353 1730231
1733233 1735239
1742595 1744720
1748618 1750028
1770749 1770971
1771540 1771792
1844296 1844368
1845113 1845799
1848317 1848618
1856049 1856400
1859973 1864519
1865157 1877338
1877995 1878972
1879557 1881437
1882510 1882637
1883242 1885421
1888234 1890528
1891295 1891552
1894144 1894313
1897244 1897330
1903482 1903857
1904576 1904659
1905855 1911591
1912092 1913417
1914925 1918008
1922979 1923461
1924418 1934851
1936506 1937333
2043683 2044439
2048448 2049705
2124079 2124220
2124783 2127685
2128784 2128911
2130040 2130366
2130962 2131722
2132953 2133971
2134722 2135686
2136343 2136565
2137999 2138547
2139062 2140137
2140691 2141001
2141341 2141502
2142604 2144225
2144733 2146857
2147431 2147870
2218608 2219655
2249631 2253268
2253770 2254228
2286972 2289129
2295929 2296526
2297800 2301268
2302361 2302848
2303447 2305214
2305795 2307116
2307685 2316003
2316777 2321511
2322032 2335006
2336182 2338142
2339732 2339838
2344382 2345988
2347251 2347340
2348025 2348157
2548800 2549856
2698253 2698975
2707102 2707442
2764407 2767795
2769156 2774523
2775662 2775800
2777077 2778817
2783845 2785005
2785548 2785781
2787166 2793605
2798672 2799029
2799574 2800147
2830064 2832311
2836451 2837494
2979193 2980306
2985143 2986952
2989532 2990228
2990952 2991818
2992493 2992762
2993292 2994279
2996653 2997600
3000619 3001731
3007721 3009605
3010663 3011607
3017297 3020076
3024314 3027831
3550203 3555209
3567193 3575022
3576949 3577102
3578455 3578680
3629600 3629879
3936799 3937091
3941300 3941933
3957057 3960281
4121093 4121963
4246393 4251436
4277793 4278442
4510004 4510416
4511626 4512456
4513218 4513447
4673789 4675955
4676959 4677099
4822842 4827872
4863691 4863882
4919181 4924364
5016600 5020074
5063476 5068474
5104453 5109571
5417555 5422534
