Escherichia_coli_O157_H7_ancestor
1 81
8582 8756
28594 28740
35330 35818
37591 37699
38573 41637
54403 54455
55700 57294
65997 66148
73746 73873
78639 78771
93818 93946
101715 101922
117707 117923
124924 125308
141662 141776
160167 160381
177328 177446
193875 194005
251838 252124
259329 259523
261186 262194
267696 267780
283428 283664
291661 291751
295885 295998
296578 296723
316136 316265
336002 336516
366790 366845
368252 368399
375813 375894
376679 383051
384327 384553
385082 386190
387344 388027
388671 389456
398844 398967
402475 402532
406593 407059
414398 414675
459904 464872
468148 468294
473426 473505
475351 475464
478495 478680
495243 495449
507660 507793
510457 510530
515460 515631
519187 519517
545774 545860
552078 552330
557646 557883
563581 563866
570772 571622
605036 605125
608949 609362
639206 639345
655181 655313
663676 664857
669324 669850
677663 677804
722105 722203
723869 724108
725087 726642
727314 728038
728611 729114
734758 735485
736352 736707
738502 738768
740995 741313
743249 744291
745869 747469
749099 749182
750752 750864
755695 756901
762398 763026
782682 789003
791434 791569
792275 792501
796436 796752
803585 803720
808837 808968
835279 835577
837295 837396
849245 849344
863251 864819
866703 866988
883846 885007
886639 886797
889589 889654
897268 897717
909511 909728
912766 912862
921021 921259
925294 925421
973243 973432
974352 974495
980080 980238
986170 986345
987955 988091
1022117 1022204
1032550 1035003
1036267 1036923
1041564 1044320
1045241 1046166
1050421 1051583
1052126 1056409
1065143 1065814
1067003 1073893
1074567 1078146
1096536 1096628
1117288 1118503
1120151 1120400
1121741 1121822
1134771 1135622
1141446 1141588
1147964 1148133
1149640 1149839
1164591 1164660
1171990 1172212
1190969 1191530
1200216 1200433
1214832 1215128
1221810 1222091
1223966 1224194
1226580 1227146
1229013 1229301
1229834 1230904
1252024 1252519
1253089 1255073
1255616 1257713
1264194 1264435
1265740 1265802
1267571 1269898
1270483 1270804
1271339 1272340
1273693 1275749
1276303 1277047
1278215 1280406
1281750 1287670
1288173 1293582
1295403 1302766
1303930 1304743
1307352 1307592
1311651 1311725
1312540 1315611
1316574 1316623
1317172 1317571
1321029 1322542
1323078 1325331
1329050 1329103
1338947 1339221
1340056 1340251
1344380 1344685
1350217 1351650
1352501 1353098
1355356 1356683
1360173 1360356
1361550 1362943
1363450 1368389
1369573 1371718
1372545 1384242
1385212 1386774
1387416 1387480
1388048 1391755
1393569 1393687
1400241 1400390
1402720 1402807
1415064 1416024
1424540 1425652
1426716 1426839
1448550 1449053
1457055 1457992
1458739 1459069
1471615 1471896
1514680 1516061
1525661 1525969
1549126 1549319
1561434 1561726
1579900 1580614
1605015 1605540
1606144 1607430
1642993 1643259
1646882 1647023
1738692 1738902
1741941 1742172
1757905 1758090
1807777 1807973
1808847 1810535
1811551 1812554
1814977 1815215
1817420 1817743
1818804 1819237
1819776 1828204
1829526 1839105
1839727 1845939
1846622 1850164
1850765 1854524
1855227 1855631
1858088 1858375
1861267 1861573
1865219 1865728
1867234 1867829
1870617 1874081
1876330 1884068
1884967 1885477
1886408 1892334
1894769 1894836
1898463 1898602
1901692 1901882
1910425 1911087
1924978 1925118
1932147 1932437
1959017 1959177
1960446 1960653
1967090 1967239
1981822 1982304
1999254 1999395
2001138 2001862
2004418 2005167
2005814 2006077
2006625 2007261
2021818 2021908
2031936 2032076
2096905 2097043
2103588 2103994
2191195 2193661
2197688 2197930
2200362 2203589
2204528 2209252
2210094 2211787
2213076 2213158
2213670 2213849
2214547 2215332
2216337 2219561
2221354 2225959
2229410 2229976
2237788 2237971
2238906 2241814
2245209 2245301
2253032 2253134
2259229 2259536
2269066 2269213
2270421 2272736
2275655 2276236
2276939 2278406
2281852 2281974
2283756 2284196
2291765 2292057
2306228 2306318
2313547 2313631
2320139 2320242
2325678 2325964
2327931 2328219
2329956 2330112
2333890 2334110
2335957 2336373
2336961 2338059
2338918 2338990
2339611 2339879
2341466 2341936
2348212 2349132
2349804 2351310
2352274 2353199
2353842 2354163
2355922 2356189
2359496 2359685
2360719 2360819
2362416 2362864
2364141 2365441
2393858 2393963
2402618 2403152
2405170 2418654
2421346 2423631
2425722 2428016
2429442 2433063
2435468 2435700
2447951 2449474
2471523 2471761
2499448 2499541
2507802 2508098
2510804 2511003
2514738 2514958
2526019 2527749
2539279 2539536
2542875 2546675
2547258 2547673
2549099 2549231
2554768 2554899
2557740 2557837
2570555 2570682
2593810 2597109
2600698 2601594
2609156 2609254
2621939 2622038
2669526 2669592
2673600 2673692
2679716 2679769
2695868 2696075
2700616 2700960
2707578 2717667
2720248 2721340
2722493 2723246
2724844 2725356
2726113 2730828
2732481 2736808
2738716 2739719
2740670 2742340
2744705 2744827
2752125 2754309
2788360 2788459
2820033 2820221
2847426 2847670
2851240 2851351
2870137 2870426
2875031 2875166
2887494 2887798
2898573 2898758
2936048 2936237
2959516 2959713
2973043 2973235
2992639 2992756
2993610 2994155
2995601 2996083
2997431 2997755
2999044 2999919
3009211 3009361
3011072 3011522
3013657 3014824
3016292 3016827
3019172 3023319
3032627 3032719
3094125 3094286
3101642 3102523
3105615 3109037
3115031 3115141
3124483 3124662
3136408 3136615
3139386 3139493
3174634 3174825
3199943 3200025
3215501 3215798
3228132 3228286
3234495 3234751
3241644 3241717
3243959 3244160
3251664 3252470
3253878 3254018
3266652 3266954
3271669 3271931
3287439 3287617
3288178 3288369
3297086 3298191
3299041 3299994
3311066 3311515
3321760 3322059
3326862 3326944
3358276 3358538
3366721 3366965
3412293 3412700
3431180 3431847
3442490 3442664
3451116 3451236
3452514 3452721
3456597 3457162
3461268 3461346
3479095 3479205
3488777 3489759
3497045 3497288
3505330 3505849
3511069 3511325
3516781 3516864
3525351 3525464
3526008 3526163
3533537 3533734
3536586 3536705
3543903 3544035
3549711 3549945
3556557 3556769
3566054 3566232
3569090 3571350
3581025 3581161
3606718 3607878
3609050 3609212
3613731 3614108
3621624 3621798
3644387 3645077
3646037 3646139
3646711 3648259
3650424 3650848
3655953 3656080
3670202 3670386
3683297 3683386
3688398 3693832
3698089 3698255
3702165 3702570
3718560 3718656
3737872 3738201
3745408 3745497
3756922 3757182
3761190 3761321
3793199 3793687
3799016 3799275
3801584 3801717
3821182 3821274
3837140 3837216
3856160 3856258
3885154 3887865
3984732 3985027
4008398 4008810
4009780 4010064
4022115 4022884
4026015 4026103
4031497 4031725
4056364 4056488
4067760 4067912
4068806 4069139
4072017 4072395
4093238 4093881
4098110 4098331
4112097 4112266
4114179 4114252
4121262 4121623
4135174 4135678
4153212 4153474
4154485 4154722
4157773 4157997
4165709 4165975
4178496 4178695
4182054 4182351
4192805 4193555
4198658 4198834
4219163 4219655
4222598 4222846
4239864 4239956
4253215 4253701
4263157 4263348
4304654 4305777
4306495 4309458
4316381 4321176
4330592 4330821
4335844 4335990
4346781 4346861
4348017 4348280
4367746 4373003
4377121 4377368
4387671 4387804
4395673 4395799
4399982 4400375
4401337 4404333
4408945 4413907
4419043 4419116
4436304 4436476
4440335 4440479
4456559 4460104
4464436 4464518
4466711 4466813
4476509 4476795
4487540 4487661
4492571 4492843
4535164 4535302
4536450 4536617
4544353 4544635
4552929 4558836
4562902 4562991
4576290 4576368
4591851 4591988
4595634 4595709
4599548 4599632
4600806 4600983
4603805 4603965
4613473 4613732
4632225 4634887
4637788 4637948
4639040 4639251
4649159 4654644
4658493 4658725
4724774 4724971
4747657 4747707
4770307 4770552
4816002 4816302
4840398 4840489
4855479 4855597
4856741 4857579
4859029 4867970
4874654 4874900
4881846 4884750
4912128 4912222
4922770 4922919
4937027 4937195
4938630 4939015
4952290 4952543
4980536 4981419
4984778 4984835
4990002 4990081
5013506 5013588
5021740 5021837
5028132 5028232
5030447 5030677
5033087 5033284
5034276 5034557
5063175 5063466
5065931 5066205
5075652 5075932
5086879 5086990
5087577 5108901
5123331 5123388
5125555 5125670
5154764 5154981
5156353 5156494
5170087 5170361
5173333 5173497
5177813 5178375
5191999 5192164
5198947 5199289
5224295 5230987
5232465 5233578
5254433 5254515
5268502 5268701
5278799 5278881
5279992 5280084
5296243 5296525
5315698 5315785
5317575 5317719
5348903 5349127
5353695 5354182
5360765 5360857
5403802 5403878
5429228 5429327
5455188 5455483
