Salmonella_ancestor_Ancestor_
63993 64225
65611 66512
289304 294506
335900 336113
337105 337318
424301 424368
507550 507671
574502 574780
586771 586886
635052 635195
819573 819638
829980 830557
980537 980681
999478 999808
1000766 1000859
1025116 1025636
1079609 1079789
1099756 1099977
1114308 1115600
1135535 1135822
1136884 1137535
1224285 1224581
1259269 1259624
1363468 1363662
1377563 1377765
1423605 1423899
1427761 1428075
1515717 1515923
1605967 1606324
1763293 1763513
1881374 1881465
2040812 2040943
2045802 2046243
2081254 2081420
2130673 2130855
2187666 2187966
2215037 2215203
2250502 2250749
2276330 2276610
2287387 2287746
2348937 2349080
2351548 2351733
2579319 2579840
2630885 2631029
2735309 2735402
2736039 2737017
2737751 2738038
2792336 2792616
2794655 2794786
2801106 2801191
2805613 2805685
2826959 2828785
2829303 2832216
3194306 3194827
3204481 3204591
3248646 3248801
3435407 3435591
3519177 3519409
3520795 3521293
3566963 3572111
3598409 3598688
3611529 3611774
3635150 3635668
3723109 3723362
3958534 3958677
4025621 4030759
4055540 4055779
4114075 4114260
4116728 4116871
4118102 4118173
4167127 4167307
4195913 4201356
4302981 4303350
4350975 4356406
4361401 4361680
4414874 4419981
4436068 4436366
4560041 4560510
4596673 4596841
4810612 4810663
Salmonella_0930_Taxon007_
93592 93643
259877 260095
346957 347255
476386 476755
531283 531530
719920 720100
736932 737171
884376 884519
1135772 1136025
1253057 1253302
1478522 1478677
1642772 1642882
1647610 1647794
2072208 2072488
2399887 2399967
2563939 2564219
2592304 2592551
2627850 2628016
2664518 2664649
2691212 2691394
2728794 2729094
2912671 2912837
2948467 2948558
3106330 3106536
3190634 3190854
3344089 3344446
3374257 3374459
3388360 3388554
3435398 3435692
3439554 3439868
3650038 3650393
3720258 3720484
3771498 3771642
3858598 3858778
3922979 3923122
4171469 4171747
4176871 4176986
4427739 4427806
4721333 4721815
4813771 4814036
