Ecoli_0920_Ancestor_
1 240
759 1002
23764 23909
26330 49054
63438 70086
82136 95390
127436 135945
158669 184395
194215 203956
225226 251481
256440 273752
280262 294883
296367 296537
307029 323960
331435 343983
344663 358281
358991 362815
369251 383333
405937 408522
413706 414739
418278 429480
431331 477832
478475 483097
484320 484652
488213 497130
503838 512558
513140 513260
516567 518743
520597 528456
534832 563379
579638 580225
580808 581770
582379 594241
596463 600531
601072 639928
643863 672533
690906 703488
705785 747219
749239 757669
766389 781811
806198 815193
820071 820243
823275 823445
824551 846715
851177 858257
868159 888695
889235 895817
898161 905217
908946 932189
932737 945910
950140 973051
975307 977998
998514 1014116
1020015 1036864
1048986 1071386
1073125 1091641
1095602 1095817
1101895 1138920
1144294 1158644
1161912 1179699
1185945 1194340
1208615 1208910
1224148 1225539
1238307 1243504
1245354 1245900
1269323 1277872
1280615 1280855
1281422 1304896
1311781 1322884
1323431 1326699
1332833 1334918
1355391 1370574
1371132 1424966
1445921 1455460
1459557 1472049
1475882 1483922
1484565 1530724
1534399 1535418
1542132 1549005
1551127 1575126
1579006 1581573
1590914 1594474
1602064 1645667
1649054 1649122
1653882 1661249
1664961 1666070
1667474 1680223
1689451 1689503
1690638 1693376
1698171 1701615
1702598 1702682
1709599 1716971
1720876 1743895
1759346 1759606
1766757 1778187
1781639 1781830
1782894 1783086
1822434 1822544
1828834 1830823
1832527 1833994
1835671 1836172
1859531 1869035
1878529 1912363
1916708 1918498
1925123 1928353
1950848 1954849
1967479 1969405
1970978 1977188
1978938 1980296
1999899 2003430
2012978 2021983
2037831 2038591
2040136 2041339
2066688 2069452
2075285 2081501
2082045 2087586
2093062 2121534
2138753 2163730
2175803 2175934
2182222 2182903
2188146 2203674
2205589 2236321
2243615 2246308
2251703 2251781
2258165 2269810
2270620 2271317
2282246 2282560
2285876 2287592
2300590 2308599
2311378 2311490
2323110 2344879
2353541 2387396
2401489 2433641
2448227 2460412
2476368 2482935
2487878 2506010
2513623 2514089
2517273 2522061
2523604 2548765
2549271 2551278
2565521 2576950
2586551 2590741
2605282 2620985
2643077 2643294
2653939 2654446
2658631 2680112
2682526 2682628
2693188 2742923
2744630 2744871
2771145 2774244
2796984 2797066
2808728 2812687
2837268 2837536
2839437 2839588
2840338 2860109
2860816 2864691
2865393 2875612
2881354 2881516
2902363 2906836
2914305 2943125
2948663 2948777
2954011 2954866
2955816 2957755
2965778 3005266
3018959 3020057
3023728 3023919
3038536 3038771
3051098 3097986
3099310 3099459
3113744 3118770
3122242 3122293
3124701 3139104
3142376 3149825
3159585 3163503
3164573 3168294
3193484 3194666
3200072 3200353
3210228 3210450
3217585 3221658
3233209 3247580
3254271 3254386
3256090 3267625
3268204 3280059
3283953 3284138
3284845 3284950
3290098 3291211
3297944 3299931
3320418 3320557
3321178 3321282
3327632 3330990
3333222 3333725
3338477 3347614
3351481 3365854
3383183 3391282
3398574 3405146
3405689 3408128
3409094 3417946
3432637 3436280
3454353 3478230
3483937 3484164
3493391 3496621
3502366 3503769
3504365 3510987
3512061 3513364
3537924 3538330
3539912 3542482
3561915 3565038
3565668 3580792
3584505 3590774
3591406 3613474
3625534 3630387
3646679 3646806
3652825 3653173
3655279 3655427
3664855 3671165
3678064 3702193
3702760 3705382
3717884 3718073
3722881 3732383
3752604 3756965
3760639 3778447
3781229 3788989
3789523 3799526
3807024 3807261
3808326 3809187
3815519 3819964
3820467 3827451
3827962 3830873
3831406 3839625
3843064 3850837
3853296 3854640
3855805 3856557
3857650 3858657
3859218 3859650
3860270 3860955
3866461 3866548
3868918 3886581
3896598 3903222
3926385 3931783
3952664 3952814
3957293 3974108
3978792 3982698
4008171 4010396
4015101 4035393
4038438 4038699
4053014 4060177
4062170 4062408
4063989 4064795
4104412 4113572
4118455 4118732
4121024 4130980
4141404 4141703
4150804 4150950
4153951 4167707
4170971 4184215
4185192 4185294
4197931 4201631
4207276 4209451
4211688 4213891
4216721 4216842
4233059 4233350
4238197 4240987
4252857 4293013
4299500 4300264
4303248 4304517
4310791 4311634
4314006 4316750
4317813 4320259
4322858 4322985
4324622 4327904
4332253 4349988
4350778 4367298
4370440 4371095
4386127 4386917
4425881 4426275
4443951 4453180
4456926 4476593
4494579 4516269
4522231 4524388
4525986 4532150
4536341 4537488
4540750 4541474
4542576 4544678
4549811 4549990
4550787 4551016
4558778 4573112
4573721 4575824
4583513 4584998
4585546 4589237
4606183 4617317
4617832 4622171
4625287 4638634
Ecoli_0919_Taxon020_
1 240
759 1374
3633 4605
5131 5296
11395 21893
24428 38178
55069 62099
63309 63416
68713 85228
101416 104332
114279 114364
126418 126541
128612 128971
133978 137789
148217 219609
220464 228897
257967 263162
265973 271662
273091 275069
276898 282490
283029 286383
287443 297036
315198 316402
337709 337947
338618 342448
343156 349826
351974 367333
368440 377023
379668 382493
383628 389225
391716 406624
419703 422997
436619 453015
453662 460327
470190 472349
473291 477323
484443 484677
486492 530527
537890 554892
566775 567936
574613 580357
580931 581400
582733 609252
612135 616596
628203 628277
633611 642423
643070 658921
664519 688952
695370 705434
708588 708678
721986 731586
732089 740086
748319 751468
762942 766493
776428 792140
792681 796449
801010 804484
815663 815822
822249 823348
823946 825242
843571 852398
853023 855639
856174 859364
871159 885755
903813 903926
904581 904721
912840 919539
925960 935630
936178 959891
965780 977230
978195 978258
1006399 1009445
1028989 1048222
1049876 1050486
1050992 1051948
1052474 1076886
1078843 1080011
1088291 1095405
1097060 1106118
1106967 1111960
1136307 1154424
1157871 1172758
1181810 1182896
1185215 1187795
1194567 1199648
1208196 1221665
1222194 1224850
1228202 1240707
1242852 1263209
1263999 1264520
1265069 1270960
1274231 1282071
1291608 1294809
1300769 1300952
1305861 1310645
1312304 1312592
1323179 1323494
1335340 1343124
1358130 1369046
1373743 1428234
1432312 1434247
1442384 1460097
1466913 1470719
1474337 1484128
1491380 1492254
1528269 1529616
1531986 1532816
1539806 1585438
1604396 1604610
1610078 1610226
1625126 1647579
1650942 1651450
1676599 1684008
1688541 1702292
1702903 1709326
1733031 1738573
1750977 1756303
1756849 1778262
1782176 1789631
1790312 1806731
1838012 1838208
1856401 1876817
1877544 1884688
1887770 1894285
1894860 1910738
1920678 1920831
1932273 1969818
1971549 1979264
1992527 2000332
2004353 2013756
2025383 2030690
2031422 2039426
2045763 2045836
2066339 2070124
2074099 2076080
2077752 2084154
2101781 2107769
2108840 2108984
2114536 2130292
2142677 2164700
2182747 2183847
2197052 2203458
2234142 2234420
2237363 2245364
2267794 2282105
2289018 2289739
2290314 2303308
2304425 2308558
2333232 2338629
2341339 2348616
2365677 2365849
2379267 2381531
2396991 2401581
2402915 2417292
2417888 2427478
2432250 2432450
2439565 2440175
2440745 2469170
2497842 2502697
2514371 2521402
2524216 2549904
2550412 2561783
2563201 2563622
2565264 2568820
2569773 2569980
2579599 2593025
2593598 2597598
2598295 2598643
2603142 2613740
2619926 2621096
2623204 2636011
2640374 2649386
2650072 2662480
2665781 2698610
2699116 2721976
2724065 2725840
2727167 2728387
2728913 2738208
2738787 2757885
2763017 2771914
2802713 2803011
2805392 2809195
2811840 2812517
2823906 2846809
2870028 2873733
2881305 2889089
2891857 2892104
2892733 2897328
2900006 2910481
2923430 2924980
2925943 2929455
2936671 2945037
2956680 2956980
2972014 2972161
2976861 2977085
2988541 2997595
3000416 3009281
3011898 3015923
3040122 3041933
3048772 3055286
3056208 3060105
3098791 3099046
3115022 3118798
3130308 3135244
3144983 3153746
3154345 3165738
3186113 3187417
3224181 3224473
3235513 3236234
3236922 3255786
3258071 3264234
3267090 3267373
3269965 3270257
3279123 3285907
3310289 3313078
3321581 3347383
3351885 3365247
3372545 3372597
3379668 3392874
3393438 3393858
3406928 3411903
3415189 3415269
3421462 3452212
3455706 3456506
3472998 3477812
3484413 3484478
3494272 3499209
3517779 3519318
3541918 3554027
3570889 3576588
3583335 3584162
3592081 3612250
3615776 3617227
3619372 3622760
3624693 3625975
3640444 3644794
3645950 3646058
3652054 3653137
3657460 3657658
3666172 3667285
3682451 3685487
3692523 3694773
3713018 3717280
3720796 3720895
3723921 3731223
3731726 3734262
3762120 3765069
3765591 3765825
3766353 3775789
3784706 3808893
3824367 3827385
3827895 3833035
3842180 3843314
3862059 3862283
3865784 3865910
3884870 3887511
3892897 3893135
3899998 3918173
3941541 3950776
3985916 3986144
3990273 3990441
3994441 3995946
4008525 4009309
4011266 4027502
4035264 4040863
4056072 4062248
4066700 4066973
4069978 4072254
4074337 4078324
4086873 4093062
4102487 4103627
4104159 4107806
4112287 4117720
4121427 4121504
4122513 4124643
4135885 4136075
4168243 4168411
4171501 4171866
4172626 4182182
4184967 4194223
4194894 4206329
4207942 4213107
4221653 4227889
4231530 4231813
4259469 4266744
4283875 4295821
4306680 4306824
4310345 4317106
4325941 4326188
4331172 4335499
4348790 4371816
4373913 4374012
4397443 4407063
4417004 4438074
4454818 4454994
4463468 4470197
4470729 4495314
4498278 4499582
4502497 4502865
4507372 4520618
4527167 4541827
4554044 4554140
4564574 4595290
4599386 4599483
4616900 4628892
4629609 4634966
4638549 4641652
