Salmonella_0920_Ancestor_
1 255
1504 2524
3461 3698
4793 5296
10011 10313
11144 11422
14241 14792
16882 17106
21488 22549
25018 25195
25812 26088
27528 28265
28961 29081
30302 31763
34850 37247
40111 45857
46502 46866
48174 49592
52535 52779
55190 58212
58971 59808
60786 61438
62896 63158
63705 64225
64748 66264
67747 69071
69831 70806
71862 73585
74424 74635
75180 78035
78616 78688
80013 80901
84242 84439
87743 87964
93705 94066
95794 95908
97278 98055
99224 100204
100788 101397
102741 105876
106575 106960
108195 109528
110202 111081
113674 114488
116817 117830
118519 118632
119701 122217
123082 123347
125001 125115
126684 126898
132144 134045
134601 136965
141927 142195
143809 143922
145861 149718
150459 150644
151287 151392
153488 156814
157388 159393
160093 160574
161283 161918
164142 164373
167310 168640
169857 169990
170747 171031
173545 174139
174728 174999
177200 177682
178246 179623
180459 180660
183074 184462
186081 186304
188591 189909
191808 192293
194558 194830
195838 196620
197926 198156
205016 205214
205858 208070
210086 210326
213047 214232
214988 215438
216160 216397
219315 219651
221553 222615
223584 223722
224754 224807
226032 226143
227581 228442
231890 232217
235828 236157
238228 240736
242640 244107
245189 248926
249601 249871
250553 250928
254095 254202
255652 257939
260311 263115
265898 266191
267845 268220
269327 270548
275601 275783
281808 281866
287956 288198
289020 294506
295101 295159
296181 297115
298158 298497
299169 299439
301295 303905
305143 305420
306873 307303
307937 308083
311823 313651
317584 319463
320240 320827
324572 324738
325388 326109
329969 332908
333618 333819
334664 336286
337105 337318
338303 338595
339830 340219
340976 343894
344736 344834
345338 345789
346652 346786
347447 351725
353245 353534
354424 356630
357204 357753
358443 358571
359659 360102
361168 362389
365418 366150
369475 370612
371202 372038
372541 373869
375881 376065
377734 378174
378751 379304
380082 381456
386803 386982
387919 388678
390334 391771
393466 394322
395324 395759
396875 397445
398915 400264
401442 401603
403541 404513
409205 410087
411809 411929
414324 414601
415242 415626
416357 416633
418297 419570
420139 420273
420775 421267
426172 427479
429053 430241
430810 431109
432697 432800
433967 435056
435697 436342
438582 439461
440223 441649
442422 442929
446850 447489
448028 448261
449451 450186
451354 451634
452414 452539
453963 455000
455746 456731
459744 459802
462714 462856
465356 465543
467701 467923
468563 468893
469899 470574
472068 472253
473086 474075
474778 474907
483454 483549
484101 484380
486518 486602
487791 488759
490979 491209
492345 492714
493827 494694
497155 498135
498950 500052
500692 501936
502648 502984
507347 509348
509890 510788
512077 512294
513591 513753
514327 514742
515457 515980
520260 523161
525598 526273
526941 527376
528835 529547
536015 536940
537708 538786
539560 540164
541244 541411
542925 543212
544048 545175
547243 548139
548923 549075
551421 551520
552030 552927
553606 553720
554492 554848
555426 556641
559384 559478
560194 561925
563401 563483
565769 567681
568231 571221
572695 573012
574007 576916
577482 577671
579498 580436
581856 581952
587785 588175
589529 589645
590797 591244
592041 592252
594132 598699
599449 599821
600501 601684
602681 603943
604628 604758
607054 608581
609214 609505
614554 614611
616005 616991
617732 618855
620460 621415
625411 626033
627092 627443
628267 628648
630133 631398
636214 636410
637513 637823
640223 641892
642495 642826
644558 644818
647600 647714
649069 649501
651758 651986
653646 654125
655354 655596
656672 657104
657625 658701
660672 661185
666854 667834
668997 669287
669886 672421
673506 674040
674766 675578
676123 676586
677147 679555
682051 682351
685747 686123
687044 688598
690814 693261
700222 701052
701980 703040
703879 704476
704977 705203
706453 706764
708725 709089
710964 711218
716170 716344
722682 723164
727872 728322
729021 730819
735003 735576
738318 738883
739665 740576
746216 746870
751404 751983
752624 754484
756191 756474
757841 759136
759814 760710
768221 768761
769327 769789
770855 772340
772900 773488
774282 774603
775318 775469
776441 777532
778242 778580
779100 779737
780839 781343
782651 782796
784779 785305
787894 788069
789629 791318
795567 796317
798584 801450
802675 803009
805935 806398
807018 807650
808231 808296
808931 809031
809568 810627
811531 811590
814439 815501
816383 817615
818203 818387
819252 819638
822021 822423
823697 823827
824855 825215
828058 828114
828771 830557
832015 832778
833605 834305
837331 837620
838845 840287
841123 841311
841897 842347
843399 843748
844385 845609
847411 849254
850332 851210
852737 853491
858087 859472
860715 860993
862247 862397
864139 865324
866083 866171
868945 869707
871714 872535
873232 874110
876192 876285
879530 879670
881335 881975
884394 885391
886733 888626
889157 889366
891426 891961
897234 897366
897997 898210
901869 902879
903988 905294
906239 907077
908334 911554
912179 912979
913640 913713
914381 915629
916276 916697
918224 919093
919730 920088
924524 926436
927034 927832
929174 932469
933388 933613
935281 935905
937621 937816
938675 938969
940322 940405
943455 943736
944989 945402
949002 949285
950993 952073
952758 955117
957420 957513
958706 958783
960314 962878
963564 963640
964566 965186
968420 968650
969833 970335
971941 972135
973565 974096
974710 974795
975700 977784
979145 979922
981967 983360
984162 985220
986667 988075
992608 993676
995989 997820
999192 999921
1000766 1000857
1002773 1003791
1006975 1007363
1007951 1008192
1009579 1010462
1011100 1011408
1013740 1015084
1015688 1019109
1020468 1020742
1022710 1023370
1023881 1025971
1026515 1027351
1028162 1028536
1029155 1030613
1032048 1033568
1034154 1035672
1036407 1037907
1039224 1041843
1042604 1042987
1043524 1043833
1045522 1045662
1046515 1050321
1050958 1051151
1052065 1052670
1053700 1054033
1055729 1056201
1057565 1057930
1059412 1059677
1060403 1062659
1064499 1066999
1067792 1069199
1069774 1069899
1071459 1072483
1075231 1075532
1077518 1078285
1080229 1080356
1080954 1081311
1082165 1083242
1085174 1087048
1089799 1090207
1091985 1092620
1096245 1096681
1098467 1103395
1103948 1107663
1108376 1115109
1116763 1117010
1118260 1121152
1121768 1123205
1125394 1125489
1127915 1129379
1129990 1130950
1134623 1136024
1136884 1137513
1138117 1138388
1140396 1141138
1141662 1143752
1144977 1145333
1151771 1153207
1153715 1155029
1155639 1156854
1158692 1158938
1159834 1161616
1162648 1162827
1164254 1164591
1166343 1167395
1168019 1171307
1172900 1176143
1179693 1179935
1183273 1183493
1184968 1185719
1186601 1188749
1190746 1191108
1193687 1193910
1194971 1195929
1196762 1197264
1201734 1201915
1202503 1202759
1203431 1203725
1205430 1205651
1209494 1209543
1212107 1212246
1213221 1213800
1219372 1220113
1220966 1222006
1224149 1224621
1227139 1227348
1227860 1229080
1230508 1231125
1234625 1234909
1237337 1238348
1239636 1240073
1242159 1242544
1243837 1248046
1248632 1249029
1249538 1249771
1250476 1252110
1252930 1253607
1254595 1256337
1258044 1258668
1259383 1260283
1262203 1262880
1265062 1265679
1266824 1268937
1269489 1270061
1270642 1272490
1273869 1274508
1277256 1278187
1278986 1279547
1282190 1282463
1282996 1284240
1284894 1285193
1291201 1291419
1295839 1298322
1299732 1299827
1301624 1303253
1304036 1304094
1306162 1306290
1306963 1307243
1307829 1308149
1309957 1310524
1311130 1313901
1318077 1319811
1326009 1327006
1328307 1329651
1331908 1332445
1334296 1335468
1336832 1338591
1340652 1340988
1341616 1342425
1345019 1346716
1348322 1348396
1356794 1358270
1362471 1363773
1366391 1366690
1368434 1368850
1369491 1369569
1370175 1370977
1372547 1373003
1373862 1374261
1375510 1375877
1376554 1377261
1380328 1380678
1381270 1381759
1382593 1383236
1383779 1384054
1385058 1385354
1389593 1389886
1395864 1396288
1396877 1397156
1398783 1398855
1402522 1402837
1403392 1403861
1404373 1404628
1407116 1407335
1408486 1409068
1410431 1411415
1411947 1412741
1413776 1416094
1417112 1417638
1418149 1418539
1419048 1420226
1421878 1422178
1423604 1425936
1428184 1428323
1429665 1430148
1431440 1432546
1433495 1433762
1435638 1435875
1437800 1437977
1440747 1440952
1442390 1442752
1447455 1447744
1448374 1448616
1449201 1449545
1450609 1456792
1457991 1458972
1459571 1459636
1460305 1460462
1463587 1464324
1465151 1467423
1469687 1470291
1472519 1473000
1474922 1477213
1477981 1478336
1479482 1480446
1481043 1481261
1481816 1483048
1484329 1485515
1487162 1488252
1489893 1490041
1490922 1491716
1493437 1494478
1495074 1495263
1496929 1498394
1509813 1510263
1510768 1512293
1512938 1513145
1514168 1514334
1515231 1516163
1522766 1523138
1523757 1527015
1527787 1528089
1529418 1529663
1531142 1531721
1532513 1534044
1534619 1535760
1537709 1539766
1541037 1542382
1543775 1544951
1546455 1547289
1549410 1551244
1555397 1555527
1556259 1557306
1559028 1559727
1560543 1562540
1563257 1563840
1565602 1565846
1566514 1567475
1568146 1568588
1569447 1569831
1572124 1572536
1573317 1573590
1574798 1574977
1575600 1576714
1581194 1581938
1582491 1583736
1584289 1584414
1586343 1586758
1588151 1590071
1594570 1595560
1597826 1598261
1607039 1609160
1612932 1613199
1613858 1615222
1615731 1615872
1617081 1618534
1620890 1622603
1624679 1625951
1629353 1629586
1631770 1632066
1632586 1633287
1633789 1633999
1637180 1639326
1640875 1642495
1643542 1644280
1645746 1646517
1648728 1648970
1650545 1650615
1651639 1652099
1652928 1653353
1654520 1654747
1655849 1656671
1657922 1658088
1659854 1660588
1661573 1662424
1663159 1663215
1663721 1664135
1664958 1666417
1667356 1667992
1668547 1668633
1669403 1669594
1671914 1672153
1673852 1674993
1676178 1676294
1678440 1678886
1680935 1681240
1681996 1683917
1688311 1688573
1689261 1689662
1690736 1692461
1696846 1697187
1697887 1697964
1698665 1700242
1700800 1702503
1703711 1703974
1705086 1705588
1707639 1708524
1709509 1709693
1710470 1710555
1711791 1712845
1713372 1713566
1716506 1717558
1719723 1723249
1725123 1725393
1727092 1727875
1728622 1729586
1732579 1733304
1733841 1734251
1736393 1739634
1741495 1742629
1745104 1745213
1745872 1747710
1748259 1749076
1750410 1750753
1752359 1753886
1754536 1754667
1755849 1757491
1758362 1760812
1763156 1763645
1764311 1765795
1766729 1768515
1769541 1769744
1774659 1775769
1776509 1777173
1778344 1779120
1781904 1782923
1786939 1787256
1790009 1790115
1793881 1795352
1797018 1797295
1797989 1799447
1802780 1803393
1806521 1806881
1807425 1807619
1813971 1815632
1816520 1816683
1817281 1817601
1819193 1819563
1820813 1822771
1827360 1827734
1828258 1828854
1830539 1831187
1833047 1833170
1835049 1835252
1835885 1837213
1839096 1840661
1842767 1844396
1845406 1845618
1846121 1847528
1848255 1848601
1850064 1850221
1850867 1851395
1851962 1852771
1853908 1853993
1856705 1856898
1857688 1858601
1859111 1859382
1859904 1860621
1861217 1861321
1861909 1862001
1865876 1865983
1866700 1866961
1869732 1870140
1872486 1873054
1873860 1874968
1875484 1875797
1878810 1880162
1880963 1885575
1886924 1887265
1891577 1892170
1892678 1893882
1899840 1901458
1903292 1904117
1910194 1911168
1911736 1912421
1913096 1913558
1916664 1916773
1918532 1918660
1919408 1920283
1920909 1921020
1923957 1924073
1928202 1928489
1930970 1931319
1932014 1932675
1933223 1935713
1938847 1939358
1949351 1950428
1952965 1953854
1954790 1955071
1956216 1961054
1963530 1963775
1964349 1964753
1966996 1967293
1967968 1969903
1971299 1973071
1974988 1975688
1976347 1976941
1977722 1980705
1981237 1981636
1982318 1984391
1988749 1990139
1992036 1993591
1994798 1994974
1999345 1999470
2001235 2002961
2003963 2004688
2005758 2006312
2006932 2007802
2008742 2008920
2010273 2010476
2011724 2012012
2014534 2014986
2016748 2019905
2020592 2021614
2022217 2023235
2023925 2024128
2026205 2026357
2027123 2028086
2028658 2028902
2029638 2030616
2031307 2031894
2032459 2033244
2033789 2034886
2036962 2038639
2040763 2040949
2041987 2043745
2045473 2048278
2048832 2050830
2052225 2052468
2056747 2056929
2057528 2058096
2065951 2066218
2067193 2068115
2069622 2070205
2074143 2074727
2082265 2082626
2083759 2091509
2094244 2094478
2096085 2096776
2097956 2098251
2100449 2103998
2106699 2108527
2109100 2109776
2110312 2110531
2115424 2116340
2117180 2118509
2119884 2120700
2123201 2123543
2124720 2124939
2125568 2126202
2128936 2129843
2132664 2132724
2137016 2138125
2141092 2142981
2143616 2144193
2145348 2145980
2147465 2147758
2151908 2152262
2152799 2153310
2154623 2155473
2158108 2158268
2158812 2159006
2159667 2160617
2161210 2162883
2163507 2164566
2166755 2169891
2171484 2173015
2173676 2175265
2175946 2176472
2181322 2183091
2185089 2185262
2188066 2188346
2189763 2189977
2190528 2191157
2192008 2192871
2193854 2193917
2197148 2197698
2198863 2201404
2202229 2203620
2204966 2205642
2206207 2206648
2207431 2207713
2208697 2209850
2212171 2213638
2215468 2215632
2217121 2218052
2218588 2219620
2220203 2223486
2224252 2224355
2226370 2226476
2227101 2228130
2229539 2230254
2230880 2231917
2234675 2234910
2238172 2238517
2241114 2241533
2242041 2243183
2245009 2246226
2247031 2247195
2249252 2249718
2250982 2251404
2251949 2252274
2253013 2253339
2254172 2255941
2256457 2256697
2265827 2265927
2267198 2268813
2271995 2274070
2274683 2274838
2275653 2275722
2276330 2277229
2278493 2278632
2279353 2279997
2284017 2288399
2289768 2290087
2291609 2292291
2294876 2295037
2297942 2298182
2298935 2303034
2304893 2305559
2306360 2306610
2309963 2311340
2311985 2312284
2315230 2315394
2318375 2322372
2326403 2328033
2331097 2331314
2332396 2332966
2334698 2334964
2337104 2339376
2341139 2341193
2342954 2344360
2346082 2346269
2347145 2350745
2351514 2353389
2357237 2357443
2358119 2358813
2359518 2363587
2366247 2366363
2368757 2369677
2372129 2372374
2373238 2374038
2374555 2375655
2376982 2377084
2381730 2384049
2384646 2385174
2387016 2387150
2387689 2387907
2390574 2391411
2392033 2393422
2393961 2394204
2395768 2396148
2396862 2397951
2398733 2399392
2404644 2404759
2405592 2406313
2406957 2408928
2409925 2410427
2412717 2412789
2413338 2413446
2414667 2416384
2417043 2418081
2419374 2419829
2421300 2421784
2422603 2423643
2426467 2426566
2427719 2428015
2428706 2429092
2431562 2432068
2433391 2436309
2441011 2441348
2442759 2445838
2447386 2448101
2449116 2449975
2452893 2453489
2456332 2457269
2458279 2458908
2461399 2462903
2463933 2464611
2466250 2467295
2468881 2469634
2470687 2471614
2474050 2474176
2475511 2476049
2476734 2477293
2479703 2479871
2481130 2481384
2482176 2482827
2484172 2484272
2486199 2486608
2487578 2489172
2489865 2491975
2492702 2492975
2494212 2495604
2498289 2499500
2501596 2502610
2503669 2503874
2505793 2506008
2506612 2507928
2509520 2510664
2513518 2515257
2515889 2516191
2516897 2517733
2520736 2521129
2522909 2524778
2527667 2527802
2529586 2529687
2531211 2533548
2534664 2535837
2536519 2537311
2537893 2539291
2540053 2541301
2542529 2543326
2545030 2545250
2549405 2549625
2551641 2551939
2553752 2553958
2555818 2555896
2557321 2560670
2562347 2562537
2565670 2566805
2568292 2569080
2570303 2570408
2571798 2573531
2577179 2577231
2579158 2579840
2581741 2583447
2584028 2585518
2589092 2589631
2590150 2593059
2593577 2595098
2599418 2601722
2603826 2604813
2606532 2608872
2609424 2609629
2610313 2610887
2611474 2612248
2613816 2614633
2615323 2615465
2615975 2616083
2616806 2617130
2618161 2618228
2619589 2619782
2620457 2620779
2623714 2623798
2624334 2624582
2625945 2626162
2627306 2628277
2629641 2629731
2630596 2631029
2632782 2634755
2637349 2637700
2638360 2638805
2639531 2639894
2642028 2644751
2645430 2645716
2646333 2646410
2647017 2649265
2650226 2653020
2656512 2656652
2657310 2657856
2661785 2661905
2663816 2664637
2666230 2667490
2668167 2669453
2670024 2670997
2672821 2674123
2675227 2675345
2675921 2675996
2679551 2680369
2680987 2683583
2687017 2687984
2688633 2689131
2690981 2691333
2694592 2695309
2696804 2699280
2700553 2701257
2701814 2703738
2706513 2706951
2707536 2707811
2709835 2710832
2713361 2714204
2718040 2718983
2721864 2722279
2723968 2724150
2727849 2727950
2729821 2730119
2731106 2731339
2733007 2733294
2734088 2735402
2736083 2736741
2737515 2738642
2739306 2740984
2742643 2742789
2745320 2745685
2747599 2749234
2750899 2751185
2754452 2756166
2757422 2758852
2760040 2760285
2761617 2762854
2763516 2763848
2770073 2770296
2771400 2771927
2773109 2774197
2775996 2776641
2778104 2778585
2782563 2783534
2785466 2786178
2786957 2787722
2789321 2789781
2790455 2793517
2794187 2795564
2796163 2796234
2796830 2804868
2805382 2805989
2807329 2807595
2808446 2809223
2809729 2810584
2811811 2812173
2814982 2815055
2816019 2816670
2817498 2817816
2818430 2819735
2822074 2822315
2822956 2823208
2825364 2826089
2826959 2832709
2834260 2834517
2835265 2836997
2837701 2837870
2838393 2838494
2841690 2843913
2847314 2848265
2852654 2855130
2856369 2856680
2861745 2862268
2865420 2865508
2867069 2867412
2869492 2869642
2873893 2875210
2876678 2877660
2878911 2879566
2881623 2881976
2883397 2884725
2886050 2886474
2888184 2889207
2889725 2891099
2891777 2892735
2893901 2894775
2895327 2896224
2897460 2897921
2898519 2898693
2901267 2901893
2902717 2903173
2904462 2904778
2906454 2907342
2907993 2908295
2908843 2910106
2910948 2911418
2913843 2914399
2914920 2915502
2916042 2916152
2916923 2917612
2919917 2921114
2922038 2923750
2926100 2926340
2928686 2929264
2931201 2931486
2936209 2936270
2938874 2939242
2940268 2940659
2941784 2942698
2945025 2946701
2947457 2948297
2949551 2949932
2954948 2955129
2955734 2957042
2958110 2959444
2960584 2960698
2964730 2967186
2968303 2969185
2970421 2971155
2971703 2971978
2975598 2975689
2976713 2977257
2980379 2981616
2982150 2984486
2986474 2986774
2987916 2988541
2989152 2990486
2991758 2992647
2995562 2999120
3004857 3005504
3006095 3006322
3006902 3007840
3009498 3009566
3010109 3010832
3011599 3012194
3014815 3015889
3016498 3018182
3020480 3021145
3022528 3022678
3023822 3024089
3026640 3030232
3031057 3031499
3034861 3036695
3037232 3037517
3039505 3039768
3041478 3043792
3045701 3045912
3047399 3047616
3048219 3049422
3049990 3050151
3055575 3056411
3058443 3059008
3059898 3060003
3062708 3063690
3066306 3066905
3067920 3068259
3068780 3069466
3070002 3070674
3072003 3072456
3076157 3076472
3077723 3081237
3081893 3082808
3083459 3084164
3084719 3084919
3086289 3086411
3087550 3089585
3091785 3092987
3095207 3095451
3096363 3096700
3102093 3102167
3103786 3104220
3104803 3105672
3106250 3107947
3109995 3112681
3114504 3115148
3116069 3118100
3120641 3120891
3121890 3124197
3125597 3127274
3129542 3130219
3130775 3131032
3133358 3133481
3135833 3136171
3136978 3137228
3137800 3138611
3140764 3144020
3144999 3145171
3146398 3147606
3149726 3150967
3151719 3154088
3154716 3154786
3155369 3155696
3157079 3158150
3159852 3162229
3163674 3164500
3167025 3167136
3171628 3171714
3174928 3175091
3175978 3176231
3177660 3178555
3179206 3179469
3180690 3180991
3187450 3188753
3191170 3193057
3193669 3194827
3195468 3196300
3196814 3197969
3198819 3198930
3199555 3200713
3201252 3202171
3203439 3205877
3207331 3208337
3215721 3216747
3219368 3219725
3223651 3223834
3224393 3225110
3225980 3227068
3228408 3228790
3229412 3229547
3230159 3230539
3231921 3234279
3238188 3238645
3240310 3240850
3242112 3242362
3244159 3246684
3247286 3247551
3249615 3250499
3253371 3253640
3255854 3256072
3257211 3257362
3259859 3259961
3260493 3263212
3263715 3264696
3265490 3266697
3267316 3272401
3273484 3274054
3274653 3276340
3279840 3280999
3281552 3284699
3285352 3285689
3286472 3286665
3287228 3288204
3289804 3290819
3293839 3294594
3295652 3296465
3297375 3298639
3303415 3303746
3304676 3305323
3306135 3307763
3308331 3311390
3312779 3313253
3314873 3315589
3316893 3317288
3318399 3318689
3319506 3319642
3323523 3323966
3324525 3325831
3326974 3327920
3329092 3329940
3330702 3331002
3332171 3333522
3335589 3336809
3341007 3341542
3342154 3342754
3344844 3346624
3350297 3351714
3355824 3355902
3358878 3360836
3365730 3367434
3370345 3370653
3371926 3372168
3373459 3374392
3375693 3376323
3377492 3377699
3379352 3380761
3384880 3388610
3389193 3389646
3390158 3390435
3391458 3392043
3392588 3392897
3395193 3395776
3396453 3397409
3398105 3398879
3404750 3406774
3407380 3408297
3408806 3414427
3423231 3424395
3425229 3425318
3426642 3430535
3432603 3432847
3434817 3436568
3439871 3441342
3441912 3442984
3448979 3449129
3449729 3450659
3453125 3453794
3455026 3455320
3457182 3457496
3458520 3459108
3461703 3461860
3462875 3463165
3471040 3472064
3474036 3474103
3474709 3475225
3476061 3476486
3477099 3478512
3479573 3481993
3484576 3487158
3489396 3489494
3490219 3492842
3495994 3496151
3499339 3499556
3501073 3501435
3503957 3505766
3506338 3507213
3507787 3508242
3509342 3511295
3513010 3513291
3515067 3515503
3516449 3517113
3517645 3518511
3519177 3521949
3524625 3525366
3525928 3527878
3532468 3535034
3537721 3539448
3542486 3543246
3544533 3545548
3547907 3548674
3549357 3550025
3552660 3553242
3558104 3558337
3560791 3561719
3562270 3563104
3563915 3564215
3565244 3565386
3566963 3574199
3580246 3580380
3581099 3581875
3582561 3583098
3584806 3585131
3586642 3587965
3592650 3593478
3598409 3598688
3599198 3599372
3600314 3600716
3604035 3604527
3607861 3609388
3611468 3612052
3613057 3614834
3615786 3616647
3619203 3619933
3620601 3620890
3621871 3621936
3622966 3623229
3626569 3627927
3628471 3628989
3629711 3630871
3631401 3632378
3633137 3634030
3635124 3635973
3636566 3636880
3638264 3638533
3641014 3641102
3644893 3645129
3645704 3646929
3648223 3648377
3648972 3649252
3649771 3653318
3653909 3655153
3656427 3656939
3658460 3659008
3660102 3663369
3666296 3666585
3669691 3669913
3670845 3670998
3673116 3673645
3680269 3681204
3682022 3682310
3683252 3683429
3687590 3689309
3690006 3690558
3694343 3695044
3695807 3696955
3700793 3705001
3705572 3706389
3707001 3707268
3707800 3709592
3711654 3711830
3715464 3716083
3719927 3720842
3722329 3722582
3723107 3726616
3727210 3728017
3728993 3729487
3731984 3732330
3734199 3734415
3735357 3736315
3736952 3737094
3737822 3737967
3739708 3740085
3741356 3741579
3743204 3743296
3745964 3746214
3750427 3751153
3751961 3752236
3755379 3757576
3759538 3759859
3761200 3765647
3766623 3766929
3768235 3768357
3768952 3770654
3773010 3773541
3774604 3775555
3776083 3776837
3777712 3777782
3778352 3778994
3783841 3783987
3786288 3786437
3787758 3787953
3788522 3789948
3790559 3791278
3791907 3792126
3793271 3793361
3794092 3794178
3795003 3796709
3799125 3799364
3804063 3806137
3807988 3810034
3810588 3810741
3812050 3812223
3815685 3816621
3817395 3817566
3818381 3818593
3819558 3819633
3822421 3822730
3823567 3824155
3825813 3826460
3830486 3831370
3833575 3833832
3834584 3834724
3835495 3835632
3836396 3838409
3840166 3840290
3841025 3841802
3844912 3845044
3846213 3846395
3846957 3848351
3852890 3853014
3854585 3854877
3856357 3857894
3858942 3859234
3860414 3860613
3862250 3862392
3863569 3863748
3864702 3865057
3866945 3867725
3868982 3869802
3870559 3870883
3871611 3871971
3872606 3873012
3874274 3875474
3876636 3877457
3878580 3880055
3880997 3882084
3882624 3882796
3884865 3885600
3886914 3887113
3891068 3891584
3892105 3892341
3892873 3893101
3895575 3897240
3897800 3898385
3901507 3901734
3902422 3904471
3905042 3906836
3907598 3908258
3909594 3909991
3910571 3910901
3912061 3913360
3914235 3915375
3919553 3921011
3925955 3927016
3927606 3928991
3930465 3930535
3931263 3931747
3932535 3933975
3938001 3939999
3941405 3943445
3943998 3944562
3945113 3945599
3949137 3950142
3950742 3951016
3953545 3956638
3963504 3965045
3967545 3968052
3968797 3968892
3969466 3969883
3972322 3972872
3973452 3974440
3979972 3981490
3983133 3985155
3986487 3988532
3990674 3992431
3993092 3995456
3996038 3997246
4001000 4001112
4001985 4002568
4003354 4003942
4005593 4006931
4007872 4009359
4010749 4010811
4011547 4015882
4016523 4023767
4025467 4030865
4031402 4032489
4033361 4035746
4038319 4038571
4040095 4041140
4042824 4044555
4046133 4046304
4048432 4048663
4049618 4051015
4053864 4054029
4054584 4055085
4055795 4056448
4057188 4057497
4058717 4058970
4060298 4060698
4062198 4063186
4063982 4064702
4065367 4065497
4068623 4068918
4069589 4071259
4072848 4073626
4074195 4075873
4080447 4081699
4082234 4083091
4088859 4089089
4089964 4090456
4094798 4095642
4098966 4100779
4102422 4103591
4104186 4104851
4105909 4106511
4108675 4110012
4110603 4110841
4112320 4117309
4117934 4118151
4119771 4120382
4121189 4121870
4125463 4126034
4128645 4128781
4134009 4135043
4135615 4136407
4140697 4140938
4143255 4145698
4147659 4148037
4150259 4151499
4152299 4153723
4154291 4155409
4156600 4158775
4159393 4160253
4160977 4161359
4162752 4163002
4165888 4167642
4171801 4171991
4173888 4174027
4177185 4178863
4179590 4179654
4181033 4181256
4182337 4182866
4183766 4183868
4186806 4187075
4193492 4193689
4194917 4195286
4195913 4201356
4202050 4202290
4202817 4203702
4204893 4210279
4210808 4212665
4213298 4217644
4219607 4220499
4221023 4222352
4223165 4224292
4224815 4226265
4228039 4228246
4229224 4229730
4230518 4230805
4231693 4232516
4233174 4233242
4238875 4239106
4240862 4241021
4244417 4244587
4245266 4245779
4249003 4249993
4251479 4252321
4252975 4253058
4254158 4254561
4255089 4256557
4257266 4259226
4261349 4261640
4262184 4265624
4266831 4268576
4269618 4270490
4273472 4274678
4275765 4275937
4277036 4279413
4280547 4281646
4282823 4282979
4283863 4286428
4287610 4289886
4290662 4291305
4291917 4292444
4294311 4294590
4295117 4295297
4296082 4296620
4298326 4298592
4299174 4299639
4302493 4302643
4309194 4309721
4311009 4313573
4314154 4314248
4315193 4315283
4317232 4317625
4318773 4319607
4321957 4323344
4324497 4325165
4327091 4327240
4332456 4332818
4334580 4335556
4336110 4336362
4336865 4337670
4338297 4338402
4339138 4339952
4340473 4341361
4344075 4344161
4344812 4345580
4346979 4348000
4349706 4356759
4357637 4358274
4360497 4362074
4364336 4364588
4365187 4366057
4368609 4370039
4370548 4371245
4372088 4373655
4377130 4381685
4386595 4388326
4389441 4389580
4390390 4390617
4391206 4392399
4394642 4396100
4398371 4399351
4400490 4400562
4405642 4406020
4406837 4407456
4411776 4412215
4414812 4420482
4421249 4421888
4423201 4423256
4424342 4425222
4427481 4428041
4429006 4430690
4432844 4433006
4434569 4435184
4437360 4438299
4440627 4443613
4450145 4450703
4451452 4452203
4452735 4453355
4456854 4457412
4457937 4458212
4460966 4461050
4463578 4463756
4466830 4468767
4469498 4469555
4474519 4474572
4475399 4476339
4477663 4477892
4480547 4481782
4482719 4482811
4485190 4486607
4487740 4488129
4489221 4490056
4490722 4491768
4492691 4493149
4493730 4494157
4494732 4496483
4497000 4497252
4500005 4503216
4504165 4504509
4505036 4505657
4507390 4509604
4510618 4510884
4511727 4515639
4518872 4519166
4520593 4521302
4521827 4522357
4523969 4527909
4528742 4530319
4532005 4532770
4533276 4533515
4534270 4534946
4535522 4535792
4537777 4540118
4541149 4541351
4541921 4542995
4543719 4545110
4547527 4547774
4549715 4549772
4551608 4552299
4553155 4553864
4554437 4556669
4558203 4558592
4559365 4560510
4561384 4562425
4562946 4563303
4565109 4565860
4566740 4567952
4568529 4568746
4569920 4570073
4570691 4570833
4574381 4574721
4577907 4578626
4580493 4581724
4582386 4584976
4586174 4586229
4588042 4588346
4588979 4589681
4590192 4590300
4591723 4592714
4593342 4594597
4596673 4596841
4597508 4598112
4598633 4598856
4604058 4604293
4604845 4606006
4606883 4607361
4611764 4612380
4613779 4615447
4616202 4619159
4619688 4620023
4620544 4620984
4621662 4622373
4625222 4628422
4630529 4631355
4632114 4632382
4633910 4634070
4637728 4637912
4640275 4641493
4642727 4642961
4644089 4645085
4646551 4646701
4648617 4648687
4651016 4651119
4653792 4654948
4656932 4657428
4659506 4660909
4661464 4662551
4664527 4664791
4667065 4668137
4671007 4671282
4673948 4674272
4675743 4676903
4677431 4677715
4678315 4678506
4682832 4683006
4683509 4684382
4685099 4685734
4688183 4688248
4690241 4691329
4692411 4694774
4695553 4696186
4699102 4699517
4700036 4702262
4706530 4708013
4708645 4709236
4711939 4711995
4712631 4713089
4714425 4715672
4716278 4716973
4718846 4718994
4722494 4722721
4725799 4725932
4726485 4727875
4729137 4729685
4730871 4732451
4733552 4736026
4737885 4738092
4739713 4742501
4743134 4743785
4745263 4746523
4748328 4748669
4749726 4749789
4753884 4754133
4755264 4757065
4757603 4757992
4758773 4758961
4762104 4762551
4764011 4764217
4765277 4765757
4769588 4769702
4770355 4770819
4775629 4775811
4776971 4777264
4779671 4779908
4785375 4785532
4787685 4788735
4789312 4790004
4792935 4793203
4793894 4795210
4795776 4796407
4797020 4797099
4797927 4798414
4801118 4801495
4802577 4805850
4807898 4809360
4810072 4811895
4812542 4812821
4813415 4814091
4814866 4816078
4817607 4819509
4820495 4821261
4822509 4825023
4827712 4829353
4831230 4831374
4832531 4834321
4836282 4836534
4837407 4838066
4842354 4842846
4844228 4844338
4847385 4847625
4848632 4848870
4849959 4850057
4851138 4852167
4853105 4853456
