e_coli_k12_gi_556503834_ref_NC_
15486 15815
16320 16633
19895 20506
103439 103620
206568 206649
223438 228333
228845 228906
250721 250803
258007 258616
270618 271203
274000 275050
279262 280013
285902 286233
290540 291304
302512 302610
315328 316420
322556 322605
349730 349826
357575 357675
381827 381915
384996 385167
391807 392919
402612 402718
425669 425830
438632 438716
462475 462554
485456 485545
499414 499483
525972 526101
530914 530985
566870 567936
574610 575691
578365 578551
580395 580831
588857 588923
608106 608435
608940 609252
612528 612646
683170 683316
687916 688952
729852 730436
731157 731274
732089 733438
734247 735029
736482 738207
781676 781745
814420 814504
826829 826896
861764 861911
992819 992923
1029200 1029278
1049927 1050450
1084942 1085024
1094343 1095404
1097060 1097560
1176534 1176593
1180801 1180931
1269192 1271041
1299593 1300622
1333308 1333368
1343276 1343366
1352237 1352390
1367060 1367136
1394405 1394470
1396138 1397210
1433667 1434247
1438601 1438656
1451887 1451960
1466538 1466756
1468585 1468673
1469182 1469958
1485280 1485354
1502085 1502188
1528426 1528555
1531990 1532816
1552134 1552398
1557269 1557452
1570769 1571703
1578033 1578163
1611652 1611701
1620478 1620547
1629157 1629222
1633049 1633629
1636370 1636823
1686013 1686161
1701815 1701870
1707182 1707236
1712325 1712401
1810354 1810454
1848135 1848273
1875656 1875716
1938984 1939101
1940572 1941043
1951469 1951571
1966186 1966399
1971293 1971594
1975948 1976060
1978602 1979211
2000387 2000451
2011584 2011645
2023247 2023373
2066224 2067231
2069616 2069704
2085925 2085993
2101845 2102849
2137761 2137821
2161557 2161609
2170268 2171399
2205342 2205397
2229132 2229260
2236482 2236636
2238698 2238760
2264840 2264893
2289015 2290018
2300838 2300905
2304489 2304966
2320167 2320245
2337963 2338073
2351407 2351518
2353522 2353575
2443652 2443753
2514372 2514701
2515206 2515519
2521352 2521486
2537649 2537744
2582545 2582597
2616535 2616608
2662451 2662682
2679718 2679821
2691279 2691425
2725685 2731565
2740855 2740955
2741520 2741720
2747910 2748009
2772125 2772260
2788204 2788382
2800279 2800337
2806720 2806803
2817769 2818306
2822913 2823051
2841321 2841429
2901455 2901523
2974135 2974272
2991597 2991661
2996408 2996481
2997036 2997124
3011759 3011821
3044724 3044884
3049658 3049714
3088355 3088458
3102716 3102814
3107182 3107234
3124347 3124669
3130240 3131247
3141547 3141596
3147855 3147947
3186663 3186751
3215311 3215384
3252254 3252316
3310025 3310126
3320417 3320497
3332254 3332374
3349683 3349737
3360792 3360872
3365571 3366720
3371291 3371347
3381320 3381516
3423526 3428895
3449628 3449714
3470733 3471095
3510469 3510523
3545941 3546008
3556576 3556701
3576087 3576158
3583519 3584100
3601820 3601992
3619372 3622763
3623773 3625404
3629950 3630166
3652129 3653279
3666304 3667283
3674328 3674442
3680645 3680703
3708458 3708535
3738600 3738652
3756545 3756664
3757733 3757842
3762311 3765730
3767319 3767368
3941408 3946278
3946789 3946850
3950508 3950573
3964562 3964663
4027385 4027523
4035264 4040094
4040606 4040746
4051084 4051245
4083797 4083931
4094472 4094656
4101044 4101104
4110225 4110276
4114137 4114209
4120875 4120941
4162051 4162158
4166398 4171866
4176081 4176540
4201172 4201288
4207942 4212617
4222574 4222673
4243334 4243449
4248315 4248367
4270717 4270813
4276097 4276166
4295934 4296282
4325941 4326248
4369574 4369638
4420380 4420449
4454875 4454942
4464679 4464770
4498748 4498836
4508017 4508582
4513699 4513875
4607467 4607563
4614699 4614877
