Salmonella_0919_Taxon020_
1 360
1007 5534
7609 11593
12510 15062
17640 17938
20356 25446
27034 27158
31700 32911
35917 36137
39021 45885
47596 54496
55012 56322
59509 66257
66995 67615
73685 75661
82136 90594
95413 96287
96842 102921
103513 107459
113784 116831
125140 136966
142061 144642
157028 157151
161708 163492
168389 187100
202171 202551
204988 207749
209060 209225
212559 213362
215020 223178
235601 237228
244128 244628
245189 246878
247787 260078
261349 265210
266091 271377
274051 276096
278894 284498
289034 295627
296181 299696
308846 308896
312722 316876
322499 323725
327729 330887
331400 332192
332774 335908
336437 339416
350905 351216
355917 356912
357556 358754
359261 363408
366883 375666
379670 380591
381231 382315
385671 389304
391775 393169
394428 402454
403490 405520
406118 406819
407699 408139
411557 411627
419414 419556
420544 426110
428883 431095
434341 436485
437501 448932
449546 456782
457297 457360
459714 460918
462321 468857
469429 474647
475414 475563
485465 492527
493470 496936
498799 503355
506211 509661
510168 510282
510851 511216
513434 525985
526723 540043
544830 560066
571584 573879
574424 575400
578190 579059
580887 581126
582502 582917
588383 589300
592788 597966
598985 599124
600562 600645
602559 602643
604809 607577
611150 613882
617238 619017
620289 623198
629130 633259
635060 636886
648313 660592
661152 662244
667597 668257
670071 672434
675677 679980
681797 685255
692458 694107
696339 698632
699220 705605
706398 708915
711335 715129
724123 724530
731614 739653
749937 751509
752103 753090
755766 755969
758249 764712
765259 771149
773204 774559
775789 783351
785174 789777
793732 794434
800357 802496
805803 811188
812153 813903
818534 825173
827463 834554
836446 837849
842116 845526
853809 856517
862224 862495
865761 866726
870148 870317
873921 876482
880921 881686
886940 887094
887314 887409
890167 892562
899953 901218
901868 915217
916707 931451
936305 936590
942201 943055
946393 946589
947659 953223
957888 959159
968443 971222
974486 977544
979099 984100
985131 985206
989160 989226
990981 993787
997289 998027
998997 1000086
1000777 1001169
1001679 1005440
1006340 1009154
1014621 1016283
1021175 1023781
1024900 1025636
1026931 1026988
1028634 1028930
1031436 1033560
1043112 1048623
1051138 1053991
1054493 1056355
1056903 1060293
1074671 1074724
1076577 1080143
1083335 1083508
1084413 1085576
1086910 1091061
1091798 1098121
1100068 1109939
1110618 1115109
1117324 1120590
1126873 1127855
1130015 1130237
1132067 1142988
1143489 1144435
1144943 1151907
1153195 1154365
1157143 1159159
1163757 1168869
1172060 1173415
1175866 1179611
1183313 1183444
1184912 1189392
1191377 1191794
1194010 1194871
1196950 1202639
1203228 1208110
1215909 1216143
1218335 1219788
1221805 1221868
1222502 1224662
1230038 1230408
1233649 1236606
1237197 1237900
1238421 1243837
1250213 1250361
1254528 1255372
1260709 1260864
1270456 1272815
1273634 1277846
1278790 1283347
1284893 1303795
1311014 1314273
1322613 1328203
1330704 1336258
1342924 1346237
1353795 1358370
1373310 1386555
1387146 1392830
1393453 1398708
1403263 1404753
1411839 1418169
1419140 1420654
1422681 1423123
1424313 1428630
1434499 1434627
1443230 1455700
1457726 1460005
1463925 1463979
1469856 1469908
1476823 1480818
1482104 1482622
1484135 1484263
1491900 1491970
1506680 1506799
1508495 1516139
1518891 1531697
1541535 1542624
1546827 1547998
1550917 1551356
1553297 1560666
1563801 1564329
1564913 1567723
1576571 1579689
1580649 1580876
1584434 1586845
1602856 1612248
1614253 1614751
1616713 1622113
1622805 1623977
1624786 1625042
1628768 1632488
1635138 1642717
1648579 1662754
1663412 1667868
1674299 1674386
1676567 1679745
1680299 1680652
1681569 1682651
1684967 1685038
1686492 1693738
1694297 1694899
1695463 1695658
1696686 1696945
1700091 1701298
1702119 1704106
1705253 1705343
1711134 1712287
1717294 1718279
1719079 1726850
1727409 1732459
1733303 1733631
1745668 1748160
1754026 1764367
1776381 1776480
1779440 1788662
1789675 1789859
1791075 1791163
1792434 1793797
1795093 1802175
1803613 1806873
1807961 1809803
1812633 1813681
1816373 1816763
1819178 1819325
1822866 1826463
1838738 1840130
1846183 1847942
1848667 1850540
1851081 1859340
1860777 1861133
1864947 1867586
1876976 1877133
1877660 1877876
1880753 1884081
1884596 1886472
1889414 1890078
1891553 1892520
1893239 1893892
1894558 1905439
1906384 1908344
1910286 1911046
1913482 1915473
1916624 1923707
1924242 1930762
1933546 1933728
1944815 1944913
1955356 1963640
1967970 1977121
1979477 1984518
1986902 1988589
1990239 1995471
1996924 1996989
1998074 1999627
2010273 2011014
2014708 2015100
2017896 2019270
2019799 2020540
2024764 2030327
2033054 2033254
2037981 2046265
2048312 2057323
2066766 2069435
2075447 2078385
2079234 2080727
2083289 2093375
2094244 2096776
2097703 2100349
2100883 2106618
2114200 2118781
2122394 2130925
2134260 2137411
2138577 2138833
2139560 2139692
2146199 2156905
2159299 2159505
2165512 2165752
2169952 2171353
2172681 2173096
2177455 2187097
2187891 2190065
2191577 2193565
2201248 2206863
2207813 2212470
2213129 2216736
2220961 2224426
2227717 2229604
2230248 2251592
2252621 2253873
2256834 2257269
2258067 2263056
2268001 2274135
2276087 2276230
2277475 2278869
2280569 2286436
2287066 2287812
2289925 2290595
2291587 2302048
2305271 2305578
2311985 2315361
2322529 2337262
2338865 2344874
2345453 2347767
2348278 2356710
2365031 2370925
2371643 2374678
2383767 2384265
2385342 2386240
2386786 2387888
2395427 2408155
2410801 2410857
2412356 2412541
2415167 2415696
2416813 2417581
2418170 2420595
2425140 2428383
2429260 2435296
2436886 2445483
2447415 2447716
2454677 2454893
2457648 2458286
2460951 2464213
2465060 2468002
2474873 2481132
2482071 2482512
2485552 2485827
2487723 2487820
2493508 2505371
2508818 2509997
2511079 2516017
2516656 2516809
2521229 2525240
2528425 2529437
2532120 2532232
2532308 2537373
2545041 2560456
2562347 2562855
2564168 2564353
2564889 2569232
2573306 2573381
2575510 2580120
2580659 2586670
2587954 2593133
2599591 2602768
2603802 2605429
2613713 2619190
2630612 2630800
2636188 2641513
2645430 2650126
2655144 2656156
2657417 2657716
2659413 2659598
2660123 2671158
2674213 2677786
2679030 2683862
2684448 2685639
2688763 2696122
2702862 2709445
2714179 2720103
2730199 2734877
2735884 2738600
2739291 2740523
2741727 2746826
2749187 2749361
2751915 2753551
2755682 2757618
2760017 2764334
2764883 2772206
2772719 2775070
2781678 2781748
2784145 2786619
2787411 2791831
2796423 2802504
2803219 2806259
2809194 2809308
2813989 2831415
2832863 2844522
2851845 2860222
2862387 2863276
2865456 2873408
2876892 2878167
2878711 2879867
2882105 2882964
2885289 2885379
2888914 2897923
2911221 2911873
2914430 2914831
2917648 2925544
2928193 2929077
2937169 2937318
2943376 2943569
2954507 2957359
2961764 2962702
2964198 2970167
2971329 2974394
2977852 2978484
2980259 2981742
2984409 2984486
2985631 2985801
2987504 2987692
2993055 2997214
3005821 3010019
3012079 3014361
3015255 3019729
3022149 3022205
3028188 3030833
3031347 3035243
3036620 3043462
3045411 3052038
3057297 3057582
3060252 3061280
3061808 3064417
3070787 3072352
3078080 3080893
3084878 3085141
3090326 3090463
3093378 3095012
3095926 3096025
3097089 3099626
3100860 3100937
3102407 3108343
3110176 3110914
3116265 3118522
3123426 3123489
3129384 3129490
3130784 3133717
3140398 3140931
3144166 3148652
3157934 3163519
3172454 3175939
3181131 3188874
3197584 3199183
3201738 3206098
3206753 3212764
3217534 3225958
3228244 3230612
3233268 3236641
3239758 3239885
3240471 3241095
3247693 3253954
3255652 3262120
3268593 3274434
3276447 3276737
3282645 3287057
3290384 3292363
3296710 3302884
3305216 3305687
3312727 3314050
3320100 3320867
3323858 3324231
3327484 3336365
3347894 3349202
3352441 3362227
3370594 3370756
3376458 3388033
3388542 3391175
3400545 3401312
3404547 3407599
3408403 3409981
3410577 3413557
3414104 3419111
3422240 3430935
3433613 3433667
3436006 3444453
3448330 3455816
3465156 3465365
3466670 3469220
3472164 3473496
3474001 3478934
3484431 3484545
3488658 3496832
3497967 3498075
3500616 3506962
3508501 3509599
3511428 3511568
3519177 3519409
3520051 3521341
3521864 3522391
3523041 3525188
3528429 3533088
3534627 3537303
3538332 3539694
3543156 3551108
3552062 3552476
3553088 3553806
3554329 3554710
3556363 3558826
3560184 3567723
3570965 3573726
3574547 3582438
3586378 3586918
3589111 3592446
3592980 3600192
3604089 3604210
3607093 3613787
3616423 3629319
3629959 3631058
3632532 3636817
3642179 3642533
3645841 3646769
3652752 3653099
3654467 3654540
3655979 3663207
3665226 3671815
3672988 3674520
3678400 3679257
3679860 3682967
3688472 3696062
3696668 3696771
3697512 3702072
3703318 3706781
3707876 3724314
3725667 3726258
3728265 3729637
3734887 3734988
3735507 3735778
3736687 3745049
3749985 3754053
3754927 3756467
3759471 3779620
3780666 3781238
3784966 3786884
3787925 3788333
3790764 3791054
3800991 3802308
3806798 3806997
3811889 3812298
3812930 3814280
3814808 3821029
3821611 3827504
3830043 3833349
3835667 3842754
3851984 3857040
3859321 3864995
3867932 3873026
3877681 3877854
3890189 3894098
3903059 3913290
3913892 3913983
3919426 3919600
3922610 3923193
3928726 3931946
3934133 3941357
3950381 3962184
3969359 3978933
3985251 3985412
3996047 3996130
4001729 4005770
4007598 4011523
4013207 4013789
4014300 4015802
4016476 4018354
4023517 4023591
4026089 4034596
4038673 4040118
4041595 4044012
4044973 4045223
4045836 4047665
4052635 4052857
4054135 4062657
4064128 4064438
4068054 4071083
4077054 4078259
4078897 4080297
4081844 4084332
4086927 4087291
4090365 4090990
4092553 4092639
4093906 4094810
4097935 4105228
4106969 4107880
4111753 4112554
4117129 4120140
4120647 4120709
4123340 4123601
4126598 4132173
4133065 4140009
4145639 4145797
4146304 4147034
4149355 4152595
4156075 4158650
4161827 4162069
4163337 4164709
4172013 4172164
4174614 4174755
4178022 4182237
4182803 4183666
4185148 4189221
4189867 4192199
4195790 4202503
4203538 4228180
4232963 4234217
4239685 4240371
4240931 4242278
4247761 4249840
4250801 4251132
4253108 4253185
4257036 4261208
4264802 4264853
4268708 4269098
4271777 4273445
4286506 4289262
4293647 4294629
4300743 4300864
4304105 4304227
4305274 4306087
4321882 4327053
4327640 4328659
4329377 4329747
4331719 4336013
4339683 4345885
4348950 4349099
4350703 4352461
4352990 4358274
4359776 4361780
4362550 4363820
4369225 4369772
4370364 4382616
4383309 4387106
4389588 4389960
4391190 4391861
4394117 4399794
4402746 4403040
4404865 4416696
4418107 4419943
4420935 4421602
4423473 4425613
4431971 4432883
4433429 4442163
4446808 4449250
4453099 4455357
4460817 4469061
4475967 4477662
4481634 4481870
4484487 4486288
4486793 4488920
4489765 4491662
4492325 4492396
4493152 4502355
4507757 4510575
4511093 4513926
4518178 4523726
4526682 4526732
4528274 4531859
4532469 4536595
4542236 4542413
4543075 4547099
4551050 4553192
4556163 4559885
4566535 4569359
4570224 4570573
4572165 4573791
4587012 4598620
4603223 4603841
4604385 4607784
4610502 4612207
4622334 4623284
4626428 4632233
4633352 4634950
4635460 4635788
4638785 4641015
4642114 4642449
4648593 4649170
4651576 4652981
4657416 4661935
4665854 4665987
4668344 4668949
4669826 4681642
4682180 4682759
4687149 4692078
4692826 4705383
4705969 4706253
4708108 4709883
4714538 4719780
4723296 4723486
4727025 4745062
4748712 4753371
4767625 4769104
4770317 4774801
4781307 4787563
4790143 4798668
4807329 4812369
4813524 4813673
4821022 4825824
4827645 4831718
4837275 4839868
4843536 4850080
4853306 4857432
Salmonella_0920_Ancestor_
1 360
5062 7188
9861 10283
15013 20492
25546 31750
33011 38513
44698 44857
46290 47496
56316 59459
60118 60333
63993 64234
64774 73914
75464 82038
90495 96147
102736 103413
107253 113684
116782 124494
136346 142195
145184 161785
163592 167915
185159 185428
187200 190613
191115 204896
207794 212481
213241 215428
218798 218884
222859 223178
223694 224670
225183 235501
237140 244028
244569 244628
245189 245653
246978 247687
259930 261194
262491 263405
265650 268124
273357 274540
275122 275359
276654 278926
280288 280394
284581 294745
298448 299047
299796 304897
312739 322681
323308 329171
332068 332397
335731 336113
337105 337318
340776 344582
345207 351527
355783 366961
376165 380703
382220 382355
384053 385068
386284 386584
392911 394550
395634 399120
400722 400843
402051 405375
406348 406437
408052 421193
426739 428953
431195 434314
436344 437471
448919 449579
456767 459157
460754 462455
473108 473667
474747 485365
492627 493694
494558 494725
498846 500820
505022 505211
507308 508022
511316 513334
515854 516134
516833 517022
526085 526325
532164 532268
540143 545276
560166 571484
573735 573848
575500 577671
579159 582402
583017 585068
585789 588283
589060 592916
595027 595262
597305 597414
598139 604902
607134 611276
614126 617138
618934 620189
623095 629030
633104 635230
636986 647787
649069 649203
653545 653702
662145 665011
665551 667805
668357 670144
672180 675686
678163 678448
679802 682307
685355 692358
694207 696386
705705 705854
707285 707340
709238 712012
715709 731987
739753 740594
741118 750314
752946 755760
758992 763068
763585 769356
770270 775000
786099 786239
789944 791234
804564 805469
807133 813621
816268 818468
819337 824331
826236 829969
830656 831041
831871 839273
839848 845651
853836 854898
860262 870772
872981 876315
881346 882601
884388 888819
895513 897852
899787 900297
904866 906955
908334 912514
916011 924094
926682 931892
934083 935285
940301 940400
947198 947437
948049 950979
953635 957788
959069 968343
971827 974386
977644 979127
982382 982658
984200 991020
993735 1000086
1000705 1001815
1009398 1014521
1016256 1021380
1022691 1022828
1023624 1031492
1033610 1043146
1048249 1051355
1059969 1076789
1080243 1084704
1085576 1086393
1086910 1087087
1095437 1095665
1097498 1099968
1100812 1102845
1104424 1106405
1107228 1109918
1110753 1110898
1113738 1117231
1121091 1131472
1132067 1132321
1135535 1135822
1136499 1137383
1143304 1143584
1151749 1153239
1154039 1157333
1158037 1158217
1159113 1162312
1162844 1163808
1168791 1171960
1173133 1175839
1179711 1184452
1189492 1190980
1191894 1193910
1194670 1196850
1208342 1217796
1219888 1221793
1224313 1229938
1230508 1233649
1242593 1242690
1243937 1253767
1254981 1263693
1264358 1265896
1266554 1270356
1272166 1273534
1276296 1276663
1278143 1279146
1283240 1284353
1291627 1292020
1300229 1300379
1302031 1302112
1303895 1310846
1314373 1322664
1327731 1330604
1331911 1332009
1336247 1343104
1346723 1353695
1357984 1373210
1384054 1384108
1385213 1385682
1386655 1387307
1390262 1390510
1392808 1393453
1394115 1394281
1398550 1398690
1399298 1403287
1405265 1407538
1409536 1412063
1416258 1416506
1423006 1423302
1424390 1428396
1428940 1438790
1443208 1443281
1444444 1449592
1455781 1467268
1467913 1468103
1468608 1469793
1475165 1476298
1477502 1482061
1485940 1487891
1496017 1501831
1506946 1507148
1516206 1516664
1521320 1528203
1532136 1536444
1539816 1542435
1543007 1548602
1550885 1555467
1562161 1568135
1569236 1572864
1574798 1584464
1597442 1600285
1605412 1605580
1607737 1624163
1624669 1628650
1629353 1642575
1647734 1650833
1655225 1655411
1660125 1668011
1669281 1670753
1672120 1679093
1679656 1679777
1680344 1685315
1686262 1686862
1700614 1707087
1707741 1714512
1715693 1718679
1721066 1733521
1735082 1735192
1743296 1745568
1748260 1754152
1764681 1772085
1772713 1780312
1785722 1785886
1788587 1792334
1793778 1795134
1798097 1798274
1802055 1803513
1807425 1807861
1809505 1812110
1812653 1812886
1813639 1815705
1816863 1823337
1826319 1838638
1840230 1846291
1848042 1848810
1855198 1855404
1859440 1864847
1867683 1877038
1877660 1881249
1884374 1884731
1886846 1889414
1890589 1891453
1893239 1893892
1905249 1906560
1908444 1912018
1912641 1913177
1915293 1916524
1920396 1920613
1924744 1924810
1930862 1951754
1952323 1955429
1963530 1967977
1972219 1972519
1976833 1976977
1977616 1979455
1980903 1981117
1983381 1987005
1988689 1990264
1992223 1992367
1995377 1998174
1999727 2010173
2011057 2018399
2019348 2019502
2024128 2028186
2031482 2033447
2034014 2034572
2035294 2038033
2045702 2048768
2057423 2066900
2069241 2074863
2078485 2079178
2080585 2083436
2084799 2084941
2093570 2094604
2095749 2095991
2096876 2097603
2106338 2107616
2113698 2121172
2123227 2124956
2126783 2128128
2137170 2143285
2144712 2149192
2149787 2157699
2168605 2177408
2180544 2183597
2192189 2195823
2200604 2207713
2212245 2213199
2216836 2221259
2224526 2227868
2251692 2252521
2253973 2256734
2257238 2257967
2259361 2259609
2261113 2261238
2262844 2268042
2274235 2277546
2278969 2280469
2281212 2281791
2285128 2285224
2287809 2291063
2301674 2305359
2305972 2312112
2315260 2322823
2333536 2333635
2337104 2338905
2347606 2349455
2349961 2353426
2356810 2364475
2365569 2365641
2370868 2371543
2374678 2385143
2387856 2395327
2408255 2415259
2415796 2416713
2420441 2424954
2428483 2429528
2434620 2436786
2443801 2444211
2446048 2461017
2464140 2464960
2468097 2474353
2480854 2481971
2482714 2485452
2486150 2492975
2493508 2493983
2505471 2508718
2510097 2511107
2516679 2521129
2525398 2526414
2526951 2528325
2528843 2532249
2537473 2544491
2560556 2560887
2561472 2564975
2568034 2568192
2569784 2575410
2579319 2579840
2583215 2583335
2584060 2584252
2586770 2587854
2593350 2599676
2603802 2604064
2605046 2613899
2619290 2636542
2638735 2639090
2641613 2645330
2649827 2655259
2655972 2660207
2666802 2666904
2671819 2673763
2677584 2679220
2683764 2683875
2686308 2688819
2696222 2702865
2704758 2705034
2709735 2714846
2715518 2715735
2720203 2724140
2724689 2730099
2731665 2731787
2733175 2733396
2734964 2739213
2742474 2744234
2747200 2747581
2753898 2755932
2757520 2764389
2765851 2766082
2770853 2772442
2777209 2779813
2780337 2781815
2784103 2786403
2788170 2791233
2794641 2797356
2797894 2814880
2817171 2817579
2822383 2832216
2832880 2833198
2836811 2842625
2843134 2844293
2861440 2862642
2867149 2867330
2873104 2875689
2876391 2876701
2878069 2878167
2879666 2882031
2882592 2889232
2892268 2892494
2897184 2914557
2915066 2917929
2925275 2928093
2929177 2932083
2932685 2954222
2957459 2961861
2963203 2964309
2970225 2971631
2973934 2974111
2974804 2977381
2978584 2980262
2981694 2992955
2996947 3005389
3010119 3011849
3014459 3015497
3019829 3022976
3023637 3029000
3032983 3035913
3036429 3040841
3047822 3049263
3050522 3050621
3052807 3054021
3056677 3058221
3065079 3067249
3067858 3070863
3072079 3078003
3080993 3093567
3094246 3096989
3099380 3102938
3108932 3118532
3120470 3131032
3132235 3132339
3133672 3140084
3141031 3144066
3148752 3157968
3161684 3161970
3163115 3172354
3176039 3181374
3188974 3194912
3195720 3201638
3206198 3206653
3207331 3207393
3209004 3209738
3210252 3213838
3218892 3219159
3222770 3225767
3227094 3227193
3234196 3235067
3236607 3237397
3240463 3253699
3255234 3255364
3268806 3282720
3289511 3289704
3292174 3295050
3296897 3308712
3316938 3331002
3332283 3341926
3348703 3352631
3354559 3355902
3356442 3357753
3361116 3361173
3362207 3370624
3376863 3382395
3383169 3383247
3389358 3391174
3397538 3403880
3405025 3408169
3411425 3414357
3416521 3418852
3424662 3424763
3425435 3425547
3427476 3432046
3444445 3448426
3455916 3466570
3469510 3472064
3478781 3488558
3496680 3500973
3506745 3513635
3514283 3521881
3522491 3523439
3524889 3528158
3528757 3529094
3532870 3534844
3537273 3538387
3539794 3543010
3551095 3551962
3552576 3553108
3554810 3556592
3558439 3564508
3566964 3572851
3573870 3573997
3576862 3583127
3590681 3591135
3594708 3599439
3605505 3606993
3613202 3616163
3630277 3630420
3631277 3632432
3635139 3635700
3637113 3644932
3648017 3653492
3654275 3662893
3673826 3682795
3686696 3704167
3704720 3704861
3708833 3711820
3716575 3716634
3717223 3719645
3724901 3735352
3735946 3736068
3736676 3740528
3762511 3766097
3767509 3767853
3771941 3777187
3785749 3792599
3793976 3799975
3803024 3805311
3812450 3815236
3815770 3825073
3826969 3835973
3836580 3837417
3841160 3841286
3842521 3842631
3852057 3852480
3869009 3869822
3873567 3875379
3879373 3880087
3888413 3893718
3897025 3897599
3898951 3901760
3903897 3904497
3911659 3913478
3918120 3918529
3921147 3929916
3930612 3934033
3941457 3951601
3959465 3959677
3960654 3961098
3962284 3969694
3972688 3972857
3975413 3975476
3978870 4001953
4003923 4007063
4007827 4009927
4013707 4022756
4023867 4030759
4032760 4039646
4040314 4046619
4049174 4050681
4053782 4059769
4061062 4061478
4062232 4065775
4066708 4067979
4068904 4069006
4076779 4081892
4082414 4083103
4085863 4086624
4088904 4090518
4092821 4095631
4104747 4119402
4123035 4124866
4132759 4132965
4136185 4136746
4140109 4145788
4146983 4149255
4152269 4156500
4157015 4165005
4166626 4171113
4173764 4177922
4182088 4182703
4183555 4185341
4187738 4187829
4189042 4189221
4192134 4201265
4202163 4203669
4227792 4232863
4234317 4240371
4242171 4248298
4249940 4256441
4261734 4269670
4270215 4271677
4273545 4286674
4289362 4293547
4294729 4295627
4296205 4305274
4306187 4310223
4310724 4321739
4329022 4331950
4336136 4339583
4345985 4356372
4358240 4359814
4360442 4360697
4361206 4362916
4363583 4369125
4369872 4370414
4382290 4383418
4384676 4385171
4386024 4386250
4388244 4392860
4396690 4397772
4403569 4403716
4408584 4408696
4409799 4427491
4432912 4432961
4433568 4437646
4441155 4441376
4446880 4448339
4449818 4451450
4453228 4453713
4455714 4456955
4457569 4459972
4460480 4462339
4464234 4471246
4479384 4482210
4482978 4484317
4487540 4491515
4493393 4497359
4508040 4514793
4516728 4517927
4519606 4520058
4523572 4528174
4533242 4533459
4536456 4542975
4546740 4551160
4552108 4552299
4553385 4560473
4563864 4566759
4569240 4572065
4573468 4591274
4596576 4596784
4603941 4604471
4608561 4610402
4612307 4622418
4623384 4626328
4628642 4628850
4632153 4633253
4635888 4639000
4641157 4645332
4645843 4647455
4649104 4651476
4653081 4656813
4657456 4658061
4660155 4660231
4662035 4669726
4678111 4678202
4681742 4683010
4683663 4686579
4692078 4692726
4698307 4698363
4705358 4707441
4709983 4710440
4711010 4714438
4720042 4720959
4721620 4723028
4723582 4726925
4745162 4748612
4750073 4750235
4752794 4752895
4753396 4763674
4764181 4767424
4767971 4768262
4769139 4769783
4774901 4781457
4787663 4790043
4798768 4807229
4808352 4808528
4812469 4816011
4816532 4820929
4825590 4827545
4831474 4837175
4839712 4843205
4849959 4853206
