Ecoli_0920_Ancestor_
3255 3544
8874 9575
14117 14283
21758 21891
31771 32098
32989 33230
38541 38868
41871 42185
47363 47535
65184 65313
66834 67311
68389 68519
70297 70415
82236 83247
91255 93039
102173 102335
114899 115149
119391 119479
126207 126454
132461 132656
137841 137891
139934 140195
147087 147415
153291 153602
155489 155770
173519 173808
194728 195001
199552 199840
210468 210640
214976 215062
221527 221639
235359 236003
239629 239823
244977 245176
246357 246557
269595 269728
272328 273004
293433 293616
294523 294852
317884 318130
328602 328977
339417 339685
350320 350401
354902 354953
358991 359571
362138 362454
377281 382862
389185 389694
395385 395472
399696 401911
413987 414616
418969 424435
444287 444417
460543 460824
462892 463203
467217 467425
476918 477497
491296 491414
495275 495510
496280 496369
497002 497121
507859 508079
515196 515522
522222 522284
524247 524302
537445 537564
548756 548981
550045 555502
563200 563298
565097 565481
567543 567852
573823 574084
582166 582320
584260 584370
602190 602322
607249 607541
630948 631277
640430 640919
644010 649043
663945 664374
670348 670809
690882 691058
696110 696181
697371 697527
698923 699105
704672 704969
714990 715499
718465 719015
740612 740662
767774 768999
773016 773140
802882 803458
809033 809094
817220 817800
822769 822886
825100 825262
826101 827717
838140 838344
845988 847892
855971 856218
861123 861183
864835 865018
883313 883437
889632 889768
895389 895526
897061 897507
899268 899339
904739 905042
914653 915015
923566 924263
925073 925175
937667 938903
951519 951581
953190 953309
965373 965534
967975 971307
982437 982559
1006428 1007907
1008892 1009215
1015004 1015087
1029755 1030547
1036699 1036947
1041152 1041583
1042937 1043137
1049731 1049967
1051835 1051947
1058127 1058391
1060024 1060075
1063186 1063486
1066424 1066616
1096682 1097013
1107818 1108069
1112049 1112135
1119719 1120550
1123723 1123800
1130900 1131710
1133562 1133865
1142136 1142242
1159594 1159866
1160429 1160544
1162115 1167278
1186493 1186729
1198694 1198909
1208605 1208693
1224149 1225153
1225921 1226355
1228517 1228673
1231043 1231389
1244759 1244817
1278129 1278180
1287814 1288494
1315185 1315405
1316411 1316521
1332985 1333087
1344748 1344906
1351188 1351241
1354939 1354989
1357390 1357511
1372960 1373166
1392233 1392361
1402867 1404591
1412821 1413158
1448010 1448291
1458520 1458812
1459557 1460817
1462239 1462362
1470177 1470289
1475032 1475081
1506068 1506388
1507826 1508052
1521805 1521962
1528211 1528685
1536651 1537045
1540249 1540767
1543606 1545093
1562904 1562995
1565703 1565844
1574672 1575474
1587599 1587990
1588543 1589346
1593209 1594334
1608238 1608613
1614253 1614778
1626643 1626720
1630176 1630272
1634951 1635389
1638061 1638193
1642991 1643502
1645229 1645422
1664254 1664349
1668157 1668312
1690511 1690842
1692571 1692891
1697117 1697342
1699727 1699995
1710802 1710876
1711542 1711867
1715579 1715806
1720837 1720989
1727699 1728020
1730178 1730257
1739131 1739205
1752035 1752258
1772695 1773730
1786343 1786415
1789672 1789911
1793224 1793748
1820853 1821199
1822050 1822334
1831500 1831789
1836297 1836581
1844150 1844252
1859290 1864679
1875375 1875493
1878898 1879113
1892048 1892400
1934151 1934918
1938223 1938291
1956948 1957604
1961818 1961927
1975415 1975965
1976709 1976836
1993578 1993677
2042888 2043044
2046344 2046609
2057909 2058248
2069450 2069587
2075862 2076881
2078363 2078530
2094696 2094820
2097835 2097894
2109237 2109475
2122207 2122375
2128818 2128917
2129566 2129737
2132360 2132564
2136482 2136614
2138125 2138890
2164866 2165107
2175728 2175999
2197527 2198414
2211580 2212922
2216629 2216719
2226300 2226734
2232375 2232539
2259696 2259879
2277987 2278349
2294876 2294980
2300609 2301790
2311206 2311506
2313155 2313668
2314247 2314508
2322232 2322715
2325473 2325614
2328761 2329359
2331840 2331948
2341023 2341138
2355852 2356324
2367034 2367325
2377378 2377509
2413189 2414860
2419475 2420538
2424632 2424862
2440053 2440414
2445680 2445972
2472993 2473095
2483098 2483413
2487995 2489146
2495871 2496136
2502930 2502996
2504713 2504958
2520680 2521650
2523526 2524529
2530010 2530084
2533475 2534959
2556077 2556266
2561297 2561393
2592180 2592496
2595262 2595582
2599215 2599551
2605456 2605900
2623227 2623276
2628285 2628367
2637307 2637422
2650985 2651144
2653213 2653586
2654665 2654824
2656196 2656495
2665479 2666008
2666964 2667155
2670263 2670390
2677294 2677647
2679744 2680449
2683587 2683981
2685789 2685917
2690917 2691279
2692298 2692408
2696983 2697198
2702274 2704172
2704999 2705173
2708988 2709403
2711362 2711435
2721086 2721430
2739154 2739209
2745562 2745869
2750252 2750314
2756424 2756694
2774948 2775049
2792148 2792215
2806471 2807029
2819139 2819464
2823492 2823579
2841452 2841896
2868988 2869291
2873683 2873813
2874713 2875112
2876923 2877210
2891132 2892013
2908879 2909032
2924269 2924642
2929600 2929652
2939355 2939792
2944424 2944988
2956049 2956880
2957580 2957755
2958691 2958847
2976747 2976901
2985599 2985680
2996761 2996857
3019101 3019798
3021123 3021341
3037554 3037644
3038587 3039010
3048140 3048459
3051803 3052109
3058077 3058715
3065722 3065980
3067948 3068875
3075837 3076104
3079075 3079212
3092814 3093074
3111674 3111902
3122403 3122623
3124451 3124736
3130037 3130812
3136256 3136567
3147109 3147346
3149318 3149561
3150947 3151287
3156428 3156522
3162932 3163695
3164224 3166945
3168238 3168332
3175074 3175142
3178394 3178644
3183927 3184211
3190171 3190266
3193661 3194666
3200846 3201288
3205975 3206266
3220476 3220801
3245399 3245571
3265531 3265664
3274890 3275052
3279077 3279326
3286819 3287146
3287869 3287995
3290238 3291322
3305477 3305768
3329169 3329250
3333981 3334281
3346589 3346671
3353507 3353652
3368250 3368358
3385562 3385848
3406002 3406286
3413958 3414101
3420570 3421159
3422111 3422213
3454658 3454931
3474534 3474635
3482632 3482747
3493156 3493281
3493378 3493821
3495391 3496488
3512558 3512650
3517240 3517490
3528694 3529429
3535126 3535204
3536468 3536543
3540496 3540877
3543332 3543556
3544792 3545091
3559736 3559873
3566742 3566894
3587220 3587305
3600030 3600133
3603914 3604458
3621960 3622398
3625993 3626169
3637471 3637557
3638182 3638303
3640719 3640925
3659791 3659939
3672461 3673018
3674101 3674400
3687124 3687507
3693571 3693997
3706601 3706753
3722077 3722177
3735185 3735466
3738253 3739190
3762046 3762230
3762852 3763191
3775631 3775835
3794435 3794726
3830269 3830714
3837657 3838407
3851970 3853243
3853901 3853960
3855796 3856296
3857752 3858657
3859428 3859645
3860368 3861167
3863931 3864015
3870758 3870834
3874481 3874635
3876675 3876826
3885123 3885210
3886923 3887068
3899581 3900065
3901852 3903584
3905131 3905369
3923430 3923757
3931793 3932051
3940470 3940526
3941401 3941539
3960442 3960720
3966971 3967054
3967837 3967895
3975089 3975199
3981552 3982263
3984921 3985158
3997892 3998694
4001423 4001530
4009145 4010820
4015178 4016119
4022868 4023934
4027408 4027565
4040710 4041466
4042656 4042761
4050197 4050472
4053546 4053766
4060802 4060866
4064239 4064813
4080734 4081024
4103186 4103832
4110480 4110615
4116781 4117123
4125048 4125174
4174114 4174376
4188510 4188982
4197931 4198997
4204752 4205120
4208313 4209357
4214040 4214323
4215578 4215776
4221457 4221705
4224270 4224323
4233142 4233387
4241118 4241210
4247387 4247454
4249408 4249561
4250514 4250736
4263328 4263606
4273267 4273689
4274424 4275476
4280578 4280822
4294359 4294632
4299502 4300264
4300805 4300907
4310791 4311529
4315698 4316750
4317895 4318021
4319142 4320159
4329947 4330190
4331479 4331672
4332227 4332797
4349276 4349336
4361954 4367240
4376448 4376633
4379955 4380037
4381006 4381250
4390346 4390864
4397780 4398084
4404940 4405043
4409430 4409554
4420945 4421232
4423037 4423167
4433786 4434023
4436302 4436368
4449525 4450484
4462813 4462902
4464172 4464450
4490770 4490897
4494802 4495051
4510233 4510499
4533195 4533377
4536539 4537745
4539032 4539176
4540015 4541320
4552496 4552800
4557265 4557969
4591201 4591388
4598021 4598320
4631858 4632047
4639043 4639097
