gi_556503834_ref_NC_000913.3_
19851 20458
223680 225738
257963 258570
270596 271706
274965 275094
279218 279825
290496 291296
391764 392908
566835 567979
574646 575730
608062 609296
687906 688990
729637 733167
780814 781178
1049883 1050490
1094300 1097141
1269683 1270439
1287085 1287262
1299554 1300638
1396099 1397183
1427948 1428554
1432293 1434681
1467965 1469295
1528239 1529119
1570707 1571897
1650898 1651493
1978558 1979165
2066231 2067245
2068996 2070218
2101804 2102888
2170229 2171373
2288974 2290058
2304390 2304502
2514328 2515562
2520986 2521465
2726117 2729149
2729657 2731430
2996416 2997637
3130201 3131285
3186151 3187371
3365611 3366695
3423718 3428853
3470219 3471139
3583533 3584140
3622531 3622776
3652091 3653175
3762237 3765767
3941497 3946871
4035220 4040552
4166385 4168620
4209703 4213111
4295837 4296060
4498236 4499456
4507514 4508624
