Ecoli_ancestor_Ancestor_
1 1396
47683 53375
61637 66430
70934 71264
91395 92568
101706 102073
120629 122083
131182 133766
143850 144120
145832 146205
205241 206198
223238 274733
294371 294481
327599 327932
377693 387908
422184 422589
424292 428791
450892 452457
465180 466693
478475 505563
550059 555547
644033 649301
695317 695557
824972 828636
968023 968863
1006663 1006768
1079363 1079624
1112646 1115894
1121112 1121443
1129141 1132710
1147778 1148684
1161951 1167490
1224163 1225176
1259814 1271416
1316167 1323619
1324727 1324955
1359861 1371477
1375756 1378186
1404709 1428774
1459536 1520990
1526466 1526689
1593168 1594341
1599895 1687472
1717523 1717819
1745382 1791926
1854060 1906881
2069345 2069552
2075080 2076476
2150716 2163730
2236635 2238038
2243608 2243710
2300800 2301813
2419568 2420575
2458739 2459026
2487970 2488983
2520782 2521761
2523560 2524573
2598223 2605894
2620938 2626644
2639315 2650051
2653939 2654046
2658137 2664455
2673135 2678379
2760421 2760653
2852008 2852070
2939358 2939907
2955912 2957487
2959131 2959407
2990315 2997305
3019024 3020079
3104848 3105089
3107425 3116317
3118688 3128913
3130600 3132641
3164669 3175796
3193638 3194651
3207745 3215747
3230211 3230465
3242936 3258461
3269275 3280629
3290183 3291196
3317356 3323588
3390335 3395989
3441061 3441306
3493221 3493401
3496423 3496505
3540313 3540921
3581203 3584993
3590386 3590818
3652472 3653096
3852187 3853705
3857632 3861237
3882126 3882886
3900045 3902881
3958726 3978939
4015128 4016141
4022824 4023969
4064139 4065019
4197896 4201095
4208316 4209489
4242273 4249062
4250818 4250962
4252256 4254587
4274376 4275520
4299508 4300308
4310929 4311587
4315764 4316777
4319135 4320208
4332184 4332841
4339350 4340505
4349436 4350517
4361608 4361797
4365533 4367124
4435856 4443949
4482339 4482585
4536297 4537506
4539971 4541363
4601026 4601260
4612029 4612078
