Salmonella_0920_Ancestor_
1 360
1085 7509
10132 11601
12506 15078
17640 26082
43737 60018
63993 64225
64872 75661
89839 100136
107253 111282
136822 137060
161708 161785
171408 207899
218984 244628
259930 260078
280288 282041
288920 295627
296181 299696
301444 304549
315366 317500
327349 336113
337078 337922
359509 370043
376045 394550
396875 398892
400722 401951
406122 406391
419414 420295
424263 458538
459074 460214
472007 474378
475414 475563
480940 487229
493470 493694
494409 494458
495289 528657
555290 561903
571321 571484
578190 589300
595073 597414
600820 616570
618934 620181
624838 653827
661152 665749
667597 667805
678400 685255
724123 724204
731614 731847
752946 753033
755681 761050
769140 773472
794118 794377
796937 812328
812854 819868
826236 826485
827239 829914
830656 831041
831926 846099
852447 853736
881346 881573
899787 900297
906831 926902
931814 937221
937725 940400
947198 947437
950703 950785
959069 959159
982382 985206
990981 991069
997773 998017
999478 1000086
1000645 1025715
1039612 1063240
1083335 1084542
1088095 1097112
1097693 1103067
1103647 1106835
1107399 1115662
1121091 1122638
1127331 1131478
1135535 1135864
1136884 1137513
1139400 1150925
1184986 1185070
1194670 1202639
1221254 1224662
1238421 1253767
1263425 1263693
1264621 1265896
1272864 1276663
1278790 1278886
1279686 1286392
1291627 1308536
1323793 1341072
1341617 1342958
1346622 1349140
1380532 1385399
1390000 1393435
1398550 1398885
1406021 1438204
1438890 1444722
1448381 1449592
1457342 1458885
1466496 1468103
1475165 1487346
1498827 1527408
1529410 1540489
1551825 1558928
1574534 1574698
1577755 1585201
1585714 1624163
1629353 1636217
1643157 1647134
1647729 1648628
1655225 1663322
1663841 1668246
1670002 1670193
1674185 1674705
1676178 1678953
1687173 1691074
1704833 1706332
1707812 1708340
1715693 1744312
1772311 1815701
1819178 1822373
1823204 1824650
1835352 1852504
1877211 1890087
1890589 1905330
1913259 1915473
1918532 1935782
1939750 1942350
1944815 1948213
1963530 1964720
1968077 1994089
1998074 2009289
2010273 2010390
2034672 2046259
2048092 2073519
2075447 2078385
2094105 2100349
2107595 2109529
2118128 2121188
2123958 2137249
2146815 2149192
2152362 2154488
2155199 2155405
2170087 2175144
2178814 2187966
2196715 2207713
2210100 2226544
2246993 2250744
2259361 2259694
2287480 2310441
2322612 2335911
2347594 2350342
2350874 2356960
2357872 2364475
2364976 2410214
2415167 2415259
2416813 2420595
2428162 2434751
2436886 2437054
2457648 2464801
2488091 2521129
2522301 2526414
2530851 2534248
2546805 2552424
2568034 2568192
2574760 2580195
2581622 2589261
2603802 2605264
2630885 2660014
2671919 2673846
2714651 2714846
2715835 2736575
2737399 2739213
2744236 2750247
2757417 2769817
2770827 2772442
2774781 2781815
2782367 2791233
2794529 2794786
2795335 2804142
2804728 2804778
2814659 2822075
2822835 2823095
2826893 2832216
2843676 2862714
2867149 2867330
2868456 2869110
2873120 2874936
2876368 2882592
2883226 2885379
2897740 2911802
2914255 2914557
2917648 2947658
2954299 2964309
2975265 2975348
2984900 3005834
3015255 3023011
3023545 3025535
3030332 3040841
3042067 3047970
3058138 3058221
3065079 3065290
3067858 3070281
3076803 3079738
3080359 3093998
3094579 3108343
3108932 3114990
3115581 3125233
3130784 3135707
3144611 3147413
3161684 3161970
3168068 3175158
3181131 3194822
3199049 3199183
3207128 3207622
3218404 3219031
3228029 3228821
3240486 3251228
3263721 3263846
3265125 3281201
3289028 3297016
3308231 3315014
3316938 3320778
3356442 3370624
3376222 3376317
3382849 3414399
3416521 3434385
3436674 3473484
3474001 3498075
3501073 3503455
3519177 3521976
3546944 3553806
3554329 3555046
3556900 3558599
3566963 3572132
3580750 3588838
3598342 3606993
3613546 3636569
3642239 3645015
3657185 3660040
3682248 3719031
3741098 3741670
3742255 3742616
3758243 3787449
3792373 3792599
3793714 3805603
3811867 3815144
3815646 3823707
3825560 3826460
3826971 3831179
3835208 3838462
3841160 3841466
3852580 3861917
3874274 3888412
3893996 3918212
3923686 3924033
3931847 3931946
3935377 3936953
3940490 3941357
3951211 3951601
3959465 3959677
3960654 3981425
3982120 4003250
4008144 4018604
4020477 4051745
4052477 4056266
4061062 4066198
4112986 4118114
4123035 4138183
4152695 4167694
4169078 4169530
4173862 4182237
4183581 4183666
4195790 4201356
4227792 4261208
4261734 4270490
4286506 4286644
4303425 4312338
4314985 4315784
4345985 4349099
4350703 4362381
4383779 4383943
4388244 4404580
4407088 4421649
4423157 4423507
4430761 4430901
4432905 4433641
4439323 4442503
4449888 4457071
4457573 4470940
4501321 4517927
4520158 4520222
4533019 4536181
4542236 4552671
4560041 4563764
4567163 4570573
4574211 4586870
4596581 4603123
4604385 4610402
4617181 4628850
4632153 4632233
4640154 4647991
4665016 4669283
4674598 4686579
4687644 4692726
4693274 4706253
4722400 4722947
4723911 4735555
4745162 4752757
4764861 4767871
4771199 4771443
4781307 4781457
4784671 4784858
4788450 4793624
4799697 4803198
4805021 4808891
4813524 4813673
4816178 4816432
4831474 4831718
4843033 4853206
4856825 4857432
