Ecoli_ancestor_Ancestor_
1 240
759 1002
23764 23909
36664 36760
48977 49054
63438 63637
82136 83432
87939 88307
91222 92526
135810 135945
158669 158868
160965 161064
246350 246597
269199 269343
273698 273752
280262 280459
283980 284124
296367 296537
358991 359274
377697 382862
413706 414739
418938 424406
428113 428190
429199 429480
431331 431499
463667 463857
482998 483097
488213 488317
503838 503931
512480 512558
513140 513260
518550 518743
520597 520826
523831 524104
541992 543093
549941 555540
563302 563379
579638 580225
581495 581770
600363 600531
604660 604888
643863 649263
697669 697907
703293 703488
705785 705934
724894 725020
728521 728745
815015 815193
820071 820243
823275 823445
824979 828570
854593 854692
857718 858257
898161 898281
923519 924632
933146 933344
937667 938750
944746 945910
950140 950360
964829 966111
968044 971432
998514 998723
1006642 1007469
1036777 1036864
1095602 1095817
1101895 1101989
1109060 1109112
1114098 1116485
1119979 1120779
1132693 1138920
1158545 1158644
1161912 1167278
1188609 1188689
1208615 1208910
1224148 1225539
1238307 1238919
1243421 1243504
1245354 1245900
1277726 1277872
1281422 1304896
1320547 1320839
1323431 1323714
1326570 1326699
1366331 1366623
1403387 1404691
1459557 1460496
1475882 1475963
1514649 1514904
1519002 1530724
1534399 1534596
1548871 1549005
1574881 1575126
1581523 1581573
1593209 1594474
1602064 1602263
1613719 1613943
1618643 1618790
1633824 1634124
1649054 1649122
1653882 1654133
1664961 1666070
1689451 1689503
1690638 1690798
1698700 1701615
1702598 1702682
1759346 1759606
1766757 1766898
1781639 1781830
1782894 1783086
1822434 1822544
1828834 1830823
1832527 1832598
1833925 1833994
1835671 1836172
1859531 1864643
1906818 1906965
1909471 1909769
1912150 1912363
1954793 1954849
1967479 1967600
1977064 1977188
2012978 2021031
2037831 2038591
2041212 2041339
2069402 2069452
2075285 2076433
2138753 2138903
2163577 2163730
2175803 2175934
2203506 2203674
2205589 2205770
2219188 2219360
2243615 2243698
2251703 2251781
2262595 2262795
2271090 2271317
2282246 2282560
2285876 2286379
2287496 2287592
2300590 2301786
2311378 2311490
2356384 2356662
2387346 2387396
2419436 2420536
2481820 2481964
2487878 2489023
2513623 2514089
2520680 2522061
2523604 2524465
2544968 2545041
2589110 2590741
2605282 2605993
2643077 2643294
2653939 2654446
2658631 2664516
2672681 2680112
2682526 2682628
2724369 2724565
2742758 2742923
2744630 2744871
2774127 2774244
2796984 2797066
2812542 2812687
2837268 2837536
2839437 2839588
2851077 2852007
2881354 2881516
2939354 2939862
2948663 2948777
2954011 2954866
2955816 2957755
2965778 2971874
2980578 2980726
2986194 2986408
3018959 3020057
3023728 3023919
3038536 3038771
3057988 3058818
3061188 3062535
3099310 3099459
3113744 3118770
3122242 3122293
3124701 3124799
3128877 3130812
3138949 3139104
3142376 3142442
3149694 3149825
3163103 3163503
3164573 3166909
3193484 3194666
3200072 3200353
3210228 3210450
3254271 3254386
3267310 3267625
3278212 3280059
3283953 3284138
3284845 3284950
3290098 3291211
3299424 3299931
3320418 3320557
3321178 3321282
3330803 3330990
3333222 3333725
3338477 3338643
3357341 3357524
3362433 3362602
3391156 3391282
3407908 3408128
3432637 3432933
3454353 3454497
3483937 3484164
3493391 3493744
3495399 3496621
3502366 3502513
3510793 3510987
3537924 3538330
3540318 3540928
3612546 3612609
3646679 3646806
3655279 3655427
3679525 3679581
3686141 3686991
3705049 3705382
3717884 3718073
3771718 3771877
3778304 3778447
3781229 3781297
3807024 3807261
3808326 3808453
3809078 3809187
3827214 3827451
3839336 3839625
3850718 3850837
3853296 3854640
3855805 3856557
3857650 3858657
3859218 3859650
3860270 3860955
3866461 3866548
3882126 3882453
3896598 3896745
3899899 3899990
3901852 3903222
3952664 3952814
3962527 3962601
3978792 3982698
4009404 4010396
4015101 4016191
4022868 4024029
4038438 4038699
4062170 4062408
4063989 4064795
4106127 4106361
4113481 4113572
4118455 4118732
4130477 4130980
4141404 4141703
4150804 4150950
4153951 4154185
4170971 4171101
4185192 4185294
4197931 4199088
4201579 4201631
4207276 4209451
4213781 4213891
4216721 4216842
4233059 4233350
4238197 4238830
4252857 4253095
4274402 4275606
4299500 4300264
4303248 4304517
4310791 4311634
4315735 4316750
4319142 4320259
4322858 4322985
4324622 4324831
4327642 4327904
4332253 4332837
4361907 4367298
4370440 4371095
4425881 4426275
4453015 4453180
4461833 4462278
4474332 4474439
4494579 4495354
4512176 4512273
4525986 4526151
4536341 4537488
4540750 4541474
4542576 4542748
4549811 4549990
4550787 4551016
4558778 4559033
4584164 4584271
4638549 4638634
Ecoli_0995_Taxon020_
1 240
759 1374
5131 5296
15486 16633
19895 20619
21721 21893
28956 29135
29932 30161
37923 38178
63309 63416
114279 114364
126418 126541
128612 128971
137624 137789
186609 187003
204153 204677
223506 228897
257967 258551
262900 263162
265973 266182
267819 267946
270545 271662
274054 275069
279170 280013
286287 286383
287443 287556
290540 291304
315198 316402
337709 337947
351974 352607
357454 357745
373962 374083
376913 377023
381353 382493
389173 389225
391716 392873
405510 405599
419703 419833
436619 436853
439854 440000
447280 449400
452730 453015
459824 460327
472072 472349
477232 477323
484443 484677
526009 526815
528396 528634
552105 552366
566775 567936
574613 575703
580931 581400
608106 609252
628203 628277
637990 638140
687582 688952
705287 705434
708588 708678
721986 723428
724256 724343
729849 730534
731154 731586
732089 733154
734247 734999
736164 737508
739967 740086
751179 751468
762942 763497
815663 815822
822249 823348
825174 825242
850969 851206
852271 852398
853023 853132
871159 871250
872731 872920
885422 885755
903813 903926
904581 904721
935377 935630
938184 944125
978195 978258
1049876 1050486
1052474 1052880
1078843 1080011
1088291 1088438
1094183 1095405
1097060 1097413
1136307 1136451
1157871 1158167
1181810 1182896
1185215 1185310
1194567 1194813
1199522 1199648
1228202 1228378
1233526 1234639
1242852 1243359
1265069 1265318
1269836 1270960
1274231 1274418
1276650 1277153
1281905 1282071
1300769 1300952
1305861 1305959
1306666 1306851
1312304 1312592
1323179 1323494
1336418 1336533
1392795 1393977
1399383 1399664
1409539 1420588
1421917 1422205
1425677 1425728
1428136 1428234
1432312 1434247
1442384 1442539
1445811 1445912
1466913 1469249
1470319 1470719
1483997 1484128
1491380 1491494
1528269 1529616
1531986 1532816
1552033 1552268
1566885 1567076
1570747 1571845
1604396 1604610
1610078 1610226
1633049 1633261
1638495 1639350
1640300 1642141
1650942 1651450
1750977 1751367
1753268 1753536
1778117 1778262
1796169 1796271
1838012 1838208
1856401 1856566
1858273 1858514
1887770 1887887
1910627 1910738
1920678 1920831
1936358 1936865
1958957 1959174
1971549 1979264
2000063 2000332
2045763 2045836
2066339 2067200
2068743 2070124
2101781 2102926
2108840 2108984
2147178 2150707
2182747 2183847
2203401 2203458
2234142 2234420
2279314 2279426
2289018 2289739
2303212 2303308
2304425 2304928
2308244 2308558
2333232 2333334
2341339 2341499
2348375 2348616
2365677 2365849
2379267 2379448
2381363 2381531
2409103 2409942
2421307 2421436
2432250 2432450
2439565 2440175
2440745 2440972
2451901 2452051
2514371 2515519
2521352 2521402
2565264 2565391
2569773 2569980
2598295 2598643
2612181 2612416
2613616 2613740
2623204 2623325
2635955 2636011
2674881 2675072
2676136 2676328
2715676 2715786
2725769 2725840
2727167 2727236
2728913 2729414
2752773 2757885
2771771 2771914
2802713 2803011
2805392 2805605
2823906 2824047
2831198 2831458
2888122 2888206
2891857 2892104
2900006 2900166
2901301 2901353
2924734 2924980
2936671 2936922
2941682 2941750
2956680 2956980
2972014 2972161
2976861 2977085
2988541 2988740
2996330 2997595
3009231 3009281
3015678 3015923
3041799 3041933
3056208 3056405
3098791 3099046
3130308 3131247
3153076 3153746
3186113 3187417
3224181 3224473
3235513 3236234
3236922 3255786
3264105 3264234
3267090 3267373
3269965 3270257
3279123 3279967
3312932 3313078
3344904 3345450
3347300 3347383
3351885 3352497
3356267 3365247
3372545 3372597
3379668 3379762
3385840 3389013
3393438 3393858
3415189 3415269
3435195 3435490
3450728 3452212
3455706 3456506
3484413 3484478
3494272 3494371
3497639 3499209
3553940 3554027
3583335 3584162
3592081 3592290
3619372 3622760
3624693 3625975
3640444 3640664
3645950 3646058
3652054 3653137
3657460 3657658
3666172 3667285
3692523 3694773
3720796 3720895
3723921 3724460
3764364 3765069
3765591 3765825
3767359 3767529
3770561 3770733
3775611 3775789
3862059 3862283
3865784 3865910
3884870 3885019
3887316 3887511
3892897 3893135
3941541 3946941
3985916 3986144
3990273 3990441
3994441 3995946
4009034 4009309
4027425 4027502
4035264 4040863
4066700 4066973
4069978 4070207
4072061 4072254
4077544 4077664
4078246 4078324
4086873 4086966
4107620 4107806
4112287 4117720
4121427 4121504
4122513 4122794
4135885 4136075
4168243 4168411
4171501 4171866
4176065 4177098
4207942 4213107
4231530 4231813
4294267 4294437
4306680 4306824
4310345 4310542
4317052 4317106
4325941 4326188
4348790 4348893
4371617 4371816
4373913 4374012
4454818 4454994
4498278 4499582
4502497 4502865
4507372 4508668
4527167 4527366
4541750 4541827
4554044 4554140
4566895 4589428
4599386 4599483
4616900 4617080
4638549 4638634
