Ecoli_ancestor_Ancestor_
1 1396
15165 18144
82022 83290
91348 92568
93198 114796
198612 237515
294371 294594
377693 382748
395035 395281
414716 422589
424292 478419
497313 550003
553306 592266
643910 649301
702748 785586
786145 828636
923423 938717
968139 968233
968919 969537
1048039 1085344
1119675 1137648
1138175 1167490
1224109 1225197
1299537 1359699
1383566 1403377
1404563 1410742
1451570 1461544
1469329 1472049
1484417 1566706
1593168 1594388
1618987 1625176
1632122 1643420
1678519 1699589
1708574 1741365
1751393 1780082
1835945 1836187
1859374 1878538
1978522 2163549
2251687 2301813
2419514 2420553
2487916 2489000
2513592 2524573
2598278 2605894
2653939 2654046
2664430 2733226
2852008 2852070
2939311 2939906
2954966 2956195
3057944 3116685
3118688 3124781
3128933 3165872
3193617 3356770
3440807 3495326
3540313 3540921
3590874 3634718
3744736 3745001
3807037 3856601
3857632 3882070
3902558 3902902
4009497 4065019
4197918 4198903
4204290 4293388
4299508 4316794
4319098 4443986
4462248 4481912
4528286 4537531
4540706 4541313
4635134 4637229
