gi_556503834_ref_NC_000913.3_
223680 225738
257963 258570
270596 271706
274010 274196
279218 279825
290496 291296
391764 392908
525785 526665
566835 567979
574646 575676
608062 609296
687902 688936
729791 733174
734793 735045
1049883 1050490
1094300 1097141
1269683 1270564
1299608 1300642
1396153 1397187
1427897 1428336
1432329 1434681
1467965 1469295
1531848 1532851
1634504 1634967
1650898 1651493
1978558 1979165
2066230 2067244
2068996 2070216
2101804 2102834
2170229 2171373
2288974 2290059
2514328 2515562
2726119 2729149
2731304 2731430
2817784 2818196
2996416 2997636
3130255 3131285
3186151 3187371
3365611 3366641
3392225 3392308
3423314 3428853
3583533 3584140
3619400 3622783
3623928 3624458
3624983 3625413
3652087 3653121
3666260 3667381
3941503 3946769
4035220 4040745
4166354 4171706
4176134 4177054
4208056 4213109
4295837 4296060
4498236 4499456
4507514 4508624
