Ecoli_0940_Taxon009_
19160 19482
60073 60407
64844 65148
80559 80702
110722 110942
115662 115920
256190 256303
264812 265105
283353 283749
309016 309116
346208 346404
369555 369883
498974 499185
503847 503903
506604 506691
512116 512364
556336 556576
564862 565348
685172 685522
707991 708256
754909 754984
796117 796336
828617 828858
855338 855620
897052 897253
906159 906221
969573 969785
987081 987388
1082114 1082208
1154584 1154641
1278704 1278947
1294478 1294722
1323253 1323621
1400335 1400697
1409141 1409361
1443120 1443388
1507829 1508079
1603503 1603687
1622504 1622868
1688072 1688350
1725158 1725315
1751510 1751632
1756032 1756335
1800717 1800852
1833624 1834041
1835689 1835815
1925895 1926268
1936710 1936879
1955308 1955600
1961276 1961491
1996877 1997242
2017390 2025767
2090410 2090577
2093568 2093804
2096496 2096738
2121030 2121205
2136282 2136527
2159252 2159544
2273525 2273801
2330334 2330555
2367400 2367707
2414770 2415275
2473599 2473917
2510231 2510527
2522630 2522760
2557877 2558070
2597264 2597314
2633418 2633768
2717580 2717785
2721908 2722199
2745648 2745864
2788082 2788313
2794594 2794816
2838546 2838769
2855849 2855979
3000724 3001017
3004842 3005156
3030951 3031103
3057321 3057425
3075923 3076329
3147205 3147263
3191172 3191403
3251240 3251446
3276617 3276894
3310881 3310933
3377223 3377644
3428191 3428377
3455867 3456090
3560257 3560812
3581882 3581948
3614551 3614618
3628759 3629004
3642436 3642753
3718182 3718470
3743829 3743964
3766619 3766754
3849732 3849890
4023866 4024009
4042574 4042657
4120150 4120391
4134188 4134239
4154713 4154898
4177379 4177629
4185399 4185752
4219349 4219570
4288395 4288470
4317582 4317650
4332532 4332803
4356452 4356540
4376196 4376458
4394394 4394662
4421745 4422133
4425277 4425367
4499959 4500365
4571960 4572082
4631029 4631127
4640471 4640564
