gi_556503834_ref_NC_000913.3_
223702 225738
228836 228928
258050 258471
270618 271684
274032 274104
274626 275018
279305 279726
290518 291197
339931 340115
349594 349686
375267 375365
381337 381884
391786 392886
566857 567957
574664 575654
608084 609274
687924 688914
729879 731637
732354 733150
734815 735021
736460 737730
780842 781145
781654 781767
1049982 1050403
1094322 1097141
1269170 1270341
1286971 1287148
1299630 1300620
1396175 1397165
1427827 1428193
1432351 1434659
1467987 1469295
1528319 1529097
1532486 1532721
1552226 1552403
1634639 1634945
1635916 1636815
1650920 1651471
1978645 1979066
2066253 2067222
2069018 2070194
2101826 2102812
2170251 2171351
2288996 2289982
2304390 2304615
2514350 2515540
2521245 2521443
2726141 2729601
2730885 2731226
2996438 2997614
3130277 3131267
3186173 3187349
3269843 3270048
3365783 3366619
3423336 3428831
3583632 3584053
3619350 3620472
3621324 3622761
3624432 3625447
3652109 3653099
3666282 3667260
3763541 3765750
3767297 3767505
3941556 3946747
4035279 4040723
4094310 4094401
4166407 4171843
4176156 4177032
4208078 4213087
4498883 4499434
4507536 4508602
