e_coli_k12_gi_556503834_ref_NC_
1 696
1615 2395
3375 3494
5643 5921
7172 8165
8902 9022
10282 10415
11197 11601
15172 16558
19672 21594
24927 25109
25653 25853
27362 28007
29436 30626
31212 32166
33527 33774
34517 35459
36985 37628
38178 39171
39940 40238
42560 42680
43885 45678
46267 46498
60451 60930
63029 63404
64682 65440
66103 66656
67974 68442
72031 73117
73993 74257
76028 76530
78634 79133
80334 80446
83433 83574
88823 89139
89771 90149
93876 94373
96191 96361
98676 98811
101401 101573
102588 103808
105303 105495
106497 106902
107759 108340
109644 109773
110980 111589
112500 112657
113254 113404
114620 115137
117417 118637
119521 121416
122143 122282
124113 124902
129608 129878
130798 131090
133931 134579
135399 135597
136389 136572
137228 137372
138448 139398
141396 142072
143683 143747
144265 144532
146015 147451
148730 148899
149781 150022
150544 150617
152198 152902
156309 156519
157420 157609
158856 159514
160440 160592
162792 163247
164063 164714
167426 167717
169139 169931
171044 172049
174609 175208
176156 176428
177847 178414
181254 181388
185034 185114
186742 186851
187730 188156
188728 189836
191870 191940
192866 193099
196701 196831
197717 198242
199039 199246
200569 200951
201572 203947
206540 206802
209506 209559
212460 212749
213818 213897
214471 215386
216520 217702
218431 218827
219452 220219
223628 228949
230000 230068
231050 231108
232393 232714
234359 234732
236578 236630
237325 238485
239429 239913
240535 240654
241806 242229
243654 244241
245966 246306
248211 248264
252343 252473
257076 257175
258007 258599
261082 261288
262956 263379
264370 265724
267208 268546
269480 270538
271692 271953
274033 275387
276808 277645
278524 280055
286532 286765
289269 289952
290458 291407
292483 292544
293170 293863
297805 298024
299694 299940
302513 304104
309395 309668
310266 310969
311521 312496
313096 313874
316402 316783
318488 319097
320298 321143
322576 322721
324917 325352
329836 330043
332579 332693
333263 333712
336541 337774
338513 339042
339765 340081
341584 342393
343563 344053
346103 346681
348676 349927
350458 350633
352868 353154
353835 354471
354675 354768
355427 355540
361147 362025
363842 364274
366790 367048
369324 370859
371544 372676
373300 373834
374783 376151
377383 377499
378669 379136
380995 381908
382591 382719
383676 383731
384640 384770
385546 385789
388538 388776
391202 392772
393377 393988
396284 397252
398758 398938
400391 400656
401528 401920
402671 403511
406388 406453
409526 410945
411081 411183
414051 414956
415633 415686
417880 418586
420232 421357
422137 422372
427039 427422
428436 428641
429741 430341
431304 431533
437678 439136
440884 441019
441540 442066
443152 443340
446015 446144
447626 448701
449497 450852
451507 452857
453564 457763
458598 458966
460624 461670
463644 463856
467288 467543
468355 468539
469737 470471
472168 472327
473062 474007
475031 475631
477291 477547
478093 478490
480858 481041
483823 484401
486298 486831
488293 488441
489108 489374
489888 491333
493025 493471
494552 494860
497624 497767
498924 499137
499768 500168
500743 501399
503559 503635
506225 506761
508170 508683
509809 510052
510585 510683
511529 512050
515737 517539
518821 518921
520237 520398
524223 526714
528536 528820
529717 531032
531792 532053
533306 533875
534928 535474
536016 536715
538635 539436
541195 541460
542859 543165
543790 544418
545023 545172
546102 546520
547815 548204
549903 550878
551553 552184
553630 553815
556014 557220
559085 560554
561570 562268
564079 564235
566372 568694
570274 571196
572061 572118
573532 574097
574646 575794
576433 576842
577445 577542
578157 578508
580105 580282
581632 582116
584208 584332
588452 588597
589381 589870
590400 590528
591275 591438
592121 594179
598023 598854
601162 602347
602862 603601
605626 605767
606864 607349
609278 610187
610906 610987
612037 613437
616098 616187
616951 617080
619283 619488
621205 621596
622339 623081
623691 624216
624888 625931
628106 628331
629035 629537
630537 630661
632849 633080
636531 636964
638315 639433
641180 641273
642146 642529
643102 643458
644026 644221
648528 648700
651199 651302
652065 652769
653755 654583
657077 657270
659564 660079
660730 660936
661754 661863
666525 666781
670329 670555
671637 671823
672584 673361
674196 674627
677111 677301
678224 679131
680572 682907
687214 688931
689754 689865
690419 690893
692924 693240
694676 695148
695708 695886
696507 697255
698703 698952
699449 699622
702483 702566
705261 707296
708048 708218
709026 710637
711849 712430
713439 714357
715176 715578
716205 716463
717562 718157
719314 719613
720286 720372
721348 721975
722630 723187
724496 724834
726000 726342
726886 727321
729542 733168
735171 736758
737296 738830
743160 744404
745679 746684
749661 749907
752586 752991
754110 754605
758054 758492
759268 759426
761973 762193
763493 763809
765574 766510
767113 767377
769002 769419
771858 772467
773168 773977
774818 775456
776070 776282
776960 778170
779275 779415
780140 782261
789321 789581
790881 791758
794869 795500
796016 796884
798109 798507
799924 800431
801007 801291
802175 802455
803426 803622
804453 804682
805891 805982
807278 807339
808183 808348
810054 810395
811973 812405
813309 813511
815052 816455
817325 818053
819961 820357
825216 825287
826573 826936
828789 830318
832397 832648
834669 834932
835504 836056
837484 837853
840863 841463
842647 842702
845432 845966
847483 847532
850717 850778
852312 852653
856734 857125
857956 858701
859887 860239
861245 861513
863435 863622
867597 868021
872127 873576
875713 876895
878084 878249
878832 879069
881810 883358
883970 884311
885862 886032
886561 887538
888525 888656
891902 891962
892642 893363
893973 894890
896294 896750
899300 899904
900922 902499
904443 904651
907528 907747
909759 909961
912306 913292
914610 915288
916780 918124
920364 921006
922742 922951
923863 924637
927118 927945
928483 929778
930500 930762
931639 931916
937676 937796
939472 939681
942742 943007
945687 947405
948795 949448
950096 950475
951448 951577
952496 953099
955564 956056
956617 957626
959071 959743
960307 960554
963541 963751
965083 965192
969409 969846
970587 971171
973932 974170
980914 981038
981780 982156
982731 983272
984918 985566
986075 986225
986937 987541
988074 989866
991242 991635
994832 995189
999524 1000733
1002365 1002739
1004210 1004840
1005635 1005705
1007257 1007941
1011399 1011833
1013774 1014023
1014698 1014920
1020695 1021541
1022170 1022424
1023993 1024269
1024965 1025236
1026783 1028184
1028754 1029293
1033103 1033446
1034026 1034102
1035282 1035399
1036212 1036324
1037725 1038001
1039613 1039995
1041268 1041541
1043153 1043314
1043966 1044280
1047699 1047761
1048625 1050982
1053127 1055441
1056780 1057355
1060654 1061402
1064071 1064330
1065379 1065710
1067992 1068778
1069668 1070252
1070996 1071298
1071938 1072501
1074083 1074233
1075012 1075589
1077782 1078117
1079326 1080018
1080521 1081410
1082255 1083725
1084696 1085300
1085883 1086109
1087531 1088136
1090313 1092836
1094242 1095411
1097164 1097680
1099715 1100562
1102890 1103033
1105492 1105689
1107118 1107650
1109397 1110137
1111978 1112111
1113226 1113549
1115492 1117035
1117631 1117929
1118728 1118993
1120003 1120403
1121331 1121517
1122209 1122845
1123901 1124695
1127257 1127468
1128746 1129228
1131090 1131169
1133954 1134281
1135451 1135604
1137534 1138349
1141944 1143584
1145359 1146243
1146956 1147315
1147856 1148084
1149314 1149980
1152924 1154151
1159114 1159917
1160440 1163002
1163718 1164036
1164836 1165109
1167167 1167369
1168282 1168561
1169814 1169867
1171781 1171970
1173433 1173503
1174821 1175015
1175586 1176083
1177680 1179493
1180919 1182305
1183105 1183635
1184871 1185767
1186694 1187321
1189465 1189662
1190355 1190818
1191419 1192274
1192793 1193470
1195416 1195967
1197105 1197185
1197748 1197945
1198500 1198585
1200999 1202431
1205326 1205434
1207990 1209037
1210675 1211677
1213192 1213359
1214455 1214938
1215742 1215918
1216484 1217325
1219194 1220571
1223323 1224055
1224573 1224754
1225638 1225801
1226310 1226419
1228366 1228696
1229613 1230288
1233851 1234486
1236783 1238377
1239236 1239559
1242682 1243417
1246667 1247058
1247800 1248192
1248869 1249261
1249876 1250186
1250755 1251455
1254967 1255758
1256664 1256896
1257535 1258451
1261370 1261729
1266185 1266354
1266865 1267011
1269024 1270976
1271869 1272014
1272797 1272969
1273836 1274534
1275191 1275370
1275883 1276090
1277121 1277361
1278631 1278795
1279458 1280170
1281621 1282035
1282683 1283363
1283890 1284157
1286758 1288811
1290883 1291278
1292140 1293328
1295028 1295183
1297478 1297571
1298280 1298536
1299322 1301215
1301774 1301944
1303998 1304919
1305662 1305854
1306699 1307020
1308969 1309166
1309863 1310504
1311940 1312004
1315407 1316605
1318724 1319148
1319709 1319903
1321980 1322216
1324952 1325223
1325771 1326279
1327510 1327701
1328390 1328706
1331129 1331820
1332464 1332572
1333102 1334006
1335382 1335586
1337002 1337751
1340151 1340815
1341419 1341594
1342108 1342667
1343949 1344930
1345756 1346100
1351074 1351820
1352411 1352765
1355092 1355203
1356957 1357137
1357695 1358201
1358891 1358946
1361336 1362399
1363441 1364992
1366463 1366991
1368006 1368287
1370304 1370559
1371194 1371450
1373720 1373869
1374993 1375530
1377024 1377147
1377944 1378480
1379742 1381552
1383134 1383529
1384085 1384250
1385306 1385411
1386108 1386745
1387537 1387935
1389015 1389213
1389942 1390409
1391691 1391891
1392671 1392781
1394090 1395591
1396140 1397739
1398389 1398609
1401127 1401221
1401869 1403074
1403713 1404335
1407189 1408506
1410155 1411144
1412221 1412865
1416873 1417235
1420869 1421550
1422633 1422850
1423629 1425148
1426553 1428840
1429985 1430058
1430973 1431922
1436412 1436997
1437649 1440422
1441709 1442817
1447159 1448216
1448723 1449184
1449879 1450277
1455933 1456797
1457703 1457762
1458321 1459040
1462434 1463240
1464423 1464492
1466173 1466704
1468113 1470177
1471102 1471926
1472544 1472670
1473183 1473592
1474297 1474855
1478670 1478872
1481112 1481305
1482668 1482731
1483715 1484561
1487266 1487545
1489428 1490948
1494692 1495990
1496977 1497175
1498149 1498350
1499219 1499281
1500096 1500663
1501237 1501410
1503669 1503761
1505075 1506853
1507769 1508354
1509835 1510294
1512154 1512258
1513034 1513094
1516719 1517018
1518289 1518394
1519702 1522928
1527758 1527925
1529923 1530145
1530745 1530878
1531645 1532950
1535155 1535411
1536526 1536722
1537884 1538812
1541242 1542436
1543286 1543628
1544982 1545317
1546623 1547139
1548088 1548302
1549411 1550634
1551774 1554112
1556100 1556566
1558150 1558258
1562311 1562776
1564329 1564729
1565564 1565625
1567313 1567676
1568537 1569024
1569970 1570642
1572464 1573466
1574137 1574740
1576040 1576212
1577787 1577943
1580794 1581083
1582268 1582509
1583124 1583210
1584776 1585010
1586258 1586905
1590152 1590298
1591272 1592078
1594026 1594280
1596368 1596418
1597401 1598495
1599430 1599682
1600641 1601210
1601865 1602134
1602686 1603038
1606817 1608148
1608819 1609322
1610204 1611241
1612439 1613140
1616043 1617269
1619767 1620072
1620930 1622405
1623436 1624533
1626184 1626337
1626926 1627373
1628844 1629043
1629629 1630321
1631348 1631701
1632883 1636918
1638344 1639020
1640594 1640849
1641549 1642684
1645804 1645936
1647323 1647627
1648266 1648790
1650330 1651574
1653281 1653334
1653867 1654325
1656179 1656558
1657116 1657357
1658246 1658791
1666582 1666951
1668226 1668361
1670281 1670440
1671841 1673537
1677126 1677503
1679555 1679778
1681211 1681453
1682110 1683475
1684062 1684533
1685036 1685162
1686850 1688135
1688772 1689384
1690036 1690461
1691179 1691612
1693948 1694610
1696439 1696648
1698010 1698370
1702306 1702533
1703445 1704301
1706652 1708044
1708901 1709092
1709806 1710471
1711273 1711485
1712311 1712560
1716597 1717486
1718758 1718878
1719509 1719610
1720113 1720208
1725073 1725146
1725753 1726723
1728246 1728530
1729046 1729385
1730480 1730709
1733145 1733197
1733816 1734360
1735777 1737350
1738227 1738592
1739271 1739938
1741659 1742594
1745054 1745282
1747204 1747466
1748694 1748802
1750329 1750482
1754444 1754667
1755548 1756380
1758054 1758345
1759359 1761126
1762057 1762258
1763637 1765018
1765621 1765722
1767164 1767407
1770001 1771374
1773043 1774523
1777762 1777818
1778416 1778506
1781805 1782013
1782559 1782614
1783372 1784040
1784889 1786009
1786956 1787511
1789038 1791111
1793564 1796702
1797645 1798177
1798956 1799136
1799731 1799797
1800501 1802285
1803136 1804271
1805843 1806239
1810125 1811901
1812406 1812972
1814608 1815276
1815824 1816914
1819423 1819530
1822305 1824090
1826132 1826861
1827504 1828163
1830974 1831270
1833997 1834227
1835423 1835703
1836790 1837105
1837769 1837847
1838893 1839066
1839852 1840148
1841409 1841792
1843190 1843378
1843953 1844127
1845859 1846555
1847377 1847535
1852131 1852210
1853546 1854787
1855727 1856511
1859357 1860077
1861220 1861939
1863657 1864040
1864585 1864831
1865592 1866344
1866954 1867142
1869580 1870162
1872468 1872523
1874391 1874677
1875914 1876652
1880237 1880365
1881319 1881472
1883949 1884038
1884732 1884929
1888317 1888863
1891347 1891733
1894237 1894410
1897063 1898399
1898960 1899041
1900344 1900771
1902037 1902700
1909689 1911175
1912240 1912541
1916536 1916657
1918911 1920545
1921478 1922028
1924677 1924729
1925262 1925657
1926234 1926298
1926853 1926902
1928864 1929307
1931288 1931785
1934606 1934671
1935533 1935601
1939125 1939598
1944049 1945110
1947045 1947252
1948689 1951436
1954273 1955739
1956917 1957459
1960848 1960921
1964866 1965077
1966643 1967296
1969367 1970088
1971049 1972756
1975547 1975714
1976342 1976492
1977563 1977645
1978626 1979262
1980599 1981327
1986239 1986600
1988160 1988308
1989434 1989927
1991219 1991512
1992061 1993010
1993663 1994414
1995461 1995791
1996913 1997150
1998024 1998155
1998821 1999188
2000931 2002608
2005533 2006019
2009889 2010792
2013238 2013613
2018073 2019391
2020955 2021187
2023440 2025302
2033607 2033885
2036705 2036864
2038332 2038490
2041623 2042002
2044210 2044683
2045560 2045770
2048508 2048904
2049570 2049848
2051336 2051837
2053503 2054067
2055271 2056664
2058079 2059726
2060990 2061657
2065771 2067609
2068402 2070212
2070880 2071443
2072040 2072773
2074035 2074306
2075533 2076076
2077542 2078128
2080138 2080234
2080842 2081355
2084014 2085288
2085968 2086132
2088011 2088410
2090069 2090609
2091128 2091777
2093041 2093279
2093815 2094022
2100087 2100458
2102868 2105246
2106096 2106728
2107876 2108100
2108880 2109760
2112201 2112540
2114113 2114191
2117263 2117478
2118598 2118985
2119901 2120971
2122060 2122276
2123939 2124062
2126093 2126662
2128224 2128410
2129090 2129850
2131210 2131701
2132640 2134402
2135331 2135497
2136099 2136225
2136929 2137185
2137769 2138414
2139758 2140242
2140864 2141279
2142571 2142774
2143583 2144235
2145189 2146542
2147772 2148407
2149679 2150127
2153292 2153685
2156116 2156736
2158877 2159484
2160132 2160338
2161427 2161995
2164932 2165097
2166628 2166931
2168162 2168673
2169197 2169803
2170365 2171239
2172085 2172754
2174169 2175618
2176180 2177211
2178879 2179255
2180114 2180166
2183881 2184016
2185464 2185738
2188882 2189275
2190252 2190438
2191378 2192451
2195589 2196044
2197145 2197323
2198176 2198737
2200485 2200686
2202226 2202496
2203520 2203960
2205807 2206494
2207322 2207700
2208574 2210360
2210896 2212021
2214119 2214695
2215728 2216111
2217124 2217897
2218657 2219829
2222622 2223307
2224027 2224544
2225138 2225921
2226523 2226973
2228994 2229114
2230543 2230620
2231187 2231308
2233150 2233454
2234335 2235079
2236687 2237601
2240880 2241428
2245740 2245936
2248116 2249201
2251551 2252697
2253344 2253404
2254372 2254904
2256033 2256529
2260189 2260369
2260958 2261277
2265536 2266880
2269626 2269961
2273386 2274676
2275675 2275776
2276614 2276805
2278592 2279277
2280731 2280876
2282141 2282892
2284725 2287005
2287800 2290037
2290954 2291587
2292203 2292647
2293694 2294429
2301777 2301993
2302727 2302979
2303846 2304930
2305763 2306752
2308695 2308832
2309658 2309788
2310292 2310562
2311570 2312197
2313996 2314726
2315281 2315569
2316733 2316870
2317552 2317791
2320785 2321427
2323091 2323204
2325765 2325962
2326832 2328245
2329298 2329781
2332439 2332795
2335177 2336347
2338194 2339256
2340130 2340805
2345154 2345300
2346334 2348125
2350455 2350911
2353323 2353416
2355271 2355986
2357342 2357666
2360326 2361254
2364886 2365079
2365791 2366019
2366659 2367493
2369596 2369696
2370639 2370869
2372511 2372675
2373282 2373384
2375104 2375931
2376478 2377334
2379755 2380250
2380955 2381099
2385733 2385973
2387083 2387142
2388244 2388532
2389796 2390217
2394917 2395220
2396918 2397106
2398181 2398734
2399732 2399995
2402145 2402546
2404063 2404261
2405318 2405407
2406264 2406688
2408710 2409260
2410195 2410521
2413151 2413633
2414522 2415092
2417911 2418086
2418632 2418736
2420779 2420842
2422338 2422586
2425401 2425480
2427422 2427730
2429175 2429632
2430874 2431517
2432043 2432366
2433140 2433972
2436707 2439445
2440375 2441029
2444125 2444512
2449345 2450661
2452718 2452897
2455124 2455459
2456239 2457241
2458781 2459622
2460419 2460544
2461427 2461866
2467527 2468495
2470304 2470848
2472069 2472231
2472815 2473104
2475271 2475832
2476624 2476746
2479163 2479914
2480677 2480800
2482170 2482722
2484864 2485900
2489627 2489692
2493803 2494966
2495739 2495871
2497194 2497790
2500962 2503598
2504586 2505891
2506704 2507508
2508100 2510463
2512564 2512864
2513634 2515444
2517260 2518088
2519254 2519413
2520022 2520199
2521088 2521512
2524795 2525580
2528454 2529486
2531349 2532420
2534411 2535395
2538095 2538627
2539595 2539907
2541126 2541845
2542679 2543688
2544545 2545107
2548556 2549839
2551663 2551728
2552497 2552784
2554097 2554500
2556676 2556773
2557282 2557663
2559488 2559691
2560510 2562702
2564785 2565069
2567158 2567608
2568171 2569202
2569751 2569827
2570562 2571200
2571888 2572275
2573484 2574149
2576758 2577224
2578273 2578490
2579124 2579599
2580287 2580447
2582409 2584054
2585133 2585538
2588305 2588832
2590731 2591189
2593932 2594096
2594721 2595001
2597658 2597753
2600354 2600527
2602224 2602415
2602963 2604003
2604921 2605176
2606719 2606989
2607913 2608114
2608724 2608829
2612223 2612411
2614694 2615481
2618206 2619330
2621462 2621734
2624485 2624893
2626289 2626782
2627980 2628330
2631836 2633008
2635588 2635866
2636782 2637048
2637576 2637881
2639263 2640889
2641966 2642174
2644396 2644547
2646314 2646593
2648354 2648513
2649654 2650132
2651136 2653781
2654837 2654958
2655792 2656480
2658402 2658991
2660290 2661046
2662213 2662451
2663617 2663869
2664972 2665659
2666860 2667040
2669157 2669566
2671064 2671336
2672368 2672535
2674163 2676335
2677220 2677712
2681525 2681878
2684920 2685022
2686542 2687085
2688849 2689029
2689897 2689986
2691861 2691957
2693449 2694255
2699330 2699382
2700029 2701071
2704320 2704529
2706212 2706283
2706864 2707170
2709875 2709993
2711215 2711299
2712207 2713027
2713616 2715208
2717167 2717694
2718854 2719983
2721409 2722498
2725818 2731813
2737041 2737603
2739612 2739816
2741315 2741752
2744809 2745235
2745861 2746119
2747035 2747848
2749138 2749569
2750904 2751802
2752423 2752847
2755858 2756008
2757135 2757332
2759535 2760884
2765454 2765848
2767713 2770133
2771450 2772542
2776858 2777492
2781196 2781565
2785490 2785874
2786533 2786677
2787461 2788758
2791561 2792097
2792663 2793165
2793918 2795008
2802191 2802648
2807607 2807890
2813019 2813158
2815213 2815420
2815980 2818482
2819035 2820461
2821176 2821432
2823853 2824296
2824969 2826766
2828668 2828873
2831493 2832087
2832757 2833591
2834322 2834443
2836631 2837516
2838325 2838629
2839329 2839406
2840276 2840670
2842767 2843206
2845012 2847086
2847936 2850656
2851426 2852057
2855158 2855730
2856312 2856813
2857950 2858455
2859698 2859876
2860812 2861743
2862476 2862566
2863626 2864204
2865991 2866170
2868794 2869710
2871285 2871707
2873532 2874274
2875119 2875293
2875846 2875914
2877926 2878576
2879180 2879291
2879913 2880412
2880986 2881244
2883002 2883460
2884360 2884417
2886232 2886557
2887073 2887931
2889141 2889265
2891761 2892932
2894252 2894327
2897962 2898289
2899015 2900015
2901348 2902883
2903576 2904240
2904319 2904379
2910677 2910748
2911825 2912404
2912965 2913523
2915221 2917321
2918127 2918579
2919457 2919543
2922656 2923208
2926773 2926856
2927466 2927851
2928454 2929667
2932404 2932750
2936169 2936863
2941098 2941208
2942778 2943304
2943830 2944812
2945323 2945535
2947385 2947604
2949261 2950109
2952407 2952622
2953691 2954171
2955649 2956462
2959671 2960658
2962581 2963393
2963974 2964102
2974378 2974444
2976775 2977500
2978326 2978877
2980303 2980747
2982053 2982233
2983160 2983447
2985642 2986570
2987389 2988231
2988755 2989098
2989873 2990635
2992885 2993600
2994148 2994406
2995470 2995801
2996460 2997927
2999418 2999547
3002288 3002763
3003311 3003969
3007612 3007686
3010600 3010650
3012997 3013655
3014816 3016404
3018122 3018935
3020091 3020415
3024017 3024618
3025222 3025486
3026992 3027402
3028270 3029589
3031583 3033313
3033818 3033986
3035663 3035820
3036465 3036925
3039881 3041181
3042031 3042445
3045460 3046086
3046666 3047030
3048162 3048474
3049086 3049232
3051325 3051709
3052299 3052467
3053555 3053881
3054461 3054630
3057272 3057886
3058946 3059721
3064796 3064888
3065923 3066096
3067449 3067860
3068769 3070217
3071134 3072096
3073217 3073745
3074326 3075561
3076378 3076660
3080247 3080554
3081186 3081235
3083151 3083210
3083966 3084099
3085400 3085909
3087721 3088089
3088724 3088785
3095824 3096310
3097891 3098350
3100315 3102064
3102576 3102777
3105558 3105714
3110782 3111960
3113006 3113162
3114826 3115734
3118174 3118284
3119256 3119466
3121381 3121501
3122712 3123288
3127561 3127640
3129444 3131189
3132201 3132726
3133423 3133481
3135681 3136401
3136907 3138014
3140328 3141560
3142119 3143366
3145534 3147031
3153471 3153710
3155567 3155780
3157005 3157759
3158420 3158982
3161180 3161365
3162608 3163744
3165951 3166252
3167289 3167369
3167938 3168382
3169288 3169477
3172068 3173833
3174793 3175346
3180112 3181112
3181821 3182889
3183567 3184043
3185332 3185757
3186844 3187327
3187990 3188435
3189249 3189590
3190806 3191346
3193717 3194872
3195732 3196213
3199218 3200465
3200999 3201118
3202520 3203235
3207649 3208054
3211493 3211861
3212463 3213011
3214845 3215202
3217749 3217894
3219533 3220568
3222151 3223305
3227466 3227587
3228423 3228482
3229053 3229354
3230166 3231456
3232056 3232466
3233960 3234261
3235138 3235761
3236843 3237654
3241810 3242064
3244997 3245211
3246715 3246771
3247854 3248424
3250279 3250417
3251707 3252436
3256012 3256472
3258306 3258610
3260311 3261535
3262509 3262708
3263448 3263634
3265116 3265199
3265903 3266146
3267016 3268364
3269194 3270320
3271810 3271876
3273221 3273599
3274101 3274328
3275653 3277050
3278541 3279645
3281146 3282160
3283498 3284538
3285115 3286268
3286805 3287120
3287627 3288218
3290535 3290919
3291624 3291821
3293537 3293767
3294344 3294548
3295269 3295400
3295963 3297093
3298821 3299464
3300135 3301435
3305111 3305211
3306465 3306784
3310588 3310982
3313690 3314063
3315718 3316425
3318356 3318577
3319257 3320331
3321213 3322311
3322975 3323601
3324787 3325138
3326807 3326927
3328053 3328661
3329303 3329465
3330234 3330423
3331685 3331912
3332589 3332862
3334507 3334703
3336009 3336103
3337798 3338070
3339398 3340003
3340660 3340734
3342272 3342741
3344759 3345629
3346140 3346409
3347083 3347415
3348703 3348997
3359394 3359449
3361860 3362436
3363460 3363587
3364931 3367127
3370013 3370133
3373549 3373611
3374228 3374911
3376332 3377399
3378025 3378736
3379820 3379936
3381513 3382832
3385243 3386060
3386863 3387150
3388934 3389829
3390380 3390441
3392223 3392653
3394126 3394220
3395252 3395311
3397980 3398141
3398717 3399028
3399922 3400831
3402732 3403297
3403804 3403968
3405757 3406114
3406700 3407562
3412318 3412420
3413370 3413795
3416456 3416577
3417782 3418356
3419827 3420618
3421864 3422492
3425049 3429992
3430622 3431226
3432071 3432474
3434436 3435222
3436237 3436333
3437316 3437549
3440534 3441237
3442054 3442151
3450328 3450455
3451830 3452313
3453918 3454920
3456708 3458953
3459466 3459640
3461891 3462922
3463792 3464394
3466095 3466162
3466861 3467079
3468704 3468797
3471107 3472398
3475207 3475325
3478098 3479754
3480957 3481600
3486938 3487515
3489643 3490175
3490928 3491392
3491972 3492582
3493301 3493358
3493976 3494207
3496014 3496319
3498479 3500122
3500654 3501083
3503166 3503277
3504153 3505396
3506049 3506136
3506638 3507296
3508198 3508754
3510529 3510814
3512527 3512783
3514218 3516141
3516683 3516879
3518365 3518702
3519721 3520567
3521423 3521836
3527823 3527891
3528597 3529519
3530062 3530327
3532762 3532815
3534593 3534992
3536912 3537363
3537888 3538281
3539073 3539432
3540487 3540754
3541772 3542136
3545585 3545764
3547773 3548047
3548910 3549090
3549975 3550721
3554399 3554671
3556742 3557237
3559120 3559571
3560749 3560947
3565076 3568269
3570063 3570261
3570956 3571037
3572179 3572877
3574410 3574719
3575886 3576820
3578079 3579028
3579650 3579967
3587049 3587924
3589566 3589740
3591649 3592936
3593958 3594480
3595285 3599174
3599755 3600679
3605274 3605488
3607166 3607317
3608281 3609722
3610305 3612509
3613496 3614040
3614640 3614753
3618006 3618917
3620470 3622792
3623792 3625661
3630899 3631608
3632842 3633789
3636822 3637300
3638264 3639030
3639917 3641242
3642573 3642864
3643904 3644007
3644644 3644915
3646500 3646915
3647887 3648512
3650691 3651023
3652077 3653055
3655132 3655380
3661917 3662970
3665674 3667872
3668909 3669426
3670037 3670400
3671647 3671799
3672446 3673076
3674189 3674623
3675194 3675855
3676817 3677386
3678825 3678994
3682763 3682908
3683520 3684364
3685253 3685397
3686525 3687951
3689218 3689615
3690623 3692009
3693636 3693959
3696441 3696924
3702240 3702622
3704468 3704819
3705604 3706085
3707292 3709307
3710385 3711188
3713348 3715078
3715639 3716277
3717037 3717495
3718468 3718677
3722123 3722592
3723545 3723640
3725049 3725155
3726342 3726471
3728742 3729309
3731610 3732655
3734117 3734383
3736470 3736559
3737115 3737245
3738034 3738275
3741203 3742632
3744688 3745326
3746583 3746781
3747770 3748586
3750084 3750917
3752521 3752989
3753725 3753866
3754667 3755947
3756897 3757039
3757568 3757713
3758543 3759525
3760161 3760893
3761538 3763173
3764901 3765899
3767213 3767817
3768386 3769500
3770108 3770252
3772751 3773454
3776072 3777563
3778336 3779002
3779781 3779888
3780865 3781725
3782933 3783693
3784584 3785143
3786748 3787023
3788451 3788839
3791221 3791487
3792040 3792443
3794107 3794620
3797034 3798745
3800445 3800624
3805021 3805192
3808981 3809064
3811285 3812410
3813370 3813518
3814249 3814342
3815316 3815769
3816276 3816445
3818432 3818488
3824233 3825240
3826102 3826653
3828568 3829862
3830959 3831235
3831785 3832144
3838462 3839249
3841151 3841476
3842973 3843080
3846097 3847000
3848289 3848369
3849178 3849276
3852859 3853111
3853862 3854452
3856831 3856948
3857699 3857903
3858852 3859281
3861501 3861936
3864114 3865203
3868727 3868920
3869543 3869744
3872979 3873251
3876120 3877682
3880789 3881056
3883235 3884258
3885419 3885685
3887189 3888024
3890354 3890953
3892411 3892529
3893130 3893542
3897083 3897403
3898596 3899122
3900136 3901480
3903162 3903802
3905156 3905637
3907104 3907452
3908029 3908601
3909795 3910226
3912116 3912212
3912867 3913347
3914315 3915106
3915936 3916446
3917899 3918219
3920928 3921568
3923097 3923646
3924301 3925925
3930024 3930147
3931362 3931425
3932520 3932737
3935275 3935826
3939792 3940442
3941620 3946742
3948022 3948315
3948991 3949251
3952454 3952582
3953555 3955220
3955904 3956972
3958192 3958865
3959447 3959661
3960462 3961563
3963025 3964622
3965279 3965709
3967981 3968384
3968924 3969077
3972699 3972862
3974077 3974400
3976047 3976357
3977293 3977531
3979526 3979896
3980669 3981331
3981883 3982867
3983718 3984282
3984973 3985764
3986441 3986856
3987611 3987929
3989263 3990110
3992147 3992292
3993677 3993866
3995823 3995922
3996780 3997000
3999671 4000139
4002726 4003197
4003813 4004001
4004965 4005115
4006941 4007018
4008936 4009049
4011057 4011196
4013745 4013859
4014380 4014642
4016094 4016272
4017051 4017886
4018625 4019372
4021112 4021161
4021942 4023748
4024629 4026620
4027352 4028201
4029687 4030541
4031251 4034328
4035481 4036993
4039240 4040560
4043780 4044090
4044616 4044690
4045746 4046235
4047497 4048082
4049677 4050454
4054243 4054295
4056805 4057545
4060493 4060689
4061939 4063856
4064797 4064973
4067536 4067879
4068756 4069611
4070310 4070538
4071157 4071228
4072731 4073606
4078183 4078235
4079051 4079138
4080947 4081684
4082458 4083010
4084589 4084769
4087701 4088027
4088649 4088892
4089941 4090152
4094458 4094677
4099388 4100839
4101815 4102051
4103251 4103538
4104449 4104636
4105151 4105456
4106603 4106766
4107392 4108439
4109783 4109905
4110503 4110905
4111657 4113688
4114444 4115054
4116082 4116395
4117111 4117632
4119270 4119586
4121477 4121580
4122453 4122626
4123147 4123509
4124190 4124748
4126605 4129562
4131503 4131850
4133411 4133661
4135098 4136066
4136931 4137354
4140564 4140744
4142459 4142755
4143432 4144644
4145859 4146227
4149162 4149597
4151772 4152339
4152857 4153652
4154536 4156746
4157252 4157671
4158772 4159405
4160992 4161400
4163369 4164107
4165690 4172550
4174291 4174341
4174933 4177322
4178874 4179021
4179719 4180279
4183057 4184048
4184705 4184923
4185670 4185930
4187388 4187451
4188401 4188638
4189938 4190162
4191554 4192133
4194906 4195483
4197001 4197430
4200770 4201135
4202235 4202883
4205366 4205485
4206581 4206862
4209709 4213124
4213686 4214209
4218295 4219813
4222825 4223266
4223842 4224767
4226393 4227302
4229983 4231188
4233233 4233395
4237024 4237482
4239144 4239247
4239984 4240366
4243331 4243742
4245158 4245316
4246207 4246444
4247184 4248306
4248883 4249332
4249913 4250528
4251391 4251771
4253208 4254763
4257712 4258092
4258526 4259156
4261313 4261752
4264743 4266242
4266954 4267900
4269561 4270637
4273415 4274147
4275888 4276119
4277571 4277738
4278691 4279278
4281271 4282494
4283229 4283942
4284846 4284900
4285570 4285806
4290555 4290922
4291584 4292160
4294340 4294999
4295865 4296459
4297149 4297363
4297964 4298046
4298817 4299339
4300223 4300636
4301318 4301924
4302558 4302642
4303175 4303342
4303922 4304119
4305163 4305303
4309156 4309297
4309902 4309996
4312307 4312859
4314033 4314120
4318001 4318058
4320691 4320899
4322322 4322525
4323026 4323499
4325285 4326184
4327498 4328250
4332162 4333979
4336835 4336911
4338010 4338675
4341104 4341315
4342390 4342904
4346905 4347346
4349925 4350120
4351018 4351557
4354641 4355113
4358230 4358324
4359482 4359779
4360421 4360571
4364725 4365160
4367736 4367916
4373595 4374268
4374840 4374933
4377957 4378179
4380827 4381564
4382443 4383963
4386445 4387119
4388473 4388615
4389555 4390660
4392291 4392505
4393459 4394193
4395281 4395453
4396128 4396678
4398432 4398827
4399806 4399902
4400426 4400596
4405788 4406464
4409131 4409446
4410897 4412087
4413426 4414066
4419314 4419390
4423957 4424450
4425200 4425255
4426122 4426703
4427610 4428286
4429103 4429688
4436310 4436628
4438804 4438891
4439398 4439494
4441604 4442061
4443132 4443372
4444548 4444720
4446511 4446704
4447226 4447435
4448548 4448763
4451497 4451698
4453225 4453837
4455686 4455866
4457200 4457337
4466851 4467814
4468838 4469040
4469871 4470469
4471410 4471493
4472902 4473254
4476146 4476674
4479074 4479681
4481035 4483260
4483811 4484331
4486616 4486967
4492372 4493036
4494863 4495001
4495611 4495901
4497831 4499573
4500131 4500550
4502138 4503071
4503731 4504120
4505936 4506835
4507472 4508582
4509702 4509810
4513930 4514834
4516040 4518065
4519989 4520620
4521670 4522287
4523047 4524142
4525107 4525326
4528799 4528897
4535020 4535344
4537133 4537208
4538448 4540689
4543406 4543962
4546348 4546516
4549266 4549317
4551465 4551681
4552437 4552575
4553389 4553657
4556741 4556811
4557781 4557983
4560910 4561167
4563447 4564130
4566254 4566465
4567756 4568351
4569159 4569490
4569995 4570971
4572871 4573333
4578073 4578256
4583933 4584870
4586773 4586833
4587390 4588152
4589719 4590368
4592948 4593841
4594535 4594676
4595456 4595737
4596238 4596516
4598170 4598426
4599002 4599682
4600713 4600924
4601480 4602143
4602786 4603305
4606088 4606594
4607623 4608326
4608903 4608983
4612558 4613052
4614351 4615009
4615883 4616079
4619412 4620184
4620813 4621030
4621837 4622178
4623084 4623225
4624410 4625035
4628307 4628787
4632619 4632966
4634558 4635207
4636933 4637369
4637880 4638239
4639567 4640110
4641548 4641652
