Ecoli_0907_Taxon008_
70592 70731
115649 115920
152465 152751
209604 209955
227781 228065
371773 372096
392065 392172
524705 524887
565139 565348
576005 576336
667111 667384
685172 685522
691182 691556
703303 703438
796078 796369
956214 956501
973817 974008
1278704 1278947
1330209 1330441
1332974 1333066
1358148 1358431
1425838 1426056
1478657 1478751
1657758 1657871
1725158 1725315
1756032 1756334
1800717 1800852
1894136 1894509
1901156 1901333
1936726 1936879
1940046 1940136
1955308 1955600
1975655 1975728
2040536 2040695
2091263 2091438
2121930 2122058
2153625 2153951
2330090 2330250
2367400 2367707
2463847 2464145
2473601 2473904
2562301 2562563
2633418 2633768
2717580 2717762
2788082 2788313
2866002 2866402
3004854 3005156
3030951 3031103
3056432 3056777
3057348 3057425
3276614 3276894
3347644 3347833
3380210 3380531
3455867 3456078
3560695 3560812
3581589 3581792
3617875 3618163
3653244 3653334
3671504 3671740
3690512 3690579
3691470 3691532
3766621 3766754
3787346 3787585
3849732 3849869
3875834 3876022
3884582 3884686
4017833 4017893
4023866 4024009
4104988 4105173
4125647 4125698
4139495 4139736
4169960 4170136
4346767 4347038
4379426 4379722
4394394 4394662
4421745 4422133
4455724 4455828
4512801 4512857
4611697 4611752
