Escherichia_coli_O157_H7_ancestor
35700 36001
38412 41537
56929 57393
146371 146739
240962 241091
377097 383256
385279 386190
387344 387927
459867 464872
621863 622080
663676 664265
725634 726564
727314 727391
727935 729114
734471 735130
736466 736621
739535 739671
740929 741313
743394 743643
745869 747469
755967 756900
762398 763013
879613 879924
884067 885279
1014808 1014993
1033444 1035003
1036329 1036923
1041552 1041837
1042414 1044005
1045868 1046153
1049996 1050447
1052724 1054738
1055500 1056135
1065143 1065680
1068107 1071085
1072368 1073518
1074062 1074909
1075848 1077010
1218089 1218493
1253090 1253520
1254207 1255073
1255628 1256566
1257427 1257620
1264194 1264349
1267571 1267890
1269003 1269743
1271057 1271696
1274216 1276049
1278310 1279234
1281087 1281148
1283116 1283589
1284344 1284474
1285077 1287744
1288711 1289206
1290985 1293485
1295602 1296361
1297052 1298559
1300145 1302563
1304520 1304678
1321029 1322144
1323077 1325231
1355356 1356914
1361697 1361930
1362993 1363361
1363982 1368309
1369673 1369838
1370554 1371009
1380940 1384006
1385240 1386807
1387450 1387572
1388554 1391222
1426247 1426739
1441614 1441681
1448550 1449029
1457055 1457826
1468735 1469797
1497104 1497330
1606144 1607169
1808653 1810919
1812243 1812971
1819233 1819929
1820470 1821129
1823185 1829526
1831379 1831440
1833408 1833881
1834636 1834766
1835369 1838195
1839320 1839514
1841294 1843537
1844057 1845511
1846703 1846840
1847358 1849245
1850818 1850988
1852250 1854496
1855351 1855748
1858278 1858329
1861267 1861575
1867420 1867873
1871099 1873192
1873757 1874081
1876351 1878468
1879435 1879930
1881709 1882125
1882763 1884068
1884967 1885477
1886212 1887735
1889893 1892644
1893212 1893449
1894769 1894968
1912327 1912493
1960911 1961197
2001264 2001905
2005243 2005301
2005943 2007239
2083213 2083392
2085920 2086089
2191317 2193512
2200362 2201586
2203097 2203334
2204808 2208052
2208611 2209281
2211708 2212245
2214207 2214325
2221813 2221930
2222540 2225917
2226665 2226966
2229540 2229699
2240049 2241002
2270461 2272457
2277039 2278071
2336053 2336373
2348749 2348867
2355905 2356328
2362431 2362712
2364563 2365703
2400963 2401268
2402618 2402803
2406392 2406641
2407279 2407695
2409475 2409669
2410794 2413620
2414223 2414353
2415108 2415581
2417549 2417610
2421463 2423631
2425825 2426350
2426891 2427587
2526019 2527478
2594166 2597011
2600733 2601722
2707837 2710839
2712997 2713575
2714858 2717618
2720248 2729454
2732543 2732729
2733332 2736808
2740692 2742298
2820746 2820851
2930805 2930896
2993312 2993833
2995618 2996292
3019478 3020389
3021125 3023201
3055325 3055604
3102079 3102506
3105447 3105755
3106324 3108987
3122599 3122789
3129732 3129960
3241799 3241911
3251681 3251978
3297998 3298056
3298698 3299994
3489842 3495725
3525351 3525464
3569272 3571350
3573832 3574115
3606818 3607878
3612259 3612861
3644166 3645077
3650137 3650324
3678851 3679131
3688486 3693732
3812920 3813092
4135089 4135678
4139223 4139559
4305519 4305756
4306603 4306878
4307667 4309483
4367754 4372857
4403840 4404309
4408847 4413907
4457284 4457442
4458011 4460674
4552959 4558178
4613473 4613632
4649444 4654571
4662002 4662052
4857203 4857475
4859182 4861391
4862577 4862809
4865564 4865719
4881307 4881465
4882034 4884750
4981001 4981287
5225993 5230987
5232465 5233578
5318803 5318969
5455196 5455491
Escherichia_coli_O157_H7_0920
149968 150134
719449 719604
806915 806965
1329378 1329714
1673063 1673189
1802593 1802873
1947178 1947461
2338977 2339205
2486382 2486661
2577841 2577932
2869982 2870287
2928755 2928887
3334901 3335071
3573019 3573185
3763033 3763202
4155669 4155939
4191753 4192157
4436961 4437272
4613572 4613684
4935179 4935396
5236269 5236606
