gi_556503834_ref_NC_000913.3_
1 9701
10214 10263
10785 11404
11977 15165
17319 23704
24287 30388
30933 57214
57815 62982
63506 69256
69866 86637
87189 94944
95485 106239
106881 112746
113284 121266
121781 122718
123240 124408
124972 126270
127009 129350
129855 130046
130657 145926
146826 152118
152887 155620
156237 161231
161926 164591
164680 173586
173901 177050
177661 195435
196076 196668
197624 206659
207163 210656
211250 213968
214527 229199
229924 239377
239721 253337
253760 257907
258813 260258
260826 261300
261918 263288
263816 263866
264364 266355
266958 270504
272224 277948
278696 283325
283864 288789
289291 300688
301231 309382
310101 325025
325514 326162
326758 327674
328288 339297
339812 345536
346065 346146
346877 363816
364741 378871
379903 394173
394843 402791
403334 415612
416167 416218
417157 424281
424865 443797
444340 446292
446856 454806
455584 456653
457218 467373
467971 468318
468993 478653
479562 490526
491086 496790
497386 503090
503694 520338
520894 530048
530229 571395
571896 575982
576089 576505
577537 589046
589582 591416
592187 611323
612223 634858
635477 641191
642104 643971
644621 660148
660650 661624
662263 665262
665918 670585
671143 676208
676828 692269
693328 697038
697601 705285
705806 715359
715496 741951
742537 744500
745047 750026
750541 755002
755505 759128
759662 772162
772950 791905
792413 803449
803541 805625
806175 814813
815345 817029
817837 823776
824277 824485
825170 846963
847517 848028
848677 857609
858006 859629
860198 862433
863122 863948
864453 866744
867273 867947
868650 878092
879011 884938
885494 906099
906891 921171
922145 924214
925145 942717
943267 947694
948216 949630
950264 955586
956245 957054
957758 973458
974070 975510
976420 976648
977180 977760
978681 981196
982077 983863
984435 985735
986140 986539
987220 991461
992186 1001398
1002022 1019553
1020643 1038773
1039317 1040650
1041363 1042181
1043172 1065577
1066258 1067825
1068478 1091275
1092061 1094244
1095991 1100792
1101436 1104908
1105411 1107064
1107585 1125343
1126516 1128753
1129274 1139263
1139852 1144272
1144928 1147117
1148014 1148150
1148740 1153269
1153816 1156212
1156781 1158651
1159174 1167584
1168188 1199261
1200013 1201423
1202127 1207804
1208106 1210994
1211636 1214846
1215357 1220912
1221600 1228078
1228656 1230264
1230844 1232204
1232860 1237833
1238359 1243698
1244281 1244882
1245396 1257405
1257935 1262302
1263245 1270168
1270702 1271135
1271674 1279873
1280541 1286197
1286938 1290740
1291354 1294077
1294727 1299163
1300700 1301344
1301862 1311699
1312341 1327432
1327964 1332053
1332697 1334344
1334909 1367522
1368314 1375717
1376266 1392062
1392609 1398648
1399302 1456243
1457056 1464992
1465953 1480857
1481393 1504498
1505004 1518984
1519591 1537823
1538352 1539860
1540468 1549894
1550763 1557315
1557912 1559987
1560558 1565870
1566424 1570472
1571603 1573361
1573971 1575012
1575538 1591793
1592477 1615045
1615572 1618238
1618819 1632362
1633109 1633808
1634713 1636698
1637366 1644542
1645051 1645479
1646194 1647099
1647697 1661244
1662163 1662906
1663502 1670371
1671001 1688502
1689041 1697562
1698337 1698919
1699696 1703857
1704379 1710429
1710937 1747938
1748888 1749229
1749829 1760726
1761333 1786176
1786799 1799189
1799905 1805669
1806248 1811255
1812047 1816166
1816735 1833787
1834561 1846321
1846969 1850142
1850774 1853968
1854624 1871961
1872473 1878596
1879181 1895537
1896305 1899504
1900193 1906522
1907394 1909459
1909988 1912057
1912670 1913846
1914368 1920184
1921336 1930508
1931253 1931590
1932230 1954736
1955334 1956199
1956868 1957208
1957771 1975484
1976105 1977339
1978008 1978377
1978503 1986868
1987678 1994060
1994569 1996274
1996910 1997241
1997774 1998370
1999301 2007375
2008303 2016937
2017954 2019467
2020136 2029621
2030276 2037066
2037610 2038312
2039400 2058676
2059231 2065416
2065972 2068639
2068940 2081026
2081589 2083321
2084166 2089789
2090557 2107004
2107549 2115152
2116077 2118004
2118553 2132601
2133555 2143833
2144775 2150075
2150680 2151382
2152073 2159517
2160498 2162028
2162556 2171428
2171908 2174287
2174789 2176361
2177122 2182870
2183495 2185746
2186288 2195598
2196172 2198805
2199373 2199646
2200343 2207262
2207884 2210550
2211141 2224775
2225456 2226197
2226739 2240435
2241151 2243905
2244622 2254479
2255029 2260263
2260927 2261822
2262399 2265310
2265973 2268274
2268796 2270832
2271781 2277946
2278461 2288300
2288887 2291376
2292458 2305540
2306335 2326618
2327459 2331543
2332069 2334713
2335568 2341092
2341681 2345156
2345779 2350482
2351131 2356185
2356886 2375993
2376537 2386583
2387184 2387384
2388261 2398450
2399092 2406750
2407380 2419916
2420574 2424938
2425493 2429940
2430730 2438085
2438653 2443672
2445097 2446518
2447056 2457912
2458417 2458852
2459377 2466164
2466696 2471881
2472551 2483176
2483697 2486811
2487361 2503830
2504338 2504411
2504961 2512400
2512970 2513207
2513762 2527089
2527683 2528714
2529317 2543458
2544073 2554257
2555127 2556836
2557451 2559923
2560461 2564451
2564958 2585996
2586528 2587737
2588324 2595001
2595621 2622341
2622858 2632946
2633501 2638492
2638999 2644248
2644851 2650081
2650626 2657892
2658432 2660314
2660935 2661172
2661899 2668043
2668640 2668979
2669493 2674948
2675579 2685436
2686012 2702400
2702930 2717254
2717770 2723849
2724362 2736720
2737267 2746959
2747497 2774830
2775669 2777202
2777739 2798926
2799631 2811988
2813088 2818853
2819364 2823563
2824201 2837148
2837723 2842110
2843132 2846128
2846634 2856965
2857670 2867033
2867599 2869467
2870645 2877468
2878213 2881166
2881698 2883441
2883989 2908913
2909512 2910798
2911320 2921585
2922255 2924537
2925053 2937074
2937614 2944937
2945540 2954068
2955060 2961989
2962768 2965681
2966218 2974331
2974941 2975569
2976206 3001553
3002392 3010761
3011324 3011803
3012399 3012578
3013575 3019625
3020162 3020587
3021291 3028373
3029592 3033800
3034395 3035615
3036327 3040841
3041474 3053529
3054399 3057381
3057951 3074027
3074757 3077807
3078392 3100336
3100926 3106749
3107274 3110338
3111094 3123363
3123905 3124519
3126098 3127652
3128154 3134426
3135088 3135841
3136822 3145554
3146260 3146699
3147490 3156992
3157533 3170626
3171205 3175941
3176494 3182134
3182730 3184026
3184583 3185512
3187428 3189668
3190211 3201740
3202387 3212734
3213313 3219000
3219650 3231462
3231995 3234689
3235127 3239362
3240004 3268756
3269265 3270412
3271045 3279030
3279741 3283147
3283775 3284441
3284987 3291876
3292406 3296154
3297036 3306072
3306725 3307461
3308036 3311382
3311909 3316819
3317436 3323650
3324184 3327137
3327965 3331117
3331841 3334170
3334671 3348298
3348825 3350198
3350894 3353052
3354012 3361172
3361846 3368045
3368740 3374733
3375248 3377805
3378415 3379016
3379569 3386328
3387106 3399469
3399995 3415986
3416756 3430309
3431139 3431277
3431849 3457726
3458289 3461560
3462079 3464427
3465022 3470360
3470981 3487160
3487702 3488492
3488935 3494672
3495217 3503505
3504229 3506396
3506933 3515115
3515660 3517527
3518066 3524085
3525022 3527833
3528349 3542688
3543989 3544496
3545060 3554933
3555623 3559257
3559844 3563983
3564606 3587196
3587972 3592597
3592665 3597313
3598066 3604580
3605158 3605729
3606340 3611494
3612060 3616600
3617472 3619313
3620194 3620850
3622832 3623636
3625514 3645810
3646420 3651780
3652030 3658270
3658848 3665424
3665941 3667651
3668241 3673043
3673885 3675037
3675667 3691855
3692506 3693964
3694504 3701162
3701930 3713093
3713714 3720662
3721500 3726592
3727145 3727477
3728015 3738824
3740098 3741542
3742090 3748060
3748941 3756823
3757538 3772139
3772644 3777878
3778778 3786771
3787309 3791918
3792468 3795268
3795795 3805551
3806142 3816306
3816860 3817045
3817846 3836877
3837393 3848263
3848880 3850272
3850905 3872806
3873851 3880964
3881629 3891750
3893047 3901336
3901865 3929989
3930693 3935754
3936341 3940313
3940882 3946824
3947040 3960742
3961325 3966146
3967057 3976318
3976847 3988624
3989142 3993861
3994647 3999766
4000420 4001079
4001592 4010413
4010991 4024424
4025040 4034723
4040642 4047161
4047673 4059079
4059800 4077441
4078114 4091441
4092129 4109494
4110026 4131910
4132465 4134744
4135392 4135799
4136347 4138454
4139766 4177832
4178381 4189462
4189598 4198124
4198820 4221136
4221693 4236110
4236639 4260902
4261686 4270077
4270625 4273584
4274250 4287964
4288647 4288972
4289602 4292767
4293350 4298282
4298819 4309266
4309769 4315757
4316385 4322892
4323504 4329566
4330081 4333181
4333828 4334753
4335282 4338332
4338867 4346312
4346973 4347450
4348113 4354885
4355450 4360155
4360755 4364594
4365135 4407898
4408404 4416161
4416701 4424611
4425185 4454882
4455601 4458346
4458927 4461692
4462220 4463129
4463642 4466147
4466702 4474035
4474587 4480309
4481268 4483626
4484253 4485107
4485775 4489248
4490103 4503194
4503644 4516798
4517316 4534829
4535383 4539654
4539923 4541653
4542204 4546224
4546880 4546953
4548485 4549857
4550434 4558919
4559455 4569705
4570501 4576442
4577110 4590226
4590936 4609622
4610213 4623462
4624015 4625096
4625685 4630175
4630831 4641652
