Buchnera_aphidicola_Schizaphis_graminum_0950
1 315
2991 3111
4447 5107
10798 11069
17307 17720
19799 20065
21263 21547
25046 25230
38178 38445
43996 44046
45587 46400
51593 51924
66801 66902
74120 74291
97271 97334
100902 101030
107846 108107
127074 127245
128032 128138
129109 129289
143619 143785
152167 152495
164127 164182
196319 196741
203654 203956
207805 208160
209832 210034
242889 243179
250886 251106
254044 254265
261978 262299
314131 314378
318756 319004
355916 355995
357437 357496
376911 377199
383797 383927
392378 392534
406892 407164
416207 416581
427739 427961
433853 433929
441052 441252
446128 446356
456517 456647
484756 485071
502331 502466
506395 506460
507106 507484
508229 508450
531058 531289
544315 544632
550744 551040
561376 561431
564355 564494
565979 566081
571462 572078
581132 581341
583734 583826
584874 585274
592561 592710
597609 597816
604751 605013
615881 616262
631523 631604
647139 647434
660178 660391
661549 661721
678381 678574
686803 686957
692885 692999
696094 696152
711120 711245
727352 727690
740314 740415
744155 744564
746020 746637
750301 750530
751666 751917
754946 755498
775980 776580
795187 795523
800485 801030
831189 831411
870750 871006
884804 885130
896174 896514
899945 900277
910184 910754
926075 926411
944252 944442
946508 946659
950794 950977
957751 957980
976913 977202
982258 982336
1023934 1024155
1044913 1045390
1049253 1049492
1067849 1068466
1087325 1087647
1122605 1122858
1123651 1123985
1134889 1135072
1154914 1155398
1161942 1162095
1197093 1197269
1208227 1208438
1238075 1238366
1239889 1240051
1259317 1259957
1260565 1260843
1267122 1267195
1298166 1298442
1312778 1312866
1315425 1315756
1326034 1326109
1336204 1336334
1346609 1346902
1350802 1351073
1366991 1367200
1370007 1370295
1376095 1376233
1388297 1388466
1389318 1389621
1402681 1403237
1406824 1407608
1412618 1412833
1432570 1432750
1439214 1439307
1440785 1441013
1441792 1442067
1461225 1461486
1478105 1478451
1507001 1507084
1509005 1509076
1511066 1511329
1520227 1520344
1522723 1522825
1525017 1525291
1526606 1526702
1530794 1531355
1534922 1535082
1563847 1563954
1597378 1597473
1606974 1607068
1610138 1610296
1614164 1614767
1618816 1618929
1636011 1636152
1640157 1640339
1644812 1645183
1646597 1646881
1648334 1648744
1671623 1671702
1681166 1681605
1691075 1691361
1694851 1694989
1703065 1703331
1714553 1714736
1724089 1724575
1727826 1728101
1736491 1736963
1763418 1763833
1795975 1796085
1805248 1805551
1822916 1823050
1825492 1825692
1826207 1826484
1834535 1834600
1839646 1839797
1847060 1847294
1849104 1849162
1855560 1855676
1858243 1858452
1867523 1867642
1892538 1892775
