Ecoli_0990_Taxon019_
15442 140224
143019 209962
231562 323375
332308 332531
341267 341536
348078 348301
356055 356289
362335 539479
592829 593084
597859 622131
625485 625767
674878 680397
717141 774120
949851 1049363
1062448 1172802
1210219 1217945
1247066 1247182
1259311 1424355
1433706 1433946
1440986 1441100
1484675 1508329
1509970 1517643
1519214 1520288
1546891 1547983
1555980 1609175
1691596 1753888
1765529 1765866
1777919 1778200
1786239 1795388
1816570 1851557
1863521 1870079
1876102 1876156
1897427 1897841
1901135 1901355
1904957 1989506
2003358 2101409
2134373 2136094
2200061 2201295
2288570 2306505
2411121 2411233
2425565 2638409
2645553 2646627
2648378 2737034
2744130 2789293
3006234 3075263
3076229 3183533
3241279 3247658
3280942 3287572
3321607 3340566
3414981 3416069
3444998 3445531
3481261 3520811
3603167 3603419
3618040 3618220
3620201 3638061
3638591 3716031
3759593 3787166
3787672 3932080
3933834 3933991
3934781 3935014
3937843 3938157
3980580 3986056
4003313 4003551
4006945 4135265
4139893 4140981
4147781 4148766
4188958 4226110
4322737 4329215
4331056 4332276
4399332 4400317
4418263 4425127
4435798 4436406
4440529 4445407
4457053 4457660
4486673 4491943
4568861 4587011
4589098 4589205
4601345 4629788
4637285 4641652
