Salmonella_ancestor_Ancestor_
1 255
1192 1441
5195 5296
11029 11528
20300 20725
21488 21748
22767 23023
25052 25195
26901 27147
28604 29435
31681 31788
40247 40372
42307 45227
45786 45994
46612 46854
47496 49077
53538 53778
55014 57044
57734 58076
63608 64225
64748 66401
67747 67906
78135 78392
81394 81600
83594 83734
84254 84422
86199 87151
105002 105314
110204 111081
116205 116462
118119 118419
124609 124848
125856 126024
133150 134187
136826 136952
142042 142195
144594 145722
156903 157000
162766 162862
167310 169586
170267 171031
173545 173768
174400 174628
176333 176593
178246 179383
181502 181668
185193 186483
187631 189208
195798 197816
205033 205228
209794 209984
211977 212459
213933 214085
218994 219099
219751 220069
223145 223484
224907 225141
240045 240406
243971 244617
245189 245388
247787 248001
249349 249535
254264 254365
256924 257490
259012 260078
262944 263095
264635 264792
275089 275783
276373 276554
278302 278523
280726 281029
289020 295139
299544 299712
301292 304361
306073 306229
306873 307327
307969 308083
310027 310106
315130 315388
320297 320763
325388 325701
330144 330273
335900 336113
336991 337318
339847 340050
341475 341616
344433 345708
346677 346976
347691 348520
358474 359164
361760 361961
362605 363533
365418 365559
367794 367948
368708 369736
373644 373853
374531 374635
375881 375949
376569 377812
382068 383031
383646 383864
385154 385783
391934 392324
394844 395759
400722 400851
408692 409597
411710 411905
420032 420287
426808 426923
428126 429302
430821 431022
432032 432182
432800 435456
436468 436898
449451 449717
454905 455000
456880 457011
459744 459953
465356 466917
474778 485226
486518 486660
489508 490397
495475 495929
497865 498103
499674 501736
507000 507450
512717 512994
516067 516838
522553 523161
523740 524151
527049 527779
532131 532279
537717 537908
539157 539949
541024 541144
551037 551336
559195 561925
567261 567378
570245 571754
574079 574155
579139 580751
587983 588144
590226 591231
593372 593726
595432 595693
597889 598480
601770 601981
609615 609998
616471 616991
619191 619408
624975 625160
626354 626560
627092 627469
632921 633486
640589 640662
647020 648991
661010 661189
666569 666692
667597 667805
668947 669158
673092 673239
673789 676023
678223 678424
683757 684742
685753 687343
688861 689007
692218 692358
699414 699690
700215 701052
701686 702207
707525 707821
708972 709515
710597 710864
713671 713903
714432 714599
715322 716181
717316 717516
727872 728112
732105 736549
737438 737999
739670 740041
741404 741944
742538 742622
744706 744892
750122 750282
754147 754376
759917 760740
769606 770087
773000 773472
775318 775469
776266 776341
780839 782788
783765 785196
788897 789429
795567 796317
800780 801221
804188 804349
807018 807364
808340 808427
811531 811590
812958 813396
814273 815354
817040 818412
819257 819725
822523 822641
823697 825830
827825 827958
831701 832831
834213 834305
838214 838421
839833 841803
842428 843299
849141 849254
850009 850239
853591 853688
855322 856263
856898 856947
857799 859472
860715 861462
866083 866197
868945 869059
886107 886168
888493 888618
891577 891961
896353 896442
897234 897366
900951 902199
906828 907662
915335 915629
918251 919842
920704 921914
922972 923072
926682 926934
931748 932569
933114 933613
935241 935501
936005 936123
937621 937894
940322 940400
945730 946022
946621 946845
950703 952073
953527 954149
954892 956114
960036 960695
964208 964562
977614 977784
981967 982124
983570 983819
985005 985220
987388 988164
990897 991128
999192 1000859
1003350 1003437
1005142 1005440
1007951 1008186
1010014 1010694
1011227 1011483
1012481 1012550
1013740 1014522
1018041 1018161
1020220 1020504
1023669 1023781
1025370 1026026
1028173 1028488
1030606 1030864
1034606 1035600
1037250 1038009
1042604 1042833
1045791 1045963
1047174 1047373
1049982 1050130
1050958 1051467
1052811 1053019
1053677 1054052
1056913 1058128
1058739 1060303
1066835 1067022
1070408 1070776
1071605 1073181
1079627 1080360
1083342 1083538
1086962 1087048
1091626 1093719
1099850 1111349
1113312 1113608
1114231 1114321
1114880 1115095
1118387 1118791
1123337 1123413
1127331 1127855
1128446 1130637
1134127 1134736
1135435 1135985
1136846 1137535
1138080 1138367
1139204 1139362
1149661 1149964
1157431 1157835
1158692 1160112
1162648 1162953
1164691 1164845
1165516 1165729
1166600 1167007
1169262 1169404
1171543 1171686
1177524 1177737
1179396 1179595
1183273 1184024
1185006 1185431
1186132 1186424
1191184 1192206
1193687 1193910
1194971 1195024
1197534 1197767
1199248 1199713
1200536 1200682
1202503 1202759
1203431 1203730
1204487 1204716
1205427 1205630
1212107 1213602
1216363 1216709
1219861 1220037
1221016 1221532
1222938 1223088
1224285 1224621
1225733 1225829
1226824 1227334
1229002 1229092
1234571 1234908
1235492 1236633
1237337 1237458
1238421 1238510
1239055 1241432
1242091 1242682
1244631 1244708
1254281 1254428
1255147 1255372
1256967 1257672
1266934 1267136
1271614 1271851
1274154 1274405
1278018 1278187
1283926 1284240
1285616 1286141
1292050 1292351
1295423 1295555
1299732 1300113
1311335 1311957
1312474 1312946
1314513 1314692
1316144 1316354
1319909 1320001
1331908 1332445
1337677 1337806
1342197 1342425
1343873 1344166
1345019 1345256
1347262 1347520
1351942 1352262
1360012 1360997
1366536 1366686
1368620 1368862
1373712 1374149
1376732 1377288
1380415 1380483
1384180 1385381
1397651 1398346
1398928 1399252
1400608 1400787
1421848 1423478
1432893 1433076
1437313 1438412
1440101 1442752
1448121 1448274
1455523 1455607
1458007 1459009
1460406 1460684
1466473 1467939
1470146 1470416
1477967 1478976
1485041 1485658
1499119 1499278
1501389 1501544
1506056 1508328
1512598 1512789
1516294 1516409
1518547 1519482
1520343 1521159
1527508 1527661
1529418 1529577
1530618 1532413
1534484 1534955
1536278 1536333
1536892 1537566
1539982 1540291
1545617 1545686
1550810 1551306
1551814 1552794
1556057 1556207
1557519 1557760
1560040 1560911
1564742 1564947
1571720 1572492
1579530 1579651
1581515 1581960
1590729 1591880
1592543 1592856
1597249 1597299
1601235 1601337
1607169 1608414
1612360 1612607
1615568 1615631
1624249 1625609
1626295 1626514
1629353 1629594
1632331 1632431
1635206 1635278
1643542 1644166
1649702 1649939
1652928 1653106
1654846 1655141
1655717 1656738
1659861 1660588
1663223 1663625
1669341 1669624
1674521 1675569
1677833 1678310
1687638 1687721
1696818 1697176
1705086 1705257
1707639 1708166
1712543 1713451
1715568 1715910
1716422 1716884
1717928 1718374
1719899 1720105
1725465 1725664
1727092 1728081
1729522 1729803
1732579 1733798
1738966 1739200
1744499 1745568
1746955 1747232
1750410 1750750
1751951 1752796
1753584 1753727
1754273 1754620
1760232 1760421
1763293 1763513
1764311 1764408
1767936 1768144
1768744 1770149
1772818 1773769
1774596 1774923
1776874 1777173
1780008 1783505
1786154 1786213
1786911 1787407
1787944 1788190
1789436 1790540
1791982 1792283
1793881 1794065
1797812 1798306
1799119 1799327
1800092 1800987
1807425 1807619
1811932 1812110
1817118 1817601
1819658 1820199
1822231 1824119
1824750 1825198
1826883 1827607
1829052 1829471
1831932 1833151
1838418 1838638
1842981 1843261
1845406 1845618
1847630 1847795
1849375 1850175
1853255 1854912
1860777 1861298
1871607 1871738
1881047 1881240
1888777 1888880
1894982 1895084
1897360 1897413
1901295 1901687
1908930 1910531
1913508 1914435
1917344 1918660
1926960 1927049
1928034 1928102
1930030 1930319
1932103 1932675
1936847 1937084
1941926 1942201
1946254 1946443
1946953 1947014
1947559 1949235
1952427 1952619
1954378 1955066
1963530 1963816
1967968 1968221
1969676 1969903
1970845 1971541
1972903 1973071
1975788 1975879
1980365 1980583
1981965 1982252
1984600 1987014
1993352 1993591
1994235 1996804
2006534 2006832
2007634 2009096
2014589 2014794
2016414 2016648
2018204 2018368
2020618 2020818
2024061 2024317
2032930 2033114
2034672 2034886
2035835 2036010
2039993 2041198
2043552 2043745
2045653 2046259
2047694 2047910
2048529 2049897
2053215 2054397
2062531 2062940
2063881 2064138
2066766 2068995
2075137 2075362
2080285 2080403
2085124 2085586
2090450 2090740
2092236 2092458
2093626 2094478
2096085 2096156
2098658 2098775
2100449 2100613
2102565 2102805
2107470 2108254
2110069 2110546
2115424 2116035
2116897 2118751
2119632 2120779
2121602 2121694
2124720 2124939
2129804 2130298
2137016 2137235
2141092 2142023
2145352 2147686
2148627 2149132
2149787 2150017
2152346 2152589
2154882 2155473
2157710 2158008
2162975 2163177
2168177 2169037
2173905 2175846
2177773 2178183
2178958 2179776
2181228 2181375
2186371 2186609
2188062 2188346
2189179 2189310
2195265 2196049
2200042 2200981
2204572 2204861
2206617 2206803
2207584 2207745
2209383 2209752
2216325 2217021
2219975 2220234
2226270 2226514
2230880 2232138
2236609 2239086
2243035 2243183
2248593 2249428
2257772 2258046
2259597 2259775
2266005 2266527
2270507 2271024
2271995 2273035
2276441 2276492
2285822 2286911
2287809 2287983
2289215 2289668
2296240 2297024
2297637 2299696
2300540 2300684
2310541 2311370
2311987 2312121
2319503 2319665
2326015 2326303
2329405 2329848
2332029 2332181
2336172 2336452
2337104 2337303
2340793 2341169
2343172 2343269
2343894 2344926
2347508 2352247
2352749 2353488
2356936 2357137
2357872 2358019
2358913 2359623
2362100 2362899
2367191 2367881
2381710 2383438
2386976 2387150
2387658 2387907
2390147 2390424
2393564 2394204
2404678 2404737
2412356 2412861
2419402 2419732
2421698 2421759
2427613 2428015
2432128 2432331
2432862 2433729
2434610 2434896
2442523 2442730
2447141 2447620
2457979 2458179
2459489 2459792
2468663 2468786
2477802 2478709
2492702 2492975
2496451 2496609
2497196 2497801
2499746 2499932
2509365 2509552
2511049 2513420
2516897 2517202
2518871 2519132
2520151 2521797
2527667 2527816
2529787 2530099
2533463 2533987
2544176 2544413
2546394 2547306
2552247 2552429
2557636 2557766
2562343 2562537
2564069 2565472
2567695 2567766
2568292 2569148
2572273 2572413
2574760 2574959
2579388 2579840
2584028 2584599
2585289 2585462
2589092 2589241
2590546 2590684
2595666 2596713
2597612 2597858
2604504 2604813
2607582 2607805
2608803 2609324
2610231 2610321
2611964 2612125
2618103 2618608
2620048 2620400
2630855 2631029
2642946 2643164
2644359 2644519
2648436 2648801
2652677 2653089
2660347 2660609
2661785 2662365
2665607 2666048
2667823 2668079
2670024 2670177
2671032 2671258
2671919 2672248
2672821 2672942
2676266 2676946
2679030 2679238
2688084 2688252
2691433 2692516
2693055 2693431
2693971 2694492
2697459 2697694
2700553 2700831
2701408 2702002
2704239 2704778
2707136 2708861
2718708 2719838
2721864 2722279
2727849 2727950
2730197 2731333
2732821 2733396
2734742 2736784
2737712 2738652
2744114 2744616
2762136 2762284
2770083 2770296
2770852 2772440
2774781 2774926
2776379 2776618
2781889 2782035
2785228 2786034
2787930 2788070
2790355 2791259
2794187 2795029
2795587 2805828
2806894 2807229
2809473 2809629
2814982 2815055
2819270 2819735
2821472 2821755
2823013 2823208
2824488 2824825
2826631 2833152
2833723 2834938
2837641 2838068
2856002 2856361
2861384 2861645
2867069 2867360
2868710 2868870
2869559 2871184
2879666 2881151
2882086 2882415
2883226 2883659
2884438 2884648
2885302 2885521
2888563 2888779
2891199 2891478
2896324 2896444
2897192 2897913
2901741 2901893
2905932 2906432
2907993 2908262
2910948 2911834
2915038 2915284
2916284 2916465
2917712 2917993
2923547 2923750
2930035 2930204
2935806 2935993
2936703 2936864
2937955 2938050
2942345 2942413
2944829 2945327
2956008 2956108
2959330 2960836
2961364 2962409
2963187 2963279
2966637 2967186
2970421 2970674
2971245 2971603
2972231 2972573
2973284 2973466
2975598 2975856
2984078 2984544
2985362 2985803
2986873 2987059
2989340 2989837
2995340 2995838
3001983 3003332
3008470 3008788
3015416 3015881
3022528 3023064
3023802 3024089
3025635 3026033
3032551 3032791
3039154 3040829
3047402 3047629
3050003 3050123
3053782 3054658
3055264 3055359
3057999 3058240
3059480 3059679
3066405 3066555
3067066 3067758
3070403 3070674
3074696 3074885
3076157 3076600
3077690 3078505
3079938 3081237
3083763 3085321
3090387 3090634
3091412 3091685
3094544 3095445
3097040 3097297
3100818 3101027
3104497 3104703
3105388 3105672
3106237 3106885
3109448 3110395
3116457 3116582
3121890 3122217
3125027 3125312
3130651 3131032
3145037 3145669
3147513 3147795
3148752 3148998
3151719 3151879
3153183 3153703
3158017 3158960
3161684 3161907
3164409 3164510
3169813 3169967
3175993 3176184
3176836 3177513
3180702 3181157
3194007 3194827
3206682 3207145
3218112 3218471
3225027 3225657
3226866 3227080
3229412 3229537
3233646 3233732
3243490 3244059
3256670 3258319
3259181 3259418
3261036 3261979
3263739 3264060
3267995 3268090
3272648 3272916
3288671 3288931
3289934 3292223
3293379 3295048
3300547 3301943
3303537 3304167
3308122 3308602
3312718 3312999
3314444 3315589
3316189 3317405
3320439 3320497
3323246 3323966
3324525 3325121
3326098 3326314
3327697 3327851
3330702 3331633
3334301 3334415
3335593 3335818
3337422 3338520
3340733 3343357
3349628 3350687
3352560 3352759
3354271 3354421
3355593 3355902
3357486 3357946
3361442 3362334
3363417 3363587
3369910 3370019
3372948 3373184
3374137 3374371
3375182 3375993
3383831 3384205
3388828 3389090
3396505 3396675
3398027 3399129
3405122 3405388
3408259 3411151
3418437 3418578
3422925 3423103
3428710 3428898
3432603 3433266
3436013 3436508
3437631 3438206
3446960 3447045
3454701 3455300
3458414 3459108
3461581 3461860
3462565 3462775
3463545 3464094
3465787 3466367
3474010 3474103
3474709 3474865
3477710 3479016
3482977 3483053
3484675 3484969
3490219 3490400
3497192 3498228
3500746 3500973
3509342 3509592
3512928 3513291
3519115 3521976
3524625 3525366
3527026 3527908
3529257 3529343
3530281 3530552
3532468 3533452
3535329 3535551
3544533 3544673
3548214 3548747
3551237 3551470
3566619 3572194
3587760 3587941
3591151 3591440
3593909 3594656
3598012 3598688
3599274 3599372
3600314 3601609
3604321 3604882
3605469 3607188
3610106 3610425
3612619 3612814
3615437 3617763
3618270 3618534
3619203 3619682
3626376 3626469
3631020 3633592
3635124 3636823
3637676 3637768
3638412 3638533
3639188 3639366
3645704 3646313
3646849 3647059
3648477 3648670
3650305 3650601
3654140 3654315
3655347 3655638
3658690 3658936
3669696 3669972
3673002 3673302
3674438 3674518
3676157 3676368
3677686 3678293
3681300 3681533
3682083 3682795
3686161 3686596
3688654 3689239
3692990 3694286
3695497 3695773
3698699 3699250
3703808 3704013
3704642 3704935
3705572 3706396
3707438 3707700
3712132 3712679
3715623 3715850
3717300 3717688
3728653 3728882
3729630 3730001
3730617 3730792
3755036 3755204
3757284 3757354
3767338 3767420
3769449 3769588
3776667 3776837
3781243 3781502
3787211 3788422
3789743 3789992
3792748 3794140
3796507 3797438
3806237 3806803
3812322 3812495
3816721 3817566
3818520 3818771
3823870 3824155
3828526 3828716
3834541 3835632
3837701 3838479
3840987 3841466
3850737 3850957
3855079 3856504
3859365 3859623
3869266 3869994
3871611 3871870
3874274 3875804
3881207 3881357
3882226 3883626
3884865 3885361
3887213 3887868
3893201 3893432
3902375 3902946
3907730 3907976
3914235 3914519
3919553 3920244
3921305 3921974
3923965 3924139
3925230 3925425
3928232 3928518
3929718 3929885
3930918 3931847
3936337 3936534
3939710 3939802
3940937 3941235
3945113 3945766
3951765 3952019
3953562 3956638
3962658 3962863
3966769 3967644
3973873 3973997
3977325 3977649
3989162 3989334
3989931 3990166
3996103 3996402
4001985 4002157
4002715 4003250
4006062 4006931
4007691 4008374
4010535 4013647
4015704 4015839
4016523 4016686
4020554 4020734
4022463 4024661
4025508 4032145
4038319 4038571
4039328 4039520
4047190 4047481
4051369 4051616
4055996 4056213
4057188 4057497
4061062 4061241
4071532 4073138
4073641 4073983
4075741 4076108
4076705 4076997
4085161 4086358
4088859 4089089
4093788 4093900
4097502 4098035
4099961 4100175
4105765 4106539
4110585 4110940
4112161 4117309
4117977 4118159
4128634 4128790
4129399 4129571
4132404 4133256
4136882 4137453
4145939 4147039
4147659 4147891
4149555 4149836
4151694 4152801
4155592 4155785
4159123 4161546
4167839 4168068
4168666 4168956
4170211 4170353
4173764 4174027
4174619 4174762
4179600 4181281
4183409 4183883
4185265 4185410
4187405 4187847
4195790 4201603
4205495 4205701
4209050 4209999
4211654 4211825
4222730 4224057
4225487 4225833
4229981 4230176
4231199 4233818
4240764 4240909
4244876 4245166
4248758 4248903
4251818 4252060
4256027 4256537
4258873 4259057
4261353 4261988
4262605 4263231
4263806 4264124
4266831 4268926
4269857 4270106
4277036 4277269
4280547 4280629
4281354 4281646
4284210 4284490
4287548 4287746
4288428 4288576
4291931 4292599
4294312 4294590
4295117 4295311
4298326 4298593
4299174 4299622
4302449 4302643
4308837 4309051
4312734 4314427
4317276 4317844
4318446 4320789
4322178 4322411
4324831 4325252
4327108 4327575
4329819 4329875
4330959 4331350
4336118 4336362
4336865 4337045
4340185 4340394
4341001 4341419
4345427 4345698
4346564 4347988
4350984 4356235
4360497 4361488
4364341 4364521
4368074 4368331
4370015 4370854
4378654 4378860
4389621 4390290
4392745 4393945
4394642 4394998
4395507 4395999
4398345 4399089
4407190 4407516
4411207 4413278
4414027 4414117
4414812 4420484
4423185 4423259
4427481 4427651
4429088 4429254
4430790 4430983
4436989 4437284
4440627 4442121
4443742 4444054
4450352 4450695
4451435 4452656
4453324 4453744
4457213 4457412
4459908 4460428
4460966 4461050
4467101 4467531
4472612 4473475
4475295 4475763
4480547 4480766
4482199 4482811
4483469 4483848
4485447 4486709
4488425 4488703
4491360 4491768
4497132 4497276
4500270 4501212
4504250 4504509
4506365 4508325
4514755 4515147
4516347 4516628
4521402 4521462
4523529 4523743
4535046 4535296
4538442 4538520
4541921 4542674
4544169 4545110
4547880 4547996
4552032 4552299
4555543 4555955
4557868 4558156
4559434 4559498
4560033 4560510
4562985 4563284
4574381 4574721
4577903 4578792
4583799 4583966
4586852 4587071
4590886 4591121
4591663 4592575
4593326 4593620
4594697 4594950
4596667 4598247
4604393 4605666
4606695 4607254
4610765 4610975
4624876 4625122
4626252 4626780
4628546 4628847
4630668 4632356
4633047 4633883
4635151 4635772
4640239 4640727
4642096 4645413
4646563 4646701
4647290 4647424
4652217 4653236
4653756 4654313
4655361 4655571
4659801 4660038
4662225 4662312
4664691 4665606
4666171 4668505
4670065 4670293
4673462 4674272
4676956 4677118
4677669 4677827
4681751 4682895
4683519 4684003
4686365 4686959
4696780 4697403
4700730 4700983
4709336 4709579
4721665 4721873
4725010 4727261
4735319 4735467
4738796 4738904
4746623 4746854
4748328 4748669
4751064 4751383
4754831 4755071
4758750 4758911
4765038 4765126
4768009 4768699
4776283 4776723
4778197 4778729
4783331 4783745
4787268 4787628
4801669 4801838
4805961 4806049
4806551 4806942
4807844 4808891
4812921 4813485
4814853 4815598
4819017 4819167
4820825 4821267
4831987 4833112
4834913 4835385
4836282 4836472
4837119 4837283
4837919 4838430
4840652 4840835
4842725 4842933
4843519 4844847
