Ecoli_ancestor_Ancestor_
1 219
81926 82181
90009 91371
92544 93083
294818 294896
377370 377706
380448 383783
418894 419109
421850 424759
550014 550229
552970 556321
644035 644948
646787 650244
825032 826457
827093 828660
937683 938317
968202 969448
970084 972317
1005944 1006659
1161951 1164334
1167075 1167654
1223128 1225197
1459515 1460541
1859374 1861933
2075242 2077702
2286112 2286384
2300745 2301830
2419434 2420580
2487916 2489000
2523560 2524574
2604124 2605282
2605950 2607101
2938393 2939334
2939962 2940719
2953967 2954910
2955803 2956304
2957334 2958189
3124616 3124781
3129003 3129361
3130391 3131246
3165726 3165917
3166940 3167351
3193044 3194705
3289176 3291737
3495356 3496834
3539953 3540309
3855946 3856601
3857903 3861224
3901814 3902898
3981175 3981441
4015074 4016158
4022426 4024998
4064120 4064984
4273107 4274320
4299187 4299452
4300120 4301028
4315710 4320151
4332073 4332178
4332846 4333029
4361410 4361990
4364732 4367124
4535530 4536230
4539779 4540650
Ecoli_0925_Taxon006_
1 219
116241 117244
434025 434980
618299 618733
624200 624854
1371772 1372204
1423405 1423824
1426587 1428164
1638913 1639404
2030177 2030603
2086704 2089364
2089958 2090258
2189489 2189761
2526489 2527170
2709394 2713193
2820386 2820994
3125501 3126434
3275235 3277311
3293073 3293173
3293991 3295032
3423150 3426414
3552657 3554355
3882586 3882821
3942845 3946702
4038038 4042497
4044500 4044586
4107080 4112008
