Escherichia_coli_O157_H7_EDL933_0970
1 294
1609 1923
2491 3133
4858 6252
8676 9417
10591 10771
11904 13036
14330 14518
15063 15208
16757 17239
18940 19354
20527 21429
22003 22245
23242 23507
30356 30980
33587 33925
37961 38867
41003 41158
43826 44346
45074 45289
48270 49091
51414 52253
56809 56951
58165 58489
60252 60564
62510 62807
63570 63657
65097 65598
68461 69171
74299 74556
75253 75648
77874 78158
83307 83493
85233 85924
89935 90080
97068 97172
98652 98744
104433 105392
108592 108680
109249 109555
111406 111479
112174 112286
113813 115542
117115 117369
118641 118950
120221 121053
122593 123545
127487 127685
128862 129262
131538 132020
133391 133467
135379 135487
136256 136374
138012 138234
139369 139502
140802 140950
141660 141982
146155 146912
147484 147687
148601 148942
150127 151140
151776 151974
154798 155406
157195 157349
161872 162141
163723 163963
167793 167927
170312 170805
173787 174126
175881 176558
187298 187965
188725 189076
189865 190086
190691 190998
191911 192132
194943 195128
195894 196751
199134 199387
200474 201585
202189 202875
203532 204033
205298 205408
206154 206931
207641 208048
211420 212306
213955 214064
217893 218405
221025 221349
223115 223530
224191 224643
228108 228991
232441 232865
233535 234122
235419 235616
236874 237055
237798 237937
242783 243060
245256 245519
246275 246547
250571 251237
253417 253753
254446 256743
258510 259167
260009 260467
261753 262265
263467 263669
264810 265439
266852 267030
269302 270396
271859 272185
276415 277539
278108 278190
280140 280363
284656 284728
286023 286284
287151 287757
289282 291716
292260 292749
295215 295381
296805 298324
301979 304669
308046 308103
310958 311026
313450 313547
314861 315555
316602 317094
318908 319401
320274 320435
321126 322084
322969 323313
325008 325243
326043 326700
327223 328545
329098 329420
329999 330739
335590 335724
336485 336789
343026 343334
347246 347558
348180 348472
349345 350474
353829 354406
355352 358438
360018 360712
361272 361940
362817 363060
364169 365230
375477 375645
376634 376976
378528 378678
379276 379864
380453 381527
382459 382949
387516 388642
390322 390407
394888 395269
397794 398882
400444 400947
401787 401984
411511 411660
413983 414231
415485 415605
416765 417807
419904 420879
421837 422144
424625 425577
426094 427298
429616 429919
432655 432951
435984 436052
436637 437727
441391 442469
443366 443598
445635 445789
448963 449146
450882 451127
454295 454412
455095 455381
455954 456406
457617 457679
461572 463505
465405 465534
466138 466490
467860 468288
469607 471382
477234 477483
478563 479442
480229 481974
484935 485099
485789 485883
487729 488479
489595 489845
490926 491009
491554 492142
498594 498901
499477 499802
502202 502380
504293 504884
506507 506649
512855 513066
513919 514948
521791 522428
523177 523447
524984 525296
527748 528046
529176 530563
531390 532206
535013 536682
537342 538153
540345 540614
541355 541505
542485 542570
543556 544325
548258 548671
549847 550208
550789 550909
551919 552009
554257 554636
561251 561338
564157 564516
569788 570837
572010 573036
576282 577673
584419 584506
585664 585747
587440 587849
588485 588634
590455 590750
592161 592644
597083 597148
602422 602642
603553 605131
607261 607626
608833 608984
615444 615600
616317 616579
617863 617968
618614 619230
621232 621586
627052 627243
629014 629098
629648 630476
633986 634088
637250 637501
638720 638968
639547 640086
645777 646035
646650 646863
648614 648849
654117 654946
657148 658416
660890 661191
664080 664337
666539 667476
670612 670673
671708 671855
674860 674946
675761 677839
679026 679855
682004 682074
682842 685509
686621 687766
689275 689792
690944 691215
691902 692353
693986 694248
695020 695452
696059 696219
698098 698282
699544 700223
700770 700822
709658 711226
712811 713660
714757 715581
719663 720222
720778 721410
722095 723065
725446 725798
727991 728224
731515 732715
733605 733728
736715 737186
739213 739379
740918 741590
744401 744619
745298 745574
748077 748218
749498 749548
750580 752654
754149 754222
755305 755496
756716 757850
759595 759863
760398 761285
763521 764182
765752 765942
769627 769927
771751 772303
773925 774033
776062 776203
776793 776945
779678 780665
782681 782860
784983 785227
785989 786833
789425 790530
792610 793191
793791 793918
795049 795489
798492 798761
800013 800120
801890 802176
802871 803196
810072 810310
812287 812537
813387 814388
815391 815671
816294 817198
818526 819457
820188 821686
822408 823611
824645 825084
826143 826364
827926 828097
829564 829644
832694 832787
834694 835390
838244 838953
843344 843522
844115 845584
848575 849862
850462 850709
851640 851911
852510 852623
854113 854323
854885 854970
856317 856589
857128 857883
860611 860806
861985 862260
862879 863288
865264 865690
866714 866957
868172 868738
870388 870882
872056 872224
877444 878022
880777 881327
882458 882850
887123 888145
888659 888748
895541 895733
897359 898034
900796 901584
902685 903083
904177 904344
905687 906080
913011 913666
915479 915697
920390 921070
923148 923437
924634 924967
925725 926182
927789 928094
928779 929598
931670 932529
935732 936406
937667 938362
938982 940531
941272 941627
944030 944477
947354 949056
952619 952726
953722 953795
959403 959683
960271 960322
963183 963433
966893 966968
968209 968799
972536 972635
974442 974581
977277 977530
978242 978428
979680 980168
981243 981945
983847 984935
986275 986397
989843 990602
992578 993553
994146 994357
996529 996857
997671 997945
998790 998989
1000054 1000575
1001727 1001948
1002878 1003223
1004636 1005267
1006331 1006463
1009256 1009422
1014314 1014555
1016837 1017754
1020517 1020841
1021610 1021886
1022619 1023484
1025273 1025494
1030744 1031160
1032442 1033308
1034752 1035477
1036607 1037166
1037878 1038133
1038667 1039011
1039808 1039892
1042005 1042432
1043437 1043525
1045517 1045712
1046500 1047433
1049093 1049451
1052070 1052324
1053732 1054091
1055124 1055251
1065949 1066224
1067172 1067394
1069167 1070266
1071766 1071949
1073575 1074142
1076456 1076577
1081481 1082133
1085359 1085481
1089021 1089077
1091457 1091568
1092995 1093988
1097021 1097458
1099860 1100494
1104225 1105532
1106086 1106146
1106681 1106834
1111791 1112213
1113252 1114223
1115151 1115350
1117292 1117392
1118373 1118424
1119324 1120380
1121516 1122167
1125632 1126285
1127930 1128342
1133205 1133376
1134451 1134620
1138517 1138893
1141830 1142061
1144400 1144561
1145884 1146795
1147680 1147880
1149271 1149420
1150832 1151207
1152627 1153086
1153805 1153963
1155924 1156090
1157349 1157638
1159031 1159260
1160207 1160583
1164523 1164832
1165638 1166104
1166662 1166802
1167370 1167498
1170374 1170918
1175935 1177105
1179404 1179591
1187159 1187570
1188231 1190168
1192397 1193021
1195181 1195608
1199837 1200560
1204768 1204854
1215105 1215484
1217797 1218061
1220630 1220866
1223504 1223611
1226802 1226905
1228289 1229135
1230433 1230904
1231413 1231607
1233780 1234025
1234687 1235167
1236666 1237218
1238574 1239822
1244987 1245922
1249220 1249684
1250351 1250846
1251598 1251832
1252367 1252944
1253699 1253796
1259692 1260131
1265480 1267364
1268025 1268198
1271415 1272223
1273785 1276111
1276849 1277036
1277824 1278264
1280555 1280662
1281174 1281564
1282156 1282543
1283437 1283633
1284490 1284683
1285474 1285666
1286783 1288274
1289031 1289096
1289619 1290687
1291868 1292172
1293133 1293554
1296940 1297237
1298178 1298230
1298881 1299738
1301044 1301137
1301825 1301909
1303371 1303598
1306882 1307505
1310506 1311296
1312006 1312226
1318243 1318399
1319602 1319743
1321118 1321314
1324221 1324510
1332114 1332435
1338772 1339059
1339635 1340870
1342451 1342577
1343187 1343252
1344003 1345108
1346286 1346514
1350260 1350641
1352752 1353286
1355068 1355236
1356804 1357072
1357579 1357635
1360028 1360096
1361585 1361821
1367498 1367715
1369088 1369246
1373848 1374385
1379135 1379362
1380467 1381206
1382719 1383814
1384624 1385551
1386624 1387308
1389193 1390040
1391769 1392430
1394239 1394810
1399212 1399739
1400485 1400577
1401592 1401697
1402551 1403439
1404174 1404249
1407290 1407750
1412665 1413004
1417760 1418041
1418784 1419012
1422551 1422602
1426337 1426563
1428425 1428691
1433607 1433716
1434286 1436804
1437436 1437769
1439590 1440102
1440657 1440722
1442553 1442764
1445586 1445885
1446393 1446735
1448654 1449604
1453374 1453777
1457718 1457981
1458915 1460608
1467229 1467445
1468946 1469246
1471204 1471446
1479147 1479896
1481567 1481785
1482424 1482582
1483088 1483860
1484768 1485006
1488346 1488422
1490778 1490877
1492366 1492703
1493206 1493912
1494712 1495040
1496344 1496611
1500243 1502241
1503490 1503974
1509530 1510522
1512167 1512338
1517805 1518010
1522405 1523089
1526473 1526965
1527517 1528691
1530118 1530399
1540595 1541934
1544041 1544220
1547060 1547199
1548064 1548309
1549907 1550891
1554277 1554874
1559981 1560110
1562135 1562475
1562981 1563231
1564169 1564974
1571480 1571581
1572573 1573816
1574886 1575163
1576478 1577443
1577991 1578453
1580401 1581237
1583549 1583932
1585811 1586827
1587406 1587573
1588955 1589717
1591267 1591686
1592749 1593116
1596029 1596389
1599476 1600205
1603717 1603819
1604985 1605191
1608570 1608673
1610785 1610953
1611517 1611883
1612531 1612941
1615041 1615099
1622294 1622362
1623178 1623981
1630390 1630703
1633498 1633585
1634335 1634747
1636149 1636368
1640261 1640455
1642969 1643416
1646527 1647518
1649339 1649670
1651699 1651782
1652301 1652370
1654073 1655610
1660820 1661111
1661995 1662196
1663651 1663811
1664341 1666969
1669176 1669419
1673394 1673645
1675430 1675715
1676296 1676922
1678689 1678911
1679784 1680088
1681018 1681207
1682230 1682563
1683902 1684124
1685733 1685842
1686568 1686984
1689448 1690253
1692446 1693029
1696439 1696639
1697461 1698302
1699637 1700467
1701103 1701345
1703234 1703541
1704170 1704654
1707497 1707827
1709848 1711012
1713716 1713815
1714952 1715516
1723565 1724022
1727215 1727626
1728394 1728950
1731956 1732425
1733986 1735562
1737213 1738443
1740628 1741173
1745088 1745927
1752971 1753224
1754527 1755306
1756998 1757387
1760383 1760499
1763891 1764041
1766220 1766588
1767783 1768298
1770368 1770491
1772319 1772390
1775902 1776061
1783093 1783487
1784374 1784628
1785312 1785470
1786145 1786684
1794120 1794172
1796605 1797031
1799709 1800217
1801832 1801890
1804159 1804429
1805008 1805193
1808225 1808432
1810634 1810932
1811752 1812101
1812621 1812812
1814158 1814268
1815108 1815268
1817928 1818203
1824341 1824611
1825948 1826106
1828467 1828756
1830216 1831920
1832755 1832832
1836326 1837186
1840799 1840919
1841783 1842052
1844537 1844696
1848999 1849088
1849834 1850206
1853035 1853331
1856139 1856486
1860821 1861196
1864020 1864525
1866245 1866477
1867217 1867412
1871519 1872585
1873821 1874097
1878101 1878871
1880059 1881435
1883561 1883719
1885236 1886688
1887537 1887783
1889545 1889606
1892104 1892220
1893542 1894567
1895525 1895875
1897759 1898876
1900259 1900905
1901561 1901973
1903784 1903837
1904999 1905598
1915872 1916155
1917997 1918377
1923161 1923639
1926168 1926402
1927416 1927517
1930288 1930514
1931355 1931446
1932705 1932896
1933617 1934216
1937275 1937746
1938984 1939217
1940336 1940911
1942408 1942520
1944626 1944872
1945917 1946668
1948886 1949248
1950593 1950892
1953951 1954562
1955473 1955608
1956919 1957880
1959661 1959957
1962802 1964015
1965606 1965921
1967690 1968146
1969845 1970551
1971130 1972174
1973472 1974172
1975228 1975363
1980669 1982541
1983445 1984625
1985186 1986166
1987137 1987710
1988967 1989571
1990671 1993002
1993661 1993890
1995117 1995199
1998489 1998670
2001662 2002404
2003938 2004135
2008130 2008407
2010660 2011518
2012090 2012193
2013337 2013435
2014476 2014764
2015782 2016056
2018463 2018635
2019321 2020226
2020776 2021029
2021541 2022752
2023835 2024868
2025517 2025919
2027285 2028085
2028726 2029318
2031299 2031560
2032204 2032961
2036061 2036337
2038203 2038410
2042481 2042768
2045359 2046314
2047368 2048382
2052627 2054502
2055190 2055542
2056589 2057548
2059598 2059806
2061435 2061490
2062228 2062669
2063349 2063653
2065782 2065910
2068332 2068716
2069253 2069360
2070077 2070127
2071292 2071589
2073257 2073363
2074625 2075418
2077227 2078366
2080819 2081302
2082210 2082403
2084865 2084985
2086480 2087536
2088126 2089308
2090337 2090751
2094493 2094855
2096438 2096757
2100228 2101517
2107822 2108217
2108820 2109829
2111203 2111615
2113755 2113862
2115416 2115518
2117758 2118710
2120176 2120468
2125089 2125146
2127519 2127621
2128648 2129311
2130038 2130880
2134616 2134903
2137164 2138039
2140080 2140946
2142605 2142922
2144291 2144507
2145025 2145138
2146154 2146376
2149978 2150074
2150577 2150786
2154174 2154314
2157911 2158111
2158614 2159126
2161162 2161553
2163637 2163776
2168767 2168994
2172030 2172651
2176139 2177239
2177942 2179668
2181640 2181823
2186836 2187802
2189623 2191654
2192212 2192682
2194862 2195191
2199081 2200000
2202073 2202272
2202921 2203507
2204068 2204193
2210034 2211860
2213058 2213721
2217382 2217626
2219145 2219429
2222781 2223095
2226621 2226763
2228260 2228795
2230397 2230482
2232122 2232257
2233234 2233916
2235042 2235234
2238702 2239106
2241712 2242126
2247776 2248085
2249571 2250147
2250717 2250821
2251691 2251854
2254991 2255353
2260253 2261011
2265635 2266497
2268179 2268314
2269233 2269636
2275753 2275849
2277067 2277362
2280861 2280984
2283718 2283869
2284447 2285196
2286346 2286817
2289766 2290042
2291990 2292279
2294544 2295049
2297746 2297860
2299000 2299452
2301381 2301561
2302317 2304585
2305720 2305782
2306860 2307191
2307708 2308219
2311990 2312367
2322821 2323746
2324286 2324398
2325029 2325261
2325784 2326597
2327728 2328188
2329432 2329516
2332017 2333680
2334429 2337213
2338499 2338602
2339530 2339583
2340265 2340385
2341964 2342124
2343559 2344182
2345246 2345444
2348529 2348798
2349428 2349482
2351593 2351809
2354155 2354751
2355385 2355550
2362771 2363429
2368613 2369730
2371726 2371806
2373399 2373490
2374883 2376104
2377123 2377246
2378414 2378925
2379769 2380119
2380959 2381083
2383539 2383996
2384906 2384983
2387424 2387700
2388304 2388580
2389411 2389682
2395359 2395933
2396482 2397503
2401098 2402501
2405383 2405809
2406488 2406665
2407505 2408782
2411809 2411994
2412891 2412989
2414128 2414416
2415321 2415956
2417940 2418158
2421509 2421582
2422095 2422254
2423450 2423570
2425217 2425634
2428780 2429118
2429867 2429952
2434554 2434991
2436987 2437081
2437622 2438340
2439010 2440460
2441563 2442237
2443728 2443924
2445445 2445654
2446537 2446997
2450275 2451218
2452502 2452799
2454410 2454518
2456199 2456408
2458272 2458510
2463898 2464059
2465433 2466295
2468041 2468332
2468834 2469549
2471464 2471516
2472902 2473211
2475701 2475971
2476485 2476749
2478004 2478056
2479018 2479569
2488427 2488706
2492929 2493361
2496088 2496169
2498751 2498865
2501054 2501303
2506862 2506981
2507484 2508314
2509186 2509446
2510800 2510897
2516481 2516770
2518551 2518767
2520622 2521073
2523062 2523256
2523869 2524170
2525690 2525879
2529842 2530008
2530538 2531174
2533061 2533508
2535845 2537013
2537606 2538223
2540654 2540989
2542330 2542620
2543327 2543435
2546015 2546561
2550684 2550815
2551896 2552385
2553418 2554026
2554683 2555330
2559601 2559818
2560411 2561478
2563915 2564162
2565202 2565406
2567293 2567689
2570413 2570597
2573902 2574811
2576678 2577135
2578318 2579294
2580167 2580608
2582277 2582521
2585090 2586109
2586801 2586990
2588442 2589391
2591508 2591775
2593890 2594079
2594712 2594775
2601868 2602034
2604671 2604758
2605501 2605964
2606718 2607312
2609687 2610353
2611448 2611871
2612415 2612737
2613305 2613562
2618277 2618355
2619317 2619601
2621967 2623582
2627978 2628120
2630076 2630649
2633318 2633800
2638450 2638713
2640857 2641055
2641676 2642419
2649629 2649828
2653027 2653323
2655012 2655491
2661313 2662073
2664110 2664401
2665948 2666673
2669621 2669724
2671809 2673027
2677237 2677301
2677900 2678357
2678944 2679314
2681866 2681957
2682900 2683978
2684699 2684913
2695550 2696990
2698476 2698564
2703958 2704154
2705168 2705221
2705779 2707315
2707967 2708277
2709327 2709685
2710243 2710294
2710953 2711431
2711968 2712096
2712855 2713203
2714435 2715001
2716847 2717186
2722090 2722476
2724779 2725420
2726360 2726713
2734244 2734313
2739386 2739549
2741529 2741692
2742530 2742864
2743815 2743993
2745756 2745964
2749451 2750126
2750928 2752454
2756009 2756402
2757713 2757889
2762275 2762783
2767638 2769155
2772081 2772217
2773278 2774139
2776046 2776997
2778116 2779612
2782969 2783070
2785790 2786013
2787691 2787753
2792673 2793539
2794396 2795164
2801120 2801798
2802609 2803154
2807283 2807554
2808171 2808803
2809473 2809915
2810948 2811216
2813281 2813363
2813963 2814284
2815656 2816632
2817541 2817796
2819853 2820482
2821759 2822442
2823234 2823892
2824823 2825062
2827509 2827703
2828737 2829763
2831614 2832363
2833549 2833724
2834249 2834496
2836309 2836941
2837719 2837913
2838666 2838884
2839590 2839709
2840991 2841290
2846644 2847448
2850396 2850565
2853147 2853285
2853824 2854437
2855526 2857381
2859213 2859435
2864649 2864988
2866478 2867062
2867658 2868046
2869848 2870300
2870887 2872682
2874834 2875826
2876356 2877048
2877695 2878107
2880917 2881521
2886812 2886993
2889541 2889834
2893983 2894447
2895219 2895461
2899026 2899557
2901103 2901191
2902408 2902733
2906613 2906960
2908440 2909592
2911701 2911871
2912935 2913371
2915833 2916288
2916825 2917287
2921417 2922179
2923554 2923640
2924954 2925213
2926772 2926949
2928587 2928832
2936809 2936883
2938931 2939162
2941467 2941771
2943809 2943983
2944899 2945708
2948260 2948348
2951291 2951466
2953415 2953485
2954347 2954442
2959057 2959294
2968401 2969819
2970857 2971406
2972250 2972853
2976102 2976497
2977153 2977955
2979118 2980040
2980882 2981887
2983252 2983337
2984012 2984095
2985277 2985824
2987886 2988003
2988699 2989186
2992505 2992817
2993982 2994496
2997515 2997751
3003132 3003373
3005351 3005667
3006680 3006795
3007786 3009375
3009958 3010249
3013086 3013642
3014676 3014879
3017451 3017523
3021121 3021434
3025355 3026107
3029227 3029466
3030364 3030787
3031633 3031754
3033169 3033508
3034796 3035712
3039796 3040682
3044543 3044662
3045846 3046051
3046800 3047694
3049943 3050794
3054018 3055379
3058904 3059895
3060457 3060758
3063719 3063991
3064547 3065096
3066309 3066636
3069287 3070892
3076805 3077164
3080138 3081975
3085995 3086495
3087615 3088419
3089414 3089690
3092511 3093475
3095930 3096424
3100873 3101422
3102728 3105436
3107766 3108375
3110152 3110601
3112495 3112841
3113433 3114071
3116637 3116883
3118792 3119011
3120901 3121478
3122790 3123042
3123545 3123961
3128873 3129262
3129800 3130397
3131672 3131977
3132990 3134697
3136387 3137393
3141924 3142536
3150574 3150977
3154324 3155422
3156785 3157608
3159826 3159940
3161191 3162131
3164595 3164825
3165719 3165924
3167582 3167727
3170864 3171461
3173218 3173557
3178319 3178527
3179380 3179508
3180695 3181155
3181746 3184180
3184806 3185046
3187103 3187661
3188192 3188357
3190438 3190638
3191174 3191564
3196648 3197531
3199177 3199423
3202014 3202528
3203108 3203163
3203778 3204091
3205566 3205750
3206935 3209049
3213204 3214078
3216863 3217273
3219465 3219866
3221200 3221405
3221987 3222404
3227088 3228550
3231323 3231587
3232176 3232610
3234863 3235214
3241890 3241939
3242729 3243179
3247396 3248110
3249380 3250238
3251329 3253200
3254687 3254739
3257976 3258480
3259000 3259160
3262312 3262440
3263249 3263402
3265437 3265743
3266979 3267301
3271218 3271354
3272736 3272916
3274103 3274676
3275271 3275356
3277713 3278639
3280386 3280562
3282165 3282871
3284452 3285261
3286169 3286331
3287697 3288031
3288711 3289499
3290161 3290572
3293221 3293483
3295335 3295597
3296774 3296944
3297677 3297777
3300106 3300455
3302461 3302524
3303227 3304021
3304548 3304611
3308988 3309120
3311128 3312757
3314233 3314337
3315465 3316839
3319613 3319723
3322396 3324017
3324816 3325179
3325783 3327230
3327897 3328258
3330282 3330554
3331233 3331531
3333821 3335371
3339366 3340057
3342096 3342805
3343344 3343622
3344653 3344926
3345927 3346134
3348428 3348761
3350684 3351189
3351920 3352195
3352759 3354532
3355403 3355554
3356397 3356576
3357342 3357650
3358224 3358672
3360924 3362794
3367030 3367299
3370751 3371210
3374863 3375139
3375686 3375747
3377854 3378312
3379255 3380036
3380587 3380873
3384031 3384544
3385068 3385271
3386378 3386716
3390158 3390283
3391423 3391506
3392576 3392960
3394171 3394436
3396851 3397295
3401009 3401155
3406090 3406145
3406893 3407006
3408327 3408638
3410921 3411370
3415006 3415635
3416234 3416549
3417464 3418017
3420928 3421066
3421817 3422044
3425844 3426303
3428157 3428225
3429257 3429514
3432317 3432627
3433460 3436060
3440647 3441644
3442400 3443121
3445072 3445887
3454273 3455332
3456443 3456502
3464379 3464629
3465911 3466037
3467259 3469490
3472764 3473255
3474075 3475093
3475620 3476009
3477315 3477605
3478114 3478457
3480424 3481291
3481805 3482243
3487827 3487917
3491079 3491214
3491870 3492109
3493825 3494777
3495504 3497117
3498922 3499208
3499892 3500172
3501047 3501334
3502083 3502614
3505067 3505608
3508862 3509109
3512820 3513005
3514673 3515454
3517206 3517519
3518580 3518753
3519354 3519452
3522030 3522278
3524991 3525378
3526291 3526599
3527224 3527374
3528504 3529148
3530204 3531801
3534005 3534293
3535631 3536301
3537627 3538003
3538840 3539436
3541473 3541662
3543377 3543666
3548482 3548931
3549523 3550743
3551546 3551866
3552631 3552721
3553333 3553646
3559238 3559545
3561117 3561228
3564639 3565134
3566350 3566714
3567941 3568092
3571860 3572487
3573497 3574100
3574800 3575100
3577758 3577851
3583498 3583587
3584089 3584139
3585580 3586428
3586929 3587128
3587717 3588037
3597097 3597318
3597999 3598512
3601949 3602755
3603551 3603726
3605215 3605389
3606382 3606515
3607036 3607395
3608477 3609572
3613831 3614219
3617993 3618823
3620523 3620964
3623417 3624475
3626076 3627021
3627733 3628208
3630321 3631008
3632738 3633085
3634401 3635127
3636904 3637059
3640053 3640239
3642560 3642761
3643358 3643591
3645933 3646195
3646780 3646869
3648428 3649408
3651138 3652387
3654101 3654158
3654718 3655749
3658123 3658669
3660270 3660333
3661108 3661426
3663216 3665406
3666438 3666645
3668449 3669279
3670018 3670561
3672362 3672678
3673355 3674096
3675548 3676387
3677252 3678069
3678675 3679368
3680022 3680232
3681239 3681450
3682321 3682736
3687544 3687757
3688685 3688983
3690201 3690311
3693475 3693775
3697246 3697422
3698700 3698886
3700526 3700608
3702838 3703080
3706466 3707207
3707729 3708069
3709473 3709959
3712966 3713261
3714551 3715299
3717420 3717571
3718494 3718574
3723553 3723829
3725581 3726669
3731410 3731717
3732283 3733248
3735757 3736191
3738365 3738596
3740410 3740881
3743005 3743275
3745483 3746230
3748918 3749019
3750484 3750615
3755612 3756166
3756782 3757595
3758778 3760552
3762205 3762832
3764913 3764998
3765510 3765577
3769731 3771666
3774286 3774440
3775430 3775700
3777476 3777872
3778818 3779827
3782826 3783568
3785817 3785901
3790235 3790881
3791577 3791881
3793770 3794265
3795374 3795475
3796449 3797189
3797735 3798261
3799378 3800222
3802280 3802658
3803434 3804117
3806138 3808162
3810012 3810246
3811403 3812211
3813807 3813880
3816106 3816561
3818946 3819051
3820326 3820560
3823896 3824218
3826227 3826506
3828112 3829460
3830094 3830269
3831078 3832275
3836980 3837296
3838693 3838753
3842551 3842848
3844346 3845132
3846106 3846445
3848345 3848762
3850482 3853357
3855979 3856052
3857392 3857947
3862133 3862813
3863975 3865013
3867251 3868164
3878050 3878507
3879543 3879758
3882256 3882695
3883868 3884183
3885434 3885944
3887921 3888781
3894620 3895610
3899746 3899947
3901591 3901804
3904937 3905229
3908102 3908487
3909021 3909878
3911321 3911711
3913171 3913509
3914929 3915104
3915637 3916050
3916734 3917130
3925209 3925299
3926389 3926524
3929307 3929406
3930176 3930315
3932546 3932692
3933250 3933431
3935338 3935761
3936469 3937706
3940856 3940986
3941946 3942564
3944538 3945037
3945973 3946673
3951854 3952121
3953207 3954277
3955479 3955972
3958008 3958550
3959643 3959723
3960946 3961230
3963033 3963584
3964333 3964769
3966537 3967235
3969190 3969289
3970622 3970713
3974179 3974847
3978203 3978252
3979830 3980518
3981590 3982466
3990241 3990488
3991554 3992586
3994895 3995610
3997568 3997835
3998493 3998918
3999613 4000377
4004363 4004653
4007036 4007370
4011188 4011247
4017888 4018193
4019466 4019585
4020155 4020636
4022497 4022720
4026694 4026932
4029073 4029573
4033685 4034577
4035823 4036422
4038323 4038766
4040735 4041408
4042327 4042438
4043865 4044238
4045463 4046197
4049680 4050749
4051992 4052785
4054631 4055904
4059609 4059796
4061253 4061726
4065103 4065358
4067610 4068162
4071252 4071422
4071968 4072418
4073323 4073375
4075298 4075574
4076655 4077046
4079214 4079572
4080737 4080860
4082181 4082273
4084280 4084616
4085309 4085381
4086845 4087140
4088534 4088764
4089500 4089899
4095622 4095877
4096387 4096749
4097789 4097866
4100576 4100958
4101602 4101937
4104566 4104923
4105757 4105890
4111257 4112412
4113449 4113498
4114966 4115575
4116499 4117173
4119143 4119794
4122203 4122315
4124579 4124663
4127349 4127908
4128972 4129515
4131395 4131460
4132939 4133154
4135551 4136176
4138463 4138802
4140414 4140806
4141697 4142431
4143908 4143969
4145443 4145815
4146672 4146958
4148288 4148515
4149531 4149761
4153623 4154287
4155051 4155409
4156141 4156250
4160282 4161180
4161733 4161938
4162670 4163343
4170783 4171503
4173865 4174226
4178677 4179275
4181288 4182002
4182604 4182826
4183958 4184168
4187681 4187904
4189060 4189229
4189817 4190453
4192787 4193022
4194540 4194690
4195337 4195437
4196264 4196857
4198989 4199050
4200849 4201252
4203434 4203705
4204863 4205266
4205820 4206312
4209946 4210015
4210524 4210612
4211844 4212790
4213351 4213410
4215195 4215991
4216709 4216770
4219837 4220185
4221690 4222772
4224931 4224986
4226731 4227205
4231078 4232735
4234694 4235057
4237914 4238271
4240054 4241178
4241943 4242697
4247019 4247299
4249901 4250173
4253702 4254640
4258053 4258346
4261032 4261113
4264474 4264565
4268805 4268943
4269948 4270490
4272718 4273582
4276629 4276891
4280313 4281263
4281948 4282390
4286420 4286609
4289036 4289103
4289622 4289880
4291352 4291430
4292473 4292978
4294266 4294391
4299117 4299287
4301189 4301400
4301918 4302952
4304463 4305102
4305857 4306893
4311212 4311587
4312715 4312870
4314427 4315378
4316960 4317124
4318866 4319408
4321752 4322568
4323642 4323706
4326913 4327016
4329490 4329881
4330715 4331127
4333335 4333477
4334263 4335089
4336244 4336606
4337275 4337481
4338228 4338439
4339198 4339270
4344452 4345011
4346436 4346647
4347783 4348257
4349329 4349612
4350119 4350622
4352458 4354291
4356402 4356636
4358561 4358769
4364650 4364986
4366890 4368577
4369736 4369945
4374903 4375198
4376446 4377170
4378134 4378441
4382115 4382503
4386799 4387488
4389693 4390231
4391521 4391894
4392893 4392947
4394180 4394372
4399374 4401752
4402875 4403105
4403680 4403973
4404581 4405776
4408327 4408623
4413437 4413912
4416618 4416799
4418452 4418881
4419391 4420423
4421715 4422250
4425369 4425886
4426483 4426996
4427815 4428082
4430051 4431184
4432198 4432488
4433633 4433793
4434489 4434976
4435653 4436448
4438157 4438304
4440809 4441022
4441604 4441678
4443708 4443777
4444966 4445069
4445653 4446091
4448581 4448995
4449801 4450803
4451634 4451811
4452743 4453201
4454106 4454736
4457140 4457532
4458230 4459745
4460966 4461391
4461929 4462043
4465231 4465464
4468612 4468782
4469293 4469374
4471933 4472050
4474140 4474653
4475963 4476140
4476696 4477353
4478783 4478969
4479713 4479866
4484081 4484363
4485902 4486259
4489379 4489554
4490177 4490596
4491184 4491415
4492775 4492927
4494586 4495473
4497069 4498535
4499143 4499962
4505382 4505702
4507163 4508171
4512790 4512893
4514426 4514514
4515686 4516530
4517384 4517647
4519253 4520112
4521865 4522133
4523642 4525904
4526429 4527177
4527699 4527950
4531901 4532099
4533594 4533887
4535225 4535851
4536642 4536857
4542485 4542561
4543990 4544159
4545216 4545764
4547498 4547577
4548105 4548521
4551209 4553129
4558243 4558497
4564082 4564192
4568590 4569268
4569871 4570625
4573190 4573386
4574946 4575114
4578720 4579024
4580450 4581648
4583785 4584004
4587380 4587696
4588405 4588548
4590060 4590430
4591809 4592609
4596177 4596400
4598083 4599498
4601574 4601864
4604333 4604512
4607627 4607806
4610302 4610460
4611133 4611417
4611984 4612399
4614484 4615089
4615879 4616344
4617373 4617635
4620809 4621336
4621876 4622005
4622730 4623292
4624210 4625145
4625843 4626069
4628147 4628859
4633237 4633424
4633979 4634921
4635655 4636296
4637923 4638108
4639225 4641920
4643590 4644118
4648947 4649561
4653372 4655644
4657129 4657756
4659887 4660083
4664552 4664951
4666892 4667966
4670573 4671311
4672851 4673011
4676348 4677165
4682568 4682982
4684336 4685732
4687546 4687868
4690991 4691128
4691896 4692291
4692951 4693430
4694164 4694306
4696849 4697224
4697887 4698135
4700113 4700444
4702098 4702213
4702919 4703565
4704710 4705012
4705864 4706210
4706835 4707385
4709400 4709830
4711422 4712186
4718146 4718599
4719846 4720155
4721662 4721960
4722549 4722998
4723717 4725485
4726032 4726786
4727945 4728248
4730143 4730255
4731903 4731978
4733069 4733269
4734878 4735416
4737478 4737608
4738557 4739250
4740440 4741657
4742982 4743256
4745094 4745175
4746837 4746910
4755662 4755734
4757946 4758704
4760290 4760485
4763452 4763608
4767602 4767749
4768667 4769545
4770927 4771892
4777112 4777615
4778124 4778497
4779652 4780220
4782772 4782866
4784142 4784209
4788667 4788790
4789495 4790113
4790624 4790936
4793149 4793403
4794273 4794621
4796690 4797790
4798337 4799551
4800709 4801293
4801905 4803051
4803581 4803805
4805179 4806765
4808847 4809263
4810551 4811284
4818334 4818480
4820097 4820910
4824497 4824901
4826075 4826432
4829967 4830712
4831735 4831849
4834123 4834898
4837924 4838492
4840423 4840679
4842011 4842483
4843268 4843477
4844515 4845428
4845981 4846163
4847299 4848312
4848931 4849412
4852826 4852951
4854692 4854848
4856923 4857343
4858750 4858986
4860043 4860246
4861008 4861153
4861686 4862092
4868280 4868538
4870185 4870519
4872333 4873076
4873620 4874675
4875244 4875392
4876334 4877508
4878953 4879090
4880980 4881215
4886442 4886598
4887703 4887923
4894419 4894671
4895977 4896138
4899161 4899444
4899965 4900600
4901284 4901510
4902701 4902917
4905057 4905454
4909191 4909453
4912189 4912947
4913514 4914199
4915189 4915320
4917930 4918082
4919567 4919872
4921057 4921401
4923218 4923377
4924349 4924719
4926130 4926242
4927273 4927723
4928903 4929528
4933328 4933885
4935293 4935580
4937437 4937616
4938713 4939533
4940610 4941017
4942205 4942817
4943322 4943938
4944785 4945288
4950722 4951091
4951602 4951887
4955050 4955765
4957708 4957880
4959002 4959088
4960189 4960578
4961679 4961798
4962501 4962856
4963494 4963691
4965669 4965975
4967069 4967290
4969893 4970223
4971343 4972953
4974013 4974139
4974680 4975312
4975923 4977733
4978334 4979580
4985053 4985579
4986607 4987314
4988054 4988154
4989062 4989130
4994954 4995569
4998433 4998939
5002279 5003798
5005913 5006232
5007795 5008042
5015555 5015889
5017867 5018367
5019477 5020797
5021495 5022998
5026001 5026396
5028594 5028872
5034239 5034644
5039823 5039994
5041571 5041851
5045183 5045693
5046284 5046793
5047570 5047750
5048581 5048918
5050016 5050118
5050781 5050899
5051510 5052083
5053592 5053835
5056551 5056763
5058250 5058590
5059238 5059847
5060884 5061003
5062016 5062564
5065280 5066155
5066665 5067583
5068338 5068658
5069406 5069690
5072632 5073026
5075362 5075654
5077815 5077907
5078566 5078678
5079443 5079642
5080378 5080656
5081530 5081609
5084989 5085283
5089064 5089412
5090518 5090791
5093114 5093410
5097507 5098047
5108337 5108802
5111285 5112023
5112708 5112782
5117721 5118644
5119183 5119294
5121115 5121480
5123157 5123207
5124868 5125499
5127698 5128354
5129514 5129962
5130862 5131899
5133326 5133812
5139380 5139993
5140626 5140877
5141788 5141886
5143822 5144523
5145660 5146010
5146534 5148109
5150480 5150809
5151384 5152434
5155420 5155749
5157027 5157286
5159801 5160081
5160611 5161299
5164463 5164699
5165293 5166708
5168061 5168299
5169938 5170305
5171617 5172133
5176861 5177321
5178735 5178858
5179526 5179804
5183614 5183996
5188853 5190017
5190564 5190838
5192003 5192430
5192989 5193401
5194133 5194324
5194963 5195637
5198415 5198560
5204232 5204295
5205164 5205408
5206114 5206283
5208022 5208361
5209220 5209334
5212126 5212981
5214329 5214574
5220251 5221089
5223181 5223528
5224863 5225504
5226153 5226493
5227474 5228556
5229091 5229750
5230343 5231350
5233688 5234269
5234912 5235124
5235675 5236133
5236711 5237028
5238180 5238292
5238913 5238972
5239570 5240082
5245083 5245492
5246340 5246397
5250142 5251017
5252884 5252966
5255772 5255982
5257940 5258283
5259323 5259598
5262301 5263020
5264295 5264362
5265725 5265905
5267823 5268124
5269929 5270269
5270898 5271820
5273573 5274631
5275481 5275598
5280186 5280246
5280844 5281074
5282416 5282614
5284439 5284709
5286159 5286368
5292304 5292798
5293884 5294244
5298379 5298781
5303132 5303664
5305788 5306293
5308685 5309580
5310237 5310335
5311510 5311750
5312730 5312981
5316667 5317218
5319933 5320166
5320754 5321281
5324107 5324970
5325895 5326515
5327691 5328447
5330495 5331098
5332113 5332410
5333292 5334033
5336460 5336827
5339293 5339534
5340159 5340482
5341259 5341340
5341852 5342146
5343237 5343394
5344320 5344378
5345091 5345404
5349728 5350296
5351784 5352387
5357061 5357926
5359366 5359563
5360737 5361084
5362506 5362649
5365220 5365456
5367625 5367771
5377097 5377532
5379186 5379469
5380002 5380266
5386469 5386567
5387195 5387423
5389289 5389843
5391162 5391423
5393226 5393808
5395122 5395640
5398341 5399130
5399932 5400068
5402328 5403074
5403650 5404079
5412911 5413063
5413921 5414708
5416500 5416572
5418148 5418594
5419164 5420019
5422690 5422807
5426279 5426426
5427055 5427269
5433376 5433462
5434572 5434933
5435502 5436280
5437792 5438645
5439279 5439403
5441211 5441470
5444239 5444738
5447333 5447514
5448516 5449729
5451374 5451991
5452567 5453956
5455423 5455756
5457974 5459142
5459760 5460116
5463710 5465079
5466986 5467107
5470378 5470499
5471447 5471786
5472809 5473558
5474505 5475081
5482072 5482129
5482764 5482940
5485959 5486031
5492698 5492816
5493799 5493920
5494541 5494642
5496351 5496553
5497169 5497875
5499027 5499296
5501559 5501723
5502442 5502782
5504767 5505108
5508822 5509360
5510188 5511632
5514855 5515363
5515865 5516349
5519458 5519731
5520621 5520810
5521720 5521782
5523918 5524223
5524861 5525947
5527865 5528395
5531580 5532373
5533191 5533455
5535598 5535851
5537322 5537530
5538091 5538857
5544765 5545368
5546929 5547323
Escherichia_coli_O157_H7_EDL933_ancestor
1 294
2491 3133
4858 5636
8676 8802
10591 10771
14850 15536
18185 18599
19134 19857
27451 27941
31459 31800
33785 34125
34844 36653
37271 37540
40014 40216
41925 42026
42647 43151
43751 43869
49663 50002
53627 53803
56433 57727
60022 60735
61486 62062
63565 63758
64781 65120
66068 66189
66829 67429
69425 69581
71049 71388
72643 72857
76451 76704
80811 81144
82611 83479
84576 85625
86838 87263
89053 89234
90003 90399
91829 92328
93097 93461
94431 95356
96664 97288
97922 98166
100218 100469
101518 101961
104613 104706
105909 106500
107421 107654
108242 108769
110441 110930
111595 112458
118031 118586
119612 119898
121281 122080
124726 124804
125591 125691
126781 127022
128747 128828
129340 129634
130725 130882
134646 135146
137216 137784
144127 144594
148225 148572
149994 150137
150799 151158
152708 152944
155113 155259
155995 156500
158858 158922
164585 165862
166674 166957
167490 167754
170204 170802
173957 174055
174683 174911
182410 182671
183990 184544
185829 186618
187420 188186
189816 190562
191138 191567
193732 194136
195083 195629
196493 197821
202716 203055
203988 204060
205636 206082
207382 209034
210178 210295
213767 213914
214543 214914
216868 217626
218451 218944
222060 222421
222974 223336
224341 225057
226232 232189
232903 233435
235730 237069
238288 238557
242783 243098
243769 244263
250122 250187
251858 252128
253953 254151
255493 255723
260969 261086
261936 262160
262743 262994
264770 264933
265469 265792
266298 266490
269517 269759
270445 271127
272626 274266
274923 275340
276969 277244
278284 278627
280585 280795
281387 281778
283601 283683
284837 285450
287435 287961
290107 290260
293911 294273
296485 296997
298275 298872
300434 301655
302298 302879
303393 303646
304360 304488
305217 305886
307218 307476
308011 309093
310074 310414
311063 311704
315761 316316
328206 328545
330284 330453
331159 331403
332272 332335
333786 334036
337010 338152
339120 339800
340930 341604
342277 342434
343166 343578
345584 347714
348868 349414
354696 355159
356763 357041
358985 359706
361334 362344
365739 366782
372010 372169
377267 377652
378284 378807
380962 381427
383910 384076
385333 385407
387236 387942
391354 392885
393740 394105
395782 395832
398224 399810
400323 400979
403400 403862
404409 404682
408442 408924
411125 411845
412359 412540
413134 413370
417070 418032
420547 420775
422084 422413
429885 430480
433023 433301
435499 435894
437220 437741
438897 440400
442247 442459
443946 444286
446580 446699
451394 451774
452361 453279
454023 454354
455102 455386
459515 459989
461058 461350
463511 463603
464205 464435
466074 466350
467226 467305
467833 468568
470685 470979
472032 472266
478715 479376
481312 481410
482321 482572
485937 486309
489386 489543
490964 491429
494671 495093
496062 496307
499286 500092
501545 502784
503427 503674
509184 509285
511187 511521
512088 512489
513499 514549
517996 518239
519748 520321
520932 521050
521713 521815
524081 524261
525038 525547
526138 526648
529980 530260
531837 532008
532811 533051
536960 537289
537830 538134
540604 540866
542450 543088
543602 543685
546602 546733
549382 550475
550980 551285
552470 552814
553600 553853
554631 554790
558704 559136
560316 560917
566706 566993
568850 569213
573821 575084
576242 576874
579953 580211
581331 581661
584264 584485
587863 588060
588698 589053
589756 589875
592466 592552
593674 593846
595789 596504
599667 599952
600463 600832
608047 609349
613092 613197
615206 615928
616506 617082
617904 618172
619164 620603
621287 621513
622704 623964
625060 625457
628592 628723
632363 633058
637003 637103
637843 638197
639409 639516
640429 640590
641896 642148
649969 650125
655352 655587
657886 658990
660071 660737
661988 662246
664327 666313
667328 667939
668952 669100
670042 670787
672661 672798
673988 674375
675414 675556
676321 676524
677340 678299
679224 679644
680640 681137
681721 681875
684768 684848
687155 687636
688255 688544
690404 690586
691139 691445
693090 693299
695888 696144
698075 698643
699176 699844
701003 701084
702241 702444
704718 704832
705855 706600
707107 707865
710199 710945
711453 711707
713720 713907
716641 716958
718403 719597
720209 721355
722592 722981
727151 728086
734848 738677
742103 742377
744215 744296
744890 745951
746685 747164
747824 748219
748987 749124
749638 750209
752247 753216
760913 760985
763197 763335
765541 765736
766972 767058
768703 768859
773918 775065
776878 777143
779155 781538
782966 783275
784607 785471
788023 788117
789393 789460
796567 797439
798121 799017
801339 802008
803145 803417
805034 805180
807281 811862
813338 815187
818288 818980
819699 820588
822347 822735
827536 827609
831339 832319
835550 835665
837117 837493
838162 838464
841524 841814
845787 845901
846617 846861
849468 850206
851746 851906
855243 856060
860050 860348
861855 862164
863411 864851
870497 870588
872180 872610
874625 875175
876484 876680
878811 879438
886718 886933
887724 888350
889688 889981
890717 890818
892425 892590
893244 894682
895625 895876
896392 896545
897049 897364
898087 898243
898858 899112
899813 900832
905387 906102
908534 908782
910486 910755
913805 914001
915561 916705
917450 917778
919335 919903
920756 921221
921927 922442
923534 923668
924257 924619
927995 929163
930675 931045
931772 933224
936792 937015
939916 940527
942189 942479
944948 945127
945670 946320
948242 948421
950917 951075
951748 952032
952599 953578
955099 955704
956494 956959
957988 958250
959241 959603
962491 963907
964825 965760
966458 966684
967565 967898
970349 971511
973852 974039
975031 975536
976270 976387
976932 977555
978322 978646
979714 979948
981575 983410
984205 984733
985878 986723
990030 990176
990835 991929
992430 993008
995020 995509
996092 996912
997597 997766
998823 999371
1001105 1001184
1001712 1001847
1002740 1002900
1004045 1004335
1005349 1005764
1008451 1008718
1010647 1011164
1012184 1012272
1013335 1013449
1014828 1015273
1016637 1016870
1020018 1020188
1020699 1020780
1023339 1023484
1025546 1026059
1026829 1027545
1030189 1030375
1031119 1031272
1034053 1034588
1035487 1035769
1038884 1039685
1040785 1040960
1042590 1042821
1044238 1044333
1048475 1049007
1050041 1051368
1052044 1052245
1056359 1058163
1059285 1060646
1061581 1063143
1063711 1066432
1067092 1073539
1074279 1075299
1076767 1082035
1083241 1086416
1087093 1087446
1087988 1095217
1096406 1097858
1099073 1104774
1105546 1110872
1111995 1112428
1112984 1113321
1113877 1115529
1116054 1116806
1117315 1120752
1121305 1127402
1127944 1128240
1128799 1128939
1129830 1135384
1135950 1138560
1139245 1144526
1147357 1147860
1148644 1149200
1154981 1155930
1158497 1159193
1162203 1162927
1163891 1164198
1166091 1167248
1171083 1171675
1172556 1172685
1173618 1173692
1175450 1176505
1182276 1182903
1185220 1185275
1185945 1186448
1186955 1187238
1188310 1188636
1192523 1192825
1195802 1196013
1197149 1197369
1199086 1199488
1202021 1202304
1205440 1205852
1206686 1207077
1209551 1209654
1210423 1210636
1212861 1212925
1214596 1215306
1217204 1217276
1217861 1218224
1219546 1219605
1220928 1221112
1225799 1226127
1231287 1232041
1238702 1240495
1245514 1246019
1247397 1247690
1249124 1250276
1251109 1251895
1253818 1254970
1255795 1256250
1258149 1258287
1259292 1259834
1262062 1263917
1265973 1266235
1266925 1270895
1271403 1271734
1272671 1273454
1274266 1279668
1280444 1283925
1285202 1286379
1286894 1292452
1293807 1297651
1298670 1298845
1299388 1300931
1302059 1302239
1306304 1306468
1307539 1308171
1308852 1308946
1309647 1309725
1315458 1315727
1317886 1317941
1319686 1320160
1324033 1325401
1326552 1326621
1329404 1330747
1332936 1333133
1334140 1334227
1335315 1335718
1338141 1338682
1339255 1342027
1343545 1343780
1346114 1350066
1353167 1353301
1354063 1354465
1357354 1361358
1362305 1362392
1364098 1364189
1366118 1366453
1370273 1370406
1371884 1372293
1372966 1374275
1376274 1376449
1377965 1378014
1379482 1380049
1383861 1384310
1387446 1388051
1389095 1389179
1390844 1392424
1393465 1394031
1395024 1395979
1397455 1397670
1398717 1399306
1402979 1403318
1404930 1405322
1408424 1408485
1409959 1410331
1411188 1411474
1412804 1413031
1414047 1415229
1416448 1416622
1418640 1418772
1420580 1421699
1424454 1424996
1425503 1425976
1429111 1429576
1431749 1432018
1435961 1437490
1438626 1438676
1440479 1441060
1446636 1446735
1448825 1449050
1449765 1449998
1452146 1452293
1453942 1454371
1456939 1457259
1457806 1462146
1462686 1467382
1468181 1472811
1473753 1476860
1477442 1484073
1484939 1489016
1490532 1492628
1493329 1502472
1503067 1506043
1506653 1509212
1509782 1514026
1515074 1530399
1532230 1533942
1534858 1540037
1540690 1544865
1547689 1547918
1552900 1553167
1553825 1554250
1555409 1555709
1559695 1559985
1560994 1561402
1562368 1562702
1569695 1570141
1571451 1573525
1574798 1574917
1575696 1576183
1576844 1576924
1578483 1578576
1580623 1581088
1581671 1581827
1584446 1584713
1589894 1590166
1593990 1594621
1595581 1595711
1598166 1600098
1600803 1601001
1607383 1608922
1610012 1610189
1611630 1611687
1612930 1613029
1613799 1614443
1616169 1616315
1623051 1623396
1628080 1628465
1630665 1631630
1633514 1634989
1635542 1636821
1637711 1641215
1642047 1643213
1645613 1647861
1649299 1662067
1663602 1664601
1670669 1671194
1672692 1674434
1683210 1683664
1684274 1684504
1685335 1685559
1687805 1688222
1689427 1690022
1692045 1692221
1697814 1697874
1702076 1702555
1704292 1704520
1705025 1706689
1712349 1712671
1713304 1714147
1715064 1715438
1716007 1723147
1726321 1726555
1728836 1730567
1731307 1731618
1732243 1732380
1733014 1735239
1736029 1736242
1737170 1737468
1738303 1738796
1742595 1744720
1745238 1745907
1747185 1747371
1748478 1750028
1751323 1751565
1752854 1753170
1755383 1755692
1756214 1756554
1757958 1758648
1761451 1761746
1763036 1763784
1765905 1766056
1766979 1767059
1770749 1772314
1772896 1773259
1775254 1775620
1776303 1776369
1778827 1779137
1781782 1782052
1784176 1784927
1788858 1790155
1791809 1792774
1794221 1794440
1795229 1795562
1797403 1797504
1798969 1799100
1800875 1801188
1802989 1803105
1804097 1804651
1805267 1806080
1807263 1808415
1808953 1809037
1811100 1812287
1813398 1813483
1813995 1814062
1816680 1816950
1818216 1818703
1822771 1822925
1823915 1824185
1825961 1826357
1827303 1827680
1828186 1828312
1831745 1832053
1834302 1834386
1842255 1842750
1843859 1844368
1844934 1847133
1847863 1848707
1850765 1851143
1853831 1854561
1855117 1855328
1856049 1856731
1858498 1879026
1879557 1881849
1882409 1882637
1883242 1885421
1887159 1887555
1888234 1890634
1891295 1893209
1893806 1894313
1895641 1895759
1897244 1897451
1897994 1898347
1899508 1899663
1901440 1902193
1902831 1903857
1904576 1905017
1906018 1913417
1914925 1921793
1922836 1928521
1929070 1935159
1935662 1936726
1939249 1940213
1947559 1947812
1949439 1949638
1950205 1950788
1952428 1952478
1952980 1953259
1956952 1957388
1958716 1958809
1960328 1960806
1961467 1961767
1965866 1966055
1966574 1966929
1967801 1968059
1973090 1973306
1974422 1974486
1975939 1976259
1978650 1979217
1983631 1983938
1984802 1985621
1989032 1989527
1990743 1991335
1992334 1992485
1993885 1994483
1996684 1997727
2000266 2000936
2002274 2002562
2003455 2004023
2007419 2008550
2009193 2009343
2009968 2010276
2011189 2011576
2014289 2014537
2016681 2017157
2017814 2017987
2021614 2021894
2022917 2023255
2024362 2024567
2025089 2025383
2028760 2029046
2030032 2030378
2033886 2033971
2034494 2034770
2038423 2038882
2040051 2040236
2041302 2041736
2042334 2042603
2043396 2044633
2046839 2047677
2048410 2049705
2050277 2050861
2052523 2052770
2054428 2055576
2056481 2056666
2058403 2058600
2060753 2060878
2062018 2062101
2063171 2063555
2064766 2065031
2067446 2067890
2071604 2072391
2075198 2075712
2076685 2077141
2078922 2079902
2081516 2081965
2085601 2086230
2088059 2088612
2089868 2090013
2091523 2091661
2092412 2092639
2096439 2096898
2098752 2098820
2101032 2101156
2108889 2108958
2110479 2110569
2111942 2112382
2114063 2114448
2116901 2117432
2118181 2118468
2119343 2119623
2120307 2120593
2122899 2123489
2124111 2127685
2128301 2129081
2129599 2131722
2132361 2133447
2134051 2138547
2139062 2141628
2142604 2148830
2155340 2155502
2156868 2157202
2159332 2159743
2162392 2162654
2164506 2164768
2165945 2166115
2169277 2169626
2170398 2170880
2171632 2171695
2172987 2173192
2173719 2173782
2177745 2177922
2179802 2181352
2182361 2182962
2183642 2183940
2184619 2184891
2188989 2189390
2191452 2192147
2195457 2195560
2198334 2198575
2203701 2204045
2206053 2206185
2208537 2209228
2212515 2212760
2213824 2214097
2215098 2215305
2216086 2216901
2218608 2219755
2221091 2221830
2222571 2223181
2225390 2225976
2231781 2233600
2235567 2236709
2237813 2238665
2240762 2242335
2243762 2244384
2245078 2245731
2249494 2251394
2251974 2254228
2260948 2261212
2281964 2282168
2284312 2284364
2286972 2289129
2291937 2292065
2292874 2293027
2293808 2294313
2295705 2296740
2297800 2301268
2302361 2305214
2305758 2327840
2328689 2339919
2344382 2346109
2346654 2347340
2348025 2348253
2351521 2351761
2353204 2353806
2355412 2355872
2358040 2358718
2362935 2363349
2364766 2365703
2368853 2369858
2372410 2372731
2373833 2373887
2379029 2379356
2380569 2381118
2381674 2381946
2383522 2385208
2390834 2391647
2392403 2392890
2397971 2399819
2401003 2401122
2408721 2408910
2412157 2412478
2414878 2417292
2419558 2420953
2423252 2423709
2428142 2428214
2430786 2430989
2435416 2435707
2436290 2437879
2438870 2438985
2439998 2440314
2442292 2442533
2447914 2448150
2450746 2451051
2451987 2452101
2454144 2454292
2455679 2456173
2456756 2456986
2457880 2458085
2459868 2461604
2463201 2463282
2464492 2465758
2467540 2467676
2469656 2469932
2470455 2470827
2475775 2476538
2477100 2477325
2478993 2479487
2481866 2483065
2483936 2484485
2485791 2486142
2486850 2487355
2489485 2489566
2491538 2492037
2493215 2493664
2494801 2495904
2501855 2502074
2503964 2504541
2505853 2506105
2506608 2507024
2508116 2509145
2511936 2513146
2514735 2515040
2516053 2517760
2518299 2518706
2519450 2519860
2521012 2521368
2522464 2523883
2524987 2525599
2527838 2528535
2529447 2529780
2536126 2536180
2542251 2542854
2546103 2546498
2548056 2550041
2553253 2553338
2554013 2554096
2555278 2555825
2565897 2566720
2567661 2567983
2570971 2571086
2572528 2572931
2573780 2573876
2577273 2577510
2582892 2582980
2585473 2585823
2588979 2589074
2592239 2592758
2594191 2595100
2596446 2598619
2599684 2599758
2607735 2610221
2610877 2611613
2612927 2613013
2614343 2616181
2619280 2619749
2620620 2620790
2621854 2622290
2627551 2627693
2629607 2629954
2633834 2634019
2637909 2638297
2640109 2640551
2641138 2641819
2643033 2643384
2644042 2644468
2645932 2646113
2649332 2649641
2651404 2652008
2654437 2655230
2662063 2662375
2665470 2665712
2666975 2667557
2671354 2671442
2672659 2672743
2673938 2674490
2677132 2677354
2682130 2682197
2683282 2683420
2686002 2686561
2687348 2687773
2689119 2689249
2691120 2691716
2695277 2695615
2696858 2696977
2697683 2698975
2700791 2703018
2705504 2706029
2706804 2707830
2708864 2709058
2710197 2710439
2711505 2711744
2712675 2713021
2714125 2714808
2716085 2716714
2718771 2719026
2719935 2720911
2721581 2722604
2723215 2723809
2724530 2725619
2728496 2729284
2731215 2731358
2733747 2733958
2735336 2735440
2741403 2742171
2743028 2743894
2744694 2744766
2750554 2750777
2753497 2753598
2756531 2757134
2758370 2758451
2759570 2760521
2763110 2763289
2763913 2771126
2771705 2778073
2778678 2785781
2786441 2793603
2794875 2795038
2797018 2797181
2798672 2798898
2799574 2800412
2802245 2802323
2802850 2804937
2807638 2807797
2810307 2811047
2821565 2822799
2823364 2823712
2824471 2824599
2825136 2825614
2826273 2826324
2829252 2833263
2836138 2838571
2840767 2840858
2841801 2842879
2843600 2843814
2845709 2846216
2855604 2855891
2857377 2857465
2860621 2860811
2862859 2863055
2864062 2864758
2865449 2866123
2866843 2866946
2867579 2867892
2872166 2872457
2874442 2875254
2877144 2877585
2878249 2879081
2880094 2880545
2881076 2881555
2882171 2882484
2883244 2883540
2886552 2887350
2888834 2889699
2894745 2894891
2895512 2896574
2897857 2898117
2902767 2903249
2905918 2906491
2908969 2909286
2912191 2912400
2914264 2915499
2919890 2920079
2923104 2924740
2925265 2925722
2926905 2927000
2928754 2931108
2934172 2934282
2935388 2935577
2938377 2938890
2940095 2940362
2942477 2942666
2948588 2949395
2951460 2952000
2955305 2955899
2958274 2958940
2961002 2961384
2961921 2962149
2966864 2966942
2967904 2968188
2971469 2972169
2974644 2974752
2976363 2976660
2978774 2981109
2982165 2982625
2985143 2987666
2988702 2990228
2990852 2992762
2993921 2997702
2999210 2999295
3000482 3002277
3003528 3003945
3005592 3005712
3007721 3009822
3010663 3012703
3014195 3015829
3017297 3018792
3019592 3020083
3023951 3025039
3025887 3027992
3028869 3029086
3029679 3030112
3033183 3033430
3037950 3038218
3039681 3039865
3043534 3043858
3044714 3045005
3045507 3045792
3049575 3050346
3050858 3051708
3052374 3052644
3053158 3053422
3054677 3054729
3056086 3056242
3057076 3057388
3058239 3058364
3058986 3059299
3065100 3065379
3070630 3071791
3072761 3072842
3075422 3075538
3076929 3078118
3080387 3080712
3082191 3082565
3083535 3083654
3085859 3086815
3087473 3087570
3092443 3093443
3095224 3095440
3098649 3099146
3099735 3099976
3100542 3102552
3104199 3105666
3112931 3113686
3114279 3115443
3116428 3117593
3118409 3118627
3119972 3120048
3122151 3122439
3123595 3123676
3124573 3124758
3127926 3128682
3130320 3131184
3134066 3135395
3136306 3136990
3139907 3140085
3140634 3141208
3145125 3145611
3146902 3148263
3148867 3149143
3151584 3151661
3152571 3153475
3155484 3155608
3156448 3156798
3159321 3159444
3163077 3163168
3164761 3164841
3166043 3166208
3166837 3168331
3169657 3170344
3170854 3171655
3174856 3175044
3177572 3178017
3181017 3181139
3187085 3187139
3187769 3188038
3189576 3190203
3191123 3191321
3192385 3193008
3193512 3194603
3196182 3196302
3197965 3198068
3200282 3201114
3201857 3202138
3202887 3203046
3203555 3203819
3207051 3207135
3209970 3210125
3212169 3212281
3212790 3213746
3228959 3229365
3233026 3233637
3234235 3234337
3236577 3237529
3238995 3239287
3242897 3243965
3245257 3245781
3246338 3246440
3247728 3248130
3248857 3249699
3253665 3254876
3255684 3256738
3257505 3257647
3259144 3259679
3261281 3261366
3264118 3266118
3271292 3271736
3275931 3277141
3278660 3278969
3280455 3281031
3281601 3282738
3287308 3287794
3288868 3289074
3293936 3294451
3297008 3297381
3300117 3302084
3305464 3305590
3307951 3308743
3311745 3311868
3312565 3314753
3315319 3315886
3320235 3320429
3321185 3321365
3323294 3323612
3324886 3325000
3326135 3326484
3328993 3330400
3332579 3332980
3337586 3338075
3339889 3340133
3343174 3343282
3344340 3344457
3345655 3345770
3347173 3347481
3349267 3349533
3350250 3350614
3353322 3353447
3354008 3354546
3355243 3355442
3357515 3357641
3358942 3359825
3362324 3362653
3363977 3365303
3365861 3366202
3366994 3367250
3369713 3370387
3373853 3374280
3375146 3375433
3377759 3377936
3379453 3379978
3380610 3381065
3383135 3383413
3384821 3385037
3386684 3386906
3389779 3390604
3391107 3393346
3394704 3394844
3398441 3398641
3399144 3400267
3401692 3402083
3409297 3409524
3412560 3413181
3415708 3416569
3417595 3417769
3419390 3420198
3422170 3422353
3428350 3428745
3430765 3431140
3439810 3440129
3444213 3444634
3445334 3445431
3446072 3446664
3448645 3448906
3450056 3450916
3453407 3453683
3455549 3455756
3458882 3459295
3459827 3460114
3463513 3463660
3471567 3471848
3472536 3472888
3473935 3474359
3476177 3476961
3478223 3478329
3479491 3480294
3481459 3481509
3482226 3482333
3485676 3485804
3487933 3488237
3488917 3489358
3490096 3490149
3490871 3492900
3494038 3495064
3498165 3498648
3499369 3500502
3502211 3502331
3504242 3504882
3506348 3506654
3508628 3508850
3510648 3511050
3512423 3512732
3513815 3515791
3516341 3517235
3517932 3518104
3520511 3520785
3521803 3522265
3523393 3524437
3529646 3529961
3531432 3532768
3535610 3535906
3537205 3538345
3539959 3540094
3541005 3542128
3544675 3544974
3546345 3546516
3548563 3548809
3550249 3555231
3556350 3557298
3557821 3558292
3558874 3559268
3562671 3562862
3564121 3564212
3565053 3565279
3566509 3575410
3575921 3577102
3578170 3578767
3579337 3579471
3581853 3582457
3585216 3585888
3586547 3586776
3588052 3588437
3591375 3591556
3594778 3595067
3596824 3596988
3601086 3601293
3603546 3604101
3604976 3605079
3609050 3609584
3610165 3610399
3612928 3615086
3618190 3618570
3620412 3620695
3624600 3625841
3626934 3627458
3630969 3632107
3634117 3635006
3635662 3636720
3637691 3637919
3640733 3640979
3641828 3642278
3644797 3644955
3649469 3649673
3650272 3650333
3652831 3652947
3657224 3658466
3660854 3661366
3662470 3662746
3663982 3664236
3664747 3665048
3670090 3670523
3672042 3672547
3674740 3675746
3680081 3680428
3683236 3683532
3687479 3687568
3691871 3692030
3694515 3694784
3695648 3695768
3699381 3701033
3703407 3703677
3704211 3704441
3709882 3710180
3712571 3712809
3713406 3713516
3714356 3714516
3717132 3717451
3723546 3723859
3725196 3725354
3726813 3728004
3729464 3729746
3730392 3731168
3732003 3732077
3733765 3734168
3734677 3734735
3736380 3737723
3739067 3739436
3742395 3742447
3747358 3748642
3751097 3751255
3751939 3752193
3753080 3753916
3760506 3760665
3764177 3764248
3766076 3766199
3768269 3768784
3769979 3770347
3771721 3772676
3776068 3776184
3780452 3780680
3783343 3783596
3798124 3798501
3808109 3808173
3808941 3809352
3812545 3813002
3814424 3814541
3816524 3817172
3822752 3822851
3828740 3829070
3829689 3830037
3831913 3832397
3833026 3833333
3834071 3834642
3836100 3837310
3838599 3839106
3839882 3840891
3843538 3844121
3846314 3847119
3849583 3849999
3850725 3850834
3852443 3852665
3855360 3855549
3857656 3857878
3859645 3859962
3862922 3863173
3867148 3867391
3869598 3872226
3872756 3872916
3874371 3874572
3875456 3875747
3877024 3877619
3884197 3884266
3889715 3890764
3892282 3893598
3896112 3896306
3898763 3899621
3900199 3900418
3904822 3904901
3905864 3906177
3906762 3907137
3909384 3909768
3914205 3914273
3917106 3917556
3920086 3920738
3921468 3921526
3923626 3924036
3924684 3925053
3925613 3925782
3927894 3927997
3928889 3929479
3931376 3931582
3932748 3932850
3934927 3935054
3936362 3937091
3937851 3940382
3940961 3942801
3947411 3947692
3948331 3948987
3954305 3955155
3956889 3960514
3961334 3962293
3963863 3964492
3965357 3965764
3967200 3968184
3971570 3972167
3973835 3974215
3977274 3977403
3978964 3979768
3980274 3980524
3984572 3985165
3988773 3988874
3990486 3991109
3992179 3993234
3994523 3994736
3995284 3995746
3997694 3998023
4000590 4001929
4004699 4004866
4011162 4012284
4016886 4018762
4021084 4021327
4024229 4024400
4026045 4026317
4030198 4030690
4035268 4036513
4039956 4040223
4041527 4042837
4044353 4044982
4045690 4045789
4046742 4047168
4051561 4051799
4053234 4053479
4053985 4054143
4056671 4057420
4058115 4059885
4065121 4065363
4067321 4067621
4069122 4070722
4081257 4082266
4087616 4088169
4089832 4090004
4090682 4090981
4091492 4091852
4092762 4093082
4093803 4095123
4099236 4099467
4103109 4103610
4104469 4104619
4105685 4106346
4109498 4109813
4110513 4110622
4113128 4113655
4114401 4114490
4115508 4115613
4121093 4122590
4123236 4123681
4126581 4126920
4132700 4132928
4133527 4134101
4134628 4135934
4136467 4136518
4140253 4140479
4142341 4142607
4144204 4144595
4146050 4146850
4147523 4148102
4149497 4150720
4152753 4152904
4153522 4153848
4154567 4154694
4157205 4157432
4161788 4162719
4164324 4164973
4167321 4167479
4168852 4169105
4174746 4174982
4176471 4176539
4178932 4178988
4179495 4179763
4181331 4181499
4183281 4183815
4190053 4190281
4193315 4193380
4197508 4197795
4205316 4205404
4206049 4206360
4209105 4209485
4210389 4211250
4212057 4212346
4213442 4213920
4215252 4215449
4216824 4216965
4217472 4217597
4218168 4218324
4219645 4220681
4223761 4223899
4226868 4227450
4229545 4229685
4232969 4233196
4234658 4234742
4235430 4235523
4236335 4237123
4239330 4239627
4244395 4244699
4246062 4252077
4252934 4253130
4254024 4255393
4255905 4256012
4258303 4258743
4259531 4259718
4260456 4261435
4262882 4263148
4264344 4264545
4268369 4268542
4269203 4270227
4277793 4278839
4280144 4280201
4282771 4282868
4284735 4284969
4290645 4291580
4293561 4294090
4299349 4299901
4301400 4301880
4302542 4302787
4304918 4305154
4308173 4308278
4309662 4309765
4314483 4314926
4315701 4315937
4316640 4316708
4318506 4318827
4321083 4321462
4329549 4329668
4331713 4331799
4332793 4333542
4336007 4336231
4339594 4340257
4340959 4341361
4346870 4347735
4348436 4349202
4365897 4366193
4368665 4369197
4369765 4369905
4371898 4372044
4372709 4373772
4377307 4377536
4378929 4379218
4380436 4380643
4383481 4383940
4385082 4385735
4387934 4388041
4388687 4388887
4393154 4393399
4394506 4394737
4398861 4399354
4399958 4400861
4413350 4413787
4414400 4415051
4416761 4417235
4418143 4418194
4419175 4419275
4421217 4421416
4422344 4423315
4425322 4425410
4429733 4429886
4430421 4430481
4431542 4432342
4436073 4436707
4439109 4439546
4442206 4442479
4444999 4445110
4447490 4447546
4451086 4452875
4455617 4456140
4458431 4459458
4461625 4461808
4463854 4464001
4465202 4465380
4467129 4467400
4469173 4469395
4470343 4470618
4472150 4473701
4478212 4479946
4480522 4481247
4482377 4482936
4484437 4484781
4485578 4485684
4488903 4489295
4491287 4491482
4494863 4495221
4496116 4497309
4499629 4499680
4506156 4506229
4507225 4507332
4510004 4514457
4515189 4515863
4517124 4517819
4519787 4519988
4520865 4521084
4525828 4526106
4528184 4528473
4531806 4532280
4532825 4534098
4534733 4535208
4538215 4538988
4544254 4544472
4545651 4545731
4546285 4546490
4550663 4550781
4552878 4553658
4555761 4555883
4557503 4557839
4559329 4559661
4562064 4563039
4563632 4563843
4566015 4566343
4567157 4567431
4568276 4568947
4569540 4570061
4571213 4571434
4572364 4572709
4574599 4574753
4576841 4577488
4578087 4578404
4583800 4584042
4585781 4586553
4591096 4591372
4592757 4592970
4594178 4594980
4599844 4600639
4601875 4602272
4605032 4605159
4607161 4607292
4609285 4609535
4611612 4613070
4614311 4614463
4618638 4618737
4623379 4623632
4624344 4624530
4627345 4628047
4630487 4630880
4632223 4632390
4633502 4633882
4634983 4635771
4637294 4637879
4638533 4638583
4640462 4641026
4643148 4643712
4645625 4646790
4647819 4647908
4652110 4652600
4655240 4656946
4657471 4657817
4665685 4666179
4666881 4667324
4670877 4671303
4673789 4675956
4677100 4678087
4678684 4679439
4679978 4680250
4681597 4681682
4682244 4682459
4683972 4684057
4684656 4684927
4685858 4686105
4688668 4689633
4690983 4691269
4691791 4691841
4694956 4695341
4697614 4698323
4699037 4699726
4701595 4701873
4703780 4703873
4706923 4707003
4708467 4708641
4710203 4710424
4711503 4711922
4714881 4715485
4720196 4720584
4724670 4724939
4726191 4726298
4727013 4727320
4728068 4728354
4735202 4736488
4738465 4738715
4740317 4740566
4741569 4741849
4742472 4742776
4746037 4746369
4746961 4747142
4751340 4751584
4755902 4756227
4756968 4757486
4759635 4759774
4760424 4760505
4762534 4762642
4764441 4764816
4766640 4766940
4770625 4770815
4772385 4773046
4775282 4775512
4776704 4776972
4780471 4781262
4782345 4782418
4788349 4788490
4790993 4792166
4793585 4795649
4801069 4801298
4802839 4802962
4803852 4804061
4808343 4808576
4809546 4810186
4814211 4814769
4815531 4815789
4816345 4816904
4822692 4827872
4835745 4835797
4836344 4837023
4838285 4838879
4841115 4841547
4842319 4842889
4845352 4846178
4846775 4847292
4848801 4849946
4850459 4850958
4851678 4852461
4854493 4854563
4857283 4857541
4861621 4861707
4863040 4864079
4864712 4864859
4865894 4865955
4869091 4870028
4871839 4872487
4873241 4873493
4878151 4878988
4880874 4881840
4882355 4882647
4884523 4884676
4888672 4889277
4889830 4890709
4896202 4896367
4897056 4897150
4899438 4899746
4902193 4902276
4902821 4903409
4905387 4905681
4906658 4907138
4910535 4911069
4912296 4912964
4915560 4916151
4916903 4917044
4917774 4917916
4919181 4924743
4925293 4925377
4927148 4927747
4930191 4930737
4934410 4935777
4936423 4936528
4937812 4938074
4938791 4938947
4939463 4939858
4940434 4940939
4943402 4943663
4945407 4945558
4946765 4947130
4948543 4948671
4950602 4950838
4951749 4951969
4957243 4957308
4961747 4961847
4965129 4965216
4968913 4969055
4970487 4970984
4974412 4975228
4976463 4976918
4979339 4979523
4980160 4980482
4984652 4984749
4988297 4988384
4989542 4989625
4991318 4991727
4992419 4992512
4994333 4994628
5000745 5001402
5003482 5003602
5004183 5005355
5010066 5010278
5011821 5011906
5012888 5013036
5013777 5014046
5016538 5020404
5022185 5024069
5026345 5027218
5029095 5029301
5030245 5030420
5030944 5031214
5031963 5032600
5034446 5035008
5041325 5041536
5045253 5045355
5048517 5048768
5049987 5050163
5050814 5051353
5056151 5058130
5061554 5061923
5063476 5068707
5070077 5070429
5071033 5071162
5071878 5072011
5073023 5073711
5074370 5074995
5075572 5076226
5078888 5078950
5079477 5079542
5081186 5081772
5084420 5086428
5087421 5088335
5089131 5089454
5090778 5090932
5092969 5093201
5093710 5094052
5095041 5095209
5099029 5099255
5100187 5100677
5104216 5109584
5112616 5112997
5115522 5116610
5118172 5118675
5119515 5119712
5123311 5123716
5125341 5125702
5126696 5126789
5127311 5127477
5129239 5129388
5131220 5131959
5133213 5133333
5137632 5139007
5140678 5140940
5146440 5146753
5147344 5147647
5150102 5150679
5152066 5153007
5153712 5153780
5154972 5155455
5156137 5156439
5157060 5157429
5161836 5162287
5173507 5173750
5175395 5176015
5178129 5178332
5179499 5179702
5180231 5181215
5182161 5182738
5183275 5183658
5185270 5185320
5186805 5186973
5188095 5188387
5189009 5189321
5189932 5190311
5193233 5193541
5197620 5197751
5198865 5199187
5202623 5203248
5205314 5205491
5208445 5209767
5210356 5210731
5214483 5214901
5216132 5216293
5217166 5217659
5218162 5218786
5219473 5219965
5221012 5221706
5223020 5223117
5224694 5225609
5228464 5228544
5230923 5232115
5232787 5233089
5234269 5234588
5239122 5239231
5241186 5241894
5250283 5250544
5251839 5251911
5258377 5258459
5259028 5259424
5261186 5261573
5263316 5263719
5264382 5264708
5266171 5266417
5267578 5267903
5269537 5269715
5271128 5272342
5272898 5273100
5274302 5274814
5276100 5276558
5277400 5278057
5284908 5285992
5288190 5289380
5290020 5290292
5291048 5291311
5293507 5293784
5294916 5295158
5298630 5298769
5300951 5301117
5301893 5302687
5303299 5303568
5305150 5305390
5307952 5308360
5309220 5309354
5311739 5312232
5315214 5315551
5317308 5317985
5318538 5318670
5325755 5327514
5328106 5329392
5330152 5330677
5331292 5331513
5332118 5332407
5334303 5334678
5336070 5336555
5337321 5338678
5340914 5341232
5341901 5343012
5343616 5344302
5346725 5346835
5347581 5348358
5351458 5352105
5354922 5356250
5356983 5357989
5359320 5359413
5362452 5362776
5370518 5372511
5373455 5374292
5377314 5377855
5378918 5379885
5380637 5381434
5384593 5384722
5385427 5385669
5386897 5386964
5389679 5389981
5391285 5392007
5392510 5393172
5395617 5395765
5397065 5397602
5398251 5399290
5400185 5400311
5401080 5401188
5403100 5403607
5408882 5409014
5409733 5411404
5412455 5413235
5419661 5421001
5425012 5425144
5429511 5430380
5432145 5432249
5433729 5433821
5446483 5446556
5447463 5447768
5448890 5450619
5452192 5452438
5453718 5454027
5455298 5456558
5459351 5459424
5460299 5460369
5462060 5462422
5466601 5466723
5470969 5471470
5472203 5472395
5472910 5472997
5473760 5474057
5478078 5478402
5479616 5479758
5484997 5485293
5486089 5486403
5488071 5488297
5489820 5490408
5491278 5491493
5493847 5494422
5495409 5495564
5501037 5502039
5502642 5502980
5508822 5509360
5512044 5512277
5513426 5513833
5519082 5519556
5520194 5520499
5522635 5522697
5523255 5523796
5524686 5524959
5525911 5526325
5527209 5528552
5531552 5531999
5533191 5533455
5534772 5534972
5535598 5535851
5537322 5537530
5538583 5538857
5543485 5545368
5546316 5547323
