Ecoli_0920_Ancestor_
3255 3544
8874 9575
14117 14283
21758 21891
31771 32098
32989 33230
38541 38868
41871 42185
47363 47535
65184 65313
66834 67311
68389 68519
70297 70415
82236 83247
91255 93039
102173 102335
114899 115149
119391 119479
126207 126454
132461 132656
137841 137891
139934 140195
147087 147415
153291 153602
155489 155770
173519 173808
194728 195001
199552 199840
210468 210640
214976 215062
221527 221639
235359 236003
239629 239823
244977 245176
246357 246557
269595 269728
272328 273004
293433 293616
294523 294852
317884 318130
328602 328977
339417 339685
350320 350401
354902 354953
358991 359571
362138 362454
377281 382862
389185 389694
395385 395472
399696 401911
413987 414616
418969 424435
444287 444417
460543 460824
462892 463203
467217 467425
476918 477497
491296 491414
495275 495510
496280 496369
497002 497121
507859 508079
515196 515522
522222 522284
524247 524302
537445 537564
548756 548981
550045 555502
563200 563298
565097 565481
567543 567852
573823 574084
582166 582320
584260 584370
602190 602322
607249 607541
630948 631277
640430 640919
644010 649043
663945 664374
670348 670809
690882 691058
696110 696181
697371 697527
698923 699105
704672 704969
714990 715499
718465 719015
740612 740662
767774 768999
773016 773140
802882 803458
809033 809094
817220 817800
822769 822886
825100 825262
826101 827717
838140 838344
845988 847892
855971 856218
861123 861183
864835 865018
883313 883437
889632 889768
895389 895526
897061 897507
899268 899339
904739 905042
914653 915015
923566 924263
925073 925175
937667 938903
951519 951581
953190 953309
965373 965534
967975 971307
982437 982559
1006428 1007907
1008892 1009215
1015004 1015087
1029755 1030547
1036699 1036947
1041152 1041583
1042937 1043137
1049731 1049967
1051835 1051947
1058127 1058391
1060024 1060075
1063186 1063486
1066424 1066616
1096682 1097013
1107818 1108069
1112049 1112135
1119719 1120550
1123723 1123800
1130900 1131710
1133562 1133865
1142136 1142242
1159594 1159866
1160429 1160544
1162115 1167278
1186493 1186729
1198694 1198909
1208605 1208693
1224149 1225153
1225921 1226355
1228517 1228673
1231043 1231389
1244759 1244817
1278129 1278180
1287814 1288494
1315185 1315405
1316411 1316521
1332985 1333087
1344748 1344906
1351188 1351241
1354939 1354989
1357390 1357511
1372960 1373166
1392233 1392361
1402867 1404591
1412821 1413158
1448010 1448291
1458520 1458812
1459557 1460817
1462239 1462362
1470177 1470289
1475032 1475081
1506068 1506388
1507826 1508052
1521805 1521962
1528211 1528685
1536651 1537045
1540249 1540767
1543606 1545093
1562904 1562995
1565703 1565844
1574672 1575474
1587599 1587990
1588543 1589346
1593209 1594334
1608238 1608613
1614253 1614778
1626643 1626720
1630176 1630272
1634951 1635389
1638061 1638193
1642991 1643502
1645229 1645422
1664254 1664349
1668157 1668312
1690511 1690842
1692571 1692891
1697117 1697342
1699727 1699995
1710802 1710876
1711542 1711867
1715579 1715806
1720837 1720989
1727699 1728020
1730178 1730257
1739131 1739205
1752035 1752258
1772695 1773730
1786343 1786415
1789672 1789911
1793224 1793748
1820853 1821199
1822050 1822334
1831500 1831789
1836297 1836581
1844150 1844252
1859290 1864679
1875375 1875493
1878898 1879113
1892048 1892400
1934151 1934918
1938223 1938291
1956948 1957604
1961818 1961927
1975415 1975965
1976709 1976836
1993578 1993677
2042888 2043044
2046344 2046609
2057909 2058248
2069450 2069587
2075862 2076881
2078363 2078530
2094696 2094820
2097835 2097894
2109237 2109475
2122207 2122375
2128818 2128917
2129566 2129737
2132360 2132564
2136482 2136614
2138125 2138890
2164866 2165107
2175728 2175999
2197527 2198414
2211580 2212922
2216629 2216719
2226300 2226734
2232375 2232539
2259696 2259879
2277987 2278349
2294876 2294980
2300609 2301790
2311206 2311506
2313155 2313668
2314247 2314508
2322232 2322715
2325473 2325614
2328761 2329359
2331840 2331948
2341023 2341138
2355852 2356324
2367034 2367325
2377378 2377509
2413189 2414860
2419475 2420538
2424632 2424862
2440053 2440414
2445680 2445972
2472993 2473095
2483098 2483413
2487995 2489146
2495871 2496136
2502930 2502996
2504713 2504958
2520680 2521650
2523526 2524529
2530010 2530084
2533475 2534959
2556077 2556266
2561297 2561393
2592180 2592496
2595262 2595582
2599215 2599551
2605456 2605900
2623227 2623276
2628285 2628367
2637307 2637422
2650985 2651144
2653213 2653586
2654665 2654824
2656196 2656495
2665479 2666008
2666964 2667155
2670263 2670390
2677294 2677647
2679744 2680449
2683587 2683981
2685789 2685917
2690917 2691279
2692298 2692408
2696983 2697198
2702274 2704172
2704999 2705173
2708988 2709403
2711362 2711435
2721086 2721430
2739154 2739209
2745562 2745869
2750252 2750314
2756424 2756694
2774948 2775049
2792148 2792215
2806471 2807029
2819139 2819464
2823492 2823579
2841452 2841896
2868988 2869291
2873683 2873813
2874713 2875112
2876923 2877210
2891132 2892013
2908879 2909032
2924269 2924642
2929600 2929652
2939355 2939792
2944424 2944988
2956049 2956880
2957580 2957755
2958691 2958847
2976747 2976901
2985599 2985680
2996761 2996857
3019101 3019798
3021123 3021341
3037554 3037644
3038587 3039010
3048140 3048459
3051803 3052109
3058077 3058715
3065722 3065980
3067948 3068875
3075837 3076104
3079075 3079212
3092814 3093074
3111674 3111902
3122403 3122623
3124451 3124736
3130037 3130812
3136256 3136567
3147109 3147346
3149318 3149561
3150947 3151287
3156428 3156522
3162932 3163695
3164224 3166945
3168238 3168332
3175074 3175142
3178394 3178644
3183927 3184211
3190171 3190266
3193661 3194666
3200846 3201288
3205975 3206266
3220476 3220801
3245399 3245571
3265531 3265664
3274890 3275052
3279077 3279326
3286819 3287146
3287869 3287995
3290238 3291322
3305477 3305768
3329169 3329250
3333981 3334281
3346589 3346671
3353507 3353652
3368250 3368358
3385562 3385848
3406002 3406286
3413958 3414101
3420570 3421159
3422111 3422213
3454658 3454931
3474534 3474635
3482632 3482747
3493156 3493281
3493378 3493821
3495391 3496488
3512558 3512650
3517240 3517490
3528694 3529429
3535126 3535204
3536468 3536543
3540496 3540877
3543332 3543556
3544792 3545091
3559736 3559873
3566742 3566894
3587220 3587305
3600030 3600133
3603914 3604458
3621960 3622398
3625993 3626169
3637471 3637557
3638182 3638303
3640719 3640925
3659791 3659939
3664458 3664833
3672461 3673018
3674101 3674400
3687124 3687507
3693571 3693997
3706601 3706753
3722077 3722177
3735185 3735466
3738253 3739190
3762046 3762230
3762852 3763191
3775631 3775835
3794435 3794726
3830269 3830714
3837657 3838407
3851970 3853243
3853901 3853960
3855796 3856296
3857752 3858657
3859428 3859645
3860368 3861167
3863931 3864015
3870758 3870834
3874481 3874635
3876675 3876826
3885123 3885210
3886923 3887068
3899581 3900065
3901852 3903584
3905131 3905369
3923430 3923757
3931793 3932051
3940470 3940526
3941401 3941539
3960442 3960720
3966971 3967054
3967837 3967895
3975089 3975199
3981552 3982263
3984921 3985158
3997892 3998694
4001423 4001530
4009145 4010820
4015178 4016119
4022868 4023934
4027408 4027565
4040710 4041466
4042656 4042761
4050197 4050472
4053546 4053766
4060802 4060866
4064239 4064813
4080734 4081024
4103186 4103832
4110480 4110615
4116781 4117123
4125048 4125174
4174114 4174376
4188510 4188982
4197931 4198997
4204752 4205120
4208313 4209357
4214040 4214323
4215578 4215776
4221457 4221705
4224270 4224323
4233142 4233387
4241118 4241210
4247387 4247454
4249408 4249561
4250514 4250736
4263328 4263606
4273267 4273689
4274424 4275476
4280578 4280822
4294359 4294632
4299502 4300264
4300805 4300907
4310791 4311529
4315698 4316750
4317895 4318021
4319142 4320159
4329947 4330190
4331479 4331672
4332227 4332797
4349276 4349336
4361954 4367240
4376448 4376633
4379955 4380037
4381006 4381250
4390346 4390864
4397780 4398084
4404940 4405043
4409430 4409554
4420945 4421232
4423037 4423167
4433786 4434023
4436302 4436368
4449525 4450484
4462813 4462902
4464172 4464450
4490770 4490897
4494802 4495051
4510233 4510499
4533195 4533377
4536539 4537745
4539032 4539176
4540015 4541320
4552496 4552800
4557265 4557969
4591201 4591388
4598021 4598320
4631858 4632047
4639043 4639097
Ecoli_0910_Taxon011_
15921 16056
16646 17006
18177 18258
19160 19595
31641 31945
36410 37114
40968 41123
68829 69190
70346 70533
77166 77465
87299 87401
89565 89713
94050 94324
100310 100476
111003 111187
122098 122402
129659 129836
141085 141215
143020 143307
150773 151381
159209 159312
164190 164495
169062 169232
184978 185349
197030 197096
207549 207695
209554 209798
210566 210948
212401 212491
214171 214811
224285 224350
227781 228165
241449 241505
258415 258561
259132 259372
260614 260837
279410 279459
284424 284481
296250 296445
308876 309362
309982 310226
314885 315302
317115 317630
336562 336715
343350 343417
369099 369254
376481 376826
381964 382146
383259 383453
392281 392522
397123 397317
401121 401353
414930 415123
429257 429519
476970 477042
490144 490419
495170 495451
503847 503903
504778 504878
511950 512024
523819 524256
530348 530431
548298 548535
561141 561210
589234 589424
590241 590348
596889 597069
598701 598808
603235 603483
614777 614903
629192 629263
633210 633500
653368 653432
666580 667374
690806 690915
691485 691649
701093 701282
703287 703438
708928 709143
721659 721804
751550 752136
754900 754984
760043 760281
787480 787537
796078 796369
819833 819900
827613 827935
828539 828758
851614 852432
855338 856045
868627 868727
893655 894024
897052 897253
917786 918343
920097 920242
921003 921061
930865 931013
949879 950085
953247 953333
964635 964819
968406 968844
969508 969594
986360 986624
990671 990774
1002685 1002770
1020595 1020668
1023862 1024101
1045713 1046070
1047338 1047472
1056196 1056373
1063254 1063380
1064036 1064403
1080862 1081153
1107958 1108039
1130078 1130240
1134265 1134514
1138153 1138325
1143377 1143443
1154658 1155014
1169245 1169390
1176226 1176308
1188616 1188916
1194994 1195129
1198218 1198665
1208892 1209312
1226909 1227052
1235062 1235164
1284979 1286225
1287485 1287586
1295798 1296056
1323543 1323958
1328445 1328518
1340586 1341445
1342208 1342380
1348077 1348155
1349403 1349494
1371656 1371756
1377698 1377947
1383238 1383522
1393203 1393494
1395822 1396522
1404918 1405256
1425838 1426058
1427913 1428119
1439691 1439803
1452753 1452996
1454338 1454722
1478355 1478613
1479816 1479986
1482375 1482550
1490972 1491068
1492033 1492187
1500875 1500965
1510406 1510882
1531719 1531844
1539302 1539562
1553164 1553301
1556319 1556539
1566095 1566301
1576461 1576780
1580309 1580756
1597012 1597788
1603607 1603686
1605124 1605205
1613897 1614057
1614949 1615115
1631957 1632113
1646056 1646380
1657690 1659037
1661152 1661204
1688565 1688620
1699663 1699725
1706232 1706711
1709821 1710108
1715401 1715845
1731108 1731230
1756032 1756335
1800717 1800870
1804761 1804814
1809610 1809910
1829303 1829861
1841971 1842296
1846324 1846411
1863554 1863867
1885631 1886004
1888073 1888232
1901795 1901910
1910833 1910975
1915941 1915990
1918958 1919117
1936710 1936837
1940720 1941779
1944437 1944742
1947877 1948274
1950082 1950210
1951679 1951839
1958065 1958198
1961276 1961491
1969279 1969411
1971765 1971817
1973104 1973198
1975655 1975728
1996877 1997049
2003834 2004081
2032283 2032575
2037841 2038202
2044758 2044882
2055300 2055494
2056273 2056363
2061382 2061480
2069654 2069735
2075161 2075235
2081536 2081800
2101228 2101417
2127521 2127680
2137492 2137660
2146514 2147112
2159319 2159417
2161365 2162033
2174683 2175287
2188917 2190034
2215994 2216252
2219341 2219578
2220924 2221227
2225357 2225598
2227961 2228132
2231365 2231600
2236219 2236490
2241397 2241614
2258840 2259160
2261581 2261639
2268414 2268922
2290434 2291025
2301077 2301209
2315080 2315143
2367400 2367707
2378481 2378535
2382946 2383234
2395826 2396134
2402582 2402676
2403325 2403785
2406119 2406412
2413876 2414091
2422993 2423293
2433449 2433674
2434926 2435636
2446686 2447132
2462163 2462213
2471950 2472268
2477949 2478073
2492910 2492969
2501923 2501975
2507535 2507737
2520176 2520275
2525898 2526007
2530222 2530877
2539058 2539225
2544062 2544375
2553908 2554035
2554779 2555359
2568637 2568707
2585260 2585380
2594915 2595038
2595853 2595937
2599779 2599911
2607860 2608125
2619435 2619762
2631125 2631284
2631902 2632234
2647589 2647738
2652412 2652581
2656121 2656653
2668489 2668562
2684212 2684427
2689308 2689799
2708230 2708322
2709357 2709522
2717606 2717777
2722285 2722556
2730138 2730240
2773427 2773502
2774433 2774654
2776842 2777070
2822862 2823101
2826395 2826938
2831746 2831893
2844447 2844515
2848071 2848493
2894031 2894224
2901260 2901392
2904064 2904502
2921274 2921497
2927400 2928019
2936768 2937099
2938828 2939148
2943374 2943599
2954589 2954638
2965192 2965490
3001362 3001842
3030170 3031067
3045251 3045401
3060411 3060936
3066575 3066951
3080880 3081229
3085777 3086646
3105009 3105111
3116724 3116834
3142579 3142884
3148586 3149448
3150063 3150311
3154599 3154701
3159831 3160067
3172654 3172855
3185736 3185826
3187779 3188009
3200251 3200543
3203970 3204093
3226771 3227019
3232045 3232173
3237848 3238101
3251240 3251446
3279123 3279202
3280670 3280854
3302527 3302723
3332534 3332746
3347644 3347763
3359415 3359658
3374290 3374378
3375871 3376155
3391895 3392110
3396931 3397126
3416157 3416584
3428311 3428377
3432409 3433963
3443545 3443796
3447687 3447862
3455867 3456075
3466627 3466728
3487791 3487969
3495321 3496271
3499032 3499208
3524188 3524380
3527318 3527606
3531792 3531886
3538857 3538969
3540837 3541073
3549221 3549652
3553857 3554105
3560257 3561049
3575717 3575800
3581589 3581912
3582897 3583143
3604474 3604757
3608247 3608367
3618342 3618411
3627225 3627281
3639223 3639285
3666710 3667059
3675789 3676209
3690445 3690518
3691465 3691536
3704076 3704647
3722174 3722421
3738304 3738359
3750852 3750988
3757183 3757307
3767918 3768035
3772171 3772471
3773004 3773584
3781710 3781771
3787346 3787585
3815519 3817564
3821805 3822206
3854346 3854896
3862907 3863028
3864676 3865221
3868392 3868689
3875834 3875990
3877180 3877251
3896841 3896934
3903618 3903936
3907138 3907206
3911009 3911094
3919995 3920456
3949926 3950144
3959527 3959856
3986954 3987168
3989230 3989541
3995410 3995771
4017520 4017757
4023096 4023220
4023922 4024009
4029036 4029228
4038253 4038329
4040548 4040715
4041878 4041970
4066502 4066557
4075282 4075525
4082725 4082945
4086113 4086280
4090038 4090327
4112974 4113408
4114664 4114930
4116043 4116182
4119980 4120165
4126180 4126267
4130917 4131209
4142297 4142546
4153221 4153595
4195087 4195223
4200440 4200634
4207081 4207250
4222457 4222795
4224091 4224347
4228093 4228239
4244124 4244308
4265982 4266357
4279285 4279553
4288041 4288104
4291188 4291504
4293876 4294244
4307790 4308110
4312136 4312223
4322735 4323016
4349186 4349319
4351919 4352595
4354801 4354980
4369165 4369277
4380164 4380336
4397642 4397915
4402466 4402754
4408815 4408899
4416996 4417285
4435034 4435706
4436588 4437513
4443389 4443717
4450609 4450872
4464363 4464603
4473737 4473899
4475225 4475496
4486469 4486621
4490978 4491560
4499959 4500370
4506830 4506884
4512428 4512857
4513773 4514022
4515891 4516009
4528094 4528624
4532178 4532373
4536036 4536208
4538011 4538099
4538740 4539026
4546101 4546344
4550018 4550279
4553808 4554133
4560055 4560302
4566039 4566277
4571591 4571827
4574921 4575219
4577523 4577758
4581602 4581930
4605535 4605589
4621000 4621127
4625032 4625229
