Escherichia_coli_O157_H7_ancestor
1 50
2444 2690
13400 13958
15796 15936
20177 20390
21013 21071
22190 22279
22841 23103
31272 31484
35700 35959
38412 41537
43930 44030
54918 55116
56909 57393
60632 61227
71730 72079
84036 84102
95122 95243
111723 112026
119532 119612
122877 123143
146150 146271
153664 154559
156342 156895
163514 163747
165721 165857
167538 167720
179629 179905
182352 182476
188719 188855
198224 198830
212146 212432
222056 222287
222982 223052
228880 228943
230017 230182
236150 236347
237561 238022
264956 265059
265995 266195
273090 273182
290261 290773
292874 293461
304383 304902
306472 306554
312393 312677
329475 330043
338892 339013
342399 342655
357082 357710
365084 365363
370435 370637
373210 373416
374252 374448
377097 383216
385232 385308
385929 386107
386940 387927
388595 388722
397810 397979
410538 410778
433089 433386
434194 434252
439422 439833
447613 447673
449914 450040
451169 451476
459066 459253
459815 464872
466356 466463
477805 478129
481307 481362
484571 484787
497492 497605
513055 513280
514871 515247
517521 517582
524180 524430
534604 534693
540685 541343
544759 545419
547210 547314
552951 553092
558553 558786
560621 560970
567076 567224
572988 573254
594088 594598
597071 597276
609165 609428
612826 613377
614875 615649
620441 620566
621854 622080
630609 630812
632407 632771
642780 644039
656590 656692
658168 658408
661370 661452
662611 662891
663676 665010
669950 670231
677293 677362
681986 682115
683856 684038
689330 689599
705730 705883
712729 712899
714780 715156
716085 716206
720677 720985
726291 726564
727314 727391
727904 729114
734471 735152
736279 736964
739535 739643
740930 741313
742043 743960
744965 745105
745909 747741
748291 749115
749646 750057
755967 756900
762398 763013
764497 764823
765914 766119
772505 772593
785338 785453
787264 787552
789817 790673
795141 795439
796441 796747
810979 811029
821353 821659
831718 831887
835924 836143
836788 836971
838172 838323
857607 857783
862626 863215
876779 876874
884067 885279
888622 888829
893603 893890
896664 896713
904182 904514
905798 906660
907795 907869
914487 915299
926217 926457
934152 934737
939917 940146
943480 944164
948317 948561
956384 956452
959286 959529
961548 961838
972001 972816
973792 973998
976824 977033
979209 979473
985238 985456
988866 989336
992016 992179
996734 997023
1017025 1017298
1018334 1018698
1030480 1030534
1032373 1032623
1033229 1035680
1036258 1036923
1041552 1041837
1042414 1044515
1045314 1045721
1049452 1049987
1051299 1051620
1052669 1054738
1055500 1056135
1066137 1066779
1067620 1071085
1071604 1077010
1089948 1090007
1099502 1099803
1102188 1102415
1137995 1138248
1145652 1145717
1151124 1151338
1155143 1155399
1156947 1157127
1157870 1158070
1164917 1165289
1178647 1178764
1189275 1189330
1194891 1195113
1196512 1196804
1202619 1202754
1208559 1208820
1211074 1211145
1216284 1216578
1217650 1217995
1218579 1218711
1232213 1232872
1233465 1233570
1234920 1235050
1239889 1240018
1240921 1241507
1242404 1242614
1252228 1253661
1254207 1255073
1255616 1256566
1261744 1261909
1265521 1266306
1266641 1266787
1267571 1268131
1268787 1269743
1271518 1271626
1272304 1272641
1273456 1276475
1277803 1287744
1289464 1293485
1294912 1295017
1295595 1296275
1297054 1299424
1300145 1302606
1304094 1304678
1306262 1306487
1311595 1311725
1316611 1317571
1318376 1318640
1320730 1322469
1323077 1325231
1332292 1332589
1334755 1334806
1341233 1341293
1350449 1350714
1351362 1353145
1355248 1356639
1359746 1360084
1361697 1368309
1370554 1371009
1371550 1377517
1377654 1384006
1385213 1386807
1387343 1387480
1388138 1391294
1400956 1401393
1410968 1411036
1422784 1423316
1424046 1425008
1426471 1426739
1442352 1442578
1446192 1446419
1448542 1449029
1456205 1456430
1457070 1457826
1460110 1460170
1462874 1463273
1464728 1464972
1465927 1466066
1477611 1477742
1491887 1492160
1493987 1494219
1497416 1497542
1507809 1508147
1528392 1528752
1531170 1531244
1539457 1539606
1544659 1544931
1546061 1546194
1558668 1558965
1559637 1559718
1561417 1561540
1567822 1567884
1570056 1570611
1578107 1578449
1579026 1579335
1596337 1596528
1606144 1606600
1612185 1612493
1618347 1618717
1624035 1624119
1633048 1634599
1635975 1636561
1651535 1651736
1663302 1663517
1667475 1667569
1675286 1675483
1677000 1677135
1680718 1681045
1683378 1683528
1698559 1698739
1708628 1708723
1715301 1716136
1725921 1726293
1731088 1731179
1734537 1735062
1735758 1736015
1743215 1743396
1747165 1747609
1749333 1749500
1761281 1761413
1770184 1770408
1773598 1773791
1777572 1777813
1782329 1782794
1785630 1785785
1790866 1792352
1794454 1794770
1795904 1796293
1800184 1800604
1803877 1804095
1804967 1806054
1808653 1810635
1811457 1813243
1816548 1816650
1819233 1820923
1821851 1843537
1844114 1845606
1846703 1848889
1850796 1850986
1852250 1854496
1855351 1855748
1858276 1858329
1861267 1861573
1862992 1863192
1865622 1865728
1867234 1867873
1870578 1874081
1876900 1884068
1884967 1885544
1886408 1892670
1894769 1894968
1899668 1899870
1903387 1903611
1905039 1905151
1912327 1912493
1915211 1915397
1916079 1916327
1917305 1917590
1925571 1925980
1929513 1929879
1937749 1937929
1944584 1944677
1960297 1961197
1965108 1965375
1971843 1972116
1976421 1976580
1980878 1981179
1982931 1983526
2001293 2002069
2004418 2005301
2005943 2007239
2018146 2018200
2026660 2026960
2040560 2040732
2046032 2046092
2046893 2046975
2048444 2048574
2057560 2057818
2059177 2059396
2073495 2073652
2085920 2086089
2087561 2088123
2095559 2095874
2096411 2096586
2104219 2104583
2107240 2107446
2112476 2112932
2114190 2114301
2114859 2115497
2121957 2122076
2126637 2128388
2135692 2135968
2136723 2137011
2138718 2138955
2162295 2162409
2166462 2166929
2170557 2170725
2177699 2177979
2184792 2184861
2186575 2186766
2188395 2189069
2191317 2193512
2199461 2201586
2202224 2202296
2204808 2208052
2208611 2209252
2209835 2212245
2212782 2213043
2214570 2214856
2216263 2216529
2217864 2219412
2221813 2221930
2222540 2226138
2226668 2227029
2229131 2229699
2237149 2237271
2238964 2241002
2244780 2244941
2255119 2255378
2258516 2258762
2269515 2269629
2270236 2272745
2273509 2274126
2277013 2278800
2283478 2283724
2290439 2290850
2297182 2297456
2300711 2300804
2307488 2307657
2310464 2311079
2316838 2317316
2319265 2319558
2321889 2322061
2336053 2336373
2336924 2338780
2339454 2340467
2347206 2347467
2348163 2352308
2353416 2354566
2355106 2355285
2355905 2356328
2362132 2363439
2364851 2365750
2370832 2371139
2378026 2378180
2382031 2382291
2384041 2384482
2389460 2389683
2391954 2392058
2400963 2401373
2402618 2402803
2405361 2405492
2406024 2409922
2410541 2416760
2417309 2419515
2420045 2420186
2421463 2423631
2425826 2428112
2431464 2431944
2432882 2433265
2434168 2434280
2439029 2439524
2440673 2440743
2448689 2448875
2451491 2451618
2463637 2463883
2464454 2464650
2478512 2478741
2479575 2479636
2481228 2481293
2485637 2485820
2494926 2495047
2496917 2497182
2499773 2500049
2502167 2502481
2505962 2506506
2507092 2507346
2515237 2515437
2525885 2527131
2533044 2533315
2535695 2536118
2538406 2538573
2539674 2539870
2543656 2545441
2547422 2547902
2561417 2561492
2564866 2565042
2567834 2568037
2573473 2574433
2587056 2587117
2594166 2597011
2598557 2599316
2599998 2600098
2600630 2601722
2602585 2602833
2604096 2604356
2607514 2607664
2611321 2612061
2612904 2613193
2618559 2618662
2637397 2637457
2641785 2641845
2651813 2652485
2659050 2659285
2662204 2662356
2663351 2663465
2671034 2671149
2675555 2675757
2676856 2676955
2678211 2678352
2683314 2683404
2702630 2702847
2706640 2706994
2707578 2717870
2718765 2719358
2720196 2720941
2723673 2724370
2724985 2725458
2726627 2730521
2732543 2732729
2733332 2736808
2737772 2737949
2740692 2741557
2742529 2743153
2744283 2744754
2751472 2751611
2752152 2752396
2753196 2754251
2755673 2755780
2762177 2762236
2764102 2764399
2770219 2770474
2786980 2787063
2790231 2790651
2798193 2798406
2823465 2823769
2827023 2827531
2828674 2828809
2829613 2830146
2839429 2839511
2861243 2861892
2863366 2864046
2871441 2871659
2875589 2875849
2877807 2877888
2887735 2887930
2897965 2898215
2902415 2903208
2918408 2918564
2921645 2921856
2924024 2924136
2930805 2930906
2932786 2933141
2933924 2934025
2938365 2938561
2945131 2945187
2957107 2957418
2963109 2963205
2973553 2974085
2980095 2980776
2982799 2982994
2984740 2984905
2990237 2990792
2995429 2996141
2996887 2997170
2997823 2998083
2998945 2999922
3014628 3015176
3016097 3016780
3017571 3017806
3019378 3020970
3021540 3022287
3022798 3023201
3026659 3026890
3029011 3029121
3035518 3035567
3037567 3038038
3039374 3039915
3043520 3043761
3044543 3045128
3051452 3051835
3056484 3056616
3064363 3064652
3065270 3065665
3070420 3070811
3079959 3080184
3082102 3082248
3087989 3088914
3099097 3099579
3101799 3102518
3105151 3106338
3106933 3109136
3110416 3110700
3112138 3112202
3120149 3120408
3121646 3121742
3129732 3130159
3133140 3133401
3134754 3134874
3138377 3138472
3145081 3145670
3168327 3168706
3174403 3174967
3177907 3178149
3181314 3181622
3187245 3187600
3192602 3192923
3200281 3200400
3201659 3202093
3206223 3206739
3215696 3215897
3222353 3222440
3233411 3233624
3241275 3241529
3244526 3244838
3251681 3251978
3252634 3252908
3259613 3260197
3265916 3266201
3277992 3278225
3291585 3291758
3296787 3297182
3297901 3298192
3298698 3299994
3310169 3310315
3310994 3311068
3320457 3320754
3323687 3323793
3327832 3328218
3337335 3337424
3340238 3340687
3356173 3356277
3359795 3360228
3367079 3367129
3383950 3384353
3387448 3387808
3388449 3388598
3391000 3391213
3393203 3393499
3394399 3394522
3396100 3396234
3399035 3399190
3399823 3400136
3404022 3404071
3405216 3405347
3414552 3414774
3416188 3416558
3433341 3433830
3441024 3441256
3451392 3451665
3457016 3457276
3465156 3465282
3475918 3476970
3489458 3489758
3490648 3491132
3496199 3496433
3501454 3501764
3502854 3503002
3504131 3504484
3512771 3512845
3525113 3525297
3538176 3538359
3539274 3539454
3549534 3549611
3567181 3567481
3569272 3571350
3581284 3581720
3586609 3586828
3590295 3590398
3595082 3595239
3599469 3599581
3606818 3607878
3609313 3609592
3610932 3611515
3612543 3612832
3613453 3613835
3616650 3616772
3617473 3617529
3618369 3618613
3619415 3619627
3622691 3623344
3628872 3629022
3634450 3634832
3641586 3641636
3644168 3645380
3646353 3646634
3648885 3649000
3650121 3650848
3652367 3652527
3659372 3659456
3669201 3669766
3676784 3676908
3683560 3683748
3688372 3693732
3700570 3701720
3731065 3731332
3740751 3740956
3756524 3756746
3761090 3761270
3769435 3769635
3775027 3775641
3778995 3779255
3792466 3793019
3795749 3795914
3830161 3830412
3839366 3839534
3853092 3853146
3859699 3859791
3861333 3861526
3874056 3874331
3878509 3878679
3880318 3880520
3883940 3884154
3887546 3888410
3898745 3899855
3903825 3903902
3907737 3908008
3924892 3924973
3927212 3927280
3928737 3929037
3929932 3930415
3934329 3934395
3934951 3935004
3936177 3936368
3946011 3946757
3951193 3951404
3953832 3954233
3957147 3957207
3961855 3962056
3982783 3982902
3988480 3988554
3992052 3992200
3993149 3993689
3995263 3995803
3997224 3997470
4006546 4006697
4016542 4017433
4025409 4025589
4026676 4026881
4027509 4027805
4028537 4028623
4030450 4030574
4038111 4038186
4043297 4043636
4044476 4045002
4046175 4046840
4066030 4066094
4067065 4067298
4082588 4082822
4083403 4084092
4085492 4085931
4087086 4087540
4090274 4090585
4109142 4109362
4110903 4111106
4116607 4116696
4121853 4122012
4128997 4129313
4133069 4133344
4143910 4144080
4146750 4146905
4147430 4147528
4160670 4160828
4167376 4167894
4174051 4174102
4184344 4184536
4204738 4205094
4213975 4214350
4221154 4221280
4226219 4226292
4228269 4228335
4247917 4248137
4260563 4260705
4266193 4266499
4276719 4277010
4281007 4281570
4289648 4289826
4290424 4290552
4300049 4300152
4304591 4304766
4305373 4305756
4306284 4309483
4313632 4313920
4315634 4315859
4337544 4337903
4350921 4351126
4354380 4354439
4355810 4356148
4359013 4359231
4361658 4362159
4367754 4372868
4376425 4376921
4384055 4384333
4392764 4393050
4401951 4402159
4405247 4405518
4408847 4413907
4417026 4417425
4432251 4432367
4435814 4436765
4445348 4445517
4457284 4459431
4459963 4460627
4466207 4466397
4468102 4468996
4470247 4470765
4473702 4473995
4477032 4477374
4483724 4483885
4484545 4484671
4494060 4494191
4517296 4517435
4531530 4532200
4536988 4537188
4538372 4538606
4547065 4547167
4552959 4558331
4565892 4566375
4566956 4567128
4567768 4567964
4586059 4586440
4588346 4588448
4592106 4592314
4593503 4593658
4594314 4594815
4604489 4604728
4609364 4609630
4612299 4616244
4617801 4617999
4627727 4627789
4631438 4631581
4644474 4644605
4645872 4646025
4649422 4654852
4665844 4666149
4669513 4669730
4678878 4679099
4683902 4684002
4685414 4686772
4690053 4690133
4691575 4692049
4703027 4703096
4705349 4705631
4709968 4710057
4720449 4720681
4724310 4724656
4726744 4727086
4728184 4728438
4736223 4736661
4750258 4750745
4752284 4752681
4754318 4754400
4755874 4755928
4756786 4756974
4797551 4797740
4807653 4807745
4822834 4823123
4829349 4829502
4832657 4833476
4834140 4834437
4838841 4839288
4851469 4851556
4853865 4854233
4854760 4854858
4855417 4855611
4856845 4857469
4859182 4861391
4862120 4862965
4865551 4865719
4867806 4867977
4869272 4869545
4870489 4871202
4875174 4875377
4881307 4881588
4882853 4884650
4885851 4886148
4886870 4887686
4896169 4896931
4899825 4900041
4921418 4921472
4921976 4922120
4928232 4928308
4938958 4939022
4948378 4948649
4950813 4951088
4952802 4953012
4964637 4964850
4969482 4969579
4972091 4972161
4980389 4981287
4985340 4985448
5013790 5013921
5024746 5024942
5045240 5045375
5056563 5056741
5058644 5059009
5071858 5072644
5077914 5077987
5089037 5089225
5092816 5093291
5098502 5098710
5107924 5108099
5110951 5111095
5120763 5120828
5126606 5126767
5132547 5134184
5140609 5140820
5142790 5142936
5145938 5146306
5146913 5146973
5147819 5147892
5151559 5151727
5165852 5166098
5168446 5168623
5171180 5171247
5190424 5190587
5198947 5199429
5207356 5207575
5214512 5214953
5221789 5221919
5222567 5222848
5225711 5230987
5232465 5233578
5238006 5238303
5248294 5248383
5250623 5250942
5254384 5254714
5258100 5258281
5265016 5265634
5277137 5277459
5288080 5288165
5292382 5292518
5318795 5319122
5322301 5322807
5329793 5329944
5336733 5337237
5338717 5338830
5346329 5346500
5357739 5357834
5360517 5360665
5362405 5362576
5371393 5371709
5378687 5378823
5381576 5382075
5384575 5384811
5387696 5387897
5391079 5391414
5392609 5392854
5393727 5394692
5396371 5396504
5409128 5409333
5416513 5416810
5424136 5424223
5428856 5429120
5440663 5440751
5452327 5452768
5455196 5455491
5467182 5467303
5473234 5473542
5475300 5475696
5476225 5476389
