Escherichia_coli_O157_H7_EDL933_0995
1 15483
16084 30043
37116 62747
63546 63722
65318 67329
67831 68001
99037 99215
101852 102262
117746 118148
123275 138344
152180 156677
169671 170397
186692 203502
205179 205857
215669 215818
220050 236199
236794 236870
257799 260492
268494 268855
280762 280910
282104 286504
294418 294575
296117 296245
311651 332033
340685 351560
352110 356109
358898 366695
371264 371690
372335 389379
389909 441327
445135 459072
461848 469771
470297 488031
488555 519967
532677 532829
550570 559553
570087 571646
585346 586914
598840 609431
612195 641985
653819 660310
662567 706501
708648 741220
755642 762742
769320 769519
780529 780614
793856 794013
811448 811889
816432 816492
823970 845706
847728 855946
859194 859637
860377 862878
864526 864789
872693 872956
874823 875002
913659 930056
930679 943963
960183 966730
993545 1012334
1012881 1014243
1015846 1021956
1037488 1037609
1038453 1039137
1040094 1040212
1052227 1052513
1070885 1078393
1078903 1079116
1083375 1083758
1086615 1118524
1144360 1144897
1146122 1153059
1153698 1161201
1164242 1169196
1177446 1180976
1192679 1198227
1200094 1213474
1218253 1225535
1236559 1264477
1270366 1270649
1284977 1290174
1294065 1305164
1306854 1316662
1342202 1347643
1359793 1375823
1377390 1390343
1408257 1415883
1421351 1426132
1438127 1453912
1457878 1461344
1465648 1468434
1472051 1480867
1487633 1495647
1534072 1555306
1566062 1566242
1569695 1574471
1576120 1589959
1590552 1604007
1605068 1633470
1635294 1635444
1636006 1636372
1641578 1681195
1708834 1772849
1778880 1779197
1796322 1810115
1817048 1826296
1835070 1835342
1856178 1862204
1884281 1884644
1888844 1888941
1917703 1920526
1932438 1932731
1940974 1946960
1948094 1948415
1953217 1953338
1957957 1961445
1962567 1969011
1969557 1971131
1973362 2013171
2016840 2023054
2023653 2023751
2032345 2041686
2042377 2042559
2045266 2045391
2051173 2053177
2054233 2062515
2067994 2068228
2073581 2086994
2087643 2087732
2090591 2096751
2098099 2098258
2099124 2118121
2123227 2134212
2140008 2144023
2158631 2167710
2169664 2170213
2170735 2179267
2199741 2199886
2202047 2204111
2209816 2210161
2210852 2211774
2220783 2220959
2224235 2224566
2229312 2261466
2262607 2262852
2263974 2270934
2274768 2276104
2277146 2277339
2278989 2303092
2304583 2329317
2348387 2358409
2358943 2360191
2361282 2366293
2372617 2405580
2408954 2409106
2416164 2416309
2418061 2423961
2440729 2454218
2479639 2481931
2482485 2490316
2492229 2492326
2494412 2499019
2500198 2500335
2504793 2504861
2510098 2511038
2515242 2515417
2515918 2528332
2529036 2532464
2538264 2540337
2541684 2542411
2543024 2544903
2545404 2548031
2554440 2555494
2563538 2587121
2588726 2589490
2590972 2591230
2595294 2596948
2597464 2647865
2651251 2655449
2675276 2675769
2682503 2682725
2697755 2697836
2698347 2699490
2700156 2700271
2702424 2719188
2720614 2724154
2731443 2733832
2736320 2737831
2742878 2749793
2750718 2755408
2756148 2760443
2761455 2767117
2768764 2772254
2790827 2795335
2802230 2807185
2809092 2809365
2816163 2829656
2837570 2842770
2851609 2851729
2852237 2853295
2863665 2863717
2871283 2872848
2874139 2884625
2885674 2899881
2902599 2904777
2915046 2915289
2925033 2945676
2948628 2948866
2952760 2953019
2956337 2968292
2975868 2978897
2979471 2979988
2998940 3006738
3009140 3021085
3061218 3062869
3063507 3065929
3069023 3077786
3082450 3085112
3089919 3096343
3116585 3118668
3127834 3130430
3134097 3151615
3155026 3162186
3166384 3166575
3188410 3188542
3189060 3189438
3190013 3191411
3193938 3196091
3196784 3197022
3198010 3243049
3246187 3248492
3255459 3256589
3257141 3258423
3259167 3259394
3260054 3281774
3282329 3292306
3293037 3294980
3306554 3325375
3329405 3338059
3349257 3363636
3369052 3386962
3388674 3394072
3394655 3395016
3395559 3396964
3397685 3400192
3401012 3403530
3405345 3405605
3406158 3407783
3408600 3418386
3426188 3463387
3484028 3485250
3486762 3488142
3488732 3489581
3492055 3493032
3504214 3504486
3508489 3509590
3511184 3515502
3516319 3525365
3529167 3542772
3550248 3560138
3560654 3560988
3569595 3570280
3578885 3580598
3583137 3612334
3613106 3614053
3615434 3621390
3621956 3623514
3624253 3624475
3625151 3631043
3631908 3631991
3632710 3633178
3634401 3635087
3639372 3642423
3644910 3648333
3650978 3653880
3654897 3658533
3659066 3677362
3680067 3682422
3685661 3696275
3696880 3696962
3700070 3721478
3722198 3722551
3723055 3723307
3739691 3739827
3747953 3759726
3761237 3781432
3785191 3797314
3797961 3800099
3802423 3803555
3804138 3805433
3806673 3812222
3813487 3828653
3830176 3830688
3847803 3852130
3854970 3855376
3856923 3857060
3867012 3867539
3872148 3872564
3874692 3881295
3882184 3887437
3888730 3891038
3891868 3898096
3901642 3903053
3905380 3933420
3933927 3934685
3940076 3940266
3951347 3954347
3972325 3974235
3977083 3977336
3990053 4000906
4001688 4007945
4008657 4008815
4009534 4022900
4023439 4034567
4037938 4055130
4056969 4060360
4060988 4062275
4062817 4092137
4093912 4101955
4102725 4134761
4142827 4142941
4143493 4145539
4159344 4159479
4162933 4163131
4163677 4163732
4182961 4186535
4191423 4194817
4197498 4197960
4198774 4198845
4201941 4207829
4217469 4218407
4219533 4219600
4221105 4221299
4227666 4236883
4238584 4245668
4260758 4268915
4270312 4291652
4292284 4296547
4297169 4306755
4307295 4307903
4313571 4319743
4324040 4324268
4336664 4347383
4353131 4355176
4358274 4361086
4364365 4364459
4374867 4376298
4377315 4384233
4386505 4386702
4389776 4400603
4401131 4412620
4413167 4418865
4419743 4424139
4426682 4431829
4433018 4444225
4446254 4469185
4471549 4473412
4478984 4482442
4487217 4496960
4505382 4507233
4508501 4519525
4520624 4522783
4523858 4524719
4525473 4534171
4577746 4577880
4579839 4603535
4607184 4607662
4612299 4612559
4613983 4619538
4628568 4636786
4638367 4638467
4639240 4640143
4641818 4642876
4643705 4659005
4661118 4665614
4671182 4686200
4697417 4701329
4709999 4723300
4725325 4725652
4727043 4759322
4769967 4782742
4787793 4787922
4796482 4808005
4808595 4810957
4817329 4820111
4839890 4847794
4848305 4849624
4855011 4857970
4863043 4863650
4879841 4879986
4882685 4884000
4884881 4885731
4887519 4887827
4890779 4895165
4910630 4911378
4920690 4943056
4943800 4945155
4947969 4948377
4951242 4961813
4964911 4973584
4981374 5010310
5017983 5018032
5020519 5020709
5023793 5024054
5030472 5038970
5042628 5052083
5052714 5055594
5063359 5070081
5084003 5093509
5094046 5125854
5133210 5139887
5141408 5147414
5151905 5155203
5166476 5166805
5167583 5168437
5173231 5175140
5177892 5187576
5188299 5193248
5194068 5194190
5195677 5195920
5198035 5205466
5214103 5232641
5237128 5253622
5262434 5263671
5268327 5268546
5270199 5270271
5270839 5274765
5279821 5282623
5304331 5310033
5314284 5323505
5328556 5331116
5340840 5360790
5395282 5396152
5409554 5428562
5445390 5445605
5449504 5449647
5452800 5453146
5455456 5459546
5471451 5472360
5482431 5483461
5506381 5514191
5532453 5540968
