e_coli_k12_gi_556503834_ref_NC_
1 960
1615 4713
5217 6374
7098 13274
13788 15286
16743 43404
43958 47764
48269 50284
51148 94785
95323 97251
97781 99671
100648 103811
104530 106902
107405 109086
109644 109875
110478 113501
114004 126379
127089 133383
133989 136341
137025 144532
145262 164899
165854 167806
168972 169546
170280 176971
177646 188561
189080 204346
205085 207679
208199 211413
212063 217303
217952 221640
222289 223058
223724 230089
230716 247346
248069 248264
248858 256015
256724 257907
258920 266302
266782 286886
287422 290160
290693 295258
295775 305644
306191 306644
307422 308168
308672 321901
322553 325906
326410 343778
344766 348238
348826 353958
354579 359279
360256 364670
365501 367169
368320 373979
374780 384975
385630 386664
387200 389033
389633 394654
395224 398945
399557 406869
407457 412341
412885 444650
445449 457839
458586 461519
462467 462713
463257 478490
479127 507366
507909 519348
520230 521765
522414 523320
523983 525875
526545 539658
540174 562979
563735 571239
571801 579202
579741 580726
581491 590528
591048 599821
600632 609362
609442 625941
626505 629541
630401 640135
640903 647774
648317 662351
662927 663003
663505 667418
667978 677355
677877 680015
680569 691943
692557 723756
724312 734249
735017 740016
740684 741216
741946 762287
763079 769505
770058 770393
771036 775456
776070 784411
785177 797009
797566 798543
799104 814715
815217 820519
821149 821610
822517 827213
827918 841994
842614 844365
844888 851653
852219 852927
853591 870155
871427 889313
890063 893363
893992 895337
896302 918729
919357 926485
927118 930780
931370 933878
934618 950829
951405 953621
954243 954389
955441 962836
963541 976883
977436 990405
990996 1003196
1003740 1006340
1006850 1023727
1024290 1040489
1041010 1042388
1042985 1055815
1056630 1067219
1067886 1075924
1076515 1078224
1078961 1086563
1087147 1096053
1096733 1104581
1105318 1108773
1109397 1120415
1121001 1128206
1128786 1130081
1130890 1134281
1134963 1138299
1139396 1143584
1144221 1150586
1151203 1172645
1173166 1199582
1200419 1202971
1203502 1209062
1209591 1211972
1212587 1225021
1225534 1228930
1229489 1252534
1253238 1260767
1261662 1265613
1266125 1277515
1278029 1280601
1281262 1284531
1285283 1288835
1289468 1295848
1296518 1301215
1301751 1303262
1303998 1309403
1309986 1316605
1317119 1322621
1323236 1330454
1331008 1335340
1335851 1349338
1349947 1364931
1365713 1376325
1376975 1385443
1386083 1390409
1391122 1395740
1396043 1417861
1418470 1423028
1423599 1432002
1432563 1433199
1433979 1454141
1454768 1469867
1470573 1497261
1497839 1502186
1502963 1503194
1503736 1511527
1512106 1517056
1517559 1519087
1519619 1538812
1539333 1562096
1562689 1564821
1565453 1577959
1578552 1588117
1588814 1604875
1605763 1610830
1611500 1618106
1619249 1622810
1623436 1645212
1645736 1657369
1658077 1661097
1661661 1674622
1675144 1679789
1680478 1715957
1716565 1729706
1730292 1737577
1738182 1740380
1741101 1750741
1751625 1767985
1768525 1771287
1772000 1787749
1788290 1791529
1792093 1806900
1807491 1808949
1809593 1817909
1818490 1825444
1825965 1837107
1837698 1846599
1847370 1848577
1849095 1862973
1863503 1875160
1875735 1891796
1892403 1906528
1907232 1941187
1941931 1945542
1946063 1951455
1952244 1955832
1956424 1962711
1963498 1972789
1973450 1973648
1974276 1978394
1978503 1983643
1984595 2026980
2027487 2033895
2034549 2043557
2044118 2045846
2046511 2050155
2050719 2056872
2057380 2059998
2060609 2074338
2074857 2076551
2077079 2092251
2093092 2097458
2098193 2099201
2099888 2127212
2128224 2144305
2145156 2145275
2145854 2151716
2152315 2155730
2156287 2169807
2171437 2185738
2186240 2193087
2193779 2197480
2197997 2205106
2205684 2220379
2220886 2224631
2225170 2226856
2227612 2232084
2232704 2240055
2240579 2257348
2258033 2261674
2262178 2291587
2292309 2308850
2309658 2310769
2311676 2320119
2320638 2333185
2333725 2341435
2341968 2348857
2349510 2356568
2357162 2361739
2362247 2367481
2368087 2368422
2368981 2373749
2374474 2391732
2392396 2400289
2400836 2411195
2411909 2426901
2427402 2434005
2434758 2466052
2466565 2470989
2471657 2473627
2474188 2484033
2484705 2486132
2486687 2492588
2493420 2503671
2504328 2511999
2512549 2536725
2537299 2555518
2556025 2569839
2570340 2574172
2574704 2581327
2581829 2587189
2587747 2595374
2595880 2596629
2597237 2605176
2605729 2609158
2609665 2648540
2649335 2656402
2656937 2667707
2668455 2669566
2670366 2676717
2677226 2685129
2685748 2688272
2688845 2694255
2694981 2696672
2697193 2722523
2723501 2736449
2737038 2761821
2762618 2766715
2767315 2780405
2781022 2784347
2785175 2800702
2801233 2807890
2808730 2809969
2810628 2810848
2811451 2814037
2814645 2860928
2861777 2866806
2867610 2893563
2894160 2894946
2895477 2896347
2897271 2904379
2905216 2907897
2908434 2937066
2937569 2939028
2939531 2948391
2948993 2953108
2953793 2958190
2958879 2964513
2965070 2965680
2966251 2969403
2970002 2990916
2991789 3022827
3023415 3029956
3030549 3061520
3062086 3065124
3065945 3075572
3076092 3081933
3082500 3086194
3086743 3092397
3093012 3095177
3095716 3101416
3101953 3102610
3103170 3105719
3106511 3112274
3113130 3119875
3120472 3125120
3125647 3130144
3131772 3134701
3135212 3144513
3145104 3149317
3149872 3151038
3151713 3155780
3156321 3164709
3165341 3167369
3167870 3201199
3201768 3208361
3209097 3218509
3219423 3226058
3226612 3239867
3240400 3244122
3244741 3245474
3246105 3254548
3255080 3261678
3262197 3263676
3264184 3268364
3268870 3282740
3283382 3284542
3285201 3302273
3303070 3312393
3313148 3317192
3318028 3333035
3333665 3342838
3343497 3349147
3349776 3355768
3356287 3358083
3359248 3372752
3373470 3378675
3379182 3380946
3381466 3384911
3385496 3387447
3388200 3396633
3397360 3397431
3397965 3422517
3423038 3439071
3439647 3459640
3460151 3472581
3473088 3475733
3476700 3479616
3480353 3500149
3500654 3501656
3502202 3526022
3526615 3531645
3532261 3540961
3541724 3557198
3557921 3559959
3560520 3573172
3573706 3615963
3616690 3617556
3618115 3619019
3619630 3621399
3622125 3635586
3636151 3639237
3639826 3641358
3642096 3656840
3657683 3666205
3667275 3679782
3680373 3703229
3703829 3722898
3723430 3733282
3733799 3737245
3737866 3740473
3741203 3752989
3753722 3759525
3760119 3760893
3761489 3762507
3764393 3769220
3769608 3769724
3769841 3779888
3780729 3794835
3795354 3798745
3799522 3805226
3805978 3814295
3815034 3819454
3819985 3827304
3828076 3832974
3833504 3848418
3849178 3872552
3873253 3881369
3881881 3903969
3904593 3905739
3906293 3909032
3909617 3925786
3926465 3927530
3928376 3941117
3941761 3957167
3957677 3964348
3964920 3991512
3992030 3996167
3996740 4001330
4001870 4007124
4007732 4009520
4010265 4012550
4013082 4019877
4020392 4021361
4021908 4028950
4029466 4037017
4040661 4052814
4053346 4068052
4068712 4072108
4072715 4077641
4078304 4095735
4096594 4105597
4106126 4116490
4117005 4120845
4121360 4129577
4130192 4131877
4132456 4147611
4148237 4153777
4154556 4176100
4177171 4179197
4179719 4182368
4182975 4187200
4188323 4208000
4209733 4213505
4214049 4225071
4225585 4237803
4238304 4240772
4241284 4256945
4257484 4259923
4261313 4263117
4263634 4264008
4264647 4274215
4274745 4279284
4280544 4287605
4288132 4289382
4290012 4302028
4302549 4304586
4305142 4307992
4308504 4319492
4320223 4335647
4336237 4350085
4350874 4357182
4357883 4361653
4362193 4371448
4371977 4374292
4375097 4392508
4393098 4397491
4398065 4412087
4413160 4418541
4419217 4425443
4426056 4431598
4432239 4439545
4440112 4445739
4446261 4462151
4462868 4470456
4470978 4485641
4486188 4496462
4497014 4498027
4499512 4506800
4507430 4508154
4508933 4518911
4519739 4530864
4531434 4546516
4547622 4562869
4563521 4564498
4565306 4575699
4576290 4591873
4592386 4596516
4597149 4611974
4612761 4618506
4619073 4627563
4628082 4641652
