Ecoli_0945_Taxon010_
15442 16660
225692 229394
257441 258620
274021 275040
279045 279825
380922 382496
391457 392682
462373 463916
575947 576408
692423 692668
743229 744674
746914 747780
1308364 1309457
1432777 1433770
1554994 1556240
1650794 1651305
2016811 2017189
2122210 2123116
2124947 2126478
2188873 2189458
2303432 2303738
2502916 2503262
2526585 2527102
2814470 2816171
2816825 2818599
2820303 2821489
3080873 3081437
3168172 3168262
3201250 3202273
3258604 3259737
3375724 3376137
3423150 3426841
3497678 3498952
3583483 3584420
3619132 3622762
3652359 3652797
3941717 3946771
3974660 3977271
4038028 4041160
4105557 4105696
4106727 4107364
4107549 4109553
4243147 4243251
4319898 4324952
4527459 4528850
Ecoli_0920_Taxon005_
1 826258
828125 4641652
