Salmonella_0917_Taxon018_
1 166
1192 5296
9144 10305
11029 11528
14714 15013
15561 16076
19068 19508
20300 20725
21537 21748
22767 24180
25403 25626
26930 27694
29601 33671
36747 37306
39381 39534
49046 49125
51623 51750
53368 54625
59485 59611
61470 63287
66996 67868
70413 70581
75541 75776
79975 80257
82471 82696
83228 83426
85291 86250
86779 87776
91123 91435
96080 96329
97152 97985
100290 100588
102401 103106
109286 109761
112015 112183
112703 112913
114256 115043
119780 119968
121619 121928
125700 126719
128523 128690
130415 130841
131367 132829
133347 135479
139393 139615
140745 141423
147011 149033
149583 150651
151210 152618
153911 154026
154710 154848
155370 157910
160300 160638
163687 163879
164687 166135
167002 167833
169290 170269
171252 171385
173526 173768
174400 175648
177554 177617
178320 178800
180257 180766
181502 181668
185853 185981
187631 187879
189108 189208
194523 194864
195798 195898
196492 196620
201719 201831
205008 205228
211017 211194
211977 212459
218994 219294
220263 220562
221277 222106
230746 231403
232060 235204
237755 238225
239092 239172
242556 242940
245062 245283
246003 247212
249660 250167
255172 255434
256128 256179
257975 258950
260180 260641
263507 263698
266095 266661
269264 269321
273047 273293
274050 275798
276412 278396
278968 280004
283179 283569
285401 285469
285989 286264
288429 290054
291795 292016
295639 295996
298778 299291
304084 304489
305723 306023
308383 308524
309949 310152
312606 312894
319751 319855
320575 320706
321632 321952
326354 326516
328983 329702
330430 331276
331808 332351
335799 335897
336448 336860
337999 338569
339893 339972
341219 342030
342672 342906
343433 344802
347223 347468
353553 353818
355487 358019
358643 359164
362780 363283
364572 364970
366387 367333
367942 369103
369691 370631
372157 372624
378025 378725
381383 381500
384773 385062
386738 388859
389403 389615
391661 392298
400687 401739
403034 403096
403758 404667
407433 407583
408593 408794
410313 411110
411735 412035
412692 413593
414391 415603
416146 417012
418134 418670
422951 423664
425819 427085
427710 427942
428503 429226
429739 429805
434093 434749
436468 436665
445336 445686
453319 453480
454804 455000
455655 455755
460649 460949
463989 465496
468563 469227
470082 470605
471549 471907
474778 475722
483434 484604
485202 486968
490713 491167
491917 492062
494772 495070
496300 497135
501639 501736
504928 507506
508540 510096
511356 511626
513898 514400
515558 517391
522553 524151
527049 527760
532131 532279
533900 535262
536146 536528
538428 539054
539670 540164
541024 541144
542750 543212
544307 544944
545745 546391
546937 547523
551037 551250
553217 553584
555363 555536
557734 559095
561690 561904
564589 565964
566533 567192
568348 569357
571300 571775
574079 574155
575196 575380
576058 576863
579139 579433
583687 584288
587093 588144
590286 590697
591331 591578
593347 593659
595534 595627
597889 598171
601770 602158
604712 604763
606747 607308
609510 609998
613119 613551
618547 619123
619625 619885
620695 620848
623174 623329
626242 626484
627828 628444
629180 629393
631407 632154
633212 633375
634938 637364
639630 639791
640310 640481
641639 641858
648022 648303
649635 650305
652235 653257
654765 654848
657759 657953
658684 658773
659404 661514
666471 666633
673136 673209
685418 687067
691378 693886
694974 695554
696770 697178
698863 699958
701195 701535
703148 703816
704667 705117
705872 705985
709669 709815
710590 710908
711827 712016
714497 716912
720821 720913
722295 723200
724562 725787
727168 727567
729296 729551
730818 731429
732485 732886
733421 733719
736714 738190
739293 739743
745164 745458
747762 748421
753073 753157
756642 756826
758780 759585
761855 763302
764506 766229
767025 769027
771137 771361
772338 772484
778785 778860
779657 779808
781654 782126
783492 783914
788206 788297
788869 789235
790912 791893
792489 792681
794892 795174
796606 796908
797954 798247
800642 800979
812504 812588
813182 813397
815113 815456
816616 817237
818577 818867
820798 822025
826090 827254
830386 830496
833430 833665
836063 836798
837610 837810
838437 838549
839694 839795
841223 841716
845611 846154
847305 847601
849646 850126
852919 853440
858568 858990
860193 860379
862768 863137
865523 866265
869207 869790
871071 871369
875839 876903
879103 879267
881887 882034
882843 883162
884064 884646
885228 885354
888434 888822
893937 894116
903140 903674
906135 908078
911365 912594
914428 914537
917201 917718
918380 918912
921640 922205
927657 928034
930166 930501
932888 933114
934778 934845
935530 935935
939168 939308
940322 940400
945730 946022
946621 947470
950703 950841
952024 952100
955281 955451
956743 958214
964203 964522
968503 968851
969378 969532
972767 973029
977507 978173
979459 980307
981286 982129
984445 985220
987388 988164
990897 991228
996015 997176
997756 997844
998859 999092
1000574 1000788
1004719 1004960
1006224 1006485
1010014 1011368
1012481 1012550
1013390 1014764
1016356 1016640
1019653 1019726
1020575 1020947
1022052 1022442
1023669 1023781
1025116 1025678
1028173 1028488
1030606 1030864
1031720 1032128
1033394 1033659
1034606 1035600
1037250 1037626
1042400 1042833
1047174 1047540
1048269 1049340
1049982 1050130
1052494 1053019
1053698 1054499
1058739 1059326
1060029 1060303
1063008 1063240
1066835 1067022
1070876 1071263
1072989 1074556
1079627 1080514
1083342 1083538
1086890 1087048
1088948 1089116
1091626 1091867
1092771 1093719
1096271 1096431
1100033 1102523
1103162 1103601
1104254 1105452
1105955 1108412
1108985 1109907
1110550 1111062
1113312 1113608
1114113 1115088
1116377 1116662
1118890 1119184
1121797 1122010
1123337 1123413
1127554 1127855
1130429 1130971
1134558 1134748
1135745 1135864
1136846 1138483
1139130 1139362
1140578 1140795
1153347 1153815
1156227 1157432
1158692 1159318
1162648 1162827
1164691 1164845
1165829 1166033
1166600 1167175
1169262 1169404
1172269 1172399
1177055 1178238
1179396 1179595
1180309 1180545
1181309 1181602
1183273 1184296
1185006 1185431
1187275 1187584
1189592 1189888
1197534 1197767
1198282 1198536
1199266 1199713
1200536 1200682
1203431 1203953
1205505 1205630
1216363 1216709
1217418 1217617
1219861 1220037
1221016 1222006
1223122 1223188
1224311 1225780
1226911 1229092
1234571 1235679
1237337 1237558
1238108 1238510
1239594 1239842
1242214 1242304
1243917 1244708
1252828 1253079
1254845 1255372
1257144 1257302
1258765 1260283
1266478 1267136
1272589 1272920
1279798 1280059
1283348 1284240
1285392 1286141
1286853 1286938
1291205 1291267
1292035 1292533
1295376 1295555
1296492 1296703
1298843 1299057
1299574 1300563
1304214 1304341
1308012 1308313
1309471 1309957
1310863 1311529
1313393 1316824
1319717 1320001
1323913 1324498
1331909 1333758
1334276 1334576
1335573 1336197
1341664 1342372
1343657 1345920
1348322 1349009
1352188 1352280
1360670 1360960
1362298 1363208
1367549 1368223
1369993 1370962
1371656 1372267
1375653 1376652
1382986 1383805
1386538 1386792
1390613 1391159
1392353 1392665
1394139 1394280
1397348 1398367
1400285 1401675
1406452 1408023
1413622 1414527
1418451 1418648
1422218 1422588
1433605 1435445
1441540 1441688
1446302 1447951
1448702 1448874
1451844 1454700
1455383 1455750
1456461 1457011
1458050 1458636
1463650 1464724
1469806 1470751
1471311 1471933
1477683 1481689
1483319 1483444
1488583 1489355
1490352 1491598
1496459 1496550
1500602 1500665
1503626 1503865
1509898 1511298
1514896 1515893
1517872 1518165
1519084 1519522
1522957 1523690
1524353 1525504
1531132 1531944
1536582 1536703
1538174 1538996
1539874 1540319
1542027 1542933
1544613 1545026
1546410 1546699
1548508 1548707
1550631 1551193
1555322 1556193
1557305 1558714
1562010 1562241
1563226 1564388
1564927 1565409
1569601 1569770
1570430 1570661
1571900 1572121
1573899 1574998
1578667 1579341
1580367 1583884
1585924 1586348
1590851 1591664
1599085 1599804
1600479 1600938
1601672 1601788
1602900 1603487
1607740 1608035
1609775 1612753
1623430 1623824
1626025 1626869
1628595 1629478
1630667 1630877
1631689 1632354
1637059 1637282
1640490 1640569
1648037 1648192
1652704 1653087
1653615 1653796
1654971 1655029
1659246 1659437
1660991 1663270
1664988 1666098
1667638 1667807
1668523 1668771
1671836 1671953
1679898 1680375
1683144 1683687
1685286 1686090
1688584 1688867
1689575 1689626
1693138 1693234
1694762 1694844
1699701 1700246
1702484 1703651
1708731 1709186
1713631 1715560
1717958 1718264
1727447 1727957
1728525 1729282
1729814 1730307
1737203 1737374
1744948 1745568
1748259 1749222
1750410 1750750
1751951 1752294
1753612 1753727
1757591 1760421
1763293 1763728
1764311 1764408
1767908 1768144
1769541 1769872
1771328 1771614
1774521 1774852
1776874 1777173
1788091 1788190
1789436 1790540
1792852 1792917
1793881 1794065
1795895 1795969
1797812 1798306
1799051 1799736
1803445 1803751
1808316 1808647
1817118 1817601
1822231 1822469
1823816 1825186
1826883 1827221
1828284 1829471
1832626 1833151
1834355 1834954
1838418 1838638
1842981 1843263
1845184 1845238
1846311 1848601
1849231 1849361
1853241 1853353
1853954 1854873
1855649 1856136
1856705 1856898
1860777 1861053
1864393 1864679
1871607 1871738
1877036 1877211
1880500 1880962
1882795 1883070
1890664 1890922
1891922 1892170
1892720 1892971
1903888 1905545
1907627 1907944
1908930 1909227
1910286 1910531
1916954 1917257
1918401 1918660
1922850 1923857
1926622 1927195
1927977 1928718
1930030 1930319
1932103 1933028
1941556 1942350
1942873 1943363
1946254 1948560
1949772 1949897
1951892 1952682
1954790 1955555
1960234 1960362
1962736 1964844
1966956 1967364
1967968 1968221
1969676 1969903
1971332 1971777
1972903 1973071
1973929 1974410
1975788 1975879
1981109 1982252
1987876 1988696
1994825 1995110
1997840 1999486
2001062 2001318
2002159 2002832
2003373 2004736
2009679 2010907
2015626 2017475
2021706 2021781
2026985 2027417
2028686 2028857
2030795 2031049
2032178 2032412
2034032 2034459
2035478 2036033
2039993 2040663
2044976 2046263
2047002 2047190
2048378 2048625
2049779 2049897
2055123 2056936
2058091 2058195
2059102 2059298
2061356 2061832
2062445 2063047
2063975 2064138
2066766 2068995
2070709 2071836
2073685 2075972
2077282 2077548
2082544 2082782
2084235 2084555
2085409 2086106
2087998 2088212
2088863 2089965
2091438 2092130
2093387 2093905
2096215 2096435
2096990 2097558
2100386 2101785
2103209 2103407
2106390 2106452
2107109 2107277
2108072 2109095
2111287 2112219
2116764 2117251
2118419 2120427
2124043 2124097
2124674 2125562
2127987 2128439
2131446 2131798
2132630 2132754
2134330 2134822
2136822 2136931
2138858 2139139
2140899 2141185
2142843 2143236
2143853 2144217
2145511 2145949
2149873 2151445
2153587 2154331
2156146 2156389
2158682 2159273
2161510 2161808
2165010 2169352
2174269 2174531
2178000 2178284
2180748 2181158
2184702 2184900
2186902 2187097
2193010 2193102
2194580 2195072
2197500 2197807
2202192 2202322
2204158 2204847
2206450 2208065
2209383 2210338
2212245 2212470
2212993 2213322
2214247 2214646
2215151 2215368
2216262 2217021
2219853 2219923
2222394 2225016
2226270 2226508
2228230 2228741
2230880 2231109
2233395 2234174
2236541 2237134
2239227 2239436
2241050 2243183
2244164 2244722
2246009 2246226
2247053 2247137
2248878 2249428
2254172 2254336
2255941 2256357
2257772 2259605
2262313 2262561
2266256 2266527
2270127 2270326
2270881 2271024
2271770 2272327
2276950 2278393
2285822 2286057
2286570 2286911
2288251 2288535
2289215 2289668
2291648 2291874
2293191 2293469
2296105 2297171
2297942 2298221
2299308 2300684
2301782 2302211
2304636 2305201
2309097 2309279
2310541 2310741
2311712 2312799
2313490 2315394
2318798 2318982
2321910 2322250
2325231 2325349
2326015 2326303
2327748 2329848
2332029 2332181
2334676 2335327
2336172 2336452
2338905 2338994
2340168 2340263
2340793 2341081
2342315 2342545
2343059 2344046
2344668 2345415
2345960 2346526
2348754 2353389
2357872 2358019
2358913 2359623
2362047 2362538
2367746 2367881
2369777 2371562
2372927 2375555
2378051 2378335
2383162 2383997
2386785 2387431
2388449 2389550
2393564 2394204
2394836 2394935
2395467 2396148
2396658 2397323
2404678 2404737
2406788 2407499
2412345 2412541
2415938 2416496
2416999 2418185
2419402 2420235
2420839 2421168
2421698 2422113
2423896 2424954
2431221 2432028
2434634 2434751
2438792 2438877
2439774 2440293
2440942 2441348
2442523 2442730
2444194 2444383
2445916 2446513
2447141 2447620
2450674 2450967
2454591 2454793
2457979 2458194
2459489 2459792
2461399 2461526
2462482 2462583
2465689 2467280
2468663 2468853
2476947 2477293
2478567 2478769
2480908 2481586
2482145 2482209
2492702 2492975
2494213 2495189
2501539 2502474
2503272 2503502
2509365 2509628
2510463 2511713
2513053 2513420
2518957 2519132
2521008 2521140
2521893 2522201
2523728 2524032
2524593 2526461
2527667 2527832
2529787 2530099
2531966 2532138
2533463 2533987
2534664 2536150
2543462 2544916
2550314 2550380
2551063 2551162
2551927 2551978
2552624 2555111
2557435 2557766
2560556 2560670
2561707 2562539
2564069 2564975
2567286 2567766
2568859 2569148
2572273 2572413
2579388 2579739
2580405 2581065
2582599 2583223
2584028 2585826
2588839 2589631
2591128 2591861
2592859 2593361
2595851 2596838
2602416 2603090
2610350 2610520
2611060 2611320
2615348 2615818
2616450 2617132
2617650 2617884
2620985 2621203
2626139 2627824
2633275 2633881
2638864 2639415
2643970 2644600
2647017 2647257
2647907 2648190
2649796 2649846
2650350 2652149
2653828 2654114
2660114 2660609
2661785 2661937
2664117 2664331
2672849 2672989
2674609 2674818
2683445 2683517
2684089 2684767
2685813 2685995
2688084 2688252
2691433 2692081
2693055 2694492
2696826 2697359
2707136 2707436
2709817 2710600
2717418 2717644
2718182 2719838
2720413 2720838
2721864 2722213
2726264 2726625
2727849 2727950
2730247 2730605
2732821 2733379
2734742 2735382
2737751 2737926
2739301 2739844
2740400 2740585
2741727 2741988
2743722 2744412
2745156 2747521
2749811 2750031
2751437 2751591
2753123 2753551
2755769 2756003
2756832 2757618
2759563 2760807
2765385 2765611
2766140 2767915
2768499 2770302
2771537 2771749
2772615 2773732
2776442 2776777
2779021 2779177
2780658 2780848
2781359 2782365
2783020 2783650
2787221 2787404
2788437 2789172
2790878 2791303
2794047 2794373
2794937 2795175
2795793 2798573
2799347 2799703
2800308 2802870
2804149 2804634
2805984 2806670
2820761 2820847
2824074 2824983
2826765 2826918
2830771 2831193
2834887 2835018
2836100 2836908
2839181 2839659
2844240 2844743
2849557 2851327
2854672 2855535
2856366 2857026
2863616 2864189
2864694 2864867
2865387 2866156
2866751 2870021
2871284 2872751
2877067 2877341
2881068 2881151
2884438 2884648
2885302 2885583
2888501 2888677
2890666 2891499
2894248 2894512
2896324 2897534
2901503 2901893
2903139 2903521
2904436 2904628
2907924 2908419
2909023 2909155
2910948 2911418
2911934 2912482
2913843 2914036
2914939 2915284
2916284 2916401
2917523 2917612
2920244 2920469
2923547 2924091
2929634 2929755
2934081 2936299
2942345 2942832
2944829 2945043
2949932 2950335
2950908 2951049
2955470 2956108
2959330 2959562
2963187 2963279
2966637 2967186
2970068 2970674
2971742 2972573
2973271 2973466
2974026 2974104
2975598 2975856
2979337 2979548
2980397 2980527
2983984 2984544
2985753 2986259
2986873 2987948
2990722 2991425
2992639 2992689
2995728 2996013
2997434 2997800
2998929 2999082
3001046 3001318
3001983 3002154
3004880 3005480
3008470 3008550
3009054 3009363
3016760 3017477
3019097 3019570
3024480 3024895
3026208 3028342
3032465 3032643
3033362 3035041
3038022 3038117
3038723 3038927
3040620 3040816
3043258 3043406
3044426 3044636
3045752 3046666
3049312 3050122
3053613 3054228
3059212 3059342
3061933 3062010
3062685 3063406
3067222 3067746
3069679 3070625
3072425 3073240
3076571 3076709
3080256 3080527
3083873 3084619
3085157 3085521
3089685 3089828
3090387 3090508
3091167 3091339
3092751 3092977
3094544 3095445
3097040 3097699
3100818 3101027
3101658 3102167
3103786 3104703
3105388 3105772
3108941 3109348
3110176 3111082
3111635 3111825
3112493 3115013
3116457 3116582
3118632 3119410
3120259 3120487
3121890 3122217
3128286 3128413
3129271 3129442
3137810 3138611
3139977 3141031
3145089 3145669
3148752 3149076
3151747 3152363
3152867 3153703
3155411 3155696
3158017 3158511
3161094 3161584
3164320 3164500
3168392 3168542
3171243 3171980
3174177 3176205
3176836 3177959
3182852 3183960
3185435 3185674
3189365 3189734
3191729 3191808
3193727 3195455
3198766 3199327
3206912 3207279
3207976 3208897
3210776 3210954
3211644 3212209
3213606 3213711
3216012 3216200
3216784 3216879
3220130 3220725
3221807 3221985
3222932 3223176
3225089 3225493
3226332 3226473
3227181 3227461
3233759 3233891
3235378 3235544
3236355 3236651
3245781 3245951
3248235 3249628
3250134 3250971
3253861 3254752
3255420 3255720
3256561 3256702
3262820 3262930
3267260 3267401
3269317 3271962
3272682 3272901
3276810 3278985
3280974 3282700
3283776 3286150
3286777 3286993
3288376 3288530
3289792 3291281
3291857 3292399
3294539 3294880
3296272 3296497
3298101 3299199
3301412 3301586
3302948 3304025
3306845 3307278
3308979 3309062
3310078 3310366
3311381 3311509
3313595 3313860
3315563 3316536
3318957 3319247
3321546 3322039
3322814 3323399
3324694 3325098
3325622 3326154
3333602 3333744
3334250 3334403
3336360 3337042
3338011 3338129
3340997 3341106
3341895 3342033
3345974 3346574
3347736 3348464
3349626 3350481
3351822 3352802
3353414 3353689
3354772 3354892
3356270 3356337
3356972 3357118
3358328 3358550
3359160 3359253
3361204 3361513
3362685 3362835
3366419 3367145
3368483 3369690
3371757 3372262
3374657 3374833
3376594 3376915
3378213 3378756
3380075 3380601
3382723 3383874
3385492 3386239
3387548 3388527
3390306 3390588
3392624 3392950
3398356 3398792
3400851 3401420
3405741 3406310
3411178 3411264
3417816 3418044
3419253 3421005
3431755 3432482
3433031 3433744
3441894 3442984
3446524 3447350
3448979 3449262
3453550 3453836
3454384 3455300
3456741 3456920
3459077 3459869
3460797 3461043
3461658 3462775
3463545 3464094
3465787 3466367
3467937 3468170
3473994 3475299
3476061 3477468
3482786 3483053
3483591 3486006
3486584 3487547
3489741 3490681
3492489 3492842
3494437 3494486
3495484 3496178
3501892 3502173
3506010 3507378
3508109 3509064
3511009 3511280
3512218 3512818
3513609 3514042
3516195 3517184
3519108 3519636
3520220 3522446
3528332 3529173
3531969 3533250
3534419 3534636
3535922 3538677
3540588 3540815
3541842 3541905
3542421 3543617
3544773 3545563
3548214 3548747
3550253 3550528
3551095 3551470
3552062 3553838
3557454 3557885
3558451 3558502
3559097 3559777
3563788 3564102
3564795 3565180
3566026 3567119
3573915 3574291
3575388 3576872
3577544 3577637
3578523 3579100
3580009 3580166
3583081 3583480
3584995 3585348
3593305 3595648
3597863 3598421
3605592 3605713
3606299 3606582
3607106 3607202
3608569 3609705
3610407 3612029
3612825 3613575
3617656 3617749
3626997 3627378
3628419 3628688
3629439 3629740
3630385 3630968
3632757 3633130
3633700 3634019
3634800 3635140
3636937 3637508
3640541 3640953
3641505 3641599
3645440 3646315
3646832 3652479
3654140 3654315
3656770 3657423
3659912 3660097
3660647 3661929
3666685 3667854
3668753 3669781
3671098 3672536
3674438 3674518
3675502 3676368
3677237 3678293
3680796 3681587
3682248 3682813
3686161 3686596
3688654 3689314
3693011 3693203
3693727 3694286
3695497 3695773
3698462 3699292
3703808 3704013
3705048 3705473
3706306 3706396
3707438 3708853
3712132 3712386
3715623 3715850
3717300 3717457
3728982 3730762
3739753 3740017
3744705 3744847
3746509 3746752
3749080 3750011
3752378 3752439
3753493 3753770
3755958 3757996
3759069 3759307
3761026 3761247
3762858 3762916
3763708 3763972
3765016 3765275
3774627 3775297
3779098 3779180
3784613 3785295
3785929 3786019
3787950 3788145
3791314 3794221
3800654 3800763
3814207 3814272
3816721 3816798
3817379 3817566
3823870 3824155
3825304 3826454
3828115 3828207
3831258 3831817
3832377 3833114
3833855 3834719
3835518 3835806
3837983 3838621
3839435 3840715
3842705 3843179
3846255 3846551
3850884 3852309
3853605 3854498
3856431 3856651
3860739 3861249
3863421 3863484
3865314 3866856
3871756 3873301
3874461 3875422
3878672 3878958
3884865 3885232
3887213 3887514
3893201 3893432
3896504 3896704
3899732 3899898
3903921 3904180
3906546 3906827
3907730 3908442
3909362 3909494
3911091 3911430
3914162 3914519
3916220 3918495
3919998 3920256
3921241 3921479
3922160 3922251
3923965 3924976
3925940 3926407
3927211 3927392
3928232 3928518
3929718 3929885
3930918 3931747
3932681 3932943
3934580 3934907
3936337 3936421
3937035 3937233
3939710 3940199
3940941 3941861
3946313 3948295
3951389 3952019
3953562 3953859
3954563 3955485
3960681 3961373
3962650 3962863
3965789 3966219
3967036 3967644
3971426 3971674
3972321 3972935
3973873 3973997
3988048 3988532
3989851 3990166
3990931 3992431
3993092 3993381
3996234 3996728
4001985 4002157
4002715 4002857
4003554 4004021
4011645 4012759
4013776 4019758
4024565 4024793
4026892 4030179
4035503 4036060
4039453 4039533
4041647 4041877
4043409 4043649
4044271 4045575
4053739 4054031
4054628 4054995
4056456 4057095
4057747 4057885
4059030 4059220
4061013 4061147
4062569 4065139
4066688 4069674
4074437 4075000
4076730 4077109
4079986 4080053
4081854 4082002
4083225 4084951
4096007 4096537
4101492 4101821
4105621 4106885
4110499 4110679
4112027 4112652
4115549 4116475
4117486 4120449
4121350 4122090
4125065 4128516
4129273 4129465
4131755 4132211
4135261 4137426
4141314 4141672
4145941 4146158
4147133 4148413
4149228 4149455
4151694 4152310
4155592 4156099
4159510 4159652
4160907 4161166
4161795 4162024
4166980 4167327
4179096 4179637
4180757 4181281
4183409 4183829
4185265 4185410
4187175 4187847
4192134 4192481
4196416 4199608
4200117 4201316
4201867 4202303
4205495 4208152
4209050 4209259
4210808 4211093
4211654 4211825
4223166 4223604
4224157 4224292
4226288 4226498
4227645 4228192
4229981 4230587
4231199 4231479
4233054 4233818
4236112 4236512
4240764 4240971
4241571 4241728
4244870 4245227
4247720 4248067
4248758 4249579
4251633 4252060
4256622 4257128
4257649 4257904
4258873 4259681
4260319 4260799
4261353 4262327
4263897 4264524
4265099 4265855
4273391 4273717
4274785 4274952
4278822 4279479
4280228 4282286
4283437 4284153
4285271 4285363
4285892 4286685
4289386 4289918
4291623 4291987
4293106 4293852
4295289 4295494
4296991 4297159
4297922 4298214
4302145 4302244
4302847 4302917
4308910 4309072
4310044 4310198
4310981 4311126
4312924 4313526
4316377 4316557
4319055 4320401
4321851 4321936
4324489 4326178
4326696 4327867
4328385 4329744
4330544 4330628
4333763 4334352
4336649 4336815
4339479 4340760
4342205 4342658
4344485 4344963
4347196 4347808
4352579 4353699
4357629 4357907
4358434 4361859
4362832 4362939
4365766 4365960
4367950 4368049
4368967 4369185
4369911 4369990
4377089 4377744
4378314 4379330
4382415 4382542
4383824 4384296
4385495 4385728
4387896 4389256
4390377 4390892
4393136 4393192
4397033 4398610
4400754 4400925
4403629 4403790
4404751 4405707
4410792 4412190
4413672 4414067
4417667 4418293
4419011 4419599
4423473 4423716
4424940 4425349
4430607 4431453
4435592 4436017
4441356 4441780
4442825 4443759
4445517 4446548
4452404 4452561
4453946 4454654
4456253 4456632
4457290 4457382
4459335 4460838
4463740 4464806
4465503 4465582
4466626 4466802
4467376 4467489
4471339 4471929
4475769 4476112
4480888 4481511
4482246 4483430
4483953 4485307
4489765 4489956
4490568 4491294
4493068 4493604
4494229 4494293
4496047 4496359
4497755 4498886
4501110 4501702
4502594 4503174
4504935 4505533
4506059 4506708
4515025 4516615
4517179 4517273
4518170 4518414
4520046 4520792
4521402 4521462
4522222 4522312
4523529 4523743
4529904 4530020
4533513 4533714
4534814 4535296
4536367 4537002
4538442 4538520
4541724 4541821
4543071 4543619
4544594 4544940
4547880 4547996
4552032 4552192
4555601 4556942
4559545 4559883
4560403 4560493
4561875 4562059
4563926 4564235
4565238 4565485
4567382 4567854
4573380 4573517
4574299 4574721
4577900 4578792
4579690 4579791
4581457 4581724
4583799 4584483
4586838 4587071
4588777 4588879
4591221 4591518
4593326 4593620
4596667 4596805
4601664 4602453
4603605 4603776
4608147 4608336
4610765 4611639
4616791 4617181
4618400 4618564
4619462 4619588
4621690 4621764
4626252 4626780
4628546 4629266
4629825 4629949
4632433 4633314
4635151 4635772
4638477 4638564
4639769 4640030
4641895 4642323
4647858 4648785
4649489 4651046
4652524 4652964
4654438 4655344
4655912 4656487
4659487 4660116
4665418 4665649
4672504 4672559
4673368 4673476
4674042 4675763
4676805 4676953
4680808 4681622
4682679 4682825
4683415 4683648
4685328 4685812
4688487 4688768
4689656 4689842
4698589 4702439
4710003 4711397
4716247 4717127
4723474 4723760
4728294 4730761
4735154 4735316
4739903 4740031
4741979 4742207
4745087 4745436
4747491 4747581
4749960 4750047
4751670 4752471
4754598 4754965
4756701 4756911
4757959 4758516
4759036 4760183
4762023 4762409
4764748 4765471
4767187 4767320
4770031 4770993
4771625 4771753
4772303 4773159
4777120 4777427
4777987 4778051
4779652 4780220
4780960 4781200
4784577 4784677
4786011 4786225
4786969 4787628
4795055 4796407
4801669 4801838
4803298 4803468
4805961 4807017
4807844 4808552
4810198 4810438
4812600 4812821
4813415 4813979
4814686 4815896
4819017 4819167
4820834 4821009
4823288 4824957
4826826 4828720
4829702 4830444
4831219 4831374
4832730 4833112
4834913 4835385
4836282 4836472
4837119 4838430
4840883 4841382
4843519 4843774
4846823 4847096
4847692 4848066
4852640 4852825
Salmonella_0920_Ancestor_
1192 1441
5195 5296
9144 10305
11029 11528
14714 15987
19068 20725
21456 21748
22767 22911
25052 25185
26168 29435
30302 30798
31681 31750
32558 32750
35799 36137
40247 40493
41589 42526
45786 45994
46547 46854
50151 50497
55014 55692
56360 57044
58865 59890
63608 64225
64748 66895
73583 73809
74437 75364
76469 76657
81394 81600
82117 82181
84254 84537
86199 87151
87743 87914
89808 89996
90884 90941
92606 93531
95849 96144
98452 99285
100108 101009
102025 102423
105002 105314
109237 109658
113801 113966
116180 116462
119227 119454
120661 120896
125856 126024
126684 127026
129333 129441
133150 133708
136826 136952
138087 138473
141812 142195
143780 143991
144614 144814
147312 147391
155849 157056
159131 159690
162766 162862
168740 168963
170267 171031
173545 173768
174400 175648
177554 178800
181502 181668
185853 185981
187594 187879
189108 189208
194523 194864
196492 196620
200903 201831
205008 205228
210084 210485
211017 211264
211977 212459
213650 214154
218994 219501
231569 232272
233531 233597
237321 238184
241118 242771
243581 244617
245189 245999
247126 248001
249349 249535
250292 250538
254264 254321
256924 257490
259038 259378
259930 260078
262284 263405
264635 264792
265710 266023
267406 267457
268151 268266
273418 274989
276373 277582
278302 280050
280645 281029
284413 284493
285360 287323
289011 291366
291878 292825
293334 295029
296711 297004
302531 302776
304435 304529
306073 306229
307093 307327
307969 308083
310027 310106
311430 311585
313139 313551
314728 314815
317602 318191
318723 318845
320297 320763
323457 324776
326553 327070
327595 328367
329293 330248
332704 333008
335900 336113
337105 337393
339303 340050
341475 341616
343976 344237
344924 348520
358474 359164
359668 361961
363182 365701
367794 368021
369322 370483
371202 372038
373760 373853
374531 374635
377746 377812
382730 382806
383444 384588
385883 386935
395324 395961
397234 398318
400344 400884
402560 402849
406122 406354
408040 410087
411710 411905
414247 414311
414819 415734
418309 419223
420544 421481
424012 424493
425026 425224
426808 426923
427580 427880
428936 429302
430821 431022
432032 432182
434948 436665
438367 438482
445786 446149
453318 453480
454804 455755
459715 459953
460649 460949
465356 465496
468563 468636
471549 472760
474778 475722
485103 485201
486518 486717
487746 487796
489507 490342
491572 491870
494580 494725
498826 499909
503926 504346
507081 507506
508540 508776
509718 510096
513559 514400
515558 516367
517179 517277
517881 519031
522553 523161
523745 524151
527049 527194
531671 532279
533900 534247
535362 535632
539146 539570
540992 542223
543878 545304
551037 551250
555363 555536
558646 559095
561690 561925
563934 564877
566401 566692
567261 567378
571321 571484
574079 574155
575196 575380
577476 577671
579139 579955
580496 580751
583687 584288
587093 587317
588244 589622
590481 590697
591331 591578
593484 593659
595534 595627
597889 598171
601261 602158
604712 604763
606747 607308
607863 609998
620199 620351
622012 622238
625128 625783
627092 627469
632921 633486
636697 636746
637676 637925
640589 640698
641992 642432
643301 643761
648725 650609
651452 651986
661010 661189
665592 665687
666258 666692
667597 667763
668824 669158
670480 671062
671964 672283
673092 673239
673789 674142
675859 676023
678223 678811
683757 684055
685753 687102
688861 689603
691989 692358
694691 694933
696136 696558
701686 702207
703165 703519
707525 707821
708972 709515
710964 711478
713671 713903
715331 715432
716577 716689
717316 717516
718328 719796
721461 721696
722682 724023
724630 724740
727872 728005
733101 733874
736258 736549
737472 739019
739670 740041
741729 741944
742538 742622
744822 744998
754147 754484
756879 757172
759869 760234
762935 763175
766284 767940
769617 770087
771198 771386
773000 773472
775318 775469
776266 776341
779284 779825
780423 780739
782642 783989
788897 789429
790144 790620
795752 796346
796919 797265
798321 798484
807018 808296
812262 812374
816248 816387
818512 819725
821407 822641
823697 824308
825575 825830
827825 830557
831926 832831
833495 833557
834213 834305
837720 838421
839848 839947
840519 840629
842428 843299
844218 844536
845311 845457
849141 849254
849854 850459
853591 853931
855168 856263
857808 858356
863514 863748
865965 866182
868762 869708
875434 875634
876156 876472
881917 882979
888493 888542
892525 893994
896353 898210
898953 899129
901869 902199
903470 903550
904821 905175
906828 907662
913268 914816
915335 915582
918251 918549
920122 920171
921751 921914
922972 923676
925733 925946
926682 927298
928495 928884
934294 934431
935241 936123
937524 937894
939069 939308
940322 940400
945730 946022
948789 949683
950703 951779
952332 952658
953401 954180
954892 955558
958037 958161
959084 960298
964208 964562
968543 968862
970091 970936
973565 974227
976759 976895
977614 977784
980965 981038
981926 982124
984445 985220
987388 988164
990897 991226
997756 998172
998859 1001525
1003999 1004173
1004719 1004960
1006224 1006485
1008921 1010694
1011227 1011368
1012014 1012550
1013104 1014764
1016356 1017474
1019653 1020122
1023669 1023781
1025116 1025678
1026840 1026990
1028173 1028488
1030606 1030864
1034283 1034506
1035512 1035600
1037250 1037428
1042604 1042833
1047174 1048169
1048700 1049396
1049982 1050130
1052494 1053088
1054283 1055141
1058228 1060472
1063008 1063240
1066835 1067022
1070876 1071263
1072989 1074556
1079627 1080514
1083342 1083538
1086890 1087048
1091626 1091867
1092772 1093719
1095133 1095314
1096271 1097726
1100033 1100318
1101406 1102523
1103162 1109897
1110550 1111062
1113312 1113608
1114113 1115667
1116377 1116662
1118890 1119184
1121797 1122010
1123337 1123413
1127554 1127855
1135342 1135864
1136846 1137484
1138080 1139791
1140578 1141146
1143335 1143887
1153715 1153815
1155639 1156127
1156954 1157243
1158551 1159770
1162211 1162827
1164691 1164845
1165829 1165996
1166600 1167175
1169262 1169404
1172269 1172399
1172983 1173315
1175330 1176497
1177524 1178238
1179396 1179595
1180215 1180545
1181309 1181602
1183273 1185431
1187275 1187584
1189592 1190646
1191184 1192206
1197534 1197767
1198282 1198614
1199135 1199713
1200536 1201375
1202469 1202759
1203431 1203730
1204487 1204643
1205430 1205630
1214384 1215607
1216363 1216709
1218441 1218946
1219861 1220037
1221016 1221532
1224311 1225780
1226911 1227334
1228593 1229092
1235492 1235679
1239594 1239842
1244631 1244708
1251864 1253079
1254845 1255372
1257029 1257302
1266954 1269606
1273135 1274405
1275603 1278187
1278940 1279038
1279798 1280059
1281845 1284240
1285392 1286141
1286796 1286938
1292120 1292533
1295376 1295555
1296492 1296703
1299732 1300031
1304912 1305153
1309534 1310635
1313046 1313293
1314513 1314692
1315899 1316824
1319717 1320001
1321110 1321387
1324112 1324498
1331909 1332909
1334276 1334576
1336002 1336197
1342799 1342958
1343657 1344166
1348322 1348643
1349912 1352236
1354852 1355711
1360509 1361857
1362618 1362746
1363452 1364438
1366536 1366686
1367387 1367878
1368607 1368862
1372577 1373210
1377171 1377789
1379125 1379677
1380390 1380757
1382386 1382601
1383779 1385990
1389572 1389720
1396958 1397655
1405616 1406557
1410614 1410931
1412638 1412809
1423237 1423443
1424339 1425553
1429585 1430201
1432893 1433090
1436980 1437586
1438595 1438907
1444468 1445266
1448121 1448274
1455523 1455607
1458007 1458229
1458742 1459109
1460587 1460684
1461434 1462269
1464069 1464237
1466473 1466598
1478720 1479277
1480109 1480518
1481947 1482198
1482930 1483018
1484019 1484229
1485041 1485162
1493842 1493921
1501389 1501544
1506056 1506439
1506969 1507148
1509953 1510013
1511695 1511753
1512598 1512789
1516424 1516622
1518340 1521159
1521875 1522123
1522795 1524902
1525413 1526909
1527508 1527661
1532106 1532413
1534455 1534955
1536892 1537566
1540802 1541390
1541997 1542334
1542993 1543565
1544112 1544333
1546463 1546632
1548982 1549907
1550800 1551306
1553992 1554225
1557519 1557760
1558753 1558928
1560040 1560911
1565905 1566320
1569534 1569823
1571207 1571620
1573300 1573582
1574150 1574206
1575914 1576359
1577776 1578059
1579530 1580181
1581910 1582414
1584289 1585101
1587866 1587938
1591408 1591880
1592543 1592856
1596711 1597149
1598068 1598361
1601194 1601337
1605561 1605699
1607169 1608374
1612354 1612607
1613873 1614077
1615568 1615631
1619683 1619774
1624151 1625920
1626614 1626810
1627683 1628650
1636645 1636906
1643460 1644166
1648554 1649602
1652646 1653106
1654846 1655141
1655775 1656718
1657922 1658468
1659861 1659981
1661093 1661843
1663223 1663625
1664569 1665070
1668582 1668633
1669341 1669624
1672253 1672380
1674521 1675064
1677833 1678310
1686255 1686660
1687536 1689484
1695560 1696718
1703678 1704008
1705086 1705257
1712831 1714019
1715568 1715820
1717930 1718518
1720205 1720629
1724041 1725945
1728723 1729544
1733366 1733798
1739300 1740879
1741438 1741797
1743369 1745004
1748259 1748312
1750410 1750750
1751951 1752294
1753634 1753727
1757591 1758689
1760232 1760421
1762345 1762595
1763293 1763728
1764311 1764408
1766631 1767329
1767908 1768144
1771207 1771433
1776874 1777173
1786150 1787407
1787930 1788190
1788967 1790540
1792383 1792917
1793881 1794065
1795895 1796417
1797812 1798306
1799051 1799327
1802279 1803751
1817118 1817601
1822231 1822469
1823155 1824105
1824750 1825167
1828284 1829471
1833035 1833151
1838418 1838638
1842981 1843263
1847630 1847795
1851962 1855080
1856705 1857309
1859765 1861053
1863438 1863520
1864282 1864679
1868966 1869418
1871607 1871738
1875250 1875448
1877036 1877923
1878846 1879285
1880500 1880962
1882795 1883070
1888507 1888894
1890664 1890922
1891438 1892170
1892720 1892971
1902213 1902673
1905122 1905545
1906999 1907103
1907627 1907944
1908930 1909227
1910286 1910531
1915868 1916301
1918401 1918660
1923591 1923857
1926622 1927192
1930030 1930319
1932103 1933028
1935573 1935691
1941053 1942350
1943310 1943363
1946254 1946401
1946953 1948560
1949772 1949897
1951892 1952682
1954096 1954278
1954790 1955555
1959643 1960362
1963275 1963533
1966956 1968221
1969676 1969903
1971332 1973071
1975788 1975879
1985993 1986934
1988858 1989142
1991197 1991940
1993607 1994675
1997404 1997690
2006534 2007534
2008487 2008962
2011355 2013826
2014589 2014794
2016414 2016648
2017777 2018020
2019969 2020140
2021409 2022120
2023601 2024128
2027045 2027120
2034978 2036010
2037919 2038036
2039993 2040663
2043552 2044234
2045473 2047190
2048378 2049897
2059102 2059298
2061356 2061469
2062729 2063047
2063975 2064138
2066766 2067093
2078123 2078247
2079079 2079431
2082438 2082890
2083549 2085586
2086780 2086834
2092236 2092458
2093626 2093699
2094213 2094521
2096025 2097043
2098658 2098941
2102565 2102805
2103597 2103768
2104425 2104487
2107470 2110546
2112280 2112512
2116897 2117204
2119632 2120122
2120745 2120812
2121465 2121694
2124702 2124939
2127607 2127802
2129804 2130002
2133546 2133956
2140173 2140435
2141216 2142023
2145352 2145602
2148479 2148621
2149787 2150531
2151710 2152589
2154684 2155473
2156195 2156677
2157710 2158008
2171468 2171861
2173519 2173805
2174945 2175846
2177773 2178260
2178893 2179782
2181112 2181375
2186371 2186609
2188062 2188382
2189225 2189876
2191825 2192039
2192690 2192871
2197087 2197732
2199483 2200262
2200817 2201502
2204213 2204792
2207036 2208065
2209383 2209752
2212245 2212893
2215151 2215519
2216656 2217021
2219853 2219923
2223343 2223895
2227568 2227683
2228230 2228741
2229899 2232140
2233159 2233295
2237692 2238675
2239227 2239436
2243035 2243183
2244568 2244722
2246009 2246226
2246785 2247137
2248878 2249619
2250150 2252336
2252922 2253325
2254172 2254336
2255941 2256357
2257772 2258046
2262313 2262588
2263650 2264028
2264853 2265350
2266256 2266527
2270127 2271024
2272215 2272327
2276950 2277214
2278493 2278732
2280629 2281619
2285822 2286911
2287809 2288535
2289215 2289668
2291648 2291874
2293191 2293469
2296510 2297171
2297942 2298221
2299308 2299696
2300540 2300684
2301782 2302211
2304636 2305201
2309097 2309329
2310541 2312121
2318798 2320123
2321910 2322250
2325231 2325349
2326015 2326303
2327748 2327899
2329060 2329848
2332029 2332181
2335114 2335327
2336172 2336452
2338905 2338994
2340168 2340263
2340793 2341081
2342315 2342545
2343059 2343269
2343894 2344046
2344668 2345415
2345960 2346526
2348754 2353479
2357872 2358019
2358913 2359623
2362047 2362822
2363457 2363514
2367746 2367881
2369777 2370167
2370669 2371075
2377035 2378303
2383162 2383997
2386007 2387431
2388479 2388564
2393564 2394204
2394836 2394935
2395467 2396148
2396658 2397323
2403163 2404737
2407246 2407499
2412345 2412541
2416999 2417456
2419402 2419570
2420923 2424300
2427613 2428015
2431221 2431524
2432128 2432762
2434634 2434751
2438792 2439921
2441011 2441348
2442523 2443661
2444194 2444383
2447141 2448101
2450674 2450967
2454591 2454793
2457979 2458194
2459489 2459792
2461399 2461526
2462482 2462583
2467158 2467280
2468663 2471037
2476925 2477293
2477802 2478153
2480039 2480357
2481130 2481586
2492702 2492975
2495698 2497717
2502380 2502474
2503272 2503502
2509365 2509552
2513053 2513352
2518830 2519132
2520151 2521140
2523728 2524032
2527667 2527832
2529787 2530099
2531966 2532138
2533463 2533548
2534664 2534931
2543462 2543561
2544142 2544413
2545016 2547306
2548010 2548170
2548853 2548919
2555211 2555460
2557435 2557766
2560556 2560933
2562304 2562539
2564069 2564266
2567286 2568294
2569729 2571236
2572273 2572413
2579388 2579840
2580405 2581065
2584028 2584599
2585289 2585826
2588839 2589631
2590546 2590629
2592777 2597027
2601290 2601775
2605396 2606779
2607305 2608241
2608803 2609536
2610181 2610321
2612000 2612125
2614886 2616242
2616983 2619023
2619549 2620982
2623178 2625365
2630268 2631471
2642946 2643164
2646265 2646499
2647017 2648336
2652829 2653089
2659698 2660609
2661785 2661937
2662465 2663144
2669805 2670192
2671851 2672989
2674609 2674818
2683445 2684767
2685813 2685995
2688084 2688252
2690860 2692081
2693055 2694492
2703838 2708861
2717418 2717744
2719081 2719338
2720393 2721764
2724252 2724713
2726264 2726625
2727849 2727950
2730169 2730605
2732821 2733379
2734742 2736784
2737751 2738652
2739744 2740294
2741905 2745878
2752492 2752557
2753152 2753921
2762136 2762457
2768083 2769508
2770083 2770296
2770852 2771037
2772179 2772440
2774174 2774927
2777436 2777556
2780263 2780483
2781889 2782043
2786221 2786455
2787930 2788070
2790015 2791259
2795840 2802428
2803067 2804184
2805272 2807229
2809473 2809629
2812663 2812817
2813472 2815055
2817673 2817856
2818889 2819624
2821330 2821755
2822415 2823208
2824499 2824825
2825389 2825627
2826631 2827715
2828232 2832709
2834601 2835086
2837641 2839363
2843697 2844715
2849267 2849981
2851213 2851299
2854767 2855055
2857217 2857370
2861223 2861645
2865339 2865470
2866552 2867360
2876501 2877341
2881068 2881151
2884438 2884648
2885302 2885583
2888501 2889188
2890489 2890880
2891578 2892168
2894250 2894512
2896324 2896444
2897192 2897534
2901503 2901893
2903139 2903521
2904527 2904628
2905420 2905688
2907373 2911775
2916029 2916401
2917523 2917612
2920401 2920469
2923547 2924091
2929634 2929755
2930300 2930486
2931081 2931707
2934081 2936936
2937939 2938175
2938874 2939353
2942345 2942832
2944829 2945043
2949932 2950335
2950908 2952976
2955470 2956108
2959330 2960787
2963187 2963279
2963806 2964314
2965549 2965764
2966637 2967186
2969200 2970674
2974026 2974104
2975598 2975856
2976754 2977422
2979347 2980527
2984333 2984544
2985753 2986259
2986873 2987059
2995728 2996594
2998929 3000447
3001983 3002154
3002861 3003048
3003645 3004226
3004907 3005727
3008470 3008778
3011455 3011553
3015416 3015889
3016466 3016661
3023802 3024106
3029975 3030232
3034039 3034169
3038131 3038201
3039131 3040675
3044169 3044764
3045399 3045912
3048219 3049422
3049975 3050123
3052565 3054658
3055264 3055359
3059480 3060019
3060727 3060916
3066405 3066880
3067449 3067758
3070403 3071955
3074221 3074885
3077690 3078505
3080305 3081237
3083873 3084164
3085157 3085521
3089685 3089828
3090387 3090540
3091167 3091339
3092751 3092986
3094544 3095445
3097040 3097827
3100818 3101027
3102089 3102167
3104199 3104703
3105388 3106885
3108941 3109348
3109901 3111082
3111635 3111825
3116457 3116582
3118632 3118918
3120259 3120487
3122852 3124341
3128286 3128758
3129271 3129442
3136083 3136433
3137810 3138611
3139122 3139304
3140867 3141031
3143944 3144219
3145133 3145669
3147933 3148238
3148752 3149076
3151628 3152363
3152867 3154165
3154716 3154845
3155411 3155696
3156582 3157452
3158017 3158511
3161094 3161584
3164320 3164500
3168392 3168542
3175978 3176140
3177660 3177959
3185435 3185674
3189222 3189734
3191729 3191808
3194247 3194827
3196701 3197151
3202710 3202793
3209742 3209796
3210314 3211066
3211979 3212604
3218230 3218679
3225027 3225657
3226866 3227843
3228502 3228790
3233646 3234969
3238108 3239269
3243490 3244059
3246522 3247843
3251960 3252363
3254322 3254604
3256383 3257362
3258111 3259418
3261036 3261255
3264309 3264579
3265490 3266050
3267995 3268316
3270077 3270909
3272648 3273154
3273700 3273802
3277203 3277491
3278506 3278634
3280720 3281026
3286082 3286886
3288671 3289036
3292747 3293815
3294675 3295048
3300686 3300869
3301375 3301528
3303537 3304167
3305135 3305254
3308122 3308231
3309020 3309158
3316751 3316906
3318656 3318971
3324924 3325471
3326098 3326314
3327697 3327851
3329113 3329394
3330386 3330602
3331247 3331720
3334301 3334931
3335593 3335818
3337422 3338070
3338620 3339123
3340733 3340907
3342269 3342381
3346166 3346599
3348300 3349209
3350594 3350687
3352535 3352759
3354271 3354421
3355593 3355902
3357853 3357946
3358624 3358778
3359988 3360134
3360769 3361360
3362214 3362334
3363417 3363936
3368200 3368916
3369946 3370019
3372009 3372228
3372948 3373184
3375074 3375593
3376882 3376950
3377509 3378116
3381980 3382090
3383534 3384205
3388208 3388349
3390876 3391049
3393939 3394231
3396775 3397409
3398041 3399129
3403478 3404031
3408259 3408555
3409366 3409532
3411019 3411702
3412621 3416858
3418437 3418898
3420411 3421196
3421734 3421978
3422925 3423103
3424185 3424533
3425100 3426821
3428031 3428126
3428710 3428898
3429903 3430123
3431199 3431391
3432701 3433266
3434501 3434717
3436013 3436508
3437034 3441342
3441897 3442984
3446524 3447350
3448979 3449262
3453550 3453836
3454701 3455300
3458673 3459108
3460797 3461043
3461773 3462098
3463545 3464108
3466467 3467117
3468008 3468170
3476018 3478512
3482786 3483053
3483591 3484190
3484692 3484969
3487258 3488651
3490219 3490681
3492489 3492842
3494437 3494671
3496278 3496680
3500362 3501850
3506338 3507142
3509342 3510151
3512388 3513427
3519115 3521441
3523458 3525366
3527572 3528077
3528743 3529343
3530281 3530552
3532497 3533452
3534183 3535551
3538281 3538704
3539388 3539669
3544402 3545563
3546198 3546247
3548214 3548747
3550253 3550528
3551095 3551470
3552062 3552880
3556468 3556800
3562777 3564232
3565782 3566166
3566712 3567587
3568580 3572179
3576845 3577332
3580049 3580169
3585231 3585388
3586297 3586874
3587760 3587895
3591151 3591482
3598409 3599371
3600217 3600602
3601295 3601609
3606895 3607188
3607738 3608432
3609259 3609325
3610106 3610452
3610995 3611368
3614385 3614686
3615437 3615706
3616747 3617128
3621797 3622866
3626376 3626469
3631020 3631300
3632096 3633102
3635124 3636823
3638412 3638533
3645704 3645885
3648477 3648670
3653941 3654315
3656770 3657423
3659912 3660097
3662262 3662547
3666155 3666585
3669696 3669781
3670527 3670998
3672286 3673343
3674438 3674518
3676143 3676368
3677479 3678293
3681300 3682967
3686161 3686596
3688654 3689314
3693011 3694286
3695497 3695773
3698462 3699292
3703808 3704013
3704642 3704995
3706306 3706396
3707438 3707700
3712132 3712386
3715623 3715850
3717300 3720993
3721942 3722430
3729454 3729784
3730617 3730762
3733014 3733441
3734165 3734959
3738104 3740085
3745755 3745864
3755039 3755204
3758373 3758568
3760499 3760589
3762005 3762489
3767338 3767420
3776105 3776802
3777535 3778945
3781243 3781502
3782546 3782810
3783602 3783660
3785271 3785492
3787211 3787449
3792674 3793343
3796507 3796744
3799766 3800477
3801671 3801813
3806501 3806889
3812322 3813621
3816721 3816824
3817379 3817566
3818520 3818975
3820926 3821048
3823448 3824155
3828430 3828716
3829899 3830215
3831470 3831866
3832662 3832927
3835229 3835632
3836290 3837601
3842174 3842898
3847284 3847697
3850737 3850957
3853515 3853783
3855079 3855654
3856405 3859265
3860837 3861133
3864209 3864683
3865986 3866181
3867375 3867550
3869266 3869405
3873362 3873679
3875571 3876130
3876953 3877928
3878547 3879273
3884865 3885218
3886339 3887514
3893201 3893432
3894116 3894525
3896504 3896704
3903921 3904180
3906546 3906827
3907730 3908442
3914290 3914519
3916216 3916479
3919998 3920690
3922639 3922828
3925076 3925425
3926507 3927392
3928232 3928980
3929718 3929885
3932454 3932943
3936337 3937233
3939710 3941861
3951389 3952668
3953562 3953859
3955430 3955485
3959865 3960606
3961260 3961373
3962650 3962863
3964715 3964917
3965789 3967644
3971426 3971674
3973873 3973997
3978353 3979219
3988048 3988532
3989065 3989334
3992192 3992575
3993092 3993381
3994047 3995456
3996558 3996728
4001985 4002157
4002715 4003250
4006062 4006592
4011547 4011876
4017478 4017815
4020554 4020734
4022082 4023751
4025508 4026707
4027216 4030504
4031405 4031566
4035120 4035411
4038170 4038571
4039328 4039520
4045316 4045952
4047190 4048876
4051369 4051599
4055996 4056213
4057715 4060412
4061062 4061655
4065768 4065882
4068079 4068167
4069589 4069723
4070579 4072257
4072851 4072989
4073641 4074280
4075741 4076108
4076705 4076997
4081024 4081254
4085161 4085974
4088859 4091019
4094915 4095487
4097371 4097656
4099417 4100658
4103768 4106539
4109248 4110841
4112329 4118092
4128149 4128790
4131573 4132324
4134774 4134907
4136161 4136310
4136882 4137456
4138679 4138827
4143572 4143951
4145681 4146236
4146886 4147039
4147659 4148413
4149228 4149455
4149994 4151953
4152672 4152738
4155592 4155785
4167839 4168068
4168677 4168956
4170211 4170353
4173764 4174027
4175767 4176379
4176956 4178159
4179096 4179637
4180757 4181281
4183409 4184566
4185265 4185410
4186918 4187847
4192134 4192388
4195913 4199608
4200601 4201767
4209050 4209259
4210099 4210270
4210808 4211093
4211654 4211825
4223643 4224292
4226288 4228042
4229981 4230091
4231199 4231424
4233054 4233818
4234503 4235237
4238410 4240252
4244870 4245227
4247720 4248067
4248758 4248903
4256622 4257128
4257649 4257904
4258873 4259100
4260190 4260799
4261740 4261988
4262605 4262792
4266831 4267226
4268708 4268870
4269527 4270106
4272925 4273343
4276082 4276147
4277108 4277269
4279973 4283078
4284210 4284491
4288854 4289162
4290661 4290914
4291931 4292599
4294312 4294590
4295117 4295311
4298326 4298542
4299515 4299622
4302449 4303358
4304633 4304732
4308813 4309051
4313772 4314427
4314997 4317020
4318446 4318515
4319098 4319225
4322178 4322411
4324579 4325092
4327340 4327575
4329819 4329875
4330959 4332855
4336943 4337629
4338793 4339261
4340138 4340386
4344083 4344161
4347036 4347135
4350270 4350354
4350984 4354679
4355188 4356409
4358962 4359047
4360497 4361843
4364341 4365549
4366917 4367113
4369772 4369917
4370700 4370854
4371826 4371988
4377981 4378051
4378654 4379480
4382684 4382976
4384537 4385058
4386419 4386877
4389549 4390322
4392588 4393010
4399011 4399089
4407190 4407516
4408584 4408751
4414874 4416085
4416594 4420484
4422400 4422638
4423185 4423679
4425422 4425786
4426905 4427651
4429088 4429293
4430790 4430983
4432852 4432902
4434568 4437507
4440627 4441301
4441971 4442346
4443742 4444054
4445808 4445872
4446497 4447033
4450145 4450570
4451307 4451450
4452128 4452235
4452756 4453333
4456676 4457855
4459030 4460496
4461643 4461994
4462499 4464332
4465054 4466133
4472612 4473475
4475295 4475763
4476925 4477080
4479263 4479566
4480547 4480766
4482719 4482811
4483469 4483848
4485447 4486155
4487540 4487697
4491342 4493153
4496342 4497276
4498321 4498745
4504084 4504509
4508057 4508745
4509398 4509494
4521402 4521462
4522222 4522312
4523529 4523743
4528377 4528644
4529904 4530020
4533513 4533714
4534335 4535296
4538442 4540421
4543071 4543619
4544594 4544940
4547880 4548581
4552032 4552298
4554442 4554689
4555692 4556001
4557411 4558592
4560033 4560510
4562985 4563284
4564398 4564715
4567735 4567854
4573380 4573517
4574435 4574721
4576802 4577116
4577973 4578792
4579690 4579791
4583799 4584483
4586838 4587071
4588777 4588879
4591221 4591518
4593326 4593620
4596667 4596805
4601874 4602453
4603605 4603776
4608147 4608336
4610765 4610981
4616791 4617181
4618400 4618564
4619462 4619588
4621690 4621764
4626252 4626780
4628546 4628839
4629493 4629949
4630702 4633352
4635151 4635772
4640449 4640727
4643781 4644387
4644952 4645085
4649672 4650249
4652963 4653236
4653756 4654313
4655361 4655571
4657324 4657674
4659801 4660382
4662225 4662312
4664691 4665262
4666836 4667185
4670065 4670293
4672241 4672579
4673528 4674272
4676956 4677118
4681751 4682943
4683499 4684003
4686678 4686959
4687847 4688033
4696695 4697044
4707250 4707616
4714329 4715318
4724053 4724475
4725693 4727409
4727975 4728078
4729447 4729593
4735319 4735467
4738796 4738904
4739673 4739768
4744284 4744762
4745807 4746854
4748227 4749258
4749806 4750020
4754831 4755071
4755811 4757363
4758778 4759424
4762872 4763044
4764506 4764938
4768009 4768810
4773608 4774975
4776283 4776723
4778197 4779571
4783246 4785124
4787268 4787628
4788835 4790004
4799118 4800447
4801669 4801838
4803298 4803468
4805961 4806049
4807844 4808891
4809744 4809931
4812546 4812821
4817925 4819167
4820834 4821820
4826826 4827062
4829702 4829835
4832730 4833112
4834845 4837283
4837895 4840241
4840883 4841851
4842537 4843774
4846823 4847096
4847669 4848066
4852640 4852825
4857371 4857432
