Salmonella_0920_Ancestor_
1 253
63993 64225
65611 66109
78616 78688
103684 103890
139506 139602
202938 203044
289304 294506
323472 323611
335533 336113
337105 337318
349550 349691
388943 389194
434253 434611
562187 562321
574502 574780
621223 621415
630224 630390
635052 635195
735397 735564
757272 757394
787099 787202
819573 819638
829980 830557
861985 862144
881008 881107
909830 910240
997856 998027
999478 999808
1000766 1000859
1024344 1024537
1025116 1025636
1062370 1062645
1067792 1067859
1075231 1075532
1099095 1101448
1105059 1106604
1108269 1109799
1110353 1110807
1114308 1115521
1135535 1135822
1136884 1137535
1147724 1147811
1197966 1198721
1224285 1224581
1259269 1259597
1287462 1287551
1295420 1295572
1318714 1319021
1327086 1327429
1344735 1344883
1363468 1363662
1515717 1515923
1666231 1666397
1742369 1742582
1790992 1791156
1830253 1830439
1860068 1860377
1913291 1913405
1960218 1960670
2027123 2027366
2040780 2040940
2045802 2046243
2081268 2081420
2094244 2094548
2100437 2101055
2130673 2131007
2139898 2140004
2187666 2187966
2208690 2209036
2215037 2215187
2221591 2221685
2250509 2250749
2276330 2276610
2287425 2287746
2316598 2316816
2348310 2349080
2351548 2351733
2361836 2361999
2366240 2366363
2508517 2508586
2510734 2510949
2543176 2543247
2579319 2579840
2608586 2608918
2609469 2609536
2630885 2631029
2636188 2636274
2735309 2735402
2736039 2737069
2737751 2738038
2780946 2781143
2795518 2795740
2797270 2799369
2800489 2805101
2805613 2805685
2823001 2823269
2826959 2828785
2829303 2832216
2837730 2837785
2857253 2857348
2870432 2870736
2876933 2877108
2902728 2902996
2911233 2911352
2991788 2992012
3013877 3013960
3025062 3025275
3181257 3181411
3194306 3194827
3248645 3248801
3255644 3256054
3269781 3270046
3271365 3271704
3281627 3281971
3298159 3298475
3316938 3317383
3427857 3427931
3497564 3497872
3519177 3521976
3566963 3572111
3574000 3574243
3598409 3598688
3611526 3612045
3614960 3615294
3635150 3635668
3723107 3723370
3812805 3814448
3871546 3871686
3879645 3879893
3890905 3890968
3892155 3892444
3902850 3902978
3904969 3905137
4003548 4003694
4011534 4011661
4015270 4015534
4025621 4030759
4055538 4055779
4112320 4116995
4118102 4118166
4153648 4153732
4195913 4201356
4342624 4343026
4350975 4356406
4361401 4361680
4415289 4419981
4430683 4431007
4450145 4450336
4472965 4473033
4560041 4560510
4596673 4596841
4641624 4641825
4695374 4695454
4731608 4731657
4789524 4789776
4810538 4810650
4811538 4811693
4856079 4856237
