Buchnera_aphidicola_Acyrthosiphon_pisum_0995
1728 2269
14309 14472
17201 38071
46205 48654
49498 53996
63359 82813
86753 96290
105812 113153
113751 114509
115632 122587
124913 125032
133125 136270
137031 137364
137904 157580
161188 166170
166674 176144
178959 179167
200229 240373
249119 277948
287155 312996
336484 337291
354270 354350
359627 378383
396086 412963
415945 428234
429927 438102
439481 446690
453789 454099
461084 467494
472715 491121
505382 514360
519056 520986
528691 528971
537884 570352
580374 584705
591091 594580
598450 606237
612534 612632
627115 635732
636986 641799
Buchnera_aphidicola_Acyrthosiphon_pisum_ancestor
1 1193
1728 8454
9152 17410
22035 22084
28996 33336
40779 61457
65235 65517
69675 79497
82932 83177
85097 85245
112037 129408
130993 135489
144667 158311
177334 182543
188965 203159
210041 212043
219973 221846
234104 236886
253736 271466
286053 286297
288923 289135
290204 312558
313565 337094
346142 346221
362712 371901
377560 377833
400930 406357
406926 409711
449653 473942
487299 487461
488861 492269
502633 502772
517588 527484
534417 535340
536298 537103
544237 554003
563890 566779
576138 576526
586541 596115
600241 601195
603549 611778
620840 621036
624238 630879
635471 637549
