e_coli_k12_gi_556503834_ref_NC_
223680 228825
257963 258570
270596 271706
279218 279825
290496 291296
391764 392908
566835 567979
574646 575676
608062 609296
687906 688936
729791 733174
734203 735045
737736 737971
780807 780874
781632 781789
1049883 1050490
1094300 1097141
1269148 1270439
1287085 1287262
1299608 1300638
1396153 1397183
1428050 1428216
1432329 1432687
1467965 1469295
1470391 1470461
1528239 1529119
1531696 1532860
1632615 1634967
1650898 1651493
1978558 1979165
2066230 2067244
2068996 2070218
2101804 2102834
2170229 2171373
2288974 2290004
2304390 2304502
2514328 2515562
2726119 2731430
2996416 2997636
3130255 3131285
3186151 3187371
3365611 3366641
3423314 3423417
3426804 3428853
3583533 3584140
3621941 3622783
3623928 3625422
3652091 3653121
3666260 3667381
3762391 3764876
3765522 3765767
3767275 3767520
3941503 3946769
4035226 4040745
4166354 4171865
4176134 4177054
4209703 4213109
4295837 4296060
4392415 4392605
4498236 4499456
4507514 4508624
