Salmonella_0995_Taxon020_
1 360
10132 10282
17640 17938
63993 65070
65596 66512
75464 75661
90495 90594
136822 137060
161708 161785
207849 207899
223278 223484
244207 244628
259930 276052
280288 280394
288920 295001
299584 299696
301444 301521
308846 308896
331052 331327
332292 332674
350905 351480
366883 366961
369198 375912
381231 381500
386779 386900
388730 388928
390507 390747
393072 393481
419414 419556
472007 472253
475414 475563
493470 493694
500270 500409
510432 511216
561840 561904
571322 571484
578190 578298
580887 581126
589060 589300
595073 595262
597305 597414
618934 619017
624838 625136
665225 665749
667597 667805
679802 679980
724123 724204
731614 731847
752946 753033
755681 755848
759114 759353
766151 766250
774659 774724
810961 811188
829402 829912
835930 836570
850271 850513
853809 853934
856297 856517
861429 861557
873858 874625
875510 875895
876637 876732
880066 880315
886683 887364
901082 901218
912174 912433
933079 933770
945495 945607
959069 959159
982382 982658
985131 985206
990981 991069
997773 998017
999478 1000086
1000766 1000991
1023465 1023781
1025135 1025715
1048328 1048400
1083335 1083508
1095437 1095665
1099830 1103067
1103647 1106835
1107399 1110970
1114263 1115109
1127331 1127855
1128482 1128610
1135535 1135864
1136884 1139300
1184986 1185070
1194670 1194871
1224285 1224662
1263425 1263693
1278790 1278886
1291627 1291720
1297601 1297837
1393229 1393435
1398550 1398690
1401476 1409236
1417928 1418169
1419140 1419213
1420376 1420654
1434499 1434627
1451014 1451262
1461599 1462479
1468445 1468670
1491900 1491970
1516056 1516139
1541535 1542651
1575744 1575831
1580649 1580876
1607470 1607656
1614253 1614751
1674018 1674526
1681392 1681469
1684967 1685037
1695758 1695858
1702119 1702310
1706922 1708195
1789675 1789859
1819178 1819325
1822231 1822373
1823204 1823337
1845551 1845614
1884596 1884731
1905249 1905330
1913259 1913398
1915293 1915473
1944815 1944913
1964519 1964720
1968077 1968221
1998074 1998174
2009389 2010345
2036792 2038488
2045702 2047767
2048732 2049001
2054594 2054719
2066766 2066900
2073372 2073519
2078485 2080368
2094105 2094154
2094704 2094919
2100449 2107321
2139560 2139692
2159299 2159505
2162087 2162342
2177455 2177534
2190165 2190265
2207209 2207713
2210100 2210175
2287480 2287812
2290187 2290595
2322612 2322823
2333536 2333635
2345494 2347767
2348278 2350342
2350874 2352822
2356810 2356960
2415167 2415259
2420454 2420595
2428162 2428383
2434620 2434751
2436886 2437054
2458112 2458179
2546805 2546996
2552283 2552424
2568034 2568192
2579319 2579771
2580295 2581522
2605046 2605264
2630885 2631131
2655144 2655259
2714651 2714846
2733175 2733291
2736083 2739365
2740375 2740523
2741727 2741990
2755682 2755951
2758494 2758769
2759620 2760781
2764077 2764334
2764883 2773690
2774276 2774326
2784207 2784428
2792383 2792643
2796441 2801764
2836697 2836878
2838660 2838772
2857055 2869110
2873120 2873304
2885289 2885379
2897740 2897913
2911230 2911802
2914255 2914557
2917648 2917929
2954299 2954540
2964198 2964309
2975265 2975348
2985631 2985801
3015255 3015497
3019829 3020069
3028091 3028302
3035160 3035243
3045411 3045559
3058381 3058463
3093378 3093567
3094579 3095012
3110176 3110396
3123426 3123489
3130784 3131032
3161684 3161970
3181131 3181374
3194141 3194283
3198510 3199183
3207128 3207249
3207948 3208236
3219363 3219475
3228244 3228389
3230511 3230612
3268593 3268688
3274286 3274434
3309278 3310637
3324132 3324231
3347894 3348013
3352441 3352736
3381064 3381189
3393682 3393781
3425879 3426018
3437288 3437678
3497989 3498075
3519177 3521976
3558439 3558510
3565958 3566123
3566792 3567055
3593265 3598434
3606798 3606993
3613546 3613716
3635139 3635767
3652752 3653099
3658573 3658665
3724137 3724314
3729737 3729963
3734887 3734988
3744819 3745022
3759471 3759705
3788273 3788333
3802378 3802916
3806798 3806997
3811026 3811213
3816978 3817284
3830043 3830242
3835678 3835870
3871924 3872065
3919426 3919600
3931770 3931946
3951211 3951601
3959465 3960654
3972688 3972857
4012622 4018317
4069502 4069674
4099889 4105228
4112132 4112395
4127486 4127542
4138088 4138183
4160333 4160785
4182088 4182237
4183581 4183666
4195790 4201356
4227792 4227937
4235622 4235892
4269857 4270490
4286506 4287136
4348950 4349099
4350703 4352461
4352990 4356406
4360442 4360800
4361484 4361780
4383779 4383936
4391190 4391361
4394554 4400470
4431971 4432061
4438585 4438780
4475967 4476258
4488651 4488920
4489610 4490213
4509200 4509347
4520172 4520222
4542236 4542975
4552027 4552192
4559275 4559886
4567256 4567734
4586852 4586912
4593210 4593413
4604385 4604471
4628642 4628850
4632153 4632233
4665854 4665987
4668750 4668949
4678111 4678202
4683106 4683218
4686679 4687544
4705969 4706253
4771199 4771443
4781307 4781457
4784671 4784858
4808652 4808891
4813524 4813673
4816178 4816432
4831474 4831718
4849959 4850080
