gi_556503834_ref_NC_000913.3_
1 74
1063 1177
7377 7458
23867 24347
69318 69754
73041 73109
88109 88521
108490 108853
144694 144751
163316 163568
167601 167686
188416 188479
192864 192919
213020 213192
223485 229120
232922 233031
239218 239371
258007 258604
263402 263606
270680 271788
274016 275014
279157 279995
290540 291495
298833 299127
312162 312220
314944 316324
325614 325751
332943 333233
351337 351507
357587 357785
361651 361925
365193 365339
381321 382434
387141 387265
407505 407689
441495 441733
479239 479296
505579 505864
532778 532827
537225 537320
550209 550283
552053 552241
553385 553485
566923 567871
574615 575691
596993 597093
600734 601000
608163 609180
616452 616522
625894 626171
626770 626820
632461 632712
665369 665474
670070 670249
677831 678105
680305 680503
686980 687058
687911 688896
696653 696717
698538 698616
701314 701375
710441 710491
719025 719075
721743 721878
729927 731375
732030 733118
736896 738693
780715 781073
781629 781762
782522 782645
815523 815683
825829 826211
838264 838313
843713 844301
849540 849591
862367 862439
888119 888329
892372 892446
898038 898493
925868 926189
936325 936591
943514 943607
971781 971902
973470 973576
982220 982654
984320 984458
985210 985700
986630 986720
1025315 1025368
1031168 1031362
1036333 1036439
1045705 1046041
1049947 1050446
1056429 1056539
1094389 1095404
1097056 1097521
1099784 1099879
1148299 1148354
1200813 1200893
1242734 1242811
1269192 1270333
1274147 1274276
1280690 1280810
1283023 1283124
1286558 1287123
1299594 1299714
1301475 1301874
1316730 1317149
1333398 1333482
1334117 1334259
1375823 1375955
1391510 1391651
1395860 1397155
1412167 1412657
1419116 1419382
1427873 1428271
1440373 1440623
1459893 1460104
1460922 1461072
1466535 1466828
1467622 1469137
1474976 1475049
1493242 1493365
1498830 1498927
1528221 1529305
1543540 1543820
1551718 1551850
1552014 1552191
1557401 1557523
1563742 1563792
1576909 1576959
1578968 1579124
1587477 1587621
1616793 1616931
1626061 1626147
1629002 1629409
1632528 1635247
1635896 1636918
1637125 1637291
1639244 1639654
1643284 1643725
1649190 1649274
1650942 1651483
1654404 1654474
1658762 1659099
1701073 1701133
1735963 1736163
1764821 1764884
1774100 1774515
1779975 1780025
1800056 1800121
1812387 1812449
1827965 1828090
1832360 1832449
1853813 1853903
1862304 1862414
1883134 1883280
1906331 1906700
1924814 1925266
1939890 1940045
1963332 1963469
1964049 1964155
1977235 1977422
1978619 1979183
1982024 1982086
2009822 2009979
2017595 2017659
2024076 2024251
2025688 2026037
2036683 2036742
2042749 2043344
2058654 2058801
2065007 2065101
2066192 2067254
2068983 2070104
2078589 2078656
2080913 2081140
2094186 2094255
2095400 2095516
2101984 2103317
2109502 2109732
2138203 2138334
2170345 2171265
2174845 2174920
2179071 2179178
2185941 2186043
2216044 2216375
2232453 2232829
2253160 2253213
2258420 2258488
2280136 2280219
2288886 2289983
2295688 2296006
2304727 2305065
2307115 2307312
2313729 2314054
2327135 2327224
2333029 2333121
2347118 2347350
2355679 2355746
2358477 2358641
2372930 2373194
2378889 2379136
2402802 2402893
2409762 2409969
2428902 2429057
2459500 2459559
2473869 2474015
2477726 2477777
2483517 2484060
2514372 2515573
2519723 2519948
2520546 2521370
2536652 2536728
2567967 2568218
2609491 2609983
2648974 2649219
2653546 2653651
2662308 2662398
2681120 2681562
2686941 2687276
2702369 2702506
2709168 2709232
2725985 2731298
2757321 2757406
2775738 2776100
2813549 2813815
2817914 2818410
2824423 2824475
2846552 2846636
2857804 2857895
2859700 2859766
2882771 2883314
2886372 2886664
2888128 2888256
2910443 2910687
2911387 2911763
2930418 2930961
2936737 2937000
2940568 2940683
2956563 2956960
2964249 2964572
2966832 2967255
2975822 2976010
2990133 2990191
2997067 2997612
3030933 3031008
3053662 3053949
3088267 3088341
3090607 3090692
3130383 3131256
3139217 3139652
3148758 3149025
3159355 3159529
3169304 3169715
3186820 3187381
3195006 3195108
3196301 3196582
3198765 3198826
3229438 3229696
3255777 3255910
3276946 3277004
3278008 3278058
3297104 3297319
3330057 3330295
3333144 3333205
3365567 3366656
3405942 3406125
3412041 3412116
3423372 3426722
3427300 3428927
3451512 3451640
3458908 3459340
3466523 3466613
3470282 3471107
3487837 3487897
3495715 3495838
3500183 3500328
3525447 3525645
3531151 3531243
3583525 3584025
3619420 3620382
3621084 3621375
3622122 3622781
3624234 3625446
3640061 3640208
3644023 3644126
3652186 3653045
3655892 3656115
3666484 3667346
3671982 3672156
3674235 3674311
3704474 3704666
3714369 3714564
3719010 3719083
3739732 3739795
3742836 3743052
3750083 3750399
3759153 3759609
3763604 3765704
3766606 3766683
3776358 3776415
3777514 3777579
3787828 3787931
3799298 3799353
3815546 3815677
3869169 3869321
3884979 3885288
3898054 3898163
3922055 3922118
3923117 3923822
3941483 3943270
3949219 3949303
3968817 3968904
3985564 3985628
4002573 4002743
4013121 4013211
4035307 4040510
4050523 4050591
4055113 4055208
4067241 4067310
4094471 4094537
4099449 4099593
4107092 4107255
4109909 4110034
4113999 4114107
4130675 4130925
4153432 4153526
4166439 4166513
4168221 4171813
4208122 4213098
4214010 4214212
4216133 4216184
4222364 4222455
4227621 4227677
4234317 4234474
4296042 4296299
4325879 4326213
4345476 4345665
4362615 4362674
4377961 4378364
4389703 4389818
4396120 4396480
4414134 4414222
4424164 4424281
4442082 4442492
4459105 4459340
4480551 4481018
4498224 4499459
4507507 4508595
4521283 4521380
4567536 4567613
4571421 4572011
4586890 4586988
4593706 4593982
4604576 4605138
4606322 4606716
4609192 4609453
4612875 4613010
4635634 4635712
4641534 4641652
