Ecoli_ancestor_Ancestor_
1 83285
91348 92562
135947 382748
418939 424450
550059 550162
553306 555578
643910 649270
823284 828413
923423 924544
965382 968863
969385 969537
1109060 1109112
1119675 1120588
1144101 1144194
1161951 1167490
1224109 1403377
1404084 1404635
1459519 1460603
1530780 1594388
1772608 1773022
1859374 1859500
1861203 1864685
2075242 2076476
2300746 2489000
2521213 2521808
2523559 2524574
2605287 2605894
2618883 2653975
2797049 3018902
3061683 3062565
3118685 3124781
3128933 3131246
3164530 3165860
3166956 3167021
3168683 3168780
3193621 3194705
3290166 3291250
3405494 3495304
3540313 3540921
3809713 3827158
3855766 3855997
3857637 3861013
3901814 3902898
4015074 4016158
4022825 4023969
4197896 4199040
4208269 4209489
4274376 4275520
4299508 4300308
4310979 4311587
4315710 4316794
4319103 4320208
4332234 4332841
4361853 4367124
4474420 4537531
4540706 4541313
