e_coli_k12_gi_556503834_ref_NC_
19851 20458
223680 225738
257963 258570
270596 271706
279218 279825
290496 291296
391815 392908
566835 567928
574663 575676
608062 609296
687923 688936
729791 733167
734203 735038
1049883 1050490
1094351 1097141
1299608 1300621
1396153 1397166
1427838 1428316
1432329 1434681
1467965 1469295
1470391 1470461
1528239 1529119
1634609 1634967
1635894 1636783
1650898 1651493
1978558 1979165
2066231 2067244
2068996 2070218
2101821 2102834
2170229 2171322
2288991 2290004
2514328 2515562
2726119 2729149
2729657 2731430
2996416 2997637
3130255 3131268
3186151 3187371
3365628 3366641
3423314 3428853
3621941 3622776
3652108 3653121
3666260 3667381
3762391 3764876
3765522 3765767
3767275 3767520
3941497 3946769
4035220 4040745
4168215 4171865
4176134 4177054
4208056 4213109
4295837 4296060
4498236 4499456
4507514 4508624
