Salmonella_0930_Taxon007_
93592 93643
259877 260095
346957 347255
476386 476755
531283 531530
719920 720100
736932 737171
884376 884519
1135772 1136025
1253057 1253302
1478522 1478677
1642772 1642882
1647610 1647794
2072208 2072488
2399887 2399967
2563939 2564219
2592304 2592551
2627850 2628016
2664518 2664649
2691212 2691394
2728794 2729094
2912671 2912837
2948467 2948558
3106330 3106536
3190634 3190854
3344089 3344446
3374257 3374459
3388360 3388554
3435398 3435692
3439554 3439868
3650038 3650393
3720258 3720484
3771498 3771642
3858598 3858778
3922979 3923122
4171469 4171747
4176871 4176986
4427739 4427806
4721333 4721815
4813771 4814036
