Buchnera_aphidicola_Schizaphis_graminum_0990
3201 3993
8293 8824
10222 11062
12042 12793
13863 15192
23992 24166
27057 27609
28922 29823
32121 32402
36711 38717
39557 39733
47816 49128
53946 54386
54984 55406
60020 60544
63082 67054
72696 74849
77560 81030
81531 82060
100549 101787
102351 103257
103857 113797
122325 126631
136068 138255
141231 142093
143125 144343
150299 156359
158780 158879
163600 167057
167747 172532
173198 179107
180833 182579
185953 186789
202122 204092
209052 220892
223486 225371
226066 233258
234176 236890
241021 241506
242243 242425
243196 243386
246275 246500
247005 247867
256326 256546
263125 263235
265256 266053
271224 271899
275106 275921
279042 281515
287737 288269
292127 292974
293775 293929
298213 302392
303551 307132
307719 314720
315651 324672
330062 330137
336663 345551
346711 348542
350883 359936
363539 364302
366184 367871
378842 390646
391187 393500
395390 397756
406268 415918
418214 419403
420453 430627
437001 438742
439509 439825
441790 448922
449425 450353
451189 452429
453128 466457
468665 468814
477872 478170
478707 482415
485553 485748
489963 491649
492458 514636
515222 516287
524163 524887
528707 529182
531666 535162
535676 536439
537405 539490
540084 540984
546516 546929
550819 551512
552182 553367
558061 558286
567280 567517
568134 575720
577788 579799
582577 583307
584328 586422
596010 601037
601726 607661
621921 631745
634654 637635
638397 639215
650333 653168
656954 670403
680409 681703
682242 689511
690102 695934
701300 703342
705609 706819
708331 716890
718258 718561
722354 724210
733677 738846
746610 748544
749049 752679
753412 756774
758273 758498
759474 763714
766317 767131
771507 772269
775367 780612
781243 783829
786521 788854
792648 794342
799253 804967
806537 806839
807749 808083
810660 810756
811305 815572
816247 822509
824254 828861
829506 833023
834782 840051
843538 843623
845803 846895
860358 871420
871963 872820
876707 877488
880174 882395
883036 888743
890016 890311
898842 899006
903483 903717
907078 911506
912036 918317
918845 924232
928160 931904
932524 960814
961413 961731
971329 980035
980844 986065
993889 994946
1009583 1009865
1011497 1011883
1022854 1024578
1025098 1031616
1033078 1033603
1034179 1038541
1046510 1047471
1056893 1067694
1074778 1094941
1095489 1095948
1098397 1101221
1102405 1108986
1114921 1115086
1121627 1122140
1124102 1125596
1130319 1131401
1133725 1134578
1137315 1138795
1142985 1151222
1151724 1151863
1154042 1155869
1156758 1157771
1167085 1172799
1174296 1176926
1183306 1191486
1192492 1192649
1194485 1198018
1208816 1209440
1210641 1211058
1214147 1216033
1220019 1220270
1223038 1223854
1227321 1230859
1231409 1235038
1236551 1237308
1248094 1248195
1248709 1255666
1260250 1260485
1266533 1268273
1270052 1271584
1272277 1274480
1276394 1277676
1279824 1279941
1281307 1284821
1285330 1291326
1291841 1295662
1296581 1296695
1297508 1297605
1298123 1298713
1303419 1306322
1307487 1321158
1322617 1328816
1329797 1332663
1333542 1333881
1336005 1336076
1336632 1340935
1351043 1353457
1357480 1359444
1363475 1370985
1371681 1381175
1381752 1385029
1385785 1386654
1387298 1398450
1399493 1404217
1404729 1413806
1416642 1417000
1422642 1424899
1425637 1426917
1427582 1433672
1435826 1436108
1439448 1439540
1440230 1449450
1450337 1452685
1453320 1455980
1456713 1457419
1457948 1458474
1461174 1461341
1466950 1467568
1468190 1468448
1469482 1480654
1483194 1484555
1485303 1493093
1497827 1501386
1502760 1503306
1503812 1505654
1506280 1506448
1507228 1511301
1511829 1514964
1516504 1517383
1521063 1526322
1531534 1531831
1532401 1551019
1555681 1555814
1558508 1561686
1563265 1568109
1569231 1574121
1576300 1577954
1578459 1601251
1601847 1602040
1602604 1607010
1609789 1614828
1615349 1617842
1620174 1626575
1628508 1628560
1630633 1633277
1635094 1636736
1637453 1646038
1648834 1649898
1655684 1658727
1660189 1663540
1664089 1664397
1664924 1678268
1678831 1679097
1683457 1684226
1686930 1693000
1695206 1695291
1700778 1700915
1701425 1707562
1708090 1712872
1713699 1720156
1722083 1730127
1731144 1731299
1733685 1733883
1735437 1736047
1738186 1739878
1740428 1742970
1743561 1744326
1744920 1745754
1749909 1755820
1757950 1765318
1773126 1775080
1775781 1778803
1779438 1786043
1786963 1794006
1794636 1796859
1797640 1797901
1798872 1801526
1802292 1806521
1807318 1810200
1811858 1818192
1821527 1827089
1831680 1835741
1836441 1836614
1843163 1845746
1847423 1853678
1857793 1857958
1861116 1861315
1863304 1863572
1866162 1866493
1868806 1870977
1871586 1871675
1872250 1877133
1878374 1888205
1888766 1892775
Buchnera_aphidicola_Schizaphis_graminum_ancestor
1 720
1455 10339
11162 11296
15292 28822
29672 36934
38817 47266
49228 53443
59727 63177
63966 65906
67083 71427
73187 73433
74512 76061
78517 79104
80195 83146
84473 85150
85899 88553
89618 102873
104151 104427
107425 109113
110641 114596
120544 123369
124673 124956
130743 130815
131439 137273
139967 141793
142303 142410
148874 149307
153568 154387
158882 159457
161371 166843
167445 168949
175031 183918
196115 197960
200070 200201
201227 203222
206465 215911
226776 228935
231417 231498
234285 240477
245936 251995
269726 269808
270633 277399
281300 283018
287421 288910
293399 294050
294674 296977
299426 299573
303652 303878
306107 306341
321361 321554
327099 330095
337115 339588
346189 350924
351880 352158
355532 355779
357590 357805
358997 360563
363186 369226
374723 374903
378151 381610
382453 382579
385040 386030
392667 393859
394902 400146
400708 403070
403678 403935
405436 405969
408829 409593
411415 412730
415634 415684
421679 428552
431179 432267
439507 448409
453801 467587
468521 473430
474547 474665
475395 487696
490468 491660
498674 501881
504669 508736
511515 520223
522205 522460
525955 529904
532545 533133
535764 536028
539163 540116
547379 547449
549490 555219
558264 564179
569358 569503
574098 580277
582410 583946
586628 587811
591801 592923
595616 606283
610643 611750
613373 613754
614599 624898
625403 628009
631190 632181
634828 646211
648002 650138
650991 653948
655628 659886
668055 670675
672408 684012
685446 685625
689211 691276
694554 699419
700039 700292
707366 710702
714682 714751
715429 716096
716887 725449
726927 730934
731830 736586
738781 740530
741122 753398
759423 787039
787558 788651
791052 791344
797035 798783
802965 807057
807653 811114
812275 821840
832346 833915
835018 838945
846058 846352
859547 863308
866362 867205
867737 875407
890820 898188
898695 900636
929625 931258
933684 937245
954697 971034
971738 972033
975599 975740
982415 989129
990629 990906
1001460 1009468
1009985 1015054
1016346 1021394
1021998 1022802
1027150 1029445
1038385 1038860
1041912 1042007
1051335 1056982
1062027 1067161
1070214 1073374
1075628 1077192
1077863 1084691
1089272 1089519
1090994 1100591
1105471 1116335
1117127 1117850
1125367 1125541
1133597 1134503
1136025 1139160
1141087 1141877
1150410 1153718
1154271 1155320
1156161 1157857
1158482 1158737
1159246 1160604
1161757 1166015
1171420 1171947
1180107 1180246
1182268 1192573
1204407 1204583
1205100 1211968
1221421 1221618
1222392 1224704
1229045 1240493
1244018 1255145
1259594 1259887
1264648 1264732
1265939 1266039
1266551 1274987
1277821 1282150
1282885 1283733
1284928 1285363
1289604 1290144
1294532 1300746
1301281 1303182
1303763 1308582
1310996 1321390
1324254 1325787
1326473 1327682
1328911 1329084
1330329 1332319
1333442 1337062
1338596 1344072
1345253 1346046
1347148 1347313
1361284 1361375
1372414 1378815
1383391 1394378
1407760 1408921
1419718 1423207
1425148 1431322
1441074 1442546
1443716 1446031
1455881 1464483
1466358 1468645
1470650 1471684
1477636 1478432
1480230 1494078
1495965 1501551
1503844 1504709
1506948 1513407
1514679 1515897
1516498 1517000
1525486 1538046
1547329 1547565
1553326 1554330
1558207 1559557
1563586 1568277
1569111 1592639
1593298 1597710
1598813 1605000
1608730 1620443
1621840 1625059
1626937 1628928
1631071 1632732
1637321 1637562
1642256 1643032
1646586 1646670
1652832 1658100
1659601 1669212
1669723 1679713
1681127 1683041
1697975 1705590
1711850 1719358
1720565 1724232
1726081 1734914
1740468 1743610
1744624 1747040
1747615 1748152
1757915 1760429
1761204 1771004
1771569 1780919
1785053 1786313
1789453 1794466
1798850 1803260
1803767 1806521
1808425 1808639
1810063 1812223
1816085 1816314
1817988 1821427
1827189 1832607
1836441 1843063
1844581 1847323
1853775 1869993
1871586 1871675
1873682 1873760
1877446 1878507
1879239 1879758
1885711 1885932
1889251 1889478
