e_coli_k12_gi_556503834_ref_NC_
19895 20465
223564 224043
224772 225257
225836 228906
258007 258577
270638 271662
279327 280013
290540 291302
349880 349972
357575 357675
391807 392873
566870 567936
574685 575691
580408 580831
608106 609252
687945 688952
696507 696618
729901 730436
732089 733154
734247 734999
736482 737342
738174 738609
1094343 1095404
1097223 1097560
1269321 1269612
1286772 1286902
1299593 1300600
1396138 1397144
1466538 1466756
1468008 1469295
1528426 1529075
1532031 1532297
1552226 1552403
1632836 1634923
1635938 1636793
1650942 1651450
1978602 1979171
2066275 2067200
2069039 2070174
2101845 2102849
2170268 2171329
2289015 2290014
2304522 2304914
2514372 2515519
2518036 2518150
2520995 2521421
2662493 2662583
2726161 2726268
2727450 2729601
2730120 2731273
2817784 2818196
2947553 2947621
2996458 2997595
3130240 3131247
3186194 3187328
3270092 3270149
3365651 3366656
3392249 3392299
3423526 3428818
3583526 3584100
3620766 3621074
3621698 3621885
3622571 3622763
3624460 3625378
3652129 3653137
3666304 3667238
3708458 3708535
3762363 3765728
3941541 3946850
4035264 4040746
4094551 4094608
4153571 4153693
4166398 4168618
4170363 4171866
4176178 4177010
4207942 4213067
4295929 4296234
4325913 4326274
4392531 4392596
4498280 4499413
4507557 4508582
4614568 4614668
