Ecoli_0911_Taxon012_
3762 4282
5975 6307
13458 13670
15921 16056
16990 17213
17846 18258
21473 21680
26763 26831
31646 31945
36382 37114
42679 42855
52689 52840
54471 54560
61409 61627
65853 65903
68951 69190
70346 70533
75477 75650
77166 77457
87390 87871
96506 96601
98166 98793
110818 110966
122191 122402
127905 127962
129640 129838
131042 131325
138581 138992
140144 140436
141085 141215
152464 152755
159235 159312
176405 176507
178013 178206
184198 185585
191828 191879
197030 197096
206364 206547
209554 209798
210689 210842
212378 212517
221036 221155
222395 222566
224062 224393
237638 238212
252388 252678
254606 254927
259132 259337
260614 260839
270744 270924
272971 273152
278937 279612
302984 303313
313723 313865
318862 318933
320215 320281
323618 323799
329307 329671
331795 331845
343350 343417
344602 345019
345733 346404
347781 347859
366612 366816
373504 373561
376348 376764
381450 381539
382447 382498
383146 383300
392065 392365
402101 402553
407720 408091
414075 414279
422138 422256
429487 429821
430572 430635
433312 433538
442069 442246
456015 456301
457287 457352
457884 458019
459548 459798
472309 472391
485403 486117
488541 488628
490048 490334
495542 495951
515886 516255
520681 520988
524918 525148
529507 529633
534064 534155
542553 542679
548299 548415
550698 550800
554427 555006
557143 557342
564957 565088
566859 567212
568692 569014
574166 574392
579991 580312
583937 584050
597605 597845
602111 602382
604291 604704
607615 608173
614112 614412
615618 615844
620783 620875
625623 626029
629313 629434
630001 630377
636491 636607
641817 642473
650128 650334
651639 651702
653588 653641
654982 655207
656658 656856
660202 661140
668324 668675
678268 678808
682927 682980
685098 685564
686074 686852
705009 705266
707187 707376
713161 713811
723912 724049
732013 732280
736841 736922
737460 737580
742278 742429
744435 744660
747539 747773
756892 757066
760199 760648
768843 768915
769761 770048
771173 771328
772769 773144
776727 777194
788405 788705
791983 792252
796791 797094
815556 815718
817159 817516
819745 819992
824741 824854
846134 846508
854484 854756
871132 871601
873176 873241
877800 878068
879183 879441
889625 889830
890548 890761
895247 895345
901427 901633
905727 906026
907591 907809
909434 909653
917959 918110
919633 919716
928865 929369
931804 931875
932437 932952
939152 939349
941187 941401
942228 942325
944825 944966
947304 947426
956792 956928
965852 966064
966793 966926
970824 971002
985416 985529
997535 997822
1004624 1004772
1022335 1022631
1028502 1028583
1029397 1029478
1038384 1038573
1047446 1047712
1062481 1062977
1068808 1068963
1069645 1069865
1077077 1077283
1079981 1080495
1083731 1084023
1096479 1097004
1100887 1101214
1106681 1107063
1107602 1108024
1115030 1115173
1137621 1138017
1139268 1139559
1149466 1150514
1157596 1157921
1163838 1163910
1166458 1166572
1170937 1171053
1172122 1172199
1180904 1181190
1189444 1189744
1197593 1198616
1200867 1201115
1212563 1212832
1215061 1215566
1226909 1227029
1241895 1242079
1245254 1245619
1249293 1249465
1250885 1251075
1259076 1259189
1261092 1261469
1263112 1263239
1276980 1277104
1284981 1285138
1288946 1289094
1296951 1297550
1304087 1304219
1305460 1305799
1311224 1311472
1312722 1312969
1327312 1327947
1336234 1336603
1339008 1339333
1342091 1342143
1348979 1349326
1350458 1350548
1357503 1357712
1374588 1374910
1375684 1376524
1377698 1377947
1380397 1381058
1383422 1383522
1393203 1393494
1394588 1394739
1395250 1396153
1396654 1396975
1408775 1409040
1413385 1413450
1425838 1426058
1427337 1428239
1439706 1439801
1440807 1441018
1452222 1452346
1458147 1458473
1463773 1463853
1479674 1479785
1480463 1480520
1485860 1486450
1491503 1491934
1496266 1496542
1513639 1513834
1517637 1517716
1524529 1525224
1527297 1527467
1533129 1533364
1534234 1534307
1546735 1546913
1558666 1558937
1559533 1560142
1562494 1562631
1565986 1566105
1569127 1569318
1580314 1580680
1588044 1588167
1603499 1603686
1617805 1617932
1622122 1622215
1627389 1627977
1641282 1641545
1644110 1644345
1666001 1666769
1678673 1679085
1680274 1680409
1683028 1683113
1689572 1689849
1694934 1695543
1704780 1705091
1706447 1706680
1725493 1726559
1728255 1728426
1731002 1731132
1734225 1734951
1736169 1736457
1742802 1743087
1748281 1749352
1754205 1754567
1776761 1776992
1778948 1779299
1782917 1782979
1783500 1783961
1787414 1787630
1793784 1794082
1799113 1799513
1814980 1815089
1822522 1822831
1829203 1829861
1830823 1830919
1833624 1833702
1841971 1842296
1844311 1844606
1846324 1846411
1853603 1854033
1869374 1869718
1878807 1879370
1885640 1885911
1888073 1888232
1896678 1897113
1901795 1901913
1910115 1910483
1918978 1919117
1929453 1929841
1936710 1936879
1940205 1940275
1941686 1942238
1944087 1944411
1958150 1958323
1960676 1961488
1978015 1978277
1980557 1980852
1984122 1984237
1985427 1985478
1990282 1990542
1996544 1996767
1998649 1999294
2000545 2000749
2003695 2004127
2014836 2015119
2027510 2027814
2031667 2032531
2034696 2034763
2037841 2038202
2039253 2039552
2044985 2045087
2048285 2048346
2068510 2069065
2070673 2070797
2077272 2077412
2079813 2080119
2083688 2083794
2091432 2091546
2092210 2092541
2095089 2095331
2100626 2100829
2103515 2103692
2106448 2106682
2112792 2112858
2115429 2115557
2120714 2120773
2137326 2137647
2143127 2143998
2147200 2149450
2153051 2153161
2161365 2162033
2180613 2180997
2189594 2189919
2197318 2197743
2210937 2211358
2215712 2216177
2219341 2219594
2227973 2228256
2231649 2231752
2236219 2236456
2238156 2238745
2244932 2245057
2247168 2247248
2252279 2252388
2258840 2259160
2262478 2262726
2264723 2266592
2269199 2269322
2279430 2280024
2290552 2291280
2292488 2292966
2300909 2301177
2319252 2319624
2325622 2326024
2328753 2329083
2332083 2332142
2334581 2334673
2341838 2342077
2354273 2354535
2358584 2358875
2372098 2372155
2383009 2383234
2391739 2391806
2401912 2402091
2410616 2410695
2412995 2413150
2415054 2415416
2422498 2423237
2427174 2427258
2434987 2435636
2442693 2442937
2450100 2450551
2451091 2451183
2462153 2462350
2462859 2462913
2465167 2465422
2481759 2482020
2487527 2487757
2492910 2492969
2495128 2495365
2495938 2496173
2500930 2501299
2501804 2501975
2507177 2507753
2512607 2512685
2520067 2520320
2521529 2521581
2530222 2530497
2539058 2539225
2550705 2550794
2554779 2555108
2556118 2556272
2560657 2560820
2561492 2561606
2571915 2572308
2589356 2589519
2593500 2593932
2594882 2595028
2607859 2608229
2613739 2613812
2631431 2632234
2633418 2633768
2640512 2640746
2643923 2644378
2646062 2646165
2652483 2653253
2676681 2676875
2701478 2702044
2723392 2723537
2738041 2738188
2750360 2750722
2754236 2754884
2757760 2758054
2758972 2759210
2765447 2765909
2766940 2767243
2769645 2770047
2792278 2792465
2797056 2797199
2797845 2798014
2800893 2801195
2803214 2803455
2807380 2807644
2825146 2825357
2838034 2839128
2855532 2855979
2858815 2859109
2859722 2860018
2862111 2862366
2865819 2866402
2872742 2872981
2878670 2878952
2904174 2904632
2905333 2905641
2908837 2909120
2912001 2912395
2918110 2918193
2924764 2924926
2934468 2934831
2949083 2949236
2954589 2954704
2955220 2955346
2960406 2960639
2964268 2964439
2985544 2985948
3000729 3001480
3004700 3004793
3007768 3008289
3011056 3011336
3014773 3014935
3017221 3017421
3019649 3019714
3030308 3030580
3032758 3032992
3036323 3036379
3042197 3042249
3060677 3060936
3063000 3063431
3066559 3066935
3068526 3068711
3071423 3071487
3077295 3077478
3079928 3080249
3080898 3081193
3085653 3085834
3105510 3105578
3122798 3122927
3132593 3132983
3141649 3141794
3145511 3145945
3150090 3150198
3153811 3154012
3166900 3167000
3172002 3172057
3175033 3175348
3177101 3177206
3183285 3183435
3190533 3190652
3191607 3191719
3202375 3202712
3203927 3204093
3211576 3211741
3217628 3217741
3219872 3220458
3221385 3221490
3234313 3234492
3251240 3251446
3267912 3267967
3272006 3272886
3275619 3275808
3276620 3276894
3279123 3279202
3280555 3280839
3293832 3294025
3310881 3310933
3321491 3321570
3327052 3327253
3332818 3333587
3337718 3337839
3344302 3344384
3347644 3347833
3349846 3350502
3359415 3359610
3362915 3363010
3364341 3365455
3370147 3370392
3375727 3375920
3378015 3378356
3380028 3380504
3382111 3382199
3385396 3386199
3387827 3387946
3391985 3392081
3397826 3397923
3404841 3405422
3410251 3410332
3412080 3412308
3418878 3419627
3423778 3423956
3428089 3428377
3432423 3432797
3433301 3433684
3438378 3438544
3443545 3444313
3449224 3449883
3453206 3453393
3455859 3456305
3466667 3466728
3469814 3469903
3477570 3477759
3481742 3481993
3483333 3483625
3495918 3496315
3498650 3499257
3502511 3503226
3503822 3503998
3508596 3508863
3511681 3511888
3517116 3517167
3526672 3527218
3538857 3538969
3540794 3541073
3547967 3548188
3549202 3549963
3560737 3561583
3562948 3563357
3568344 3568726
3574749 3574994
3604851 3605138
3611694 3612216
3614735 3614886
3618366 3618444
3620689 3620930
3634454 3634964
3637782 3637937
3647750 3648061
3670579 3670653
3671904 3672014
3685762 3685889
3694330 3694444
3697958 3698518
3701996 3702129
3705388 3705580
3712080 3712469
3722149 3722424
3727142 3727342
3735307 3735633
3739825 3739891
3742772 3742872
3750812 3750997
3754848 3754984
3757183 3757307
3766636 3766754
3768111 3768420
3773004 3773584
3781710 3781771
3782637 3782935
3787346 3787585
3795538 3795787
3805764 3806426
3815377 3816297
3817664 3817752
3821802 3822206
3829424 3829629
3841543 3841684
3845513 3845928
3857977 3858395
3864486 3865145
3866296 3866882
3868392 3868689
3874284 3874537
3876084 3876210
3877180 3877305
3886731 3886927
3895959 3896009
3907078 3907334
3911009 3911076
3916316 3916779
3926430 3926701
3933763 3934529
3939789 3939914
3944412 3944487
3959527 3959856
3971629 3971699
3978999 3979187
3986802 3987138
4000623 4001032
4009823 4009932
4017993 4018541
4023861 4024009
4030535 4030612
4039786 4040005
4040548 4040979
4055317 4055475
4056998 4057109
4065220 4065444
4065971 4066557
4071832 4071961
4082725 4083011
4088231 4088352
4089005 4089255
4104588 4105082
4115845 4116640
4119980 4120165
4123379 4123541
4126180 4126267
4142297 4142548
4153147 4153638
4154928 4155241
4161956 4162074
4169752 4169929
4170899 4171096
4174132 4174721
4180600 4180712
4207798 4208173
4224975 4225639
4243139 4243342
4247076 4247265
4251776 4252260
4253426 4253672
4254585 4254777
4255565 4255764
4279285 4279554
4283224 4283401
4291188 4291504
4298106 4299028
4299594 4300039
4306274 4306336
4307790 4308110
4309541 4309835
4312081 4312480
4312987 4313236
4320356 4320985
4322732 4323029
4334257 4334504
4336814 4336893
4344939 4345077
4353940 4354178
4354997 4355445
4369188 4369277
4377511 4377663
4380126 4380336
4381690 4382314
4397206 4397954
4402481 4402891
4414176 4414785
4419424 4419574
4420350 4420636
4428527 4428732
4435083 4435315
4438113 4438186
4455716 4455799
4458004 4458154
4470587 4470844
4476576 4476813
4481402 4481466
4490966 4491307
4501826 4501992
4505862 4506080
4512428 4513020
4513551 4514075
4515912 4516009
4516987 4517343
4520881 4521309
4528094 4528624
4534677 4534727
4537968 4538113
4538712 4538869
4546105 4546204
4547409 4547487
4553808 4553962
4560067 4560302
4561539 4561761
4569910 4569975
4571306 4571840
4574898 4575185
4577317 4577771
4587294 4587549
4597516 4597686
4602498 4602818
4612915 4613031
4620965 4621902
4622651 4622901
4625048 4625180
4635304 4635853
