Ecoli_0913_Taxon014_
2705 3199
4366 4931
8345 8437
15921 16124
17086 17218
17759 18258
19160 19460
26020 26375
26926 26988
30875 31005
31627 32134
33126 33335
34708 34956
36382 36716
41363 41693
42708 43250
45381 45495
46111 46664
52089 52931
60392 61655
62403 62689
67201 67391
70142 70533
73498 73962
78648 78826
79384 79681
80753 81069
82308 82482
87388 87515
95619 95711
98324 99277
102732 102953
105396 106142
109489 109695
110342 111677
112602 112772
114563 114750
115649 115885
124813 125000
127010 127074
127778 127962
129640 129796
137011 137131
137656 138198
139445 139569
146191 146691
149225 149622
150585 150704
151658 152183
155829 155952
166150 166824
167626 167858
168906 168993
172225 172516
174100 174362
176971 177475
183354 183944
186070 186399
187351 187426
188770 188994
189549 189666
197030 197663
200251 200477
203576 203869
207170 207631
212378 212517
214171 214307
217947 218234
219893 220072
220756 221155
223320 224350
226703 226903
230004 230090
234960 235343
238312 238433
240915 241480
243661 243856
245815 246348
249949 250050
252316 252629
256244 256512
258354 258531
259138 259855
260469 260839
265350 265627
268501 268560
271961 272366
272971 273152
273842 274378
278160 278291
280811 281029
284413 284530
285811 286155
289927 290008
292777 292830
294278 295055
297919 297988
299133 299627
305395 305475
309113 309273
309982 310304
310984 311212
313574 313755
317116 317546
326844 326984
328313 328598
330458 330776
332407 332568
333267 333524
336121 336668
337598 337661
338334 338882
341607 341856
343350 343417
343984 346403
346961 347011
347950 348246
351405 351707
357860 358448
364768 365090
369447 369558
371768 372016
374155 374643
376501 376764
387502 388063
397319 397554
399701 399779
402022 402869
407093 408603
416428 416671
418139 418331
420872 421847
423577 423918
427000 427380
429565 429794
432529 432807
437043 437326
439327 439431
440601 440691
447080 447464
452666 452942
456929 457397
458117 458580
459188 459449
461084 461252
463095 463577
467355 468099
469525 469849
471855 472431
476669 477003
482061 483038
485639 485820
489928 490547
494373 494757
496040 496497
497121 497552
498995 499161
500441 500813
502455 502629
504491 504931
505536 505968
508724 509708
514752 514828
516355 516648
520111 520180
521043 521385
522802 522929
523948 524906
525665 525941
532146 532222
539894 540063
542553 543037
544563 544638
546095 546302
547551 547721
550219 550633
552093 552645
555580 556403
560158 560382
567283 567417
570295 570349
571583 571635
573079 573220
575025 575414
576703 577087
578820 579287
585977 586355
588126 589046
590310 590977
592602 593335
595926 596143
597489 598752
604809 604938
606816 606996
609699 609939
616230 616550
619755 619828
622919 622997
623779 624092
625321 626103
629431 630655
632625 633408
641681 642048
649303 649417
650128 650426
651049 651695
654996 655526
656599 657756
658380 659011
660897 661140
664151 664216
668115 668589
669397 669581
671416 671828
673801 674221
676232 676444
677932 678282
680232 680460
682955 683406
685427 685659
687629 687714
688422 688853
691611 691754
693580 694145
696135 696208
697021 697832
698830 698881
700792 700968
701761 702777
704084 704163
704789 705054
708100 708155
709889 709988
713784 714448
716821 717029
719039 719411
724137 724440
725126 725324
726222 726420
729519 730428
731082 731339
732013 732280
733426 734060
738107 738252
738953 739796
740948 741458
742502 742996
747505 747773
751936 752014
752669 752851
753356 753441
753993 754890
756892 757228
758310 758565
767967 768759
769536 770106
771173 771555
773865 774241
775338 775585
778270 778525
780003 780198
783728 783966
785102 785209
786241 786723
787642 788246
789459 789727
795505 796369
797482 797713
798355 798966
813739 813951
815258 815745
827613 828977
841391 841691
844324 844390
846468 847183
848865 849285
850934 851834
853628 853810
854996 855676
861052 861629
866692 866834
868611 869376
871717 871865
872660 872955
876510 876791
877423 877718
880130 880206
886205 886528
894220 894701
895389 895960
896716 896966
898512 898646
902027 902146
902702 902819
907054 907146
910700 910826
916095 916325
926991 927191
929725 929831
931418 931507
933806 934300
936179 936538
937974 938190
942173 943157
943843 944088
945886 946163
951302 951666
955140 955189
962970 963077
964635 964822
965363 965573
966499 966813
968445 969246
972161 972450
978677 979154
981749 981953
986712 987655
990671 990812
992306 992802
993312 993721
995151 995362
998158 998268
1000051 1000172
1003723 1005112
1014733 1015888
1017716 1018243
1019186 1019344
1020516 1020668
1025791 1026213
1029752 1030066
1031486 1032848
1034004 1034172
1036302 1036415
1040292 1040452
1044557 1044806
1045713 1046012
1047572 1047838
1049884 1050204
1054883 1055110
1055989 1056454
1061090 1061392
1063987 1064959
1068782 1069367
1072104 1072461
1073050 1073630
1079310 1079463
1080289 1081153
1083593 1084063
1085468 1085742
1087126 1087744
1088842 1089503
1096300 1096834
1099814 1100093
1112755 1113077
1115761 1116121
1118696 1118837
1120839 1121109
1126185 1126315
1127462 1127875
1128376 1129088
1131564 1131798
1136492 1137200
1138543 1138724
1140648 1141368
1141982 1142165
1143726 1143986
1146932 1147316
1153951 1154044
1154632 1154840
1157248 1157466
1161711 1161958
1165321 1165540
1166402 1166603
1171683 1172199
1177069 1177174
1180995 1181471
1185177 1185281
1197958 1198044
1201284 1201568
1202659 1202759
1203524 1203629
1205912 1206356
1208233 1208801
1211962 1212832
1215651 1216053
1222891 1223193
1233059 1233435
1233968 1234513
1235062 1235164
1236337 1236466
1237463 1237819
1238426 1238527
1239256 1239496
1243367 1243605
1247623 1247681
1249518 1249582
1251610 1251891
1255235 1255293
1255987 1256149
1258634 1259148
1265470 1265620
1269762 1269812
1278360 1279005
1280536 1280800
1281482 1281670
1286187 1286239
1293727 1294841
1295531 1295687
1300187 1301254
1307883 1308470
1310181 1310257
1311811 1311888
1316296 1316594
1322955 1323245
1327553 1327762
1328471 1328561
1330204 1330559
1333491 1334138
1337484 1337730
1353786 1354045
1355499 1355602
1358148 1358732
1359249 1359776
1362888 1363123
1364117 1364941
1366395 1366542
1367756 1368162
1371656 1373367
1375682 1376832
1379578 1379783
1383229 1383522
1384091 1384362
1387931 1388041
1393035 1393113
1394630 1394954
1395492 1397240
1399497 1400213
1404888 1404956
1408350 1409047
1409893 1410107
1416106 1416266
1419313 1419937
1423919 1424053
1425313 1426058
1427299 1428239
1429134 1429238
1433150 1433326
1434337 1434632
1438183 1438436
1439264 1439331
1442193 1442710
1444500 1444740
1445681 1446052
1447012 1447063
1449206 1449406
1451184 1451391
1452753 1453681
1454320 1455014
1457456 1457633
1458147 1458473
1459905 1460871
1465350 1465612
1469203 1470611
1473632 1473697
1474604 1474716
1475340 1475961
1478501 1478803
1479674 1479821
1480463 1480630
1481847 1482125
1483600 1483915
1485732 1485998
1490145 1490272
1495702 1495765
1496624 1497341
1499276 1499518
1500446 1500604
1502475 1502531
1503997 1504121
1508473 1509191
1510997 1511508
1513949 1514013
1514747 1514918
1515516 1515617
1519825 1520702
1521677 1521846
1522676 1522789
1523777 1524276
1528456 1528808
1530293 1530349
1533363 1533419
1535879 1535938
1538337 1538608
1540311 1540590
1541391 1542173
1543881 1544177
1545690 1546281
1547231 1547442
1548377 1548644
1554867 1554979
1556297 1556472
1558145 1558514
1559642 1560172
1568148 1568336
1579891 1580422
1583393 1583585
1584534 1584826
1590703 1590813
1600337 1600418
1603146 1603686
1605046 1605102
1608886 1609271
1613827 1614059
1614876 1615115
1621114 1621538
1622764 1622856
1625879 1626027
1629658 1630354
1631943 1632113
1640998 1641125
1642929 1643199
1644242 1644418
1646419 1646520
1650129 1650233
1652178 1652410
1654282 1654461
1654975 1655623
1656498 1656566
1664451 1664696
1666183 1666331
1669491 1669716
1673305 1674020
1677321 1677482
1681284 1681925
1682435 1682500
1691863 1692028
1695901 1696155
1700457 1700631
1703489 1703672
1704897 1705554
1708152 1708407
1712454 1712809
1714543 1714851
1717196 1717442
1724897 1725567
1726307 1726610
1731235 1731346
1734574 1734873
1735874 1736457
1740090 1741633
1742802 1743087
1745803 1746094
1748092 1748820
1749452 1750378
1751595 1751909
1752880 1752975
1755514 1755693
1760719 1760799
1761931 1762009
1765099 1765328
1768500 1768952
1769922 1770148
1774761 1774940
1777201 1777545
1782016 1782148
1791345 1792006
1795097 1795418
1796273 1796645
1806184 1806276
1808695 1808825
1809850 1810089
1811763 1812861
1814922 1815185
1820626 1820971
1822522 1822831
1825727 1826443
1829315 1829880
1831170 1831459
1831967 1832036
1832903 1833105
1835060 1835126
1835689 1835843
1837950 1838072
1838937 1839245
1844604 1844741
1846277 1846411
1854450 1854982
1862865 1863347
1868760 1868812
1872209 1872350
1880607 1881160
1882857 1882977
1884081 1884183
1893357 1893454
1896322 1896547
1899841 1899988
1903258 1903446
1910678 1911288
1913873 1914061
1914961 1915232
1921171 1921358
1925301 1925522
1927261 1927647
1932630 1932939
1934261 1934475
1935838 1936135
1937997 1938062
1940486 1940830
1944656 1944982
1948839 1949100
1953187 1953518
1958026 1958113
1960300 1960373
1960964 1961168
1962755 1963310
1969034 1969161
1970754 1970848
1975735 1976636
1978050 1978398
1984112 1984378
1985551 1985676
1990182 1990550
1995255 1995583
1999114 1999233
2001967 2002172
2004090 2004402
2008142 2008483
2011861 2011927
2013463 2013561
2017803 2018260
2021759 2022078
2029086 2029194
2030722 2031160
2032283 2032605
2033597 2033907
2040192 2040380
2043970 2044030
2049132 2049599
2054463 2054701
2055362 2055545
2060637 2061461
2064666 2064856
2066240 2066489
2068568 2069065
2070605 2071051
2074280 2074532
2076560 2077412
2080487 2080591
2082193 2082576
2083185 2083588
2087954 2088168
2088773 2089058
2096253 2096429
2097010 2097076
2098023 2098909
2100535 2101417
2105969 2106519
2107360 2107604
2112487 2112783
2116159 2116337
2119512 2120088
2122226 2122629
2124979 2125493
2126135 2126636
2127247 2127920
2135852 2136249
2140325 2141053
2141645 2141910
2142656 2142758
2145057 2146215
2152315 2152673
2153529 2153703
2159932 2160031
2162398 2162460
2164415 2164631
2168370 2168477
2170306 2170355
2171402 2171533
2173765 2174216
2180103 2180276
2183191 2183861
2202167 2202245
2205405 2205454
2206840 2207183
2212183 2212438
2215523 2215894
2217344 2217636
2218938 2219033
2220256 2221095
2221825 2222348
2224821 2224890
2235398 2235711
2236736 2237001
2239989 2240451
2243367 2243594
2245932 2246328
2247088 2247665
2248858 2249292
2250787 2251685
2252217 2252373
2253278 2253684
2261113 2261510
2262478 2262984
2268289 2268391
2269275 2269343
2272086 2272587
2283222 2283500
2289436 2289596
2291053 2291289
2292775 2292966
2315122 2315387
2316462 2316630
2317641 2317767
2321161 2321322
2322033 2322837
2325592 2326024
2326902 2327272
2331967 2332627
2334109 2334608
2335477 2335643
2340241 2340524
2341304 2341923
2342658 2342926
2347426 2347711
2351383 2351519
2353535 2353806
2355433 2355546
2357622 2357834
2358576 2358857
2365145 2365436
2366847 2367707
2368331 2368971
2373784 2375316
2375903 2376402
2378440 2378535
2384824 2385167
2389440 2389740
2395966 2396134
2398200 2398371
2402907 2403679
2410615 2410948
2415324 2415726
2424946 2425697
2427003 2427258
2429665 2429929
2437359 2437571
2438410 2438660
2439228 2439434
2444635 2445152
2446506 2446593
2448922 2449042
2451091 2451362
2452378 2452617
2457936 2458057
2458945 2459023
2460127 2460189
2464996 2465565
2467932 2468114
2471595 2472268
2473124 2473333
2480666 2482234
2485239 2485988
2487160 2487757
2495465 2495736
2496978 2497217
2500571 2501307
2506539 2506958
2510116 2510495
2517369 2517671
2518205 2519054
2520086 2520536
2521336 2521415
2524887 2524986
2532680 2533960
2538004 2538055
2552923 2553401
2554218 2554275
2554928 2555054
2555843 2557039
2566608 2567060
2573538 2573727
2579069 2579179
2580480 2580734
2583604 2583924
2586172 2586785
2590606 2590828
2594235 2594820
2597185 2597596
2607843 2608107
2609896 2610713
2611746 2612036
2615586 2615663
2617068 2617271
2619472 2619637
2625229 2625614
2628877 2629794
2630388 2630617
2632058 2632278
2633201 2633864
2637619 2637779
2640512 2640935
2641459 2641833
2643923 2644132
2645029 2645243
2645917 2646232
2646793 2647025
2651588 2651921
2652681 2652862
2656270 2656653
2658230 2658443
2661890 2662119
2665125 2665351
2669708 2670143
2671647 2671736
2672428 2672665
2677027 2677454
2681614 2681664
2682296 2682734
2686226 2686299
2686991 2687087
2689718 2689953
2690627 2690712
2691317 2691649
2693880 2694104
2705019 2705398
2706136 2706349
2707640 2707693
2709055 2709141
2710674 2710901
2712714 2713098
2717961 2718758
2721925 2722627
2727804 2728115
2731517 2731812
2733489 2733856
2737967 2738050
2742018 2742594
2746326 2746672
2747272 2747327
2748652 2749540
2750334 2750412
2755961 2756189
2756955 2757324
2763348 2763934
2767906 2768145
2776413 2776503
2777900 2778091
2787660 2788380
2789904 2790106
2791807 2792467
2795030 2795394
2799443 2799662
2802428 2802863
2806056 2806325
2807446 2807644
2818251 2818891
2819491 2819854
2823692 2823745
2824611 2825308
2826665 2827089
2836021 2836608
2837883 2837995
2839467 2839735
2841834 2842204
2849006 2849093
2854197 2854280
2855532 2856022
2862574 2863592
2864275 2865065
2867200 2867489
2868308 2868399
2872742 2873014
2876283 2877040
2878411 2878952
2880615 2880914
2885715 2885968
2886764 2887120
2888889 2889980
2893151 2893422
2894299 2894452
2895059 2895189
2903931 2904362
2907150 2907243
2910898 2911295
2917859 2918012
2927202 2927429
2931185 2931611
2932389 2932464
2934167 2934931
2936496 2936591
2940714 2940805
2942886 2943190
2945508 2946143
2947224 2947723
2949074 2949256
2951877 2952373
2955180 2955360
2956430 2956554
2959965 2960040
2961582 2961633
2963231 2964592
2974663 2974846
2985229 2985823
2990886 2991063
2993890 2994087
2997328 2997401
3002265 3002528
3004732 3005156
3008373 3008483
3012533 3012735
3013422 3013617
3016553 3016722
3019952 3021564
3022322 3023063
3024283 3024677
3026196 3027766
3032829 3032884
3035239 3035543
3040498 3040636
3044816 3045395
3047257 3047488
3057619 3057698
3058209 3058261
3060411 3060647
3062657 3062907
3066293 3066870
3070068 3070243
3072013 3072235
3073548 3073973
3075010 3075398
3076701 3077195
3078416 3079210
3080968 3081210
3085795 3086327
3094169 3095081
3100110 3101354
3103344 3103803
3104694 3104789
3106063 3106942
3110800 3111212
3114406 3114591
3115970 3116054
3116845 3117158
3126799 3127255
3132672 3132856
3136670 3136740
3137441 3137746
3139382 3139958
3144866 3145864
3146971 3147525
3149556 3149865
3152033 3152417
3154775 3154977
3161586 3162296
3163799 3164136
3167258 3167865
3168436 3168657
3169158 3169268
3170003 3170083
3172164 3172647
3176724 3176869
3180383 3180494
3188411 3188555
3195591 3195720
3199549 3199671
3202701 3203672
3206391 3206745
3212199 3214829
3215827 3215964
3219665 3219955
3220508 3220778
3221299 3221351
3225156 3225737
3226591 3226679
3230622 3230830
3231629 3232173
3242282 3242639
3243242 3243538
3245339 3245468
3246818 3247250
3247766 3248123
3250408 3250928
3254028 3254134
3261912 3262222
3267653 3267967
3271210 3271378
3273202 3274088
3275591 3275797
3276594 3276894
3279123 3279202
3283008 3283199
3293440 3293590
3295904 3296201
3298810 3299004
3301055 3301284
3307330 3307403
3309820 3309924
3310881 3311426
3315819 3316100
3320625 3320802
3321425 3321681
3323719 3323794
3329905 3330125
3336250 3336946
3337724 3337825
3338440 3338530
3345987 3346164
3353020 3353161
3359415 3359631
3360243 3360442
3361343 3361448
3362175 3362757
3364609 3365037
3367257 3367421
3370116 3370392
3374650 3376275
3377468 3378372
3379678 3380582
3381267 3382222
3382758 3382985
3384023 3384393
3385039 3385851
3387816 3388125
3388854 3388919
3391906 3392434
3396725 3397143
3400588 3400644
3405013 3405895
3407587 3407678
3409576 3410031
3420997 3421204
3421980 3422182
3424608 3424788
3427314 3427452
3428144 3428480
3432071 3433862
3435562 3435656
3438129 3439300
3442062 3442809
3444988 3445043
3447735 3447862
3448622 3449883
3455817 3456521
3458680 3458750
3461349 3461441
3467515 3467727
3469453 3469894
3471449 3471921
3476602 3477050
3477993 3478491
3479675 3479804
3481735 3482259
3483566 3484309
3486485 3486960
3489188 3489467
3491886 3492263
3493517 3493948
3495852 3497215
3497722 3498221
3499146 3499230
3504286 3504369
3510190 3510338
3517034 3517185
3518093 3518665
3521966 3522266
3522880 3523092
3525719 3525954
3526774 3527675
3528608 3529515
3530200 3530305
3531776 3532739
3533776 3534098
3540794 3541365
3546177 3546440
3547922 3548106
3549009 3549963
3551496 3551646
3553218 3553785
3560296 3560828
3561505 3561583
3563129 3563357
3567381 3567487
3568410 3568715
3571299 3571542
3581082 3581516
3582811 3583738
3589528 3589850
3593774 3594165
3596193 3596419
3597250 3597426
3599023 3599088
3604476 3604751
3607766 3608482
3618130 3618393
3620689 3620930
3621654 3622308
3626435 3626641
3627204 3627945
3629399 3629701
3634695 3634996
3637513 3637881
3638627 3639285
3641229 3641414
3643234 3643496
3647477 3647725
3651564 3651802
3654078 3654403
3663335 3663631
3665407 3665805
3666704 3667090
3668626 3668814
3671479 3671974
3673314 3674035
3677363 3677430
3685056 3685889
3687081 3687778
3689531 3689697
3690510 3690807
3691468 3691542
3694107 3694515
3695591 3695684
3698283 3698773
3701240 3701414
3701948 3702188
3703209 3703443
3704343 3704588
3705460 3705594
3706140 3706340
3709454 3709743
3711175 3711394
3712198 3712399
3717522 3717667
3718412 3718542
3719350 3719666
3725917 3726136
3727137 3727232
3733240 3733375
3735307 3735633
3736861 3736917
3739821 3739885
3742574 3742872
3744419 3744564
3750173 3750400
3755826 3756028
3761347 3761532
3762789 3763294
3766242 3766754
3769071 3769432
3773510 3773656
3775153 3775568
3779899 3780732
3781710 3781771
3786851 3788044
3788575 3788649
3791025 3791082
3794277 3794509
3795538 3795787
3797226 3797478
3801024 3801139
3801835 3801938
3805786 3806404
3807253 3807798
3810715 3810846
3812975 3813147
3816025 3816651
3821746 3822079
3828793 3829005
3839531 3839710
3840575 3840878
3845898 3846054
3849296 3849441
3850239 3850331
3852143 3852398
3858630 3858843
3859436 3860095
3863342 3863646
3868908 3869803
3870786 3870972
3871909 3872255
3873782 3874513
3875440 3875838
3877153 3877203
3878122 3878343
3879515 3879636
3881476 3881928
3883413 3883512
3884791 3884921
3886527 3886630
3890925 3891404
3892239 3892564
3893133 3893299
3895136 3895435
3896365 3896599
3898379 3898886
3901442 3901728
3910338 3910666
3911802 3912071
3914184 3914252
3915841 3916595
3919646 3919895
3921922 3921985
3926430 3927164
3933727 3933897
3934696 3934857
3939798 3939857
3943586 3944487
3947574 3947682
3954427 3954533
3955136 3955441
3959677 3959983
3965714 3966467
3969605 3969819
3971721 3971784
3976349 3976494
3978094 3978148
3979018 3979180
3979819 3980489
3982335 3982672
3983801 3984143
3985481 3986394
3988618 3989206
3993372 3993811
3997485 3997540
3998921 3999499
4000723 4001075
4007438 4007525
4017837 4017901
4019360 4019960
4023125 4024009
4025005 4026211
4027014 4027233
4028766 4029228
4030327 4030600
4032607 4033625
4035499 4036074
4039787 4040021
4040815 4041158
4041878 4041971
4043740 4044007
4050343 4050787
4054380 4056223
4056973 4057109
4060266 4060339
4060839 4061192
4062574 4062952
4065299 4065534
4079523 4080100
4082699 4083011
4085549 4087373
4092434 4092714
4094691 4095554
4096431 4096710
4100438 4100518
4101380 4101581
4104588 4105726
4112974 4113480
4114501 4114590
4115998 4116639
4119824 4120032
4120998 4121500
4123628 4123906
4130052 4130440
4138269 4138353
4140183 4140404
4142286 4142896
4143492 4143714
4148979 4149302
4152596 4153227
4156216 4156533
4159844 4160624
4162525 4162795
4166068 4166519
4169811 4169929
4170911 4171096
4172517 4172753
4174087 4174792
4176648 4176774
4189128 4189531
4192900 4193112
4197517 4197577
4206234 4206562
4218269 4218546
4220616 4220959
4223516 4223709
4225467 4225639
4233955 4234264
4236047 4236202
4241157 4241274
4241840 4241933
4250005 4250152
4250732 4251273
4251776 4252260
4254906 4255623
4257129 4257315
4258257 4258851
4262105 4262346
4267018 4267133
4268390 4268746
4276207 4276272
4279043 4279520
4281019 4281160
4283224 4283411
4284101 4284422
4285049 4285620
4286423 4286604
4289110 4289888
4290649 4290809
4293543 4293761
4298160 4299663
4300196 4300448
4301455 4302700
4306196 4306336
4307398 4308499
4311902 4313236
4315487 4315806
4319394 4319569
4320382 4321222
4325850 4326048
4331315 4331663
4334818 4334901
4336814 4337675
4340641 4340697
4344930 4345191
4352018 4352311
4354801 4354980
4357509 4357864
4362650 4362754
4363683 4363943
4369212 4369287
4372804 4372879
4375800 4376823
4377495 4377663
4380171 4380336
4382152 4382362
4387381 4387498
4388976 4389049
4396163 4396490
4397254 4397559
4402344 4402936
4409983 4410141
4416615 4417303
4422593 4422652
4423368 4423478
4425215 4425491
4426645 4426695
4428149 4428485
4429569 4430076
4431710 4431803
4437198 4438013
4439282 4439413
4442186 4442438
4443855 4444175
4449316 4449570
4453948 4454016
4456171 4456775
4458004 4458142
4459461 4459786
4461599 4461744
4462393 4462686
4463920 4464603
4467836 4468390
4473993 4474245
4486440 4486621
4491011 4491441
4499785 4500367
4501323 4501382
4505849 4506083
4508827 4508925
4512428 4512784
4515940 4516009
4516858 4517344
4521526 4521857
4523036 4523726
4527564 4528624
4532473 4532997
4534627 4534727
4535262 4535355
4536036 4536727
4538020 4538650
4539438 4539770
4542701 4542852
4547391 4547518
4550467 4550769
4552131 4552375
4553808 4554918
4559485 4559967
4560505 4560704
4564982 4565296
4570940 4571206
4572400 4573294
4579245 4580044
4581222 4581930
4587965 4588169
4589207 4589527
4590738 4591871
4597516 4597686
4600252 4600310
4600909 4601065
4602561 4602802
4603928 4604015
4606049 4606149
4608362 4608592
4610562 4610767
4612886 4613447
4615434 4616404
4620167 4620402
4624769 4624914
4628922 4628974
4630758 4630941
4632868 4632944
4634701 4635339
4636429 4636624
4638375 4639061
4640329 4640841
4641520 4641652
