Ecoli_ancestor_Ancestor_
1 82124
83341 382748
418981 483097
488286 550162
553306 896182
923423 937573
938769 968863
969385 969537
1104813 1120588
1138885 1333868
1343815 1404635
1459519 1530724
1541052 1594388
1772608 1773022
1859374 1859500
1861203 1864685
1919375 1978591
2021984 2044699
2075242 2087718
2251713 2489000
2521213 2605894
2618883 2653975
2664458 3018902
3061683 3062565
3118685 3168780
3175746 3194705
3215748 3284861
3290166 3362377
3395991 3495304
3540313 3540921
3679579 3807261
3809658 3809962
3820133 3827158
3855766 3856601
3857637 3861013
3901814 3902898
4015074 4043512
4065075 4184215
4185192 4209489
4274376 4275520
4299508 4300308
4310979 4311587
4315710 4316794
4319103 4332841
4361853 4386125
4462334 4537531
4540706 4541313
Ecoli_0995_Taxon020_
15442 114364
128667 204623
223680 258570
270596 382535
391764 392908
405655 406520
525785 547236
566835 567979
574646 688990
690815 734147
734807 763297
851262 864319
911281 1095444
1096961 1097141
1194815 1234678
1392932 1421968
1427948 1428216
1432368 1434681
1445811 1465137
1466801 1469292
1491550 1571846
1650898 1651493
1926330 1936773
1978558 1992526
2066230 2067245
2068996 2102888
2182742 2183886
2288974 2290058
2308560 2421373
2451986 2503030
2514328 2546035
2568821 2612125
2671485 2996360
2997067 2997639
3049491 3060024
3130201 3187371
3247045 3256880
3372545 3372597
3376845 3394070
3450689 3451666
3455402 3468452
3478174 3484426
3497678 3622451
3624321 3625422
3652091 3653175
3666260 3694616
3762441 3765767
3767197 3767520
3941534 3946894
4035226 4040745
4102487 4107706
4112287 4117764
4171789 4213109
4296210 4296433
4498242 4499456
4507519 4508624
4637220 4641652
