Ecoli_ancestor_Ancestor_
1 232
81865 82136
83309 83701
88954 93083
198333 198443
294744 294967
375985 382748
386404 386800
388662 390029
419098 422589
424292 424450
549765 550162
553408 556466
643009 650158
825032 826444
827397 829972
937629 938097
969491 970332
971460 971672
1006384 1009899
1161951 1167654
1224163 1225193
1404084 1405215
1459519 1460541
1593216 1594378
1771744 1773187
1859374 1859500
1861800 1864685
2075242 2077892
2286116 2286176
2300402 2301830
2417904 2420900
2486922 2489317
2489858 2490324
2490941 2491092
2521213 2521729
2523215 2523504
2524030 2524574
2604122 2607251
2939320 2940021
2955512 2956078
2957475 2958163
3122359 3124780
3128233 3131220
3163475 3169031
3193621 3194705
3290166 3292016
3491885 3492134
3492864 3493785
3496272 3496504
3539883 3541249
3809597 3809962
3857256 3861013
3864568 3864647
3865257 3866250
3866951 3868505
3901242 3903844
3979531 3981468
3982798 3985409
4015074 4016158
4020868 4024998
4063932 4064083
4065075 4065165
4197007 4199868
4208278 4210318
4211013 4211807
4250956 4251047
4273085 4275963
4298544 4301468
4310929 4312832
4315335 4320196
4329352 4330723
4332184 4333363
4359918 4360001
4360605 4360823
4361979 4367124
4536297 4542511
