Ecoli_0920_Ancestor_
1 164
1322 1487
2638 3195
4796 4850
5408 6921
10401 10573
14117 14503
24001 24539
26782 27445
30409 30556
32833 33030
34244 34558
38890 39251
41109 41219
41882 42135
42937 43154
50195 50292
54573 54809
56522 56702
58988 59418
60626 60813
71903 72674
73202 74182
82312 83247
84637 85279
85923 88222
91392 94248
98390 98545
99711 99801
102014 102073
103308 103603
107181 107274
109631 109779
112541 115935
121029 121849
123693 123846
131188 131529
137382 137648
142520 142716
145021 145734
146305 147623
158464 159072
161445 161733
162397 162675
163660 165207
167411 168028
174351 175114
184065 184210
185426 185532
187463 187864
198118 198186
200315 200505
201094 201430
203997 204268
207436 207712
210452 210580
211121 212191
213965 214026
215939 216173
220613 220773
222021 222093
226615 226702
246243 246629
247500 247812
248904 248981
264128 264227
269832 270348
272413 272669
273647 274006
277141 277659
280213 280473
284468 284629
288077 288492
292102 292397
293756 296908
303489 303854
305102 305339
317416 317563
332184 332556
333396 333665
337982 338089
339654 339836
342974 343223
344567 344720
367005 367867
371715 372151
375193 375269
377797 380736
381269 382862
385719 385967
394509 395281
396357 396424
397878 398429
401190 401453
402550 402784
411639 411690
413871 414782
416864 424384
425261 425330
429225 429480
431191 433147
437015 437207
438089 438414
442247 443457
444517 444770
447859 448094
450569 450623
452819 453503
456666 456977
463396 463567
472799 473257
477981 478517
479382 479634
484158 486517
488291 488548
492745 492864
493767 493987
495982 496796
497852 501059
503861 503920
512761 513428
516417 516862
528949 529512
531816 531890
533099 533501
535022 535092
537735 537946
541992 542213
544515 546495
548304 548470
549447 555679
560334 563450
571537 571745
576697 577083
579488 579966
581366 581973
586733 587354
591026 591173
594907 595402
600778 601008
603084 605490
614716 616417
619559 619815
623292 623822
625669 628329
630503 630928
634979 635157
638367 638944
641487 642607
643910 649378
661343 661424
664800 665251
673310 673491
674388 674731
676845 677108
687111 687381
687909 688114
689570 690010
691023 691569
695343 695533
697669 697851
703178 703477
710258 710702
717568 717797
724945 725153
728481 728723
731658 731936
733450 733526
735221 735426
737485 737623
740277 740407
743328 743901
745911 746715
750745 750871
753575 753677
754537 754860
763164 763319
776332 776626
784473 784607
786350 786795
788324 790135
790848 791224
799922 800050
801491 801951
809365 809552
818352 818551
823275 823431
824648 828383
830402 830458
831968 832343
836888 837048
839521 839720
850543 851077
851867 852109
854794 854846
855738 855885
856943 857075
862232 862447
863394 863621
864122 866151
869826 870017
874655 874759
877004 877526
880333 880382
881899 882469
885802 885936
891701 892267
895047 895832
903046 903239
908104 908297
915058 915207
916395 916536
919971 920225
921613 921840
923566 924500
925073 925255
927126 928152
928861 929101
932716 932944
933718 934874
937409 938673
939774 939924
948826 949080
949594 950718
951315 951409
952041 954019
954529 956100
957894 957946
959758 960050
963255 964124
965791 966075
968183 973024
976530 976755
990904 991313
998327 998723
1000437 1000502
1003399 1003687
1006845 1007959
1009302 1010179
1011732 1011969
1013413 1014041
1015826 1016102
1017850 1018022
1020385 1020899
1024138 1024852
1025973 1026429
1031373 1031612
1032182 1032293
1033705 1033847
1034942 1035087
1036985 1037301
1038591 1038992
1041908 1042161
1047760 1047983
1050658 1050854
1055698 1056024
1064256 1064830
1070674 1070747
1076254 1076327
1079540 1080103
1080707 1082117
1083427 1083480
1091580 1091725
1094080 1094213
1097593 1097839
1099280 1099480
1104030 1104397
1112064 1112172
1119996 1120804
1125124 1125459
1128987 1129041
1129735 1130333
1131265 1131583
1132714 1132982
1148269 1148784
1150194 1150426
1152728 1152944
1161871 1167278
1171573 1171994
1177200 1177541
1180125 1180755
1183290 1183500
1184070 1184225
1193344 1193901
1199617 1199887
1209832 1209885
1212813 1212987
1219300 1221293
1221904 1221993
1223991 1225041
1228671 1229851
1232342 1233693
1234363 1234654
1240508 1241656
1242648 1242877
1245654 1245900
1248382 1248540
1249571 1250758
1252140 1252364
1259735 1259925
1260738 1260921
1262622 1262859
1265657 1266428
1273766 1273957
1279307 1279488
1285232 1285416
1290402 1291860
1299388 1299536
1304617 1305332
1308666 1308758
1309645 1310697
1314524 1314849
1317300 1317787
1318315 1318962
1322452 1322602
1324699 1325528
1333348 1333690
1337415 1337474
1349588 1349644
1354935 1355303
1360430 1360482
1361586 1363492
1364193 1364364
1365875 1366231
1366919 1367066
1372366 1373492
1377024 1377095
1380384 1381402
1382211 1382426
1383182 1383466
1388959 1389086
1390180 1390594
1398149 1398406
1401918 1402130
1403533 1404752
1408258 1410504
1420751 1421414
1422326 1422395
1424037 1424960
1428507 1428745
1434021 1434095
1439917 1440048
1443642 1444485
1447768 1448830
1450415 1450473
1459557 1460645
1461883 1462096
1469138 1469326
1472008 1472522
1473722 1473861
1476255 1476405
1482920 1483587
1484417 1484481
1490154 1490283
1498032 1498091
1512558 1512637
1519530 1519667
1525012 1525399
1525926 1526791
1530824 1531362
1533699 1534618
1535518 1535678
1542758 1543493
1544355 1544729
1550317 1550588
1551229 1551487
1552907 1553096
1555109 1555326
1559566 1559978
1560501 1560781
1561321 1561550
1562164 1562326
1565455 1565617
1568205 1569382
1575334 1575936
1579378 1581423
1582881 1582930
1585442 1585812
1590458 1590699
1592018 1594520
1596532 1597751
1598406 1599080
1611759 1611872
1612666 1612852
1613494 1613943
1617301 1617580
1621253 1621574
1623238 1623613
1629601 1629875
1630389 1630442
1632177 1632689
1633824 1634124
1635909 1636671
1639899 1640361
1643210 1643420
1646208 1646825
1652778 1652957
1658979 1659736
1660754 1660978
1663401 1663546
1664903 1665888
1671180 1671318
1672037 1672356
1672860 1673201
1675921 1676593
1677674 1677997
1684750 1684830
1691996 1693050
1693607 1693834
1700814 1701107
1704532 1705151
1709586 1709675
1714611 1714855
1723284 1723402
1748843 1748921
1750084 1751675
1756586 1756662
1762333 1762764
1763497 1763635
1764644 1764908
1765616 1766174
1766998 1767127
1772462 1774892
1779028 1779930
1782381 1782601
1784268 1784365
1785228 1785756
1788941 1789213
1794308 1794536
1804721 1805194
1808158 1809163
1812638 1814815
1817676 1817966
1824896 1825070
1827698 1828547
1830367 1830859
1833626 1834158
1838598 1839014
1842502 1842687
1845083 1845373
1847170 1847452
1848132 1848408
1849021 1849717
1852424 1852639
1859514 1864948
1865954 1866171
1869135 1869216
1885506 1885669
1907101 1907313
1907901 1908004
1913432 1913624
1917776 1918859
1927724 1929997
1931963 1932055
1937019 1937286
1938438 1938727
1948676 1948776
1949445 1949694
1953017 1953348
1954642 1954849
1956112 1956438
1957228 1957300
1958156 1958404
1960277 1960372
1962749 1963381
1967697 1968384
1969492 1969634
1971012 1971922
1973858 1974687
1976591 1977182
1977846 1978591
1980119 1980274
1982258 1984784
1989767 1990055
2005147 2005216
2006900 2007290
2009181 2009398
2013748 2014255
2020092 2020161
2023841 2025260
2027418 2027491
2032698 2034711
2038691 2038935
2039785 2040116
2041065 2041715
2044869 2046028
2046901 2048193
2050444 2051390
2067399 2068061
2068953 2069452
2073128 2073434
2075080 2076433
2078380 2078738
2082102 2082299
2083216 2083466
2086050 2086203
2092459 2092584
2098903 2099068
2102554 2103007
2109021 2110348
2117619 2117748
2123305 2123381
2125641 2125841
2127404 2127659
2131381 2131441
2134454 2135138
2136157 2136811
2138005 2138324
2139591 2139661
2142383 2142715
2143835 2143933
2148208 2148277
2150001 2150492
2150994 2151121
2155993 2156110
2158969 2159341
2163605 2163780
2164561 2164753
2166656 2167449
2172746 2173003
2173767 2173911
2180331 2180690
2182308 2182440
2183033 2183328
2192636 2192770
2193301 2194327
2195069 2195570
2200436 2202768
2205324 2205498
2211159 2211353
2216635 2216880
2218004 2218117
2219150 2219607
2220153 2220754
2221860 2221910
2225741 2225965
2230521 2230614
2231383 2231536
2233146 2234658
2236804 2236977
2239709 2239936
2243113 2243831
2245125 2245898
2246618 2246745
2247482 2247750
2250614 2252486
2258034 2258408
2264128 2264326
2267363 2268335
2271090 2271368
2272859 2272952
2277067 2277417
2278410 2278498
2280410 2281525
2282313 2282492
2285435 2286600
2287457 2287619
2296409 2296884
2300707 2302151
2313849 2314147
2320425 2320532
2325179 2326256
2327087 2327245
2337081 2337260
2341582 2341903
2343429 2343596
2344183 2344404
2348590 2349332
2351184 2351650
2354994 2355229
2358301 2358369
2370741 2370812
2372167 2372243
2378636 2379033
2381807 2381936
2385029 2386257
2390350 2390560
2394938 2395924
2401489 2401964
2410071 2410223
2412771 2413064
2418121 2421158
2428341 2428672
2437316 2438258
2441339 2441455
2442815 2442880
2447270 2447452
2448227 2448368
2452606 2453096
2455803 2455939
2456622 2456915
2465951 2466228
2469368 2469542
2470964 2471205
2471917 2471973
2474666 2475204
2481164 2481297
2481839 2481964
2484127 2484247
2487611 2488935
2492281 2492357
2493264 2493402
2495429 2495640
2505665 2505865
2507692 2507957
2516843 2518398
2520856 2521764
2523569 2524713
2531609 2531732
2537034 2537213
2543870 2544271
2545852 2546289
2549329 2549454
2550420 2550773
2554510 2555697
2561054 2562072
2567400 2567610
2572707 2572871
2574521 2575296
2577550 2577666
2581404 2581645
2585726 2585869
2586386 2587093
2587713 2588324
2589699 2590178
2597908 2599259
2601749 2602453
2605456 2605993
2612245 2612296
2618807 2620837
2625683 2626242
2636241 2636954
2639095 2639259
2641241 2641570
2642557 2642830
2643588 2644493
2645189 2645468
2649100 2649636
2653470 2654102
2655259 2655399
2658274 2659522
2660900 2661946
2662623 2663049
2663926 2664516
2669402 2669675
2672470 2673058
2682374 2682617
2690885 2690996
2691632 2691747
2692547 2692774
2693336 2694600
2696934 2697413
2700454 2700788
2701917 2701996
2703907 2704007
2706850 2707502
2716712 2716889
2725725 2726237
2728806 2729060
2729657 2729914
2732854 2733672
2734880 2735144
2736651 2736937
2738571 2738654
2739221 2739298
2743492 2743888
2747213 2747875
2756126 2756637
2760421 2760602
2770797 2771045
2776154 2777283
2780254 2780472
2785486 2785791
2791646 2791738
2797367 2797524
2799417 2799490
2811036 2811178
2812554 2812757
2815447 2815533
2817656 2817735
2820295 2821128
2826389 2827017
2833674 2833838
2834617 2834881
2836790 2837168
2837788 2838695
2839437 2839712
2840386 2840605
2846666 2846728
2849849 2850014
2851813 2852070
2852847 2853270
2855166 2855794
2859875 2860109
2866506 2866663
2869072 2869346
2871775 2872502
2879650 2880046
2881917 2882386
2885788 2885868
2889372 2889445
2891369 2891668
2899295 2899471
2900192 2901055
2905969 2906536
2909986 2910082
2914107 2914459
2918373 2918551
2921252 2923026
2926195 2926682
2931228 2931802
2933160 2933288
2938441 2938869
2939383 2939792
2943225 2943409
2946898 2947046
2947695 2948528
2949619 2949794
2954484 2954866
2955516 2957377
2962205 2962484
2965480 2965614
2967892 2971441
2973497 2973988
2974647 2975934
2977502 2977862
2980443 2980981
2986210 2986408
2995156 2995455
2996281 2996394
3000229 3000327
3002616 3003628
3004683 3005348
3015266 3015463
3018079 3018186
3018775 3020222
3022747 3024258
3036129 3036323
3038541 3039996
3054860 3056176
3060297 3062327
3067055 3067336
3069314 3069746
3074880 3075142
3076104 3076964
3078317 3078447
3080357 3080631
3082814 3083218
3086705 3087023
3087939 3088083
3094333 3094625
3098025 3098544
3099310 3099903
3103901 3103988
3114171 3114255
3115281 3115450
3116084 3116685
3117975 3118686
3128045 3128193
3128819 3131031
3143086 3143773
3151323 3151829
3153207 3153538
3154706 3155048
3156905 3157112
3159529 3160034
3161784 3163319
3164229 3166935
3168378 3169262
3172229 3173787
3175512 3175744
3178604 3179710
3186200 3187175
3190752 3190808
3193435 3194647
3199230 3199972
3207165 3207416
3210223 3210450
3215720 3217587
3224927 3225081
3232152 3232674
3233305 3235168
3245997 3246635
3247697 3248051
3249627 3249831
3254136 3254447
3257664 3258641
3260862 3262347
3263842 3264097
3266987 3268104
3269430 3269617
3282252 3282364
3283502 3284301
3289204 3289259
3290204 3291210
3292600 3292728
3294672 3294892
3299790 3299911
3308576 3308944
3317106 3317777
3321178 3321529
3325880 3326179
3327329 3327571
3328537 3328689
3330615 3330990
3332929 3333061
3333612 3333838
3339146 3339866
3342001 3342246
3343357 3344597
3357624 3358478
3362725 3362886
3367554 3367818
3372751 3372833
3376865 3377986
3383526 3387599
3391199 3391303
3395011 3398486
3403942 3405057
3407901 3408313
3409777 3410126
3420743 3420881
3422793 3422984
3427864 3428977
3430752 3431097
3440685 3441138
3444387 3444651
3447169 3449107
3449765 3449982
3454597 3454924
3462841 3463498
3465518 3465680
3469450 3470071
3471354 3471615
3478700 3478897
3482559 3482756
3483258 3483517
3489274 3489950
3490474 3491184
3491835 3493821
3494959 3497124
3500989 3501408
3507415 3507549
3509484 3509651
3510240 3510660
3513918 3514025
3517230 3517401
3522117 3522367
3525542 3525866
3526463 3526763
3529675 3529775
3537134 3537410
3537924 3538101
3538707 3538947
3540318 3540933
3541685 3541839
3544803 3544897
3557604 3558075
3559523 3560246
3575753 3575870
3580842 3581117
3582977 3583159
3587560 3588229
3594179 3594407
3604080 3604658
3605398 3605538
3609398 3609755
3610310 3610477
3614174 3614363
3618082 3618252
3623610 3623707
3624380 3625628
3627806 3628869
3630033 3630291
3643446 3643890
3649363 3649555
3653320 3654972
3655552 3655684
3662135 3662201
3664847 3664954
3669779 3670284
3670912 3671004
3679271 3679390
3681050 3681870
3692747 3692849
3698352 3698598
3699285 3699577
3700463 3700533
3702326 3702513
3703209 3703373
3704497 3705551
3709275 3709399
3715580 3715708
3717813 3717949
3726015 3726137
3728468 3728570
3733072 3733342
3734206 3734335
3734866 3736096
3740966 3741876
3746966 3748195
3752114 3752519
3756421 3757249
3760668 3761107
3765187 3765291
3771163 3771228
3778304 3778460
3779223 3779460
3782094 3782227
3786153 3786438
3802188 3803304
3804720 3804870
3807369 3808636
3809220 3809632
3811537 3811983
3813695 3813907
3817581 3817927
3819284 3820885
3830862 3831033
3842667 3842964
3850613 3851122
3853305 3854710
3855709 3859444
3860478 3861199
3864740 3865192
3868692 3869377
3874117 3874323
3877044 3877193
3878621 3883224
3893954 3894131
3898370 3900013
3901543 3902783
3907030 3907527
3916668 3916750
3923235 3923460
3925189 3925512
3927688 3928257
3933753 3933818
3934410 3934510
3936523 3936722
3938439 3938637
3939739 3939956
3941774 3942124
3944704 3944895
3952181 3952814
3960153 3960720
3963793 3964513
3981286 3982848
3987372 3987999
3994966 3995537
3999236 3999386
4000654 4000900
4002772 4002970
4008909 4010792
4012538 4013279
4015113 4016842
4019929 4020156
4022868 4023934
4025367 4025438
4025944 4026553
4028012 4029450
4033381 4033626
4034297 4034466
4036057 4036500
4038407 4038699
4042124 4042227
4043261 4043512
4044442 4045166
4052543 4053594
4054197 4054427
4056174 4056484
4060868 4060919
4064183 4064781
4068483 4069896
4071887 4072809
4073387 4073805
4075003 4075149
4075973 4077664
4078435 4078978
4081439 4081508
4084630 4084685
4088657 4088822
4095470 4095562
4101292 4101550
4106451 4106544
4107170 4107260
4107857 4109267
4113808 4114073
4116283 4116438
4126490 4126675
4131080 4131269
4132506 4133509
4136182 4136262
4137242 4137688
4138219 4138631
4139369 4139557
4142106 4143526
4147236 4148201
4153905 4154198
4157719 4157946
4158951 4159038
4159884 4160224
4161820 4162467
4166070 4168220
4172302 4172373
4186671 4187023
4188800 4188942
4189924 4190049
4194022 4194889
4197931 4199053
4200900 4201807
4204290 4204585
4206238 4206540
4207936 4209445
4216161 4216649
4232008 4232100
4233050 4233758
4234851 4235272
4236168 4236420
4238304 4239404
4241484 4241647
4244095 4244245
4246920 4247075
4247748 4248037
4253051 4253845
4257661 4257847
4258497 4259308
4263087 4263165
4274422 4275454
4278231 4278758
4282842 4283089
4284885 4285110
4287593 4287786
4299502 4300388
4303248 4303360
4304352 4304488
4310791 4311529
4312972 4313154
4315669 4316937
4319038 4320292
4323811 4324169
4324931 4326301
4329157 4329402
4332227 4332797
4335550 4335777
4337548 4337675
4339366 4340505
4341373 4341487
4343890 4344030
4349973 4350178
4352387 4353011
4354509 4355036
4356623 4356946
4358304 4358520
4361954 4367240
4371265 4371670
4372584 4372640
4381144 4381227
4383375 4384841
4385801 4386840
4387346 4387396
4398527 4398698
4400721 4400982
4415259 4418061
4420486 4422796
4426414 4427315
4433387 4435328
4438330 4438503
4443702 4443851
4453013 4453391
4460111 4460163
4461614 4462093
4470160 4471866
4472566 4472808
4474539 4474992
4478146 4478287
4481733 4482585
4485868 4485973
4491347 4491537
4494579 4494702
4497669 4498101
4498876 4498928
4500044 4500224
4503610 4505555
4506242 4506470
4509283 4509477
4513413 4513629
4518883 4518932
4522231 4522369
4525469 4525932
4528413 4528672
4529252 4529879
4531125 4531503
4532664 4533110
4536328 4537390
4539389 4539591
4541077 4541275
4542611 4542879
4544766 4545218
4546444 4546834
4549707 4549979
4552508 4552616
4554905 4555162
4556898 4557109
4566303 4566920
4568883 4569102
4575908 4576160
4578852 4579042
4582762 4584064
4585701 4587586
4588598 4588888
4589806 4590045
4590660 4591388
4598682 4599082
4600399 4600490
4602109 4602394
4604702 4604935
4606524 4606737
4607814 4610991
4612393 4614067
4616452 4616542
4617489 4619072
4620476 4621116
4623030 4623823
4625380 4625630
4626251 4626595
4632830 4633080
4635078 4635269
4637346 4637590
