Ecoli_0917_Taxon018_
4705 4931
7642 9730
11793 12832
15473 18258
19160 19707
21004 23941
28227 28394
29270 32650
36354 38703
40440 42467
43184 43945
44568 45674
46543 47384
49234 50901
52851 58081
58717 59596
60822 60965
69290 69816
70351 70477
73035 74275
74922 75205
80630 81412
82533 82726
83697 83750
86295 86859
89737 89818
90614 90901
91516 91992
94412 95735
97640 99519
100361 102157
102788 104775
106717 108243
108775 111805
112590 114771
116712 117343
117865 118440
121151 121803
123967 124063
126442 130912
135280 138023
139101 139604
141235 141473
146721 147849
148410 150200
150884 153687
155511 155640
156190 157265
158041 159629
160153 160381
162271 163949
166778 170283
171107 172955
174100 175756
179632 179961
183355 183524
185567 188939
193224 195788
196651 197234
199088 199212
201081 201992
204277 205595
207933 208417
211325 212900
213502 220349
220964 224882
225624 226950
227759 227867
229197 229469
230817 232092
233359 233746
234516 239072
239601 240012
241462 243674
244227 246740
248685 249001
251115 253570
254255 255683
256244 259821
262696 267975
270495 271069
271752 276417
277612 278580
279146 279932
282366 284530
285162 287344
288955 290232
290733 290971
291571 292596
293234 293385
294057 294418
298342 302196
303039 304544
305407 306282
307668 307901
309945 310176
310938 312707
315345 316459
323070 324243
328669 329334
329964 331068
332630 333167
333924 336216
338169 339310
340011 340564
341705 342667
343350 346353
346920 347619
349071 349929
350694 351820
352336 352476
353097 353561
354702 355154
355828 356080
357046 357601
358454 359057
359754 360902
361673 361955
364637 365088
365752 367207
368042 370135
370999 371902
374480 375324
376714 376804
377308 377695
381353 383208
384028 384142
385586 386016
388897 389609
390261 390509
392065 392884
394325 394490
396278 396782
398515 400079
401862 402872
403534 403880
407505 407958
410158 412981
413676 414355
415565 415771
416286 418331
418903 422656
425557 427660
428721 428917
429542 430920
432631 433012
433607 436506
438080 439708
444019 444812
446035 448311
450753 451435
452281 452332
453662 454840
455667 456170
456938 459089
459995 461025
461600 463876
468920 469375
470060 470200
470780 472281
474331 475190
475745 476026
476781 477953
480797 481742
482909 483612
485510 488940
489450 489841
490411 494320
495165 495854
499158 500386
500914 504098
504687 505078
512599 512718
513830 513992
517135 517952
520903 522793
523935 525222
526009 527210
529781 530241
532283 532470
534244 534707
535211 536585
537374 538556
544658 547562
548577 549410
549967 550271
552105 552864
553726 555042
555557 556058
556607 557423
558833 559064
559633 560046
563198 563462
564011 566380
566978 569316
570037 570359
570883 572240
572809 574029
574686 575780
577823 578342
580371 581956
583934 584568
585977 588026
589146 589804
590334 591837
596276 596981
597489 599667
600199 601472
602775 605148
606766 606975
608239 609200
610531 611378
612285 614383
616287 617352
618850 619745
620500 622099
623918 625563
628176 628694
630084 630210
632303 635104
637990 638566
639204 639890
644469 645177
645832 646016
646933 648384
648992 653406
654896 655702
656652 658913
661208 661372
663948 665855
670410 671828
672353 674377
675075 675901
678121 678282
682509 684745
687985 691347
696564 696781
698808 700299
700879 701398
702647 702992
705664 706541
707709 710758
711676 715065
717438 718471
719082 720684
721268 722962
723671 724605
725211 728942
730887 731141
735374 735535
736074 736418
738636 739562
740096 744011
744830 746669
747193 747338
748791 748966
751200 751275
753204 753515
754217 758184
759394 760551
761574 763026
766632 767230
768856 769120
770918 771073
771950 774857
775618 776342
781307 782031
784109 786498
787111 788937
790990 791697
794747 795042
795701 795766
796469 798572
805268 807520
808073 809602
811350 815572
816093 816317
817833 818014
818600 820475
821387 825054
829697 829917
830665 832407
832972 833757
834423 836440
837231 837369
840407 840588
841091 841162
845499 845758
846291 847372
848187 849601
850139 850667
853409 854779
856213 856401
858426 859810
860403 862126
862638 866481
867437 873307
875078 877112
879808 880771
882306 882819
883522 884595
887431 887626
888566 890270
891341 892687
893206 894931
895575 896219
896861 898457
899493 899623
901310 901422
904770 906788
907878 908636
909179 909360
913506 915402
916164 917558
918759 919559
921485 922151
922696 923693
924206 925879
928643 928901
932373 933712
935131 935277
936179 936619
941060 941901
944364 944729
945468 947867
948697 951234
954976 955656
956399 956819
957383 959891
960625 960737
962247 963732
964635 965568
968716 969167
970224 970489
971768 972253
974356 975493
976730 979282
981547 984064
985341 985639
986304 986624
989641 992621
996151 996527
997046 997604
998167 999195
1000048 1000538
1003479 1006731
1007645 1008121
1012107 1012841
1013805 1014029
1014763 1016297
1017099 1019221
1024523 1024764
1025324 1025515
1027645 1028473
1029805 1031258
1032710 1032805
1033632 1034715
1037409 1038946
1040463 1040537
1041196 1042025
1042640 1042949
1045210 1047959
1048702 1049023
1049631 1051642
1056448 1056712
1060741 1060932
1064740 1064994
1068010 1068686
1069264 1071270
1071828 1072063
1073969 1075326
1081263 1081320
1082147 1082353
1087098 1087378
1087897 1089186
1089915 1090941
1091669 1092806
1094230 1097983
1098650 1100163
1100854 1103601
1104544 1104635
1108532 1110412
1110989 1111363
1112705 1112759
1113469 1113599
1114536 1115333
1116093 1116713
1117240 1118015
1119957 1120136
1121374 1122757
1124204 1124478
1126719 1128968
1130613 1130847
1131442 1135968
1137446 1137990
1141399 1141615
1144292 1144507
1145837 1146579
1147099 1147481
1148785 1149172
1149968 1150089
1150640 1151167
1157579 1159611
1162328 1162899
1163476 1163625
1164192 1165958
1167486 1167720
1170516 1171369
1174250 1177912
1180638 1181204
1184614 1185323
1186550 1188486
1193372 1193826
1194913 1195998
1198422 1200158
1201022 1201364
1203381 1204851
1205733 1208773
1209402 1209726
1210354 1212743
1214038 1214718
1215235 1216565
1217213 1219137
1224091 1227154
1227986 1228422
1229103 1230915
1231691 1232243
1233114 1233557
1234611 1236474
1237093 1240320
1245633 1248412
1249790 1249908
1250511 1252577
1254553 1254835
1255908 1257012
1259542 1260722
1262687 1264030
1264974 1265172
1268870 1270750
1271285 1271473
1272442 1273544
1274334 1274866
1275707 1275810
1277549 1278178
1278871 1279624
1281255 1281760
1282397 1283767
1284797 1288264
1292151 1292513
1293082 1296181
1298366 1300854
1301364 1302253
1305435 1305956
1306758 1307504
1308389 1309081
1311398 1314953
1315995 1318964
1319495 1319794
1320664 1324440
1324984 1325035
1325765 1326290
1329832 1330426
1336079 1339779
1341270 1341672
1344496 1344708
1346211 1347250
1352465 1353187
1360339 1360593
1368738 1370659
1372538 1373850
1374900 1375568
1376088 1379021
1379796 1383522
1384406 1388403
1389325 1390088
1391657 1392437
1393766 1394878
1395697 1396892
1397863 1398489
1402567 1402918
1405039 1405305
1407876 1408272
1409140 1410470
1411154 1412018
1412605 1412798
1413491 1413855
1415836 1417827
1418556 1420075
1421290 1422063
1423572 1424967
1426316 1429249
1429831 1430084
1433395 1435540
1436992 1437607
1438136 1440036
1440763 1442041
1444258 1444379
1446112 1446193
1446927 1447782
1448381 1449991
1450544 1451491
1452122 1453140
1454810 1455144
1455736 1456297
1457193 1457390
1458459 1462453
1463139 1467080
1468283 1470344
1472468 1472767
1473418 1474841
1477871 1481257
1482487 1482750
1483560 1486475
1488085 1489702
1491263 1492254
1493734 1494181
1495342 1496475
1498302 1500537
1501573 1502602
1505542 1508643
1510964 1514700
1518471 1520702
1521224 1521490
1522378 1523438
1525712 1531364
1532665 1533226
1536345 1536708
1538807 1539127
1540315 1541110
1541672 1542959
1548653 1548720
1550190 1552295
1553916 1557127
1558221 1567964
1570623 1571564
1572082 1572785
1575096 1578068
1580998 1581336
1586316 1589030
1589841 1592133
1593456 1595909
1596500 1599332
1599904 1600445
1601733 1602261
1602798 1604649
1607956 1609635
1610138 1610453
1612726 1616001
1617406 1617696
1618882 1621544
1625879 1626138
1629880 1630078
1630789 1632965
1633493 1633788
1637166 1637514
1638047 1640946
1641905 1642203
1642744 1643109
1644058 1648274
1648967 1652479
1656684 1658389
1658915 1659446
1660195 1661087
1661675 1661767
1664300 1664511
1666908 1668490
1669811 1669881
1670617 1671423
1672531 1672646
1673424 1674928
1675544 1676245
1676976 1677457
1678252 1679414
1681289 1681938
1682626 1682816
1683336 1683480
1684108 1685513
1686113 1686920
1688131 1690512
1691794 1693430
1696853 1696944
1698523 1699226
1701306 1702102
1702637 1702890
1704363 1704680
1706406 1706900
1708653 1710999
1712196 1712368
1713480 1714749
1717176 1717284
1718121 1719603
1720165 1720743
1723405 1724376
1724971 1726665
1728651 1729804
1730464 1733657
1734628 1734988
1736376 1737365
1739827 1742521
1744066 1745844
1746505 1746709
1747380 1747667
1748797 1751496
1753076 1756664
1758549 1761107
1764888 1767949
1769568 1770891
1771399 1772577
1773216 1774940
1775827 1776031
1776724 1779427
1781102 1781462
1783253 1783572
1785434 1785760
1786508 1787922
1789755 1791245
1792444 1793465
1794154 1798891
1802641 1802844
1803852 1804992
1805526 1807058
1812233 1812738
1815193 1817028
1819148 1819716
1820577 1821355
1823359 1824776
1825732 1825807
1827464 1830363
1831205 1831717
1833181 1834170
1835386 1838357
1840447 1841857
1842833 1843471
1848417 1849458
1850051 1850323
1853619 1855029
1856457 1856670
1860472 1861147
1864183 1865243
1866208 1868204
1868913 1869431
1871983 1874210
1878190 1878388
1880641 1883397
1884152 1884828
1886442 1886629
1887161 1888953
1890794 1890883
1892557 1894461
1897287 1898134
1900844 1902234
1903760 1904526
1906451 1908645
1909186 1911983
1916398 1919223
1920992 1921076
1923376 1923977
1924480 1925644
1926996 1929526
1930151 1932177
1932767 1936471
1937052 1938995
1940278 1941773
1945420 1946487
1948739 1949055
1951290 1951791
1953087 1953861
1954669 1955207
1956302 1958213
1959278 1960187
1961776 1962353
1963538 1963718
1964676 1965505
1966132 1969630
1971092 1972373
1973159 1974081
1975510 1975724
1976665 1977053
1977600 1978287
1978932 1979390
1980685 1981214
1988394 1989276
1990162 1990464
1990981 1991176
1991710 1992417
2001142 2002321
2004075 2004328
2005863 2006104
2007520 2009349
2011750 2013778
2019440 2019724
2020978 2021694
2023084 2024460
2028172 2028332
2029971 2030857
2031471 2031786
2032301 2032568
2033887 2034389
2035897 2036110
2036765 2037996
2039525 2040754
2042253 2044652
2045375 2047239
2047787 2048567
2052117 2054350
2054886 2056798
2058127 2058180
2058740 2061704
2062319 2063223
2064577 2073453
2073954 2075762
2076335 2077219
2077754 2078875
2080195 2080340
2082710 2082847
2085137 2086114
2089287 2091903
2093268 2094367
2095551 2096141
2098565 2099155
2100415 2101248
2103494 2103672
2104674 2104809
2105935 2106304
2107540 2109232
2112770 2112999
2113670 2114960
2115698 2116257
2116826 2116986
2118705 2119254
2119791 2121069
2121658 2121959
2123362 2123556
2126196 2126949
2128664 2129669
2132720 2133708
2134255 2135966
2137141 2138152
2138705 2139194
2139757 2141005
2142042 2142261
2144118 2144640
2145381 2146675
2148738 2149221
2150943 2151106
2152808 2152883
2157316 2158173
2158735 2159880
2160663 2160852
2163230 2163532
2164194 2165348
2165851 2168426
2169426 2170656
2172569 2176068
2178113 2178517
2180733 2181032
2183975 2184498
2186250 2191836
2193721 2194000
2196618 2200723
2205220 2205342
2206516 2206598
2207377 2211631
2212268 2212398
2215370 2216946
2219407 2220157
2220747 2222511
2225170 2225430
2228398 2228990
2229852 2234380
2237959 2238175
2239367 2240176
2242929 2243125
2249321 2250648
2253838 2254209
2255151 2257958
2260820 2265307
2266285 2268470
2269641 2269775
2272020 2275802
2277017 2277106
2280975 2281706
2282696 2282843
2286430 2288705
2289293 2290015
2291957 2293405
2293920 2294400
2295306 2299414
2300048 2300545
2303242 2303529
2304525 2305665
2308274 2309575
2310124 2310395
2310944 2311073
2312259 2312337
2312917 2313213
2314985 2315301
2318185 2318257
2319928 2320184
2321681 2322069
2325473 2326381
2329573 2332912
2334317 2337183
2339023 2339152
2340515 2344185
2345582 2347932
2348487 2349089
2351526 2351669
2355279 2357866
2358888 2359583
2361511 2362008
2362682 2363321
2368292 2368662
2369352 2369431
2371597 2372054
2373512 2375631
2376158 2378405
2379242 2381165
2381892 2384901
2386015 2389903
2394610 2396276
2396898 2398213
2400674 2402174
2403012 2405049
2410563 2411660
2414683 2414890
2415746 2416912
2417820 2420260
2420817 2421252
2421835 2423483
2423990 2426905
2429966 2430090
2430976 2431164
2434275 2434510
2435051 2436268
2436840 2437573
2439204 2442234
2446251 2448865
2450524 2457179
2457886 2461150
2462538 2463682
2464196 2465414
2466009 2467995
2470184 2470476
2471166 2471671
2472352 2473058
2473705 2476973
2478329 2479812
2481224 2481276
2482655 2482721
2485734 2486745
2487797 2488250
2488805 2491428
2498204 2498709
2503186 2504363
2504886 2505617
2506518 2507179
2508402 2508676
2510049 2512850
2513503 2515059
2515562 2515724
2516732 2518534
2521407 2521522
2523745 2524116
2526629 2529681
2530786 2532341
2537069 2538539
2539584 2540234
2543844 2545936
2551001 2553152
2555738 2555864
2556416 2558257
2563301 2564168
2564695 2564861
2566193 2567076
2567797 2568238
2569202 2569686
2570549 2571059
2572967 2573718
2574876 2575927
2578342 2579204
2585870 2586610
2589358 2590269
2591205 2591357
2592072 2592934
2593445 2593991
2595147 2595445
2600301 2600634
2601302 2603463
2606391 2606578
2608374 2610032
2612382 2613314
2613863 2614013
2614986 2616974
2619787 2622663
2623207 2623347
2624225 2625035
2631331 2631598
2632179 2633450
2634366 2635131
2635651 2635855
2636402 2638688
2639269 2639784
2640422 2643013
2645543 2646532
2647101 2649110
2650989 2653406
2657127 2657367
2660288 2660488
2662219 2662664
2666145 2669643
2671543 2673234
2673769 2673987
2674990 2676082
2676632 2676907
2678441 2679903
2680420 2680763
2681366 2683422
2683953 2687817
2689496 2689977
2690664 2690720
2691317 2692068
2693895 2694122
2697838 2698846
2699910 2700388
2701021 2703055
2704530 2706384
2706996 2707169
2709665 2709799
2711183 2711612
2713066 2713173
2715379 2715999
2717199 2717801
2720140 2720846
2721359 2721825
2722349 2726694
2730673 2735412
2735949 2737189
2738288 2738669
2740940 2742757
2743435 2743634
2746784 2749849
2755982 2757054
2757663 2758339
2760748 2762664
2763467 2764714
2765361 2765734
2766685 2767551
2768192 2768370
2771268 2771533
2777879 2778427
2779649 2780268
2781173 2784892
2785591 2785702
2786921 2788307
2790369 2790518
2791442 2792739
2799246 2800029
2800597 2803460
2804008 2805576
2807030 2807345
2811497 2812099
2813754 2816502
2817071 2817321
2821515 2821785
2822364 2822921
2823722 2823795
2824630 2824876
2825429 2827322
2828306 2829257
2829817 2829939
2831548 2832442
2834837 2835018
2839313 2839395
2840433 2841026
2843075 2843911
2846074 2852197
2853817 2854178
2854815 2855432
2856077 2856981
2860839 2862367
2863332 2863728
2864842 2866691
2867926 2869298
2869895 2870387
2873368 2873510
2874184 2875016
2875525 2876248
2879197 2882170
2883991 2885384
2886439 2887420
2891762 2891843
2893046 2897042
2897744 2898247
2902551 2902864
2906973 2912305
2916686 2919310
2921710 2922265
2925894 2929108
2930136 2930369
2933171 2933950
2936268 2937544
2938509 2939899
2940491 2941759
2942832 2944383
2948639 2948786
2950317 2952492
2953359 2953711
2957633 2959173
2959727 2959777
2961666 2962270
2962884 2965435
2968315 2968865
2970929 2971411
2973556 2973724
2977591 2983533
2984064 2989650
2990245 2990501
2991009 2991944
2993184 2993450
2994113 2995010
2995524 2995843
2996586 2999839
3000449 3000658
3001256 3001508
3002947 3005220
3006890 3007999
3009031 3009283
3012267 3014175
3017734 3017960
3018480 3023404
3024123 3025757
3029583 3030227
3030894 3032439
3033737 3035044
3036856 3036915
3037419 3037608
3038533 3039842
3040588 3042916
3045408 3046571
3047653 3048983
3050841 3053427
3055602 3055902
3056505 3058442
3059860 3059980
3062693 3063587
3064742 3066139
3066693 3067361
3067878 3068999
3071825 3072262
3073987 3074537
3075095 3075789
3077641 3078583
3079137 3080068
3083348 3083747
3085232 3085357
3086592 3090196
3092448 3092541
3098316 3098782
3100086 3100194
3100744 3102000
3103182 3107130
3107636 3107708
3108460 3110906
3111787 3112821
3114399 3114486
3116430 3118471
3119096 3119904
3128453 3131523
3132433 3134379
3137653 3141450
3145199 3145302
3145820 3146333
3150300 3151193
3152874 3155062
3156838 3158450
3160041 3160104
3160831 3162024
3166995 3167152
3167689 3168288
3169402 3170245
3170871 3171066
3172969 3173110
3174509 3175879
3179944 3180037
3183843 3188574
3190069 3190177
3191391 3192271
3200040 3200624
3201467 3203376
3205989 3206152
3206920 3209047
3212662 3214521
3216785 3216951
3218350 3218438
3218952 3219227
3220633 3221158
3221855 3224730
3227733 3228085
3228601 3230628
3232887 3233173
3233675 3235871
3237220 3237999
3239495 3239835
3241567 3244301
3245946 3247693
3248381 3250061
3252275 3253931
3256076 3257628
3261298 3261506
3262179 3262819
3265559 3267502
3268285 3269825
3276398 3277092
3280199 3280266
3281153 3281567
3282238 3283798
3285801 3286187
3287654 3288683
3291005 3297638
3299354 3299430
3304057 3304424
3305253 3307880
3309876 3310144
3317463 3317785
3318293 3320802
3321743 3323118
3323699 3325612
3326235 3326342
3326887 3329296
3331682 3332920
3334813 3335074
3335715 3337776
3341400 3343725
3344888 3347200
3347750 3348886
3351183 3353333
3354006 3354222
3354785 3355895
3356476 3357496
3358300 3360711
3364461 3365015
3365995 3366168
3366737 3366834
3370866 3371049
3371702 3376140
3377841 3378046
3380287 3380470
3381101 3381321
3382289 3382447
3383023 3385319
3387569 3388485
3390830 3391045
3393155 3394071
3395245 3395514
3400237 3400698
3401304 3403228
3406156 3406793
3407319 3408633
3409637 3410571
3411174 3411454
3412553 3412622
3413689 3416966
3418517 3420227
3420815 3421136
3423707 3430004
3432445 3433553
3435008 3435230
3437300 3439552
3440654 3442750
3444830 3445852
3446544 3447899
3450367 3450446
3451537 3452765
3453727 3454269
3455867 3456507
3457337 3457511
3458828 3459199
3461151 3461784
3462880 3463630
3464147 3464727
3465943 3467373
3468657 3468980
3470564 3473951
3474732 3475912
3477674 3478973
3479766 3481456
3482970 3484217
3486558 3490116
3490898 3491214
3492431 3499927
3501140 3503197
3503803 3506010
3507560 3507918
3510903 3511080
3511636 3514274
3516134 3516265
3517511 3517576
3518689 3519257
3519990 3520362
3521108 3521430
3522008 3525490
3526097 3529847
3530361 3532745
3534452 3534547
3535052 3535738
3539758 3540538
3541112 3542219
3542810 3543376
3543938 3545671
3547183 3549963
3550654 3550830
3553201 3555887
3560184 3564136
3564900 3567487
3569336 3572954
3574369 3574978
3577175 3577391
3578043 3578487
3579172 3580012
3581017 3581463
3582070 3584004
3588286 3590538
3592081 3592304
3593021 3594869
3599118 3599582
3600512 3602150
3603208 3605748
3606961 3610437
3611839 3612069
3612825 3614879
3615495 3615838
3619372 3622575
3623656 3625019
3626075 3628294
3631563 3635096
3637486 3639517
3640162 3640344
3641211 3641590
3642272 3643190
3643717 3647934
3648674 3648804
3652514 3654963
3656645 3656850
3658663 3663667
3665831 3665950
3666584 3667140
3668037 3668268
3673029 3673115
3675147 3675693
3676217 3676828
3677949 3679921
3680426 3680641
3681719 3685662
3687081 3687566
3688748 3690054
3691349 3694965
3695485 3695873
3696605 3696679
3698728 3699229
3699960 3701414
3701948 3703285
3705680 3706723
3707673 3709246
3713270 3713672
3716186 3716542
3717522 3717886
3719228 3719296
3719959 3720694
3724942 3726446
3727075 3729701
3734639 3735044
3736025 3738362
3739445 3739888
3740911 3741727
3744543 3744774
3745285 3745651
3746370 3747584
3751051 3751261
3751819 3754082
3754642 3754876
3755382 3756480
3759117 3759856
3760502 3761415
3764531 3764986
3767629 3772800
3773972 3774794
3778821 3779219
3779844 3780987
3781539 3783342
3790581 3790712
3794062 3794462
3795736 3796457
3799510 3801452
3802542 3802928
3804052 3804161
3805255 3806386
3809224 3809450
3811394 3811688
3812341 3812436
3814153 3814836
3820092 3820243
3821141 3822327
3828164 3829033
3829741 3829953
3832171 3833127
3834913 3837282
3838560 3838714
3839276 3840223
3841384 3842383
3844731 3845915
3846903 3849450
3850024 3850621
3851358 3853319
3855321 3855621
3856187 3861473
3862081 3862367
3863965 3864021
3865154 3865579
3866243 3867907
3869029 3869814
3872178 3872824
3873555 3873789
3880781 3884597
3885197 3885454
3887760 3887991
3889095 3889617
3890889 3895044
3895587 3897119
3897683 3897860
3900741 3900833
3903708 3903950
3904872 3905637
3906151 3906279
3906836 3907842
3908921 3909673
3910385 3911438
3913719 3917480
3918381 3918984
3920025 3920289
3921334 3922705
3923840 3925463
3928165 3928998
3932030 3932602
3935875 3937154
3937768 3937844
3938517 3940859
3941448 3945956
3946490 3947751
3948488 3948728
3949834 3950312
3950917 3951421
3955613 3955939
3957028 3958301
3958885 3959106
3959683 3961647
3962602 3962874
3963541 3963630
3965020 3965121
3968226 3968419
3968991 3970019
3976136 3978089
3978947 3979181
3979991 3980485
3987909 3988807
3990912 3993377
3994537 3997016
3997887 3998097
3998607 4000970
4003397 4003680
4008083 4008941
4010316 4013842
4014386 4015162
4017866 4019133
4022012 4022105
4023075 4024407
4027100 4030306
4030885 4031141
4035792 4036633
4037193 4037705
4038268 4038864
4039528 4040437
4041079 4042659
4045134 4045255
4047134 4048311
4049810 4052665
4053169 4056207
4057696 4058185
4059435 4061397
4062931 4065485
4066014 4067193
4068499 4069583
4070511 4072654
4073701 4079284
4080942 4083700
4085389 4087637
4088458 4090377
4091505 4091700
4092479 4093103
4094549 4094995
4096416 4098109
4098675 4101163
4102256 4102464
4106735 4107597
4108190 4108831
4111194 4115546
4116108 4117602
4118692 4118803
4119789 4122958
4124036 4124261
4126530 4128240
4129085 4129567
4131044 4136278
4136856 4139579
4140505 4140681
4141949 4143439
4145497 4146951
4150658 4151341
4154974 4155683
4158466 4159667
4160300 4161035
4165520 4165775
4167479 4169483
4170003 4170547
4171198 4171594
4172225 4172444
4173173 4173514
4174108 4177991
4178729 4178921
4180812 4184054
4186503 4187087
4189573 4190326
4192307 4192849
4194476 4195635
4196858 4197798
4201708 4202225
4206917 4214795
4215569 4216646
4217442 4221393
4222275 4223182
4225989 4227117
4242224 4242666
4243247 4244405
4245592 4245706
4246887 4249558
4250026 4251150
4251803 4252223
4252749 4253041
4254021 4254090
4255102 4255382
4256218 4257742
4258325 4261400
4262386 4262673
4263767 4264433
4265225 4267236
4270579 4270820
4272860 4274106
4278259 4280783
4281451 4282596
4283279 4284117
4284763 4285958
4286499 4287121
4289626 4290231
4291453 4291783
4292340 4293074
4293782 4294578
4295153 4295836
4296689 4298579
4301835 4302675
4304142 4304368
4306744 4307029
4310331 4310591
4311971 4314013
4314612 4315165
4317206 4317509
4318018 4318486
4322264 4324650
4325730 4326400
4327054 4327140
4327664 4329074
4330206 4330907
4331554 4331761
4333406 4335443
4335969 4336467
4337161 4338336
4340722 4340861
4341883 4347175
4348678 4351560
4354306 4357433
4358801 4363950
4364726 4365563
4370304 4370593
4371226 4372831
4373640 4373929
4375688 4378852
4380125 4380336
4380956 4381249
4381785 4382217
4382739 4382992
4385663 4386506
4387719 4388112
4392501 4392831
4393348 4397555
4400266 4405355
4406244 4406494
4408127 4408401
4411159 4413013
4413562 4416160
4416667 4417013
4418464 4420281
4422936 4423214
4424215 4425867
4427585 4428029
4429577 4429943
4431680 4431780
4432316 4434264
4435813 4436491
4437332 4438417
4444502 4444582
4445598 4446386
4447054 4448284
4450314 4453371
4456065 4456938
4457445 4459864
4460675 4460776
4462955 4463199
4463826 4464012
4464700 4464859
4467055 4467327
4467829 4468031
4472827 4473081
4474811 4476431
4479735 4480086
4480993 4481566
4482637 4482789
4484604 4485228
4486083 4486984
4487504 4488686
4490310 4491321
4492237 4493754
4494327 4495174
4495773 4495954
4496474 4496544
4497138 4498018
4498872 4499270
4499860 4500118
4502002 4502646
4503696 4504050
4505251 4505988
4506727 4507907
4508454 4508988
4512293 4512658
4513221 4517296
4518276 4523305
4524004 4524114
4525384 4526778
4527560 4528494
4529073 4530427
4531272 4532062
4532824 4532904
4535664 4536473
4538460 4539748
4540570 4540692
4541236 4542010
4542636 4542765
4543267 4545174
4545704 4547822
4548340 4550056
4551094 4553777
4555127 4557074
4557583 4558802
4561095 4561261
4561765 4562806
4563652 4565248
4566444 4566511
4567515 4568936
4569473 4570096
4573555 4575288
4575861 4575932
4576572 4577034
4577679 4578647
4579690 4580398
4580998 4581918
4582596 4582736
4584560 4585251
4586180 4586640
4587749 4589719
4591289 4592166
4592694 4594078
4596668 4598246
4599137 4602607
4603600 4606149
4607188 4607616
4608160 4608579
4611435 4613458
4616957 4618696
4619680 4620785
4621336 4623164
4624351 4625893
4628391 4628875
4629645 4631596
4632107 4632254
4633343 4641652
