Buchnera_aphidicola_Schizaphis_graminum_0950
1 315
2991 3111
4447 5107
10798 11069
16541 17720
19799 20065
21263 21547
25046 25230
38178 38445
43996 44046
45587 46400
51593 51924
66801 66902
71295 71581
72677 73157
74120 74291
75208 76043
84660 84725
92659 93491
97271 97334
100902 101030
103846 104071
107846 108107
119965 120331
127074 127245
127859 128138
129109 129331
143619 143785
144411 144502
152167 152495
164127 164182
168631 169142
192386 192735
196319 196741
203654 203956
207805 208160
209832 210034
242852 243179
250886 251106
254044 254265
261978 262299
302186 302602
314131 314378
318756 319004
328494 328686
355843 355995
357437 357496
365519 365798
376911 377199
383797 383927
388384 388513
392378 392534
406892 407164
416207 416581
426134 426705
427739 427961
433853 433929
441052 441252
446128 446356
451409 451925
456517 456647
462222 462865
478177 479053
480225 480639
484756 485071
502331 502466
506395 506460
507106 507484
508229 508450
531058 531289
544315 544632
550744 551040
561376 561431
564355 564494
565979 566081
571462 572078
579335 579804
581087 581341
583734 585274
591715 591795
592561 592710
597609 597816
604751 605013
615881 616262
625028 625175
631523 631604
642923 643268
647139 647434
650464 650965
660178 660391
661549 661933
678381 678602
686803 686957
692885 692999
696094 696152
700487 700613
711120 711245
712826 712900
727352 727690
740314 741412
744155 744564
746020 746637
750301 750530
751666 751917
754946 755498
765613 765742
775980 776580
795187 795523
800485 801030
831189 831411
835416 835527
870750 871006
884804 885130
887357 887523
896174 896514
899908 900277
910184 910754
926075 926411
944252 944442
946508 946659
949163 949546
950794 950977
957751 957980
963271 963347
976913 977202
982258 982336
1023934 1024155
1043040 1043116
1044913 1045390
1049253 1049492
1067849 1068466
1083281 1083639
1087325 1087647
1113429 1113920
1122605 1122858
1123651 1123985
1134889 1135072
1154914 1155398
1161942 1162095
1171916 1172143
1197093 1197269
1208227 1208438
1227550 1227736
1238075 1238366
1239889 1240051
1245897 1246099
1246951 1247309
1255037 1255214
1259317 1259957
1260565 1260843
1267122 1267195
1298166 1298442
1312778 1312866
1315425 1315756
1326034 1326109
1336204 1336334
1346609 1346902
1350802 1351073
1366991 1367200
1370007 1370295
1376095 1376233
1388297 1388466
1389318 1389621
1395616 1395698
1398295 1399283
1402681 1403237
1406672 1407608
1412618 1412833
1423591 1423646
1432570 1432750
1439214 1439307
1440785 1441013
1441792 1442067
1451996 1452367
1461225 1461486
1478105 1478451
1503380 1503658
1507001 1507084
1509005 1509076
1511066 1511329
1520227 1520344
1522723 1522825
1525017 1525291
1526606 1526702
1528461 1528590
1530794 1531355
1534922 1535082
1563847 1563954
1568986 1569098
1580594 1580810
1597378 1597473
1606974 1607068
1610138 1610296
1614164 1614767
1618816 1618929
1632725 1632893
1633511 1633743
1636011 1636152
1640157 1640339
1642013 1642197
1644812 1645183
1646597 1646881
1648334 1648744
1649427 1649533
1651201 1651329
1659875 1660194
1662575 1662956
1667724 1667869
1669770 1670487
1671623 1671702
1681166 1681605
1691075 1691361
1694851 1694989
1703065 1703331
1708017 1708104
1714553 1714736
1722714 1722767
1724089 1724575
1727826 1728101
1736099 1736963
1747319 1751312
1754237 1754388
1763418 1763833
1795975 1796085
1800072 1800262
1805248 1805551
1822916 1823050
1825492 1825692
1826207 1826484
1834535 1834600
1839646 1839797
1847060 1847294
1849104 1849162
1855560 1855676
1858243 1858452
1863880 1864069
1867523 1867642
1875395 1876128
1892538 1892775
Buchnera_aphidicola_Schizaphis_graminum_ancestor
1 315
2991 5326
8345 8824
10798 11069
32799 32918
37674 37790
40357 40566
48351 48409
49964 50284
53147 53381
60564 61501
62680 63016
64048 64934
65498 66382
68950 70915
71465 71977
73750 74247
75794 77453
78009 78371
80243 81007
81790 82138
84721 84926
85960 87269
88295 89011
89618 94329
94978 95941
96462 96728
100348 101099
110717 111119
122550 123676
146637 147113
153340 154328
155802 155857
159628 159918
177769 178580
182681 183798
186832 187187
188828 189061
196166 196924
206066 206488
207497 207825
212551 213215
217869 218095
219457 219512
235980 236705
241274 241358
251286 252368
254907 255421
265582 265810
270686 270886
278009 278085
281941 282034
283977 284199
290396 290520
295357 296463
305577 305824
317256 317476
320414 320635
329337 330095
358056 358336
362639 363526
366791 367488
370430 370484
375027 375166
378159 379470
382342 382401
383843 383922
385239 386107
394240 394488
397732 397862
403571 403935
406313 406469
415588 415715
419896 420005
420827 421099
431304 432268
442069 442384
450373 450602
453593 454836
456015 456351
457383 458269
459410 459717
462285 464250
464800 465312
467085 467582
469129 470788
471344 471706
473578 474342
475125 475473
478056 478261
479295 480604
481630 481708
482248 482346
482953 489680
490862 491536
492666 492897
505923 506240
508993 509107
512352 512648
521042 521108
522984 523039
523942 524960
529404 529804
530341 530443
531480 532067
539373 539636
542740 542949
545342 545434
546482 546882
549367 549465
550072 554224
555354 555735
559207 559552
565666 565815
570714 570921
574370 578294
589630 589925
605460 605541
610752 611490
621786 621999
623157 623329
631454 632117
642553 642611
657505 657698
665927 666081
672009 672123
680886 681011
692257 693366
701909 702023
705763 706172
707398 708245
711909 712138
722672 723154
729529 729891
731053 731605
734634 734885
737588 738188
739909 740530
742939 743239
756795 757131
759735 760033
767201 767391
769195 770306
772115 772168
775825 776584
779672 780004
783435 783775
785437 785801
787884 788644
794819 795145
808943 809199
832807 833122
835506 836640
863950 864671
872879 873215
883174 883632
891056 891246
893312 893463
907765 907987
911458 912585
916716 917365
919359 919588
925397 925467
928278 928400
930139 931015
933208 935098
938521 938810
943866 943944
962139 962188
980788 981675
984469 985763
987814 987996
1006369 1006998
1010861 1011100
1022040 1022802
1029457 1030074
1048933 1049255
1062027 1062984
1071505 1071555
1076258 1077242
1081881 1081996
1084213 1084466
1085259 1085593
1100184 1100305
1108129 1108950
1114409 1114501
1117127 1117741
1119098 1119251
1132651 1132834
1150558 1151439
1152676 1153160
1154292 1154369
1160889 1161008
1162279 1162455
1169835 1170046
1190877 1191325
1198517 1198793
1219641 1219916
1226667 1227152
1237196 1237836
1238444 1238722
1245001 1245074
1250964 1251659
1253844 1255388
1256908 1257070
1258593 1258884
1274386 1274474
1277033 1277364
1278801 1279723
1282885 1283789
1287642 1287717
1298776 1298906
1315633 1315842
1318649 1318937
1324387 1325367
1326838 1327552
1331895 1332198
1336098 1336391
1349905 1350074
1350926 1351229
1376332 1376453
1377026 1377287
1391593 1391868
1392647 1392875
1394353 1394446
1400910 1401090
1407843 1408703
1420827 1421042
1426052 1426836
1430423 1430979
1439713 1440059
1477776 1478332
1480081 1483113
1483808 1484369
1488461 1488557
1489872 1490146
1492338 1492440
1494819 1494936
1497747 1498506
1503834 1504692
1506087 1506158
1507143 1510814
1523392 1523788
1533252 1533691
1537377 1538046
1544806 1544944
1548434 1548720
1556286 1556772
1566668 1566783
1573694 1574453
1590712 1590894
1591829 1592588
1594899 1595040
1599463 1599693
1601692 1602641
1612122 1612235
1616284 1616887
1618720 1619315
1620755 1620913
1623983 1624077
1626616 1627761
1628401 1628685
1630138 1630548
1634493 1634965
1642362 1643032
1653253 1653400
1657037 1657220
1668442 1668708
1675360 1676137
1691788 1691883
1705341 1705616
1708867 1709353
1717730 1718435
1725026 1725441
1757583 1759773
1766856 1767159
1774764 1774864
1784524 1784658
1787100 1787300
1787815 1788092
1791521 1791995
1796143 1796208
1801254 1801405
1812323 1812424
1819642 1819813
1831569 1832603
1839111 1840385
1842793 1842856
1844750 1845830
1846424 1846552
1853368 1853629
1854698 1854959
1859614 1859780
1868806 1869548
1874110 1874290
1875261 1875367
1876154 1876325
1882721 1883134
1892538 1892775
