Ecoli_0980_Taxon017_
1 5221
7431 8687
11395 20674
24233 36198
37868 47256
47820 48823
52222 66540
70215 71133
71686 78127
80190 80441
84140 84488
86509 91341
100576 118365
123003 123108
124750 128451
135916 136166
140840 142991
143883 144181
153292 153525
155155 160944
161959 179213
180707 183043
188191 195831
198205 204623
205167 214474
215303 234111
236708 237015
239171 240649
244931 250243
252779 255363
257561 258570
259900 264357
268917 271706
274010 275094
276474 280664
281284 282263
290689 297354
309182 316428
318162 318440
320814 321087
329557 329901
331294 336462
337972 339310
341652 379791
381315 382456
391764 394276
396480 396791
398750 404295
407100 409955
415871 416246
419702 419969
426443 464314
489495 490131
493182 495065
503073 505526
506584 506840
508961 511726
515728 515963
518774 532570
533916 541046
543574 547656
552105 552390
559256 567979
574642 594503
601564 609280
612091 620442
623086 623353
631416 631686
645277 675355
675883 678894
679650 682058
683904 704730
705585 713516
718889 721776
727396 734289
740773 748198
749813 752199
753067 759955
763541 763771
770430 776773
777559 781576
782447 782523
783382 784182
791945 799437
802115 804663
805224 816288
817163 817457
822000 826985
829314 829597
831842 836660
837187 837481
842029 862072
867415 893955
898390 899549
905479 905705
913406 927827
928599 931970
933635 934830
937899 942258
947215 951028
954763 980149
981161 1003936
1005851 1009388
1010018 1012883
1049883 1050490
1052306 1065484
1069027 1075752
1077088 1095444
1097016 1098027
1099504 1105835
1107551 1107879
1110792 1111134
1112201 1112456
1114109 1133174
1137372 1141615
1147237 1147476
1152353 1156898
1157415 1159849
1163725 1171499
1175508 1175750
1182175 1184149
1185281 1185349
1194500 1200336
1200883 1213817
1217415 1217768
1226889 1227111
1230410 1233941
1238603 1238827
1241445 1241697
1251620 1261362
1264269 1264529
1267216 1289339
1301758 1301991
1304712 1304790
1306714 1308575
1313244 1324496
1332998 1333324
1337120 1352004
1360744 1378874
1382119 1382343
1385356 1403714
1411136 1413801
1428051 1429828
1430349 1434681
1441311 1446238
1455631 1459675
1462625 1462957
1466726 1467019
1468044 1470462
1472172 1476520
1477706 1483336
1488196 1488495
1490520 1493473
1495389 1502915
1510540 1520718
1528239 1529744
1537724 1538011
1546890 1550378
1553344 1560973
1561537 1570627
1574505 1589179
1593150 1593404
1594052 1594284
1595116 1600754
1603753 1604594
1605305 1609616
1610962 1611350
1619057 1622009
1631397 1633206
1638451 1644814
1650898 1687336
1690612 1690870
1693530 1704841
1705676 1707519
1708051 1715282
1717742 1727241
1727946 1729101
1732164 1738991
1744773 1753072
1755097 1756385
1760299 1786050
1795518 1795681
1798699 1802354
1803533 1810620
1819713 1819984
1821238 1846721
1849565 1849910
1853095 1854344
1857578 1858600
1859993 1876021
1879961 1882485
1912508 1920914
1927245 1938995
1943088 1954407
1954916 1955139
1958917 1960093
1965616 1965951
1971543 1973621
1978717 1979165
1993248 2000011
2000582 2003060
2009695 2009916
2017935 2018311
2025383 2033448
2044273 2064177
2066338 2078275
2079063 2079361
2091509 2091825
2101409 2101737
2110031 2116594
2118369 2121988
2135510 2136616
2140830 2146700
2159400 2159620
2163810 2165802
2170599 2175346
2176156 2176518
2177740 2178013
2180848 2181103
2194084 2195462
2196567 2203152
2204247 2204537
2209521 2215107
2227960 2241814
2244720 2245750
2250830 2251061
2253779 2275372
2279511 2280489
2281925 2290058
2294147 2297082
2304515 2319714
2321206 2321526
2333813 2339152
2343268 2348234
2350901 2358399
2358980 2359583
2366090 2367237
2370058 2370410
2372900 2373162
2385670 2385893
2391856 2392640
2398692 2403268
2419236 2431439
2434172 2438497
2454122 2455429
2457994 2458170
2459527 2460259
2464622 2503086
2507279 2507588
2514328 2515724
2518692 2523405
2527541 2550312
2556430 2558279
2564705 2577833
2583711 2587961
2589314 2591330
2593125 2593345
2597698 2610392
2613574 2613865
2623048 2654436
2662219 2662389
2665507 2671487
2672163 2681266
2683839 2690907
2691864 2702367
2706475 2721153
2724536 2726336
2729714 2738845
2740308 2740562
2757778 2759642
2762697 2762933
2764820 2773182
2774792 2776249
2781597 2784297
2786999 2793480
2802049 2802328
2803541 2805576
2807980 2808883
2818137 2818551
2823240 2834236
2834745 2839521
2855138 2873861
2875180 2876183
2879927 2880240
2881344 2881592
2882589 2882810
2886121 2886361
2887150 2887521
2888205 2894060
2901186 2903984
2904822 2905632
2915491 2915711
2921471 2925918
2926467 2933394
2937660 2942234
2952861 2957550
2961947 2965777
2967454 2967813
2971702 2971938
2974536 2974866
2984836 2998046
3004987 3005283
3009383 3009613
3019350 3021512
3029240 3040221
3050842 3055346
3057274 3057494
3062330 3070120
3080696 3085928
3098514 3098782
3100294 3100593
3111866 3112102
3118735 3118784
3125151 3125397
3130041 3170244
3171586 3171824
3172684 3172933
3180137 3187292
3190025 3190375
3198049 3198313
3199713 3205083
3212376 3212601
3213267 3213531
3214303 3214548
3219327 3221767
3222406 3222711
3226338 3226671
3230949 3232304
3241565 3251353
3253990 3254242
3258582 3258932
3267570 3267821
3274523 3286187
3287876 3290605
3294778 3304235
3320350 3324462
3324985 3325334
3334077 3334244
3339019 3344973
3361817 3365152
3365889 3366202
3373779 3374687
3381773 3383524
3389521 3392323
3396265 3399959
3423314 3430429
3441492 3441780
3442814 3446253
3455402 3456539
3461321 3461594
3464868 3465243
3468441 3469383
3471094 3471349
3479544 3486153
3487323 3508483
3511146 3511504
3512850 3513070
3531108 3531269
3531775 3532036
3533540 3534837
3538214 3540334
3543261 3555200
3558211 3566290
3569790 3572670
3583533 3584140
3587112 3587416
3589204 3602509
3603174 3606416
3606917 3612576
3617321 3617653
3619400 3622844
3623488 3655719
3657939 3658913
3666260 3667381
3668388 3681206
3682129 3699204
3702920 3705840
3706617 3710441
3716354 3716574
3717379 3717607
3723076 3731884
3736860 3736917
3737875 3739683
3762593 3768125
3769260 3769511
3775023 3775311
3778664 3778898
3783687 3799583
3805930 3813882
3822306 3822632
3823533 3823780
3829741 3830106
3838733 3838983
3840769 3843702
3854897 3855221
3856745 3859991
3881559 3881829
3888672 3890225
3895256 3896173
3897962 3900185
3905155 3912836
3913996 3914259
3920983 3921234
3924166 3925467
3926027 3928110
3937354 3937668
3941031 3946889
3948296 3964623
3965198 3971239
3985916 3986177
3990909 3997309
4004350 4004669
4009075 4009309
4012019 4021243
4032036 4041722
4049358 4058691
4072061 4081786
4084966 4085325
4088507 4102749
4103869 4117550
4119748 4120092
4120624 4128486
4129603 4134600
4135178 4135410
4137396 4141773
4148383 4153477
4157910 4167865
4170992 4178442
4184115 4193551
4203112 4203783
4213474 4217712
4220821 4223211
4223868 4227446
4236747 4248914
4252196 4265075
4274647 4275091
4296218 4316807
4330727 4331046
4336110 4338840
4346915 4374885
4379329 4379617
4386528 4403358
4407526 4407785
4411108 4417842
4418645 4427140
4427703 4427971
4431936 4438013
4438517 4438776
4444599 4444833
4446696 4457177
4462991 4476416
4477719 4485983
4488942 4500372
4502746 4502919
4503696 4503759
4515724 4515804
4520205 4520450
4524740 4524981
4525937 4526315
4528629 4532235
4536200 4537319
4542043 4550006
4554417 4555514
4556037 4558847
4563371 4563650
4573448 4573816
4576998 4587583
4589408 4590510
4598425 4604672
4626744 4629423
4631690 4641652
