Buchnera_aphidicola_Acyrthosiphon_pisum_ancestor
1 1203
1907 2240
3237 3719
5915 6639
7445 7796
9978 10102
15366 15660
16317 16564
17185 17410
18656 19533
20085 20977
21533 21665
24237 24708
25380 25670
27683 28661
31538 31843
33613 34445
35129 35329
38044 38404
42208 43145
44277 46143
46976 47106
48774 51020
51661 51780
54507 54660
56589 56682
57940 58154
59269 59370
60401 60799
61557 63856
64837 66071
66834 67198
68873 69152
71691 72190
72898 73188
74718 75027
77254 77778
78828 78898
80263 81392
83353 83807
84628 85027
88026 88381
88983 89266
90132 90549
91194 91389
94627 94831
95455 95765
97751 97935
98636 99189
100728 102377
103702 104600
105316 105428
107813 108017
108944 109168
111528 112076
115151 115450
117109 117205
117983 118926
122038 122230
123664 126130
127222 127538
129508 129706
130740 131153
131684 133721
135700 136094
138210 138583
141156 141528
142413 144252
146542 149888
151506 152163
154030 154646
155161 155371
156032 156966
161051 161570
162434 164675
165843 168445
175090 175661
176772 177664
178311 181300
183311 183515
187844 188031
188973 189253
190472 191995
192977 193505
194973 195160
195733 195853
196612 196832
198789 200454
203972 204180
206604 206965
208891 210573
212182 212889
215331 215548
222167 222408
229129 229233
229764 230661
236055 240965
241583 241822
242533 242598
243151 243758
249659 249818
250849 251210
251895 252395
253998 254285
255613 255720
256312 256566
257742 260558
261192 261538
262897 263765
268179 269158
273164 273366
273907 274770
277022 280047
281088 282348
283594 283774
284730 284932
285467 286313
291027 291277
292119 292760
296460 296529
297902 298125
298902 299335
300253 300750
305097 306180
306831 307091
311042 311231
311954 313195
314031 315851
316442 318182
319566 320412
320983 321621
322192 322303
323663 323754
325761 326434
328580 328702
329459 330277
332241 332865
333485 336329
337327 338837
340184 340348
342359 343074
345249 346205
350150 350265
353552 353809
355346 358533
361075 361710
365217 366425
367083 367263
368430 369295
370842 371408
372405 372663
374711 375840
377485 377976
378709 378934
380689 381256
381887 382077
382941 383040
386565 386819
387585 388149
390124 390340
391624 392225
393186 393390
394025 394170
394782 395105
397192 397522
400956 401587
403076 403551
404172 404426
407185 407399
410229 411334
411989 412547
414402 415378
416528 419617
420699 423317
424020 424603
425752 426686
427506 428263
429130 429517
430388 430661
431234 432193
433090 433955
434697 435674
438688 439763
440267 441644
443731 444000
445088 446595
447965 448260
449805 450333
450875 451742
457913 461044
463090 463793
464489 464689
466140 467369
468719 469452
470225 470308
471539 472080
472641 473174
476739 477045
478572 480845
481509 482389
484595 485543
486649 486991
491309 491434
491996 492250
492783 494101
495744 497207
499027 499452
501109 501752
502332 502597
510888 511416
513854 514828
515621 516286
522831 523422
524219 524369
525362 525824
527014 529758
530633 530912
535376 535973
537348 541388
547133 547281
547831 548288
550264 550467
554453 554502
555473 555752
558473 558883
560008 560924
561826 562361
562971 563316
566228 566394
570278 570343
571912 573257
574732 575298
576749 577472
580478 580941
582576 582865
583407 585453
586529 586897
587434 588711
589503 591004
592173 592442
595044 595155
595698 596007
596828 597010
598031 598341
599722 600919
601938 603340
604451 604696
606385 606476
609313 610186
611220 611773
612728 613005
614855 615136
615901 616067
617945 618192
622191 623928
625838 625898
627478 627608
631253 632435
636917 637332
640307 640871
Buchnera_aphidicola_Acyrthosiphon_pisum_0975
1907 2240
3237 5335
7445 7744
9394 11350
12216 13046
13986 15266
17185 18247
19265 19533
21533 21665
22184 23399
24237 25280
27976 28552
29357 29461
33407 33472
34023 35243
37060 38427
39878 40601
41733 42752
44597 45104
45705 45994
49658 50026
51940 52740
55302 55582
59957 60752
62911 63844
64738 64787
65758 66037
68758 69168
69701 69789
72111 74739
76438 77410
78635 80261
81063 81204
81969 83075
89233 89642
91444 91895
92409 92654
93776 94299
96186 96882
98764 99074
101661 102118
102668 102816
104009 104968
106421 107564
109246 109383
112701 113341
116336 116520
118046 118320
119195 119474
120869 122397
123149 123579
125580 125730
128005 128512
129167 129518
130688 131006
131908 132560
134428 135310
140081 141190
142718 143681
145775 146251
147352 148840
150497 152078
155141 156069
156916 157151
162553 162846
166746 168259
169888 170862
172508 172762
173295 173367
175833 176727
177269 178136
180686 182483
186649 188262
189113 189365
189931 190940
191822 192011
192734 193185
196028 196631
198253 198962
202248 202401
202972 203083
208097 208512
209360 209482
213021 213645
216919 217520
219212 219617
221228 223854
224399 225929
226749 226985
227651 228179
228714 229123
229760 231045
232180 232892
234332 236721
239976 242490
244105 245478
245997 246145
247863 248043
251170 252188
253185 253443
257144 257539
258265 258470
259085 259166
259814 261369
262667 264825
265474 266751
267345 268502
269029 270214
270828 271120
272052 272304
273963 274170
274805 274950
275562 277361
277972 280175
283329 284331
284952 285206
286488 287137
287965 288179
291009 292114
293427 293824
296664 297655
300730 300955
303811 304524
305125 305722
306227 306760
307322 309176
311416 311576
312566 313041
313578 313863
316282 316874
317848 320077
324151 324848
326480 326753
328914 329635
331489 331709
332538 333121
337524 338003
338901 339976
340963 341245
342340 343207
345550 346422
347996 348351
349446 349696
351824 354314
355890 356353
357189 357812
358672 358922
362327 363913
365041 367758
372641 372927
373577 374406
375179 376042
377093 377210
379868 380234
393383 393637
394229 394336
395049 395951
398739 399582
400227 400290
401022 404455
407351 407416
408127 408366
413651 413894
414636 415733
417975 418305
420716 420820
421656 422720
423270 423346
427541 427782
429663 433044
434401 435821
437060 437767
438304 438748
442209 442382
444257 444687
445580 445977
446627 449998
453117 453337
454096 454216
454789 454976
455595 456671
460696 462105
462876 463669
464376 464997
466434 467313
467977 468788
471150 472185
472732 473177
476117 477547
478298 479478
483560 483639
488998 491033
491638 492318
495861 495919
496689 497184
497786 498443
500663 501200
504135 504592
505697 505802
509866 510221
511366 511739
513357 513755
520243 520441
523353 523907
527055 528427
529071 530923
531896 532840
533824 536184
536982 538020
538521 539087
539878 541005
541932 542136
544521 544633
551543 552198
553093 554494
555118 555322
555932 556033
557387 557576
558560 558755
560683 561923
565421 566596
567194 569170
571051 571121
572795 573774
574922 575231
576761 577051
578832 580820
581973 582232
582745 583115
583878 584332
586338 588029
589609 589669
590578 591479
595073 596535
597096 598316
599171 600003
600687 600887
603602 605626
607766 608703
609418 610127
612125 613459
615774 616578
617219 617322
617866 621602
622147 622240
623498 623712
624827 624928
625959 626357
630052 631153
632224 632435
634561 634911
639788 640871
