gi_556503834_ref_NC_000913.3_
66564 66648
223702 225738
228675 228928
257985 258599
270616 271684
274032 275072
279240 280035
290518 291324
339757 339848
375267 375365
381337 381884
391785 392890
566848 567958
574663 575713
580909 581285
608084 609274
687924 688972
729879 730574
731075 731637
732354 733176
734815 735016
737121 737990
1049982 1050468
1094322 1095422
1097038 1097325
1269170 1269907
1286963 1287071
1299572 1300620
1396116 1397166
1427881 1428193
1432351 1434269
1467986 1469295
1528404 1529097
1531968 1532721
1570747 1571827
1634631 1634945
1650920 1651471
1978645 1979193
2066253 2067222
2069017 2070196
2101823 2102871
2170246 2171351
2288996 2289512
2514350 2515540
2726139 2729127
2729679 2731295
2817860 2818473
2996438 2997614
3130223 3131269
3186172 3187349
3365837 3366676
3392070 3392161
3423495 3428917
3583504 3584122
3619350 3619410
3621324 3622761
3624343 3625400
3652107 3653159
3762479 3765752
3767297 3767502
3941739 3946872
4035242 4040723
4166376 4171888
4176156 4177032
4207920 4208000
4209703 4212881
4296210 4296433
4326025 4326261
4498883 4499435
4507536 4508602
