Escherichia_coli_O157_H7_EDL933_0980
1 513
5430 5619
9315 9418
10648 10795
11752 12173
12804 13547
18909 19347
22381 22712
23242 24205
25502 25839
28495 29267
31965 32739
33306 34019
35692 36224
37101 37734
39199 40337
47880 48015
49547 49752
50639 50839
52591 52803
54975 55351
58137 58435
62907 63630
64938 65222
70665 72310
72868 73088
74062 74668
75253 75551
77855 78514
80320 80386
87684 88252
89673 91609
93206 93686
94245 94334
98652 99623
101669 101818
103608 103830
104429 104619
105323 105460
110075 110337
112386 113284
115934 116149
116883 117045
117575 118107
124465 125011
127486 129263
131508 131862
132627 132696
135109 135815
136490 139289
141043 141298
141960 142043
145094 145275
145824 146055
146586 146776
149320 149488
151748 153107
154539 156071
157948 158133
163562 164366
165243 165348
167949 168731
171544 172268
173255 173777
178887 178978
179516 180507
182308 182825
185577 186188
187221 187499
188032 188466
189882 190061
192084 192749
194517 195448
196047 196397
198980 199480
200560 201124
201667 201835
203578 203776
207456 207731
210283 211138
213366 213674
215493 216056
218529 221125
224981 225267
226448 226948
227556 229432
232488 233373
235577 235871
237316 237736
238421 238781
239285 239739
242193 242747
244017 244717
249534 250029
252260 252608
253853 254784
255332 255453
256824 257046
259736 260163
263483 263649
266366 266720
267801 268921
270150 271202
271859 272062
277381 277539
283498 283554
288169 288338
289137 289199
293623 293717
294673 295381
295938 296741
300557 301085
301979 302173
305586 305644
311780 311897
312687 312857
313450 313546
316353 316502
319143 319401
320861 322422
323849 324112
325202 325523
327593 328355
329183 329274
331342 331728
332395 333122
334183 334382
334894 336113
337239 337355
338288 339037
342085 343334
349594 349762
350517 351193
352558 352809
353379 353555
355042 355308
355998 357682
359637 359918
364051 365048
366878 367273
368015 368466
369734 370005
374893 375422
375982 377627
379028 379864
383312 383742
387534 390407
391215 392382
393857 394446
395803 396018
401960 402435
405977 406766
407513 408243
411788 411893
413016 413266
413983 414739
415311 415433
416867 417283
425661 426310
430954 431182
441162 441362
442220 442648
445613 446158
448232 449197
452890 452980
455093 455374
456001 456731
460573 461054
462798 463263
463846 464517
465279 466029
467962 468105
471291 472057
475049 475315
478365 478832
479621 480067
483129 483404
489896 490131
490787 491105
493526 494490
496462 496968
497825 497996
498503 499381
500684 500886
502010 502095
504468 504704
506467 506633
508019 508646
509260 510736
511274 511336
511878 512176
517583 517902
519383 520078
520789 521156
521791 522405
523177 523447
530195 530563
531390 531485
534209 536645
537211 538001
540684 540854
544925 546454
548191 548997
551611 551819
552538 552921
555527 555583
556358 558362
559591 560102
561113 562575
570777 570881
576727 576829
577595 578202
584004 584483
585349 585708
590631 590737
593328 593630
602227 602322
603296 603453
605571 606108
610947 611016
611522 612677
613286 613934
616363 617201
617794 618041
618837 619887
622145 623054
623598 623680
625061 625811
628388 630451
630984 631142
631742 631998
633389 633881
634911 634999
641882 642148
643604 644261
644780 645364
646165 646870
647546 647959
649802 653042
654108 655003
655945 658008
658572 658763
664626 664676
665456 665532
666978 667048
667554 667867
668392 668876
673289 673534
679365 679531
687257 687356
688163 690144
693620 693886
696173 696232
697551 698422
699020 700207
701665 702119
707993 708050
711408 711514
712957 713249
715013 715159
717931 718599
724694 725030
726223 726782
727523 727693
732560 732703
733265 734282
734891 736912
737457 737558
739027 739224
742217 742434
743590 744083
746783 746949
750354 750480
752462 753643
762126 762291
763619 763762
766600 766886
767719 768009
773934 774086
775447 775829
782748 782860
787612 787839
790630 790836
791347 791881
793422 793927
796025 796381
798422 798629
799890 799980
800549 802193
804910 805907
807469 807864
810214 810285
811049 811457
816340 817198
819557 819839
824863 827256
831696 832058
834474 834952
836559 836664
842125 842384
843434 843701
844372 844776
846216 846861
852478 853066
854421 854556
856534 856589
857798 857904
858964 859240
860611 860814
861985 862783
865012 865499
866398 866957
870045 870914
873367 873656
876543 878012
880783 881043
888424 889440
892185 892385
894245 894630
895398 896560
898586 899661
902387 902605
905654 906559
907535 907613
909540 909965
914950 915487
919655 921015
922123 922256
926570 927954
928711 929180
929905 931086
933618 934722
937321 937846
938422 938824
939668 939894
940642 943693
945326 945579
950690 950989
952368 952610
953127 954310
955063 955564
956347 956620
959455 959684
963395 964079
967768 968083
969169 969902
970707 970766
974778 975896
978362 978489
979422 980165
983117 984213
984735 984935
989924 990161
990702 991242
992995 993826
995936 996429
998814 999293
1002760 1003951
1006371 1006519
1008601 1008893
1014752 1015011
1015647 1015833
1016784 1016871
1017854 1018016
1019300 1019489
1025640 1025902
1028593 1029665
1032111 1032189
1034582 1034884
1040789 1041022
1041684 1042598
1047272 1047372
1048322 1049006
1050905 1052130
1055399 1055556
1057821 1058355
1059050 1059530
1065164 1065632
1067493 1067608
1068176 1069438
1074002 1074325
1076456 1076801
1080133 1080828
1082965 1083820
1088677 1088918
1091885 1092155
1094835 1094926
1095588 1096258
1097021 1097798
1102693 1103055
1106687 1106834
1107460 1108753
1113000 1113549
1115182 1116176
1118975 1119324
1122105 1123186
1130306 1130675
1131301 1131458
1133173 1133361
1134584 1134651
1139085 1139645
1141854 1142061
1143161 1143359
1144593 1144717
1145684 1145965
1148419 1148733
1153802 1154291
1155567 1155635
1158976 1159260
1159800 1160107
1160817 1162290
1170245 1170519
1171546 1171731
1173513 1173587
1174699 1175126
1177093 1177200
1177792 1178094
1179221 1179397
1181850 1183204
1186130 1186405
1189145 1189378
1192851 1193119
1195496 1195712
1196940 1197189
1197712 1198019
1205623 1205894
1208463 1209149
1211372 1211794
1214348 1215484
1219991 1220904
1221524 1225028
1226637 1227583
1228109 1228394
1231970 1234074
1236401 1236570
1237297 1237380
1240292 1240619
1241497 1241987
1244450 1244895
1250351 1250588
1251137 1251757
1252405 1252785
1254202 1254890
1256510 1256774
1258014 1258730
1261785 1261875
1264738 1266583
1272022 1272644
1275758 1275948
1277434 1278087
1278758 1279064
1279880 1280165
1282294 1282623
1285683 1288274
1289020 1290195
1291617 1291970
1294700 1294782
1298312 1298996
1300332 1301112
1303181 1303271
1303897 1304883
1311007 1311304
1313589 1314603
1316366 1316948
1318243 1318770
1320450 1321376
1334309 1334582
1337634 1337728
1338772 1339059
1340696 1340870
1341460 1341655
1343447 1343545
1344551 1345015
1345679 1346413
1347936 1348248
1349254 1349676
1351271 1351447
1355331 1356623
1360170 1360978
1362161 1363605
1364133 1364205
1366111 1366828
1369113 1369844
1373465 1375931
1377527 1377764
1378278 1379037
1379622 1379819
1382795 1383277
1384624 1385655
1391532 1391953
1394910 1395084
1396642 1396726
1401596 1403811
1404339 1405916
1407159 1407772
1412913 1413004
1419224 1419511
1427053 1427268
1431812 1432451
1435077 1436163
1437291 1437592
1439056 1439653
1440449 1440745
1444529 1444635
1453907 1454256
1462937 1463458
1467183 1467672
1469252 1469535
1470547 1471446
1472225 1472407
1473039 1473679
1477050 1477245
1478552 1478669
1479984 1480035
1480698 1480867
1482424 1482582
1484798 1485871
1487701 1487803
1489165 1490877
1492433 1492704
1493249 1495206
1497352 1497966
1501077 1501299
1505297 1505810
1506874 1507016
1517584 1519111
1519781 1520011
1522332 1522711
1523922 1524014
1526089 1526373
1530499 1530772
1531794 1532428
1534994 1535159
1537169 1538416
1539596 1539853
1540707 1541058
1542288 1543357
1544803 1544863
1550805 1550891
1554516 1555318
1556199 1556562
1558367 1558913
1560210 1561356
1562938 1563062
1568311 1568384
1569170 1569837
1573608 1574004
1576512 1576661
1578786 1579098
1579818 1580730
1586303 1586493
1587408 1587774
1588587 1588770
1592502 1592649
1593354 1594181
1595150 1596510
1598670 1598947
1600374 1600553
1601074 1601413
1602206 1602497
1603919 1604301
1607597 1607836
1613041 1613323
1620101 1620794
1624551 1624604
1625437 1625866
1628131 1628388
1629000 1629231
1630941 1631322
1632244 1632323
1633269 1634039
1636541 1636817
1639870 1640012
1640851 1641090
1647422 1647706
1650926 1652159
1653767 1655296
1656757 1657277
1662337 1663026
1668859 1669423
1670035 1670250
1671969 1672197
1675544 1675695
1678689 1678900
1681742 1682563
1683283 1683554
1690644 1691425
1695380 1695743
1697331 1697615
1699771 1701284
1701925 1703134
1706108 1706925
1709571 1709748
1710722 1711662
1712173 1712306
1713962 1714172
1715616 1715929
1716580 1716695
1722243 1722620
1723258 1723812
1724957 1725009
1726756 1727707
1731956 1732877
1733691 1733889
1734494 1734575
1735346 1735486
1739119 1739239
1746316 1746712
1747238 1747413
1747915 1749623
1750401 1750566
1757237 1757374
1758069 1758252
1762772 1763056
1764558 1766879
1771582 1772449
1772984 1773074
1773734 1774124
1774774 1774845
1775899 1776058
1776611 1776790
1779560 1779685
1780456 1780686
1785312 1785583
1787693 1788146
1788826 1788961
1792013 1792196
1794333 1794647
1795818 1796213
1798143 1799448
1800384 1801198
1801861 1802131
1803824 1804774
1807225 1808033
1809564 1811161
1813531 1814534
1815147 1816023
1816705 1816942
1818803 1819575
1820298 1820579
1822260 1822806
1826158 1827090
1827980 1828922
1830256 1830508
1833394 1833929
1836697 1837228
1838374 1838606
1839956 1840479
1841032 1842048
1843676 1843787
1844614 1845183
1848217 1850206
1850725 1850968
1851656 1851741
1854904 1855047
1856139 1856914
1859613 1859818
1862940 1863019
1864079 1864324
1865990 1866637
1871519 1871602
1875064 1876896
1878260 1878427
1879411 1879865
1881791 1882456
1885439 1885627
1893695 1893954
1894931 1895047
1900776 1900852
1903250 1904406
1905314 1905598
1907548 1908215
1913257 1914059
1917198 1917897
1924435 1926281
1927322 1927421
1928189 1928256
1932179 1932598
1934416 1935758
1936359 1937214
1938312 1939743
1945799 1946038
1947557 1948466
1949791 1949854
1950693 1951351
1957957 1958564
1960207 1960396
1962777 1964086
1964647 1966011
1966674 1966849
1968281 1968690
1969547 1970814
1971406 1971813
1973130 1973310
1974590 1974921
1976496 1978220
1979652 1980879
1982971 1983289
1988036 1988208
1994306 1994379
1995642 1995919
1996677 1996923
1997464 1997885
1998394 1999856
2000377 2001723
2002490 2003342
2004144 2004364
2006087 2006708
2008887 2010064
2015847 2016232
2017568 2017768
2018405 2018462
2021541 2022088
2022604 2022746
2023852 2023980
2026583 2026640
2027758 2028160
2029032 2029318
2031072 2031208
2032197 2032678
2033212 2033343
2038203 2038436
2040962 2041292
2042550 2042871
2043724 2043937
2044610 2045619
2047841 2048057
2049651 2050403
2056610 2056852
2060331 2060615
2062215 2062669
2063349 2063786
2064366 2064942
2065627 2067424
2069862 2070127
2072195 2072873
2073434 2073716
2083831 2084802
2086996 2087127
2089201 2089330
2091381 2091654
2093092 2093216
2096876 2097055
2098099 2098258
2099160 2100278
2103933 2104176
2106236 2106942
2111632 2112457
2113452 2113931
2115540 2115760
2116369 2117177
2118798 2119736
2120938 2121666
2124912 2125560
2126172 2126426
2129365 2129601
2130226 2131345
2134484 2134801
2136214 2136406
2141723 2141895
2145282 2145493
2150784 2152336
2153271 2153432
2153985 2156489
2158431 2159253
2160783 2162180
2166496 2166644
2168666 2168965
2171762 2172098
2173835 2174612
2177162 2177277
2180726 2181039
2181814 2181932
2183197 2183467
2185154 2185238
2187294 2188149
2192734 2193555
2194611 2194886
2196672 2197028
2199200 2199780
2200720 2200852
2203756 2204170
2205357 2205531
2206068 2206247
2209022 2209338
2210621 2210888
2212206 2212362
2214399 2214631
2221473 2223533
2225597 2225854
2226603 2226763
2227489 2227679
2233234 2233403
2234006 2234375
2236093 2236338
2236912 2237209
2247776 2249780
2250382 2250617
2252500 2252732
2253397 2253490
2254226 2254328
2256472 2257217
2258573 2258804
2260848 2261339
2265230 2265456
2266755 2267935
2270273 2273138
2273953 2274080
2279532 2279711
2281552 2282101
2284435 2284673
2289164 2289259
2290684 2290797
2291454 2291753
2295687 2297860
2299173 2299401
2303091 2303590
2306100 2306387
2307708 2307781
2309816 2309866
2310425 2311088
2315010 2315741
2319401 2319537
2320411 2320585
2322564 2323252
2323761 2324021
2325307 2325684
2329616 2331379
2333521 2333806
2334356 2334906
2338499 2338728
2341831 2342182
2343710 2344209
2344809 2345169
2349418 2349640
2355279 2355770
2356833 2359183
2366755 2366962
2367800 2368513
2369758 2370900
2373305 2373901
2377145 2377246
2377987 2378314
2379372 2380195
2380919 2381162
2382154 2382643
2383572 2383776
2385083 2385192
2390250 2390393
2390956 2391223
2392238 2392475
2394061 2394247
2394773 2395000
2395658 2396408
2399090 2399839
2402909 2403383
2409926 2410842
2411858 2412031
2413740 2414715
2416056 2416500
2420884 2421434
2422406 2423151
2426083 2427046
2428020 2428546
2432529 2433869
2435017 2435586
2436736 2437081
2438024 2438288
2439120 2439177
2439836 2439889
2440510 2440597
2441563 2441672
2443463 2443946
2444818 2445654
2450666 2450959
2452502 2452799
2455259 2455348
2456011 2456099
2457317 2457764
2459587 2460389
2461286 2462217
2462812 2462862
2464105 2464452
2466178 2466272
2468786 2469169
2472902 2473211
2476082 2476385
2477224 2477423
2480403 2480685
2485580 2485803
2486388 2487020
2487859 2488202
2489707 2490085
2492973 2493284
2501545 2502097
2502685 2502914
2504908 2505017
2505713 2505766
2506625 2506732
2508414 2508663
2514842 2515164
2519510 2519597
2524129 2524517
2527237 2527426
2533786 2534052
2536258 2537013
2539402 2540889
2542298 2542347
2543022 2543237
2544062 2544396
2544925 2545430
2546015 2546268
2548004 2548320
2548939 2553318
2555064 2555330
2556953 2558663
2560944 2561466
2563930 2564507
2570416 2570597
2573097 2573354
2576678 2577098
2578867 2579146
2579754 2579970
2583054 2583188
2584107 2584250
2585170 2586366
2592203 2592471
2595668 2595896
2597551 2598203
2599646 2599935
2601833 2602619
2606858 2607319
2609727 2609801
2610413 2610579
2611214 2611542
2612118 2612295
2615506 2615755
2622407 2623099
2631791 2631872
2633311 2634044
2635628 2636173
2638923 2639199
2640115 2640276
2655015 2655110
2657491 2658318
2659512 2660153
2661734 2662073
2664110 2665672
2668817 2668988
2670444 2670553
2676464 2676687
2679102 2679314
2684152 2684367
2686980 2687446
2688432 2689120
2692084 2693420
2696496 2696680
2699309 2699590
2700365 2701464
2702167 2702792
2703495 2705685
2706258 2706595
2708783 2709229
2710611 2710847
2712855 2713130
2714841 2715316
2721452 2722506
2723341 2723576
2724165 2725636
2727311 2727544
2729793 2730783
2731521 2732353
2734974 2736063
2738383 2738856
2739555 2739718
2741958 2743055
2743811 2745116
2745914 2746539
2747192 2747646
2749312 2749652
2750928 2753142
2753648 2753966
2755031 2755162
2757135 2757893
2758494 2758948
2759465 2760571
2761637 2762647
2763634 2764327
2764907 2765806
2767130 2767704
2768297 2769438
2769997 2770100
2771209 2772164
2772754 2773777
2775007 2775695
2776228 2776324
2777288 2777498
2778583 2778770
2781140 2782254
2787295 2788310
2793850 2794033
2799722 2800415
2802200 2802820
2809488 2810334
2811540 2812204
2813602 2814169
2815801 2816346
2819072 2821306
2823992 2825721
2829073 2829901
2832048 2832962
2836311 2836641
2837319 2838540
2839546 2839970
2841166 2841958
2843440 2844714
2848794 2849530
2851264 2851554
2852550 2853307
2853947 2854361
2858583 2859435
2861335 2862682
2863703 2864988
2865579 2865871
2866577 2866854
2867658 2868046
2869754 2870300
2873291 2873468
2875926 2876033
2879228 2879528
2885498 2886055
2888278 2888443
2891302 2891654
2896392 2896613
2897980 2898052
2899026 2899421
2902099 2902691
2903688 2904113
2904676 2904966
2908870 2909016
2910739 2910913
2912935 2913523
2916857 2917115
2920875 2921772
2923919 2924071
2928932 2929418
2936264 2936755
2941173 2941390
2942206 2942366
2945448 2945608
2947812 2948348
2949566 2950357
2954347 2954442
2956825 2957301
2959332 2960253
2961426 2962062
2965545 2966038
2967251 2967913
2971240 2971406
2975218 2975535
2976416 2976526
2977620 2977926
2978818 2980792
2981987 2982162
2984012 2984095
2986368 2986575
2987517 2987786
2989286 2989606
2992520 2994496
2995160 2995508
2998610 2999100
3002107 3002332
3004376 3004432
3006895 3006967
3008558 3009375
3010655 3011114
3015675 3015875
3019816 3020163
3024071 3024210
3026829 3026924
3032603 3033508
3037618 3037744
3043008 3044302
3047436 3047694
3051260 3051465
3055787 3057586
3062272 3062733
3063719 3063946
3064826 3065430
3066017 3066636
3067643 3067927
3071237 3071286
3072625 3073898
3074981 3075157
3084108 3085241
3087637 3087793
3092235 3093452
3096533 3097051
3104919 3105541
3106481 3106913
3108471 3108657
3112495 3113354
3114884 3115082
3116305 3116590
3119111 3119196
3124078 3124314
3127876 3129853
3133731 3134680
3136111 3136287
3137592 3138405
3141362 3141824
3143243 3143673
3144196 3145148
3153153 3153680
3154899 3154958
3157082 3157166
3158019 3159325
3161750 3162162
3169171 3169535
3174476 3174691
3175210 3176000
3178319 3178527
3180025 3180664
3181799 3182126
3182795 3183057
3184628 3185046
3188219 3188357
3189452 3190293
3190816 3191492
3192655 3193511
3194720 3195117
3196663 3197396
3198192 3198279
3198780 3200491
3201530 3201918
3203126 3203578
3204118 3204340
3205148 3205839
3206493 3209178
3211039 3214018
3214932 3216764
3217364 3217792
3219113 3219866
3220464 3220628
3221157 3221405
3221956 3222732
3224071 3225194
3225717 3226726
3227289 3227920
3228446 3228882
3229846 3230808
3231577 3232821
3233568 3234185
3238742 3239993
3240983 3241609
3243405 3243561
3244245 3245753
3246516 3246797
3247516 3248966
3250594 3251579
3252211 3254635
3258349 3259452
3260531 3260643
3261986 3262700
3265147 3265200
3265753 3266065
3267387 3267933
3268964 3269271
3270213 3270730
3274984 3275210
3276206 3276520
3279145 3279321
3284473 3284718
3285333 3285475
3286122 3287366
3288746 3289300
3290143 3290353
3295018 3295281
3299564 3299801
3302622 3303101
3303817 3304026
3306821 3307412
3309208 3311006
3312029 3312161
3312881 3313579
3315488 3316568
3324548 3326478
3327904 3328172
3337063 3337217
3339376 3339737
3345610 3345812
3351182 3351646
3352601 3352656
3353758 3353998
3357313 3357673
3358297 3359064
3360034 3360435
3361145 3361407
3363636 3364083
3366720 3367464
3369326 3370645
3371195 3371557
3372999 3373085
3373610 3374102
3375423 3375702
3377778 3378179
3380320 3380917
3381631 3383496
3384002 3384329
3384986 3386058
3387098 3387237
3387988 3388046
3388884 3389996
3390545 3390791
3391461 3391577
3392207 3392527
3393888 3394554
3397394 3397857
3398391 3398740
3399296 3400288
3401488 3401683
3403847 3404032
3404843 3404950
3405645 3405824
3411040 3411197
3412566 3412753
3413810 3413973
3414660 3416856
3421974 3422071
3422599 3422662
3426104 3426409
3427760 3427905
3430057 3431831
3432603 3432752
3435180 3435502
3439420 3439569
3441866 3441999
3443090 3443384
3444040 3444264
3446512 3446658
3447955 3448508
3449274 3449639
3454677 3456421
3457712 3458292
3463444 3463929
3465582 3465878
3466522 3467014
3470138 3470211
3471536 3473648
3477150 3478676
3481371 3481722
3482807 3483052
3489458 3489558
3490410 3490733
3500788 3500851
3502587 3502764
3503459 3504022
3504720 3505306
3506365 3506718
3510065 3510475
3510979 3511161
3513690 3514106
3518475 3519250
3525807 3525880
3526617 3527144
3529248 3529338
3530413 3530546
3532377 3532777
3535661 3536526
3537232 3537514
3538916 3539917
3541471 3541662
3543477 3544161
3545626 3545726
3548254 3548482
3550029 3550308
3552346 3552777
3554257 3554340
3557837 3558009
3559238 3559511
3565257 3565433
3569221 3572145
3574115 3574544
3578564 3579298
3580379 3580619
3583097 3583587
3585779 3586038
3587792 3588972
3591211 3591734
3593759 3594021
3596354 3597899
3599730 3600012
3600612 3601020
3601949 3605890
3607036 3607556
3608196 3609535
3610225 3611685
3613831 3614047
3614774 3615153
3615656 3615827
3616756 3616986
3618252 3618782
3619509 3620964
3623021 3624686
3626307 3627266
3627945 3628208
3629075 3629525
3630058 3631043
3631767 3633131
3635780 3636043
3640618 3640708
3644924 3645184
3645952 3646171
3647970 3648333
3650407 3652065
3652797 3653070
3653602 3656375
3657708 3658669
3660152 3661426
3663240 3665926
3667062 3670717
3671933 3673269
3674436 3674538
3675514 3677031
3678675 3678877
3679479 3679594
3681235 3681295
3682002 3682234
3682817 3683059
3683743 3684149
3684739 3685273
3685930 3686765
3690565 3690682
3693816 3694321
3695451 3696823
3700481 3701197
3701928 3702166
3704372 3706088
3706908 3707207
3708746 3708968
3710815 3710921
3711739 3711980
3714618 3714780
3717420 3717597
3719122 3719731
3722298 3723223
3727283 3727433
3727935 3728094
3732412 3732618
3733721 3733974
3735805 3736376
3741217 3741456
3746330 3748296
3748860 3749128
3751266 3751373
3753067 3753415
3754505 3754669
3755431 3755525
3757209 3758110
3758778 3758829
3759649 3760711
3761273 3761557
3766794 3767121
3771766 3772910
3773783 3774777
3777170 3777494
3778421 3778663
3785237 3785485
3786544 3786719
3792778 3792931
3793770 3794560
3796304 3797081
3797849 3799088
3800074 3800222
3802269 3802533
3804949 3805637
3807283 3808059
3813686 3813880
3814809 3815077
3815971 3816769
3817562 3819100
3821180 3821664
3823125 3823436
3825097 3825590
3830094 3830327
3832518 3833297
3837396 3837686
3838204 3839222
3846259 3846422
3847240 3847645
3848738 3848860
3849492 3849782
3851629 3852293
3856673 3857084
3858246 3858304
3860536 3861192
3861959 3863408
3868687 3868838
3870388 3870765
3872148 3872199
3873049 3873250
3873889 3874696
3876088 3877556
3878399 3879443
3881230 3881503
3882063 3882695
3883474 3884226
3885450 3885993
3888654 3889713
3890283 3890955
3891484 3891574
3893354 3893612
3894301 3895623
3896788 3897631
3898650 3898858
3901463 3901553
3903291 3903853
3904937 3905902
3906696 3907082
3909714 3910222
3914215 3914828
3917857 3917992
3918809 3918965
3921818 3922374
3923180 3924729
3925340 3925609
3928540 3928801
3931342 3932461
3933016 3933241
3933878 3934164
3935134 3935688
3938213 3938925
3939885 3940927
3945137 3945502
3950367 3950609
3951854 3952089
3959703 3960261
3965601 3965774
3968497 3968700
3969656 3970575
3971575 3971852
3972748 3973681
3980339 3981158
3986158 3986340
3987953 3988421
3991702 3992923
3994243 3995353
3996525 3997344
3998769 3999867
4001234 4001452
4002215 4003357
4004355 4005267
4005795 4006604
4007297 4007776
4008313 4008364
4009201 4009444
4012929 4013122
4013821 4015012
4015701 4016152
4017212 4017285
4018133 4018670
4020590 4020824
4021511 4021966
4022931 4023230
4024101 4024418
4026411 4027214
4029067 4029123
4029763 4029849
4030642 4031845
4034568 4035267
4035954 4038678
4040445 4041297
4042145 4043174
4044297 4044741
4046052 4046209
4046779 4048167
4050381 4051431
4054975 4055042
4056186 4056327
4056984 4057658
4058287 4058645
4059235 4059599
4060330 4060439
4062948 4063952
4065360 4067043
4067579 4067751
4069985 4071066
4072053 4073005
4073614 4074050
4075516 4076948
4077455 4078067
4078761 4079621
4084496 4084893
4086837 4088234
4088852 4089093
4094352 4094811
4097807 4098087
4101697 4101893
4102432 4102662
4104659 4104818
4113648 4113928
4116616 4117322
4118255 4118428
4123928 4124237
4126382 4126943
4127464 4127854
4132969 4133125
4134465 4135021
4137158 4138456
4139212 4139432
4142402 4143079
4144141 4144464
4147066 4147287
4149736 4149899
4152610 4152923
4153775 4154127
4154727 4154799
4157802 4158602
4163417 4163634
4166004 4166096
4166841 4167489
4168317 4168617
4173222 4173276
4174914 4176793
4177377 4177760
4178788 4179406
4180186 4180440
4184104 4184305
4186221 4186469
4186987 4187110
4187637 4188580
4190421 4190530
4192410 4192687
4194677 4197522
4198989 4199436
4200856 4201389
4206153 4207038
4211166 4211445
4212375 4212534
4213372 4214886
4216939 4217008
4220079 4221109
4226106 4228437
4229309 4230000
4234798 4235171
4236306 4236783
4237294 4237623
4238572 4239419
4241631 4241842
4242801 4243767
4244828 4245005
4247053 4247295
4252969 4255393
4256404 4257006
4259787 4261190
4263273 4264369
4267401 4267693
4268778 4270832
4272307 4272871
4274263 4274599
4275294 4275515
4277824 4278365
4280313 4282674
4285062 4285235
4285760 4286839
4287707 4287901
4288456 4288630
4292760 4292984
4294156 4294415
4295411 4295710
4296479 4297496
4298635 4298905
4301918 4303686
4304464 4305107
4305698 4306588
4307213 4307491
4308683 4308977
4312550 4312629
4313202 4313672
4314415 4314990
4317396 4317629
4318832 4319408
4327116 4328725
4332576 4333037
4333577 4333790
4334312 4334591
4335173 4335260
4337117 4337616
4339198 4339270
4339818 4340835
4343980 4344679
4347558 4348257
4349755 4349931
4352062 4352319
4352918 4354291
4355002 4355151
4362579 4362756
4363552 4363739
4364305 4365167
4369798 4369992
4371054 4371961
4376027 4376346
4381826 4383056
4387532 4388993
4392190 4392371
4392912 4393626
4394320 4395759
4396388 4396910
4397763 4399728
4400659 4401176
4402562 4403662
4405876 4406734
4408327 4409282
4410869 4411619
4412975 4413768
4414688 4414863
4416381 4417144
4417868 4419146
4419761 4419966
4420491 4421287
4422591 4423488
4425408 4425643
4426329 4426956
4427460 4429682
4431926 4432823
4433432 4436158
4439031 4441851
4443204 4444499
4445259 4446746
4447739 4448232
4448794 4449760
4450588 4450721
4451338 4451494
4452639 4453334
4453943 4454104
4456101 4456449
4457074 4457362
4458868 4459141
4462644 4463988
4469302 4471388
4476445 4476596
4478873 4478969
4480896 4481550
4484906 4486851
4489379 4489663
4493472 4493744
4494378 4494714
4495284 4496198
4496787 4496969
4498635 4498881
4502096 4502482
4503678 4503996
4505192 4505807
4506345 4507555
4508062 4508329
4508871 4508986
4509631 4510363
4511105 4513602
4517384 4517576
4518282 4518703
4519253 4520150
4521065 4522133
4522808 4522922
4523518 4523774
4524338 4524554
4526252 4527399
4527963 4528206
4529827 4530751
4533992 4534478
4535023 4535851
4536625 4536906
4537851 4538504
4540109 4540238
4540911 4541273
4542739 4543246
4543990 4544365
4546874 4547117
4547877 4548240
4549505 4549645
4550236 4550689
4551716 4551875
4552716 4553073
4555280 4557599
4558243 4558497
4560759 4562855
4565368 4565487
4567919 4568232
4568886 4569268
4570240 4570320
4571696 4571963
4573216 4573370
4575828 4576244
4577236 4577745
4579705 4580566
4590052 4590430
4591045 4591280
4591809 4592087
4594964 4595241
4596060 4596803
4598453 4598504
4599609 4599835
4606192 4606982
4609442 4609574
4610176 4610460
4610996 4611417
4614693 4615334
4616197 4616343
4630815 4631090
4632087 4632245
4636328 4636696
4641705 4641920
4644218 4644896
4645958 4646154
4646796 4648365
4649786 4650120
4652493 4652679
4655744 4656606
4658771 4658981
4660860 4661500
4662787 4663551
4665050 4665395
4668329 4668560
4669313 4669685
4671064 4671311
4674414 4674700
4675871 4676797
4677943 4678711
4679730 4679891
4680455 4680583
4681173 4681453
4685783 4686012
4694840 4696280
4696953 4697571
4698505 4701112
4702933 4704263
4706746 4706911
4708532 4709031
4711040 4711186
4713659 4713849
4715156 4715257
4720070 4720651
4721421 4722142
4723731 4724086
4724605 4725904
4726994 4727378
4728091 4729147
4730336 4730467
4735429 4735545
4738958 4739560
4740079 4740627
4741434 4741723
4743068 4743262
4745102 4745441
4746867 4746940
4748574 4748989
4751111 4751396
4755963 4758041
4760290 4760485
4763513 4763699
4764440 4764625
4766097 4766456
4767640 4768990
4769783 4770352
4771627 4771892
4773110 4773513
4774544 4775903
4781069 4782082
4782608 4782750
4783379 4784039
4785297 4785738
4786327 4786954
4787521 4787785
4790772 4791661
4793472 4793838
4795226 4795551
4800187 4800337
4800913 4803130
4803890 4804352
4810105 4810291
4816042 4817761
4818829 4819434
4827737 4827976
4828918 4829315
4829862 4830219
4835772 4836608
4844610 4846147
4860346 4860628
4863842 4864132
4865812 4867038
4867931 4868065
4868605 4868992
4869814 4870011
4877113 4878498
4879134 4879205
4880621 4880832
4881664 4882303
4891687 4891768
4894194 4894762
4899985 4900823
4901710 4902275
4909899 4910193
4911088 4911204
4916049 4918359
4918886 4919518
4922231 4923080
4924612 4924932
4929185 4929342
4934450 4934659
4935190 4935267
4937785 4938355
4940024 4940214
4941519 4941582
4942805 4943673
4945117 4946040
4947296 4947633
4948276 4949531
4950807 4951706
4952449 4955231
4957287 4957718
4960348 4960566
4961916 4962066
4963109 4963266
4964481 4964674
4966268 4966832
4972167 4972313
4974753 4975356
4977324 4977570
4982370 4983552
4987005 4987251
4987908 4987957
4988985 4989212
4991974 4994376
4996434 4996767
4998418 4998885
5000162 5000710
5004889 5005220
5007656 5007980
5008574 5009234
5014787 5015036
5020568 5020783
5024869 5025087
5027387 5027890
5034318 5034644
5040984 5041282
5042954 5043069
5043724 5044193
5045560 5045693
5046284 5046925
5050215 5050477
5055595 5056318
5058298 5058513
5064945 5065166
5065670 5065923
5067601 5067797
5071035 5073035
5074056 5074398
5075906 5076282
5084005 5084236
5085181 5086513
5089525 5091106
5094087 5094169
5095145 5095436
5098337 5098640
5099966 5100737
5105053 5105328
5106670 5106721
5107811 5108522
5112313 5115189
5118902 5119109
5119784 5120117
5121941 5122197
5125405 5125524
5130130 5130616
5131372 5131619
5134580 5134802
5141283 5141394
5142179 5142244
5147626 5147786
5148956 5150158
5151875 5152672
5154281 5155259
5157054 5157263
5158347 5158462
5158990 5159140
5161580 5161747
5166365 5166453
5169326 5169620
5173418 5173659
5175572 5177597
5179525 5180059
5188220 5188896
5190769 5191903
5194726 5195290
5195934 5196820
5202535 5203227
5206998 5207315
5207997 5208361
5209028 5209527
5210758 5210894
5217346 5217999
5222849 5223093
5223704 5224333
5224993 5225173
5227483 5227735
5230443 5230755
5231287 5231379
5232398 5233177
5233688 5233951
5234942 5235092
5235704 5235793
5239428 5239524
5242042 5242706
5245053 5245457
5247900 5249174
5249696 5249922
5251662 5252051
5252742 5252896
5257676 5258560
5259307 5259842
5261101 5262257
5262865 5263854
5265578 5266157
5274731 5274887
5275481 5275709
5282376 5283181
5283690 5283800
5284439 5284785
5285392 5286674
5290254 5290435
5293959 5294202
5295678 5296110
5296626 5298397
5300206 5300831
5304278 5306994
5308292 5309563
5310877 5312163
5315420 5315517
5318426 5318886
5319651 5319744
5321797 5322800
5326478 5327959
5331939 5332579
5333406 5333786
5336109 5336168
5338591 5339049
5340097 5340276
5340840 5341151
5341794 5342331
5343559 5343751
5344995 5345464
5347747 5348061
5348766 5349349
5350477 5352631
5354764 5355180
5357303 5358722
5370536 5370724
5372082 5372373
5376197 5376412
5383959 5384161
5384820 5386010
5387875 5388372
5390029 5390235
5390827 5391021
5393103 5393458
5395024 5395177
5397847 5397981
5399590 5399789
5404701 5405126
5405745 5405842
5410251 5410776
5411426 5411761
5412265 5413412
5415041 5415526
5417991 5418853
5419435 5421202
5424189 5425292
5430067 5430670
5438052 5439179
5440053 5440448
5442025 5442255
5444579 5444753
5452800 5452988
5455052 5455348
5457871 5457981
5458658 5458853
5460186 5460444
5463031 5463238
5463755 5463924
5464976 5465059
5466087 5466153
5467959 5468395
5472788 5473152
5474480 5475356
5477665 5477812
5480098 5480317
5481042 5481602
5482391 5482664
5486770 5489345
5492383 5493430
5496013 5496251
5497267 5497835
5498518 5498696
5504596 5505606
5506315 5506854
5507518 5509376
5512418 5512683
5513424 5514258
5515463 5515749
5517054 5517256
5523493 5523737
5524409 5524761
5526055 5526552
5527775 5529257
5530021 5530276
5531035 5532395
5534021 5534212
5536450 5536669
5538091 5539042
5541714 5541951
5542673 5542963
5543912 5544165
5544765 5545815
Escherichia_coli_O157_H7_EDL933_ancestor
1 513
5430 5619
9315 9418
10614 10795
12804 13547
14827 15158
18192 19632
20580 21471
23671 23779
25502 25839
28495 29636
30961 31971
37871 38049
38732 38852
40316 40554
43137 43435
43969 44184
47222 47381
49214 49797
55260 55525
56250 56469
58755 58902
61211 62087
63415 63779
64781 65120
68172 69064
70414 70480
71049 71591
72643 73536
74850 75543
76123 76381
77306 77909
78586 78696
81219 81515
82661 83767
91814 91988
94312 95356
96119 96514
97388 97605
111275 112378
116897 117132
118299 118945
121041 121526
123626 123848
124806 125141
125791 126316
130725 130822
133840 134176
136243 136977
138586 138720
139864 140070
141390 141543
143109 143464
145546 145707
146340 146538
150084 151747
152406 152608
157142 157304
160155 160370
163195 163605
164194 164485
165843 166886
172815 173442
173943 175160
179364 179924
180806 181803
183936 184192
185867 186090
187218 187801
188506 188820
191103 191572
192816 193008
193665 194773
196291 196470
197518 197976
200399 200503
202781 203161
209772 210089
214558 214770
216823 216916
217681 218141
224404 225004
227004 233497
237706 238725
240457 240889
242365 242608
246132 246313
249893 250187
251758 252128
252767 252877
258408 260168
260858 261086
261680 261836
271621 274210
276725 277260
280585 281516
282495 283127
283671 283825
286645 286871
287393 287448
291110 291514
298903 300863
301475 301625
302616 302879
303390 304169
305188 305280
305812 306133
308832 309718
311394 311574
318568 319221
319777 320778
325673 326330
328206 328570
333753 334032
339112 340633
341739 343538
344664 347703
349971 350158
350866 350949
352744 352953
354077 354152
354680 354830
357270 357437
358573 359706
362055 362143
363843 364358
365016 365310
369108 369349
371262 371422
373862 374596
375215 375748
384477 384586
386459 386730
387236 387611
388781 388941
394323 394388
401765 402083
404577 404970
407978 408060
409036 409742
412228 412531
413857 414628
418944 419219
421702 421984
426288 426731
427251 427577
432093 433301
434005 434508
436808 437026
441678 442014
443994 444209
450641 450862
451366 451619
453297 453493
456731 456932
459752 460094
461602 462520
463272 463416
469701 469932
470877 471141
472032 472209
476753 477000
477756 478365
479040 479373
481197 481510
484705 484780
488194 488657
489386 489543
492133 492560
496158 496342
497023 497226
500521 502339
503288 503612
504206 504866
509925 510668
511882 512489
518942 519061
521354 521616
525074 525547
526138 526271
527620 528107
528762 528877
530549 530847
536140 536375
537672 538149
539800 540329
546602 546718
547613 547907
552286 553853
556983 557220
566038 566119
575954 577815
578601 578672
579308 579626
582775 584703
586549 586864
587795 587992
589741 589875
591465 591994
593674 593964
594522 594679
595894 596087
597681 598245
602883 603726
606545 606769
608737 608983
613783 615940
616566 619590
621249 621784
626878 627510
632385 632582
635945 636172
637200 637249
637906 638152
639421 639516
640647 640786
644683 644833
645364 645441
650198 650388
651693 651756
652979 653847
658035 658670
659535 659753
662383 662814
664382 665142
669003 669294
670570 671825
672468 672805
675939 677228
690420 691322
699959 700795
706348 706705
708591 708830
714743 715930
716958 717033
718806 720525
722771 725281
731033 731721
732464 732677
735754 736277
740680 742059
744209 744811
746685 746974
747824 749124
750353 750692
752118 753255
753825 754240
756362 756647
759737 761956
762535 764376
765541 765736
767104 767204
768832 768950
769691 769876
771348 771691
772891 773175
773946 775603
776878 777143
778361 778527
781072 781154
787859 788001
788630 789290
790548 790989
791578 792205
794000 795405
798723 799089
800477 800802
801558 802090
806100 806231
807420 811980
812481 812836
813562 815187
816597 817198
821310 821411
822718 822908
825407 825527
827536 828384
829656 829821
833347 834063
836028 837017
837593 838062
838996 839216
840108 840395
841682 842446
843329 844279
848208 848580
849959 850206
853309 853595
855401 855692
857940 858055
858625 859478
860068 860348
864678 864907
866160 866463
868432 868765
874860 875175
875807 877017
879961 880823
883888 884971
886669 886950
889097 890185
891192 891663
892837 893751
895369 895612
896176 896582
897134 897323
898858 899112
900195 900832
901374 902002
904642 906102
907018 907307
908534 908847
910855 910949
912311 912578
913638 913985
917006 918360
920755 921181
922953 923251
923908 924304
930667 931045
931660 931895
932424 932702
939068 939119
940224 940450
946807 947015
950057 950187
950791 951075
955308 955949
956812 956958
971430 971705
972702 972860
973865 975516
976943 977311
979199 979909
982320 982535
984078 985051
986573 986769
988052 988980
990401 990735
992641 993008
993716 993845
994518 994880
996346 996853
997597 997972
1000481 1000724
1001484 1001847
1002744 1002900
1004045 1004240
1005349 1005510
1007507 1007855
1008480 1008768
1009475 1010547
1021459 1022794
1023339 1023649
1024962 1025446
1027699 1028002
1030279 1030375
1032302 1032475
1036312 1036585
1037765 1038304
1040785 1041069
1043859 1044182
1044878 1045150
1045784 1046137
1048193 1048375
1050041 1050287
1050812 1051425
1052362 1053888
1055084 1055402
1056598 1058961
1059468 1060392
1061037 1062802
1064103 1064363
1065246 1066432
1067575 1071556
1072471 1072650
1073333 1073539
1074214 1074430
1074939 1077877
1079028 1079086
1079968 1081650
1082491 1084296
1085499 1087791
1088319 1091392
1093213 1094465
1095746 1095829
1096345 1097538
1098225 1098676
1099892 1101019
1102057 1102362
1103376 1105338
1107331 1107888
1108622 1110204
1110762 1111159
1111998 1112351
1113079 1113976
1114869 1115264
1117421 1120186
1121704 1121837
1122470 1123592
1124948 1125093
1127285 1128240
1128824 1129203
1129833 1130691
1131856 1132315
1132905 1135392
1137411 1137563
1138234 1138848
1139393 1140179
1140808 1143655
1145194 1145768
1147448 1150924
1153264 1153572
1155555 1155749
1157412 1157718
1162203 1162939
1173289 1173594
1174482 1174750
1177947 1178128
1181416 1181565
1182276 1183649
1184248 1184505
1186636 1186812
1188310 1188636
1189184 1189324
1189957 1190201
1192423 1192825
1195356 1196063
1198951 1199450
1201307 1201394
1201976 1202990
1203530 1203991
1209184 1209451
1212861 1213194
1217174 1217781
1219057 1219344
1224142 1224515
1225650 1226127
1227916 1228763
1230975 1231186
1232145 1233111
1234172 1234349
1236397 1236639
1244084 1244737
1245748 1246350
1248510 1249031
1249892 1250534
1251862 1252517
1253445 1254746
1255969 1257037
1259653 1260176
1261245 1263943
1264638 1264859
1266925 1272018
1274266 1278447
1279438 1280695
1281570 1286822
1287333 1293030
1293808 1297251
1298027 1298321
1301894 1301973
1303759 1304334
1306740 1306973
1308852 1309440
1315458 1316488
1322620 1323195
1324033 1324192
1325122 1325401
1329529 1329803
1335205 1335711
1337131 1337578
1338141 1340075
1340618 1341890
1343880 1344157
1346037 1346146
1346837 1351368
1352408 1352609
1353167 1353336
1356127 1356381
1357161 1357779
1358807 1361653
1363291 1363345
1367950 1368250
1369078 1369726
1370471 1370563
1371740 1373237
1373848 1374286
1381768 1381840
1383644 1383957
1386668 1386831
1388608 1389501
1392103 1392426
1392969 1394165
1397135 1397355
1398662 1398884
1399509 1400692
1401546 1402102
1403442 1403598
1408713 1409103
1409624 1411474
1412330 1412639
1414205 1414714
1415314 1415434
1416715 1417272
1418139 1418312
1422639 1422919
1431749 1431908
1433905 1434870
1438480 1438760
1441756 1442215
1447474 1447715
1448333 1450208
1451976 1452071
1455455 1455653
1456946 1459112
1459619 1460543
1461188 1462953
1464254 1464514
1465397 1466582
1467721 1471700
1472615 1472794
1473474 1473683
1474358 1474574
1475615 1478021
1479172 1479230
1480112 1481794
1482635 1484440
1485643 1487935
1488463 1491536
1493357 1494609
1495890 1495973
1496489 1497680
1498369 1498820
1500036 1501163
1502201 1502506
1503520 1504079
1504885 1505482
1507475 1508032
1508766 1511303
1512142 1512495
1513223 1514120
1515013 1515408
1517565 1520330
1521446 1521981
1522614 1525237
1527429 1528384
1528968 1529347
1529977 1530835
1532000 1532459
1533049 1536025
1537643 1537710
1538381 1538995
1539540 1540326
1540955 1543802
1544460 1544527
1545616 1546105
1548146 1548614
1550227 1550409
1556735 1557273
1559695 1561461
1562886 1563169
1564715 1564992
1565992 1566911
1567867 1568070
1570793 1570914
1572039 1575386
1576092 1576864
1579510 1579721
1584478 1584713
1585958 1587242
1591065 1591430
1595006 1595695
1598169 1598354
1600879 1601001
1602432 1602588
1604651 1607102
1608177 1608352
1608963 1609232
1612155 1612424
1614965 1616084
1616639 1616864
1617887 1618353
1622023 1622352
1625815 1626853
1629485 1629871
1630665 1631630
1633376 1635104
1637709 1640844
1642123 1643213
1644993 1645083
1645612 1647913
1649238 1654504
1655064 1656525
1657124 1662678
1663317 1664419
1666013 1666179
1667002 1667208
1667729 1667880
1669921 1670369
1675375 1676031
1678263 1678321
1684274 1684938
1686785 1687075
1687707 1687829
1688527 1690274
1691435 1692221
1693462 1694111
1697915 1698363
1698881 1699171
1703270 1704049
1705589 1706473
1709930 1710348
1713131 1713442
1714903 1720262
1721528 1721758
1722687 1722881
1724338 1724675
1730304 1731618
1733233 1735250
1739050 1739167
1742301 1744720
1745241 1745907
1748618 1749635
1750413 1750651
1753270 1753569
1754480 1754573
1755393 1755692
1757231 1757453
1757989 1758530
1759300 1759406
1760224 1760465
1763103 1764317
1765905 1766082
1767607 1768216
1770783 1771708
1775768 1775918
1776420 1776576
1778472 1778727
1783601 1783840
1791083 1791336
1792439 1792645
1793340 1793676
1796595 1796781
1797345 1797613
1799751 1799858
1801552 1801900
1802989 1803154
1803916 1804010
1805694 1805843
1807263 1807314
1809758 1810042
1815279 1815606
1820251 1820395
1822268 1823207
1826530 1827148
1833722 1833970
1841263 1841416
1842255 1843045
1844060 1845799
1846333 1847573
1848456 1848707
1849323 1849941
1850754 1851738
1852341 1852580
1853508 1853750
1854333 1854565
1855282 1855332
1856049 1857892
1859973 1879026
1879557 1881902
1882510 1886160
1887309 1890615
1891383 1891643
1893806 1894355
1896850 1897763
1900524 1900787
1901652 1902168
1903436 1904800
1905524 1918315
1919581 1919811
1920740 1921793
1922514 1923215
1925903 1931165
1931860 1935050
1935647 1935955
1936555 1936657
1937314 1937549
1938668 1938783
1942546 1942808
1944833 1945356
1947595 1948775
1949439 1950788
1952980 1953470
1955948 1956188
1957269 1957356
1962023 1962452
1964422 1964856
1965864 1966055
1970019 1970119
1972647 1972875
1974422 1974701
1976739 1977170
1978650 1978733
1982230 1982402
1983631 1983904
1989650 1989826
1995427 1995775
1997592 1997651
1999053 1999335
2000041 2001573
2003790 2004190
2006021 2006154
2007229 2007319
2011334 2013085
2017317 2018092
2021113 2021538
2024233 2026713
2033119 2033219
2034071 2034394
2041302 2041737
2042334 2044512
2047030 2047835
2048381 2051396
2053726 2054136
2054640 2054822
2057351 2058139
2059184 2059417
2066356 2066429
2070689 2070985
2072638 2073123
2074163 2075126
2080613 2081890
2085844 2086230
2089909 2090055
2091190 2091661
2092303 2092527
2093183 2093477
2096998 2097147
2099644 2101387
2103815 2103964
2108662 2108789
2110158 2110463
2113905 2114139
2116960 2117197
2120263 2121539
2123889 2124188
2124738 2125079
2125676 2128222
2128966 2129245
2129857 2130430
2131321 2131722
2133172 2133763
2134560 2141008
2141531 2141821
2142427 2146678
2147431 2148097
2148830 2149774
2150937 2152855
2153644 2153889
2154504 2154646
2155293 2156537
2157914 2158015
2159314 2159524
2162392 2163067
2164189 2164452
2168471 2168753
2170982 2171244
2172896 2173814
2174716 2175076
2177074 2177238
2179859 2180127
2184975 2185044
2189018 2189172
2197565 2197767
2203137 2204030
2204556 2204611
2205713 2207841
2216408 2216901
2218608 2219655
2220228 2220360
2221383 2222251
2222899 2223181
2228363 2228572
2229288 2229497
2230124 2230221
2235180 2235506
2238222 2239660
2241029 2241155
2246371 2246550
2247245 2247352
2248163 2248348
2249539 2254356
2255865 2257968
2260047 2260361
2261357 2261583
2264424 2265069
2265837 2266354
2267296 2267603
2268634 2268859
2270425 2270814
2271367 2271420
2273867 2274093
2275924 2276036
2279980 2280409
2284988 2285973
2286767 2289129
2289770 2290051
2292200 2292322
2293006 2293162
2293774 2294449
2295684 2296740
2297716 2298481
2299447 2300937
2302382 2305214
2305759 2306721
2307685 2339904
2341947 2344441
2345075 2345751
2346274 2348348
2351521 2351757
2353510 2354768
2356304 2356542
2358040 2358718
2360236 2361357
2361876 2362088
2367032 2367396
2370508 2370684
2371767 2372105
2374379 2375096
2377779 2378022
2379447 2379648
2380235 2381946
2382932 2383393
2387786 2388673
2390794 2392537
2394200 2394405
2397971 2398229
2401363 2401632
2402458 2402657
2407921 2408047
2412157 2413062
2413755 2414107
2418741 2418836
2420434 2420953
2421455 2421594
2422103 2422538
2425502 2425849
2429790 2429990
2431855 2431955
2434551 2435010
2436957 2437107
2438762 2439410
2440080 2440423
2441233 2441289
2442060 2442279
2443333 2443558
2445516 2445753
2446565 2447055
2447796 2448150
2448780 2449298
2449965 2450241
2453267 2454323
2454852 2455218
2456244 2456656
2458531 2458696
2467171 2467631
2471553 2471709
2474105 2474694
2476377 2476515
2477863 2478043
2479596 2480114
2489544 2489976
2491534 2491720
2494801 2496417
2497947 2498145
2498792 2499653
2502174 2503867
2506608 2507377
2511386 2512320
2514564 2517743
2519174 2519350
2520655 2520912
2524987 2526736
2531427 2532063
2533242 2534819
2537252 2537914
2546417 2546527
2547621 2547927
2548819 2550793
2551988 2552163
2553047 2553349
2554013 2554096
2556369 2556576
2557518 2557787
2559287 2559607
2562521 2563046
2565161 2565486
2568547 2570352
2573666 2574188
2574820 2576214
2580340 2581586
2588979 2589074
2590907 2591119
2594201 2594361
2595177 2595394
2599812 2600303
2601438 2602140
2602785 2603170
2604000 2604343
2605702 2606496
2607149 2607635
2612496 2612648
2614051 2615692
2619452 2619832
2620446 2621167
2621854 2622442
2627551 2627697
2631181 2631891
2632454 2632879
2633876 2633999
2634947 2635239
2635830 2636122
2636828 2637105
2637909 2638297
2639108 2639905
2644482 2644647
2645419 2645501
2646870 2647427
2653397 2653697
2656904 2656999
2661553 2661905
2666643 2666864
2668231 2668303
2672350 2673214
2673885 2675079
2682206 2683384
2685013 2685303
2687037 2687248
2695279 2695878
2696597 2696758
2698027 2699248
2699926 2701001
2703605 2703768
2704303 2704519
2707109 2707494
2709615 2710461
2720221 2720766
2722398 2722965
2724363 2725027
2726233 2727079
2728501 2729303
2733747 2734367
2736152 2736845
2742534 2742717
2748257 2749272
2755193 2755427
2755958 2756838
2757359 2757984
2759069 2759279
2760243 2760323
2760872 2761560
2762790 2763000
2763514 2763813
2764403 2768337
2769032 2771240
2771760 2781564
2782555 2794609
2798284 2800404
2801365 2801593
2802116 2803236
2804564 2805048
2805784 2806774
2807866 2808367
2809023 2809256
2812991 2813226
2817811 2818257
2819381 2819720
2822339 2822393
2823437 2823712
2825720 2825956
2827884 2833072
2833775 2834400
2835103 2835354
2836302 2837692
2839887 2841230
2849687 2850266
2852200 2852415
2854436 2854794
2857253 2857465
2859880 2860103
2861411 2862240
2862753 2863459
2864858 2865353
2866014 2866123
2867579 2867750
2870895 2872457
2873403 2873550
2874494 2874833
2876870 2877055
2879007 2879076
2881457 2881552
2884372 2885316
2890527 2893251
2896291 2896452
2897368 2897644
2903025 2903256
2904695 2904776
2908340 2909340
2910989 2911340
2911993 2912091
2913309 2913756
2915579 2918209
2918804 2918854
2920097 2920444
2921684 2921941
2925265 2925685
2927454 2928557
2931641 2931775
2932694 2932837
2933775 2934953
2940790 2941058
2944255 2944483
2946138 2946790
2948233 2948522
2951803 2952195
2953330 2953555
2960207 2960456
2963667 2963844
2964420 2965549
2966161 2966290
2968643 2968847
2970542 2971686
2974467 2974792
2976363 2976660
2978203 2978496
2979193 2980338
2983508 2984514
2985143 2986825
2987490 2987666
2988565 2992762
2993292 2994220
2995293 2999315
3000616 3001731
3002373 3003079
3006011 3011664
3012290 3012505
3013330 3013664
3014193 3016309
3017297 3018789
3019383 3020980
3024314 3025572
3026115 3027931
3032774 3033775
3038656 3039865
3040600 3041079
3045459 3045842
3049575 3049884
3052755 3053058
3053897 3054061
3057076 3057358
3062253 3062476
3063061 3063693
3064532 3064875
3066380 3066758
3069646 3069957
3076868 3077627
3078218 3079587
3081581 3081692
3082386 3082439
3083298 3085336
3091515 3091837
3096183 3096550
3098390 3099146
3100494 3100702
3103910 3104099
3109370 3110725
3112931 3113686
3116075 3116328
3121069 3122827
3124536 3124845
3126939 3127826
3130896 3131232
3137775 3138691
3140771 3140909
3144092 3144329
3145344 3145611
3151375 3151484
3152791 3153381
3153924 3154413
3155405 3155648
3156372 3157195
3158253 3158580
3159321 3159422
3162666 3163262
3166411 3166809
3167465 3168233
3169605 3169812
3172339 3172445
3175852 3176470
3179417 3179734
3186717 3187149
3191398 3191758
3192358 3192857
3194385 3194729
3197839 3198068
3202781 3203046
3205188 3205640
3206318 3206951
3210883 3211260
3212546 3212806
3213315 3214003
3215982 3216156
3217030 3217230
3218615 3219071
3220826 3221557
3224200 3224577
3225990 3226142
3226701 3226751
3229618 3230670
3231389 3231659
3232924 3234130
3237579 3237694
3238227 3238456
3240244 3241021
3245891 3246190
3248212 3248360
3252676 3252747
3256481 3256738
3257487 3257647
3258373 3258563
3259223 3259679
3260417 3261255
3264118 3264287
3264890 3265264
3266977 3267222
3267796 3268093
3276596 3277730
3278660 3278951
3280472 3280664
3281266 3282880
3283384 3283616
3284281 3284374
3285110 3285212
3288078 3288257
3292480 3292875
3293709 3293836
3297379 3297516
3298600 3298977
3299895 3300302
3302333 3302559
3303954 3304278
3304824 3305644
3308985 3309773
3310572 3311317
3312889 3312985
3315319 3315557
3316359 3316646
3319156 3319655
3323345 3324310
3324886 3325274
3330993 3331292
3331925 3332062
3333487 3333582
3338606 3339067
3341448 3341782
3345329 3345555
3347206 3347481
3351830 3352375
3353315 3353447
3357952 3358126
3358663 3358842
3360522 3361078
3361821 3361933
3363216 3363483
3364801 3366201
3366994 3367974
3374068 3374557
3375536 3376584
3380078 3380332
3383135 3383296
3385452 3385783
3389873 3390435
3391074 3391285
3394672 3394844
3400161 3400353
3401766 3402083
3402693 3403747
3405611 3407202
3410141 3410395
3414901 3415207
3416178 3416997
3418446 3420198
3420807 3421027
3422636 3423115
3424688 3424935
3429625 3430331
3437302 3437569
3439512 3443475
3444913 3445506
3446378 3447431
3448473 3448868
3449543 3450024
3450558 3450689
3452607 3453683
3455549 3455782
3458308 3458638
3459896 3460217
3461070 3461346
3465187 3465403
3468777 3469458
3473956 3474051
3477870 3478152
3478713 3479391
3481459 3481724
3484162 3484400
3485106 3485959
3486644 3487220
3487739 3487833
3488917 3489371
3489909 3491255
3494734 3496670
3501177 3502148
3503751 3504473
3506547 3506889
3507568 3508097
3508727 3509282
3509927 3509984
3512587 3512715
3513821 3513963
3514479 3515026
3518105 3518162
3518799 3518999
3519501 3519740
3520335 3520720
3525016 3525170
3526476 3526681
3532267 3532765
3534857 3535175
3536006 3536462
3539922 3540094
3544675 3545126
3546192 3546265
3547528 3547797
3548563 3548809
3549871 3555228
3556030 3556250
3557394 3560139
3560773 3561251
3564121 3565983
3567120 3576360
3576912 3577102
3578003 3578426
3586713 3586776
3587380 3589010
3590529 3590768
3596824 3597477
3598003 3598442
3599353 3599838
3600863 3601042
3601602 3602151
3603546 3604388
3606624 3607191
3608311 3608378
3616324 3616380
3618670 3619369
3622508 3623310
3628352 3629019
3629540 3630338
3630969 3631253
3632161 3633317
3635715 3635791
3638062 3639642
3646384 3646969
3647607 3648457
3649283 3649361
3650940 3651128
3654111 3654776
3655406 3655724
3656702 3657156
3658140 3658307
3664965 3665048
3669930 3670577
3672243 3672679
3673548 3673627
3674508 3674640
3676749 3676954
3680090 3680428
3681520 3681621
3683236 3684153
3684826 3684911
3685599 3685842
3688155 3688350
3691384 3691953
3692780 3693400
3694134 3695535
3697961 3698246
3699339 3699870
3702638 3704441
3705411 3706259
3708812 3710409
3715953 3717143
3718255 3718823
3719927 3720919
3721508 3722054
3727228 3728170
3729504 3729756
3732642 3732743
3734436 3734706
3735369 3736183
3737119 3738424
3741920 3742234
3744371 3744554
3747606 3747741
3748421 3748874
3750984 3751255
3755881 3756111
3756882 3757007
3759777 3759956
3760509 3760668
3761722 3761810
3762443 3762833
3763493 3763583
3764118 3765010
3769688 3769879
3771541 3772758
3773511 3773795
3776321 3777351
3778315 3778498
3779193 3779330
3784803 3784909
3788137 3788652
3789154 3789329
3790156 3790251
3795101 3796121
3797328 3797502
3801081 3801197
3801992 3802073
3802678 3802876
3805994 3806321
3811558 3811610
3812755 3813309
3813947 3814324
3820638 3820951
3822395 3822605
3824261 3824394
3826819 3826996
3830237 3830459
3831058 3831225
3832343 3832810
3833433 3833618
3836387 3836796
3837331 3837608
3838430 3839236
3840824 3841187
3845142 3845391
3846023 3848316
3852413 3853284
3854004 3854572
3857667 3857878
3860872 3861570
3864370 3864598
3867144 3867708
3875011 3876651
3879461 3879514
3880347 3880776
3883041 3883298
3883910 3884141
3885851 3886232
3887154 3887233
3891451 3891730
3894770 3896000
3902332 3902616
3906781 3907069
3911899 3912187
3917247 3917496
3918036 3918223
3923447 3923526
3928731 3930181
3930768 3932648
3934070 3934361
3935145 3935493
3936014 3936735
3937620 3937897
3941215 3943666
3947792 3948065
3949087 3949721
3951154 3951767
3952287 3952452
3954462 3955709
3956889 3960650
3961214 3962156
3962817 3963221
3968098 3968184
3972275 3972611
3973492 3975153
3975660 3976206
3977103 3977978
3980231 3980355
3985604 3985677
3986463 3987584
3988308 3988874
3990901 3991071
3993805 3993954
3996079 3996391
3997849 3998023
4001179 4001838
4003596 4005067
4005880 4006063
4007110 4007590
4009530 4011474
4016556 4017638
4018557 4018983
4025159 4027140
4029551 4029693
4034098 4035490
4038601 4039215
4043185 4044134
4044749 4045014
4045690 4046642
4048764 4048864
4049491 4050167
4050767 4053140
4053985 4054143
4054776 4055013
4055700 4055869
4056532 4056583
4057228 4058029
4058694 4059517
4063296 4063528
4064160 4064342
4067032 4067315
4073086 4073630
4081102 4082266
4083422 4084151
4085203 4085898
4090682 4090983
4092447 4093044
4093840 4094136
4104981 4105862
4108826 4109000
4110558 4110642
4121093 4122170
4126829 4126920
4129087 4129590
4133140 4133427
4140969 4141539
4142836 4143185
4152457 4152653
4153290 4153772
4156748 4156945
4157530 4158289
4158803 4159040
4160636 4160868
4162819 4163102
4166723 4167454
4169739 4169892
4172362 4172434
4173693 4173913
4174506 4174982
4179944 4180402
4182094 4184505
4185120 4185296
4186891 4187313
4188319 4188631
4192518 4192666
4194210 4194308
4194887 4195107
4195697 4195871
4197508 4197795
4198564 4198986
4201985 4202258
4211327 4213047
4215253 4216117
4217797 4218324
4219619 4220201
4222525 4222978
4223888 4224583
4225263 4225560
4228859 4229454
4233296 4233362
4235455 4235756
4236335 4237032
4237571 4238255
4241785 4241867
4246372 4251341
4253944 4254273
4256402 4256687
4257503 4257809
4258480 4259133
4260619 4260809
4263923 4264545
4266435 4268542
4269984 4270654
4273141 4273322
4277793 4278628
4279793 4280057
4281677 4282365
4283782 4284194
4284810 4285430
4285979 4286216
4291672 4292117
4295948 4296275
4299187 4299270
4299997 4300166
4302493 4302747
4304085 4304597
4305915 4308458
4309730 4310560
4311755 4312550
4313350 4313654
4315663 4316576
4322034 4322413
4324773 4325195
4327418 4328104
4330673 4332593
4338566 4338855
4340855 4341071
4343448 4343716
4347189 4347422
4354149 4355415
4357170 4357346
4358473 4358775
4359367 4359474
4361441 4361868
4362980 4363038
4364836 4365021
4366048 4366337
4375447 4375750
4376460 4376767
4377307 4377591
4378154 4378244
4380932 4381624
4382276 4382765
4386421 4387262
4390602 4390883
4391850 4391974
4392761 4393406
4394506 4394713
4396922 4397482
4401916 4401983
4403206 4403394
4405109 4405266
4413381 4413687
4414245 4415335
4417243 4417592
4420391 4420647
4421236 4421385
4423018 4423567
4427814 4427948
4429733 4429880
4433516 4433874
4438769 4439546
4441641 4441732
4444412 4444684
4447649 4447890
4452747 4453602
4455739 4456434
4459766 4460111
4460801 4461169
4463861 4464184
4467129 4467365
4468959 4470835
4477037 4477517
4478212 4478746
4481011 4481748
4484437 4484766
4489195 4489295
4495545 4496580
4499391 4500572
4506807 4507332
4507908 4508310
4509154 4509380
4510128 4512052
4512556 4513179
4514812 4516204
4520176 4520475
4521854 4522096
4522613 4522917
4523628 4523796
4525833 4526106
4528941 4530099
4532528 4533565
4537254 4537569
4538215 4538555
4539216 4539388
4540193 4541357
4547848 4547921
4550429 4550784
4552603 4552778
4554221 4554421
4557720 4560088
4560605 4560728
4561291 4563312
4565422 4565915
4568300 4568779
4572847 4573437
4575857 4576005
4578087 4578379
4580812 4581707
4582422 4584497
4585133 4585319
4586270 4586357
4587340 4588975
4595126 4596559
4597369 4598272
4598873 4599151
4601597 4601675
4604068 4604370
4614311 4614444
4615552 4616912
4621080 4621617
4626602 4627027
4628930 4629032
4633962 4634180
4641937 4643123
4644182 4644382
4647127 4647266
4648008 4648143
4653590 4654109
4655524 4655784
4658555 4659024
4661891 4662229
4662911 4663200
4665653 4667324
4669610 4670169
4672236 4672538
4673784 4675956
4676638 4677603
4678663 4678769
4679978 4680033
4682011 4682146
4683501 4684612
4689706 4690351
4691791 4692195
4692866 4693133
4694183 4694442
4699037 4700008
4701615 4702093
4703776 4703973
4704509 4704871
4709311 4710103
4711804 4712127
4712684 4713098
4716728 4717010
4719369 4720105
4722203 4722559
4724600 4726158
4727420 4728078
4733144 4734042
4736392 4736463
4737227 4737635
4738239 4738628
4742518 4743145
4744686 4745937
4748728 4748955
4753707 4753819
4760738 4761120
4762481 4762633
4768558 4768848
4769681 4770580
4772805 4772948
4774276 4774384
4775591 4775905
4782924 4782986
4783498 4784105
4785313 4786213
4786920 4787311
4789618 4789934
4792484 4792977
4793538 4793646
4798115 4798172
4801530 4801636
4803079 4803371
4806388 4806695
4808053 4808721
4814816 4815152
4817645 4817815
4822682 4827919
4829215 4829346
4830817 4831335
4832339 4832556
4833270 4833603
4834448 4834902
4836360 4836597
4840335 4840394
4842681 4842947
4844175 4845704
4846423 4847272
4848014 4848404
4849211 4849946
4857036 4857202
4861319 4861992
4863033 4864139
4867691 4868175
4868700 4869013
4869519 4869589
4871867 4871941
4877804 4878736
4882558 4883324
4884528 4885105
4886316 4886582
4889494 4889730
4892103 4892188
4893312 4893514
4896202 4896373
4897230 4897736
4898458 4899146
4900254 4900672
4903093 4903411
4904067 4904302
4910794 4911069
4914131 4914577
4915366 4917044
4917704 4926003
4927315 4929330
4930711 4930793
4931856 4932246
4936350 4936597
4937190 4939069
4941714 4942320
4943375 4943444
4945514 4946674
4948283 4949318
4949954 4951095
4960761 4961063
4961713 4963066
4963654 4963760
4967962 4969352
4969908 4970387
4977562 4977664
4983510 4983614
4985153 4985543
4987028 4988385
4991816 4993278
4994289 4994800
4996821 4997095
4999659 5000320
5002572 5002780
5005394 5005661
5007937 5008098
5009274 5009466
5013537 5013707
5016843 5017492
5017996 5020182
5022030 5023001
5023828 5024196
5030944 5031214
5031986 5032600
5036489 5036808
5042215 5043749
5044656 5045148
5046178 5046266
5053149 5053887
5054871 5055528
5056047 5057332
5057885 5058137
5063376 5071288
5072580 5073769
5075447 5075994
5080467 5080566
5081193 5081474
5083587 5083677
5087370 5087766
5091718 5093021
5094706 5096896
5101040 5101470
5104116 5110540
5111585 5112174
5113531 5113746
5119688 5120603
5121330 5121895
5123705 5124494
5129516 5129621
5130744 5130994
5131711 5132467
5134582 5135011
5143853 5145026
5145687 5147108
5148682 5148910
5156180 5156556
5158890 5159090
5159948 5160376
5161145 5162833
5166562 5166833
5167567 5168552
5169294 5169689
5171519 5172516
5173496 5173750
5176649 5176930
5179539 5179829
5181259 5181525
5183012 5183188
5183758 5184009
5185374 5186050
5186805 5186973
5193233 5193511
5194100 5194482
5197530 5198122
5198950 5199041
5201109 5201495
5203479 5203850
5204661 5205880
5208055 5208974
5211044 5211365
5212455 5212718
5214145 5214667
5215541 5216293
5217166 5217424
5220065 5220214
5223021 5223117
5223710 5223880
5224512 5224787
5230923 5230981
5234394 5234588
5235482 5236010
5238553 5240629
5241186 5241352
5242850 5242944
5243454 5244095
5246642 5246861
5247368 5247430
5247941 5248398
5253013 5253069
5259028 5259186
5264353 5264708
5265365 5266417
5268472 5268766
5269352 5270201
5272918 5273084
5276404 5276831
5278098 5278414
5279521 5279743
5281114 5281235
5281783 5283150
5283959 5284307
5289630 5289815
5295244 5295547
5296925 5297030
5300148 5300413
5303226 5305200
5310569 5310660
5312016 5312827
5313990 5314507
5315160 5315643
5317259 5317870
5318903 5319181
5319714 5320189
5321096 5323015
5323766 5324570
5327120 5327414
5328062 5332924
5333559 5334231
5334778 5335435
5336043 5338010
5341866 5342204
5342787 5342983
5346935 5347498
5349317 5349625
5350397 5352708
5354291 5355535
5359215 5359413
5361156 5361324
5366594 5366944
5367543 5368474
5370242 5370463
5370967 5371421
5373875 5374429
5375699 5375976
5377246 5378477
5381216 5381434
5382128 5382595
5383462 5384819
5387079 5387247
5388927 5389981
5390512 5390743
5391292 5391473
5394524 5394607
5395269 5395524
5397298 5399290
5399963 5400077
5403871 5403964
5410330 5410628
5415397 5415463
5422761 5422889
5425900 5426686
5428283 5429411
5433729 5434205
5436746 5436895
5438685 5438907
5439506 5439696
5440400 5440537
5445152 5445414
5451011 5451226
5451960 5452122
5459542 5460169
5461891 5462505
5463479 5463699
5464973 5465242
5466546 5468106
5469111 5469304
5471345 5471629
5475869 5476574
5478132 5478430
5479689 5481592
5483764 5483976
5485728 5485928
5486815 5487020
5488552 5488687
5497074 5497368
5498833 5499466
5500343 5500875
5506474 5506896
5507518 5507811
5508588 5511472
5514141 5514396
5515160 5515417
5518462 5519601
5520680 5520924
5527161 5527363
5528668 5528954
5530159 5530993
5531734 5531999
5534021 5534206
5536450 5536669
5538091 5539042
5541714 5541951
5542673 5542963
5543508 5544165
5545492 5545815
