Escherichia_coli_O157_H7_EDL933_ancestor
226977 232189
269545 269759
273045 274009
303621 304273
345584 347703
391354 391467
617680 618172
618785 619676
637843 638158
660154 660394
664415 665145
809458 811357
814124 815187
895363 895454
896392 896545
900118 900832
919385 919903
920756 921221
1056788 1059203
1068064 1073504
1075429 1089344
1106085 1106179
1109728 1110204
1110708 1112984
1113777 1121798
1122386 1122591
1123116 1144269
1251951 1252121
1259657 1259763
1262358 1263741
1267416 1270895
1271403 1271678
1274266 1283925
1285202 1285340
1286894 1287554
1288131 1289792
1290673 1292373
1294068 1297247
1338141 1338682
1339740 1341876
1348023 1350040
1353167 1353301
1357206 1358298
1359624 1361358
1372966 1373237
1391743 1392007
1393465 1394028
1407648 1407803
1456939 1457139
1459454 1470892
1473698 1475108
1476416 1476574
1477924 1478074
1489588 1509784
1512710 1513821
1518286 1520538
1522037 1523181
1527639 1527910
1533184 1533449
1541292 1542908
1630776 1631057
1633514 1634087
1634632 1634989
1638341 1640633
1642279 1642795
1645613 1647837
1649238 1654212
1655387 1655577
1656106 1656324
1657149 1661875
1664007 1664419
1706123 1706380
1715327 1715387
1717550 1723202
1729293 1730231
1733233 1735239
1742595 1744720
1748618 1750028
1770749 1770971
1771540 1771792
1844296 1844368
1845113 1845371
1846465 1847133
1848317 1848618
1856049 1856400
1859973 1865057
1865620 1870131
1870636 1878971
1879557 1881437
1882573 1882637
1883242 1885421
1888234 1890480
1891295 1891433
1894144 1894313
1897244 1897330
1901808 1902136
1903527 1903857
1904576 1904800
1905963 1912956
1914925 1915503
1922514 1923461
1924418 1931041
1932402 1935464
2043683 2044439
2048448 2049705
2126132 2127685
2128784 2128960
2129887 2130366
2130962 2132363
2132953 2133447
2134722 2135686
2136343 2137328
2137999 2138547
2139062 2140137
2140691 2141001
2141341 2141502
2142604 2144225
2144733 2146859
2147431 2147870
2218608 2219655
2243893 2243962
2249631 2249714
2250689 2253268
2253770 2254228
2286972 2289129
2295929 2296526
2297800 2299196
2300414 2301268
2302361 2302848
2303447 2305214
2305763 2305963
2306486 2307155
2307677 2316003
2316759 2335006
2336388 2337227
2337845 2338150
2339732 2339838
2344382 2345220
2346654 2347340
2348025 2348157
2548800 2549856
2620611 2621981
2698253 2698975
2707102 2707487
2730698 2731359
2764407 2777038
2783845 2785005
2785548 2785781
2787166 2790459
2791085 2794007
2799574 2800147
2802977 2804996
2830064 2832311
2836451 2837494
2979193 2980306
2985143 2986952
2988407 2990228
2990952 2991818
2992493 2992787
2993292 2994279
2996653 2996980
3000619 3001731
3007721 3010151
3010663 3011755
3019469 3020076
3024314 3024395
3026208 3027831
3075985 3076079
3130881 3131175
3199971 3200252
3233533 3233637
3392437 3392716
3550254 3555209
3567193 3574208
3575122 3575426
3576087 3577102
3578407 3578680
3881861 3881916
3889049 3889386
3941300 3941933
3957057 3960281
3990433 3990725
4121093 4121963
4246393 4251436
4277793 4278442
4510004 4510153
4511626 4513447
4673789 4675955
4676959 4677099
4822692 4827872
4863691 4863882
4919181 4924364
5016600 5020074
5048517 5048721
5063476 5068474
5073007 5073656
5104453 5109571
5214483 5214698
5248534 5248753
5282852 5283150
5398251 5399290
5456230 5456450
