Ecoli_0914_Taxon015_
1779 2142
3831 4931
5957 6319
7960 8289
10750 10809
12340 12674
13440 15039
15921 16041
16646 17218
17759 18256
19682 20068
21182 21451
25753 27088
27679 28131
30875 31711
32902 33381
34703 35589
36814 36992
42687 43189
45310 45512
46106 46203
49521 49839
50617 50677
52242 53006
55813 56042
60700 61332
62399 62993
67201 67391
73734 73800
80190 80683
81912 82521
84842 84923
89767 89903
91775 91904
94389 94722
97259 97605
98182 98771
105396 105989
107243 107782
108322 108872
109489 109695
110347 111600
113769 114052
115600 115920
116594 116895
117932 118196
119955 120218
120781 121025
127778 128064
129731 129955
131519 131768
132285 132441
139631 140650
142070 142395
146784 146997
150030 150431
159832 160050
161542 161878
162893 163092
165350 165771
166923 167009
167626 167892
171550 172516
174107 174299
181159 181372
182017 182120
184576 184836
186070 186681
187363 187426
189549 189649
191367 192151
193857 194448
195696 195787
199734 201199
203576 204177
205443 205551
206304 206593
207247 207481
210297 210995
212378 212609
214188 214816
215698 216070
218320 218722
219893 220072
220756 221260
223628 223805
224450 224971
230004 230155
230948 231031
232034 232275
235045 235819
241449 242564
246465 246650
249949 250050
251623 251908
256244 256512
258415 259914
260724 260839
262140 262303
263030 263329
264357 264450
266318 266379
268075 268573
269156 269598
270503 271025
274025 274637
275202 275494
279451 280031
280811 281401
285066 285763
286316 286434
287929 289060
291658 291910
294578 295151
296402 296675
298342 298503
299624 300290
301294 301426
305395 305475
306108 306547
307326 307568
308812 309429
311011 311212
313574 314785
315417 316311
318564 318910
321440 321568
324951 326658
330458 330582
332407 332568
334827 336041
338327 338870
342358 342648
344620 345091
345623 346154
347824 348533
352336 352408
355530 356726
357408 357794
359868 359922
361891 361949
362681 362946
366608 366816
368456 368664
371018 372119
373504 373561
374155 376582
378903 379576
382419 382498
385586 386044
387266 388085
392065 392603
393679 394789
396878 397136
399648 399779
402101 402855
404367 404517
405219 405512
407752 408330
411975 412238
416346 416717
421303 421847
429487 430635
432676 433538
437043 437326
438352 438685
439327 439723
445786 445946
447087 447963
449386 449743
452820 452942
453806 453873
455091 455177
456015 457213
461084 461258
463095 463743
467653 467874
469069 470057
472309 472431
476669 477003
482572 483038
485686 486147
488517 488628
489928 490547
492135 493442
497115 497407
500441 500813
502729 502871
504491 504741
505536 505863
506867 506932
508531 509877
513237 513494
515747 517459
518621 518699
519540 519659
520212 520992
522802 523730
524262 525212
529719 529941
530838 531047
532081 534895
536877 536948
542553 543403
543976 544586
546095 546306
547927 548415
550712 550948
552086 552713
555561 555815
558527 558804
560171 560367
561736 564563
565141 565290
567283 567708
568491 568617
570095 570349
571437 571617
575025 575943
583934 584704
585977 586355
587287 587601
588556 589503
592602 594087
597489 598752
599310 599591
600572 600680
601912 602382
603804 604577
607615 608634
609707 610011
611206 611617
612135 612400
617225 617315
621416 621763
624829 625249
629313 630825
632604 633444
634622 634703
638330 638566
647493 647995
649169 649417
649990 650468
651049 652365
654024 654319
654996 655244
656652 657304
661018 661140
661980 663090
664313 664553
665955 666173
666715 667174
671232 671753
673801 674216
675075 675430
676099 676444
677008 677181
678382 678771
680146 681172
682955 683159
684334 684630
685427 685673
686243 686297
687629 687681
689859 690025
693568 694269
694798 694938
696135 696935
697543 698032
700476 700998
702639 702781
704129 704246
707921 708661
713597 714890
715630 716527
718312 718510
719039 719383
722011 722199
722794 722876
723912 724057
726244 726420
730015 730958
735543 737842
738505 738993
740440 740960
742202 742755
745220 745509
748842 748959
749603 749726
752594 753035
753949 755028
762812 763297
764009 765221
773875 774076
775251 775516
776204 776427
778158 778935
779461 779693
781051 781500
787850 787945
794004 794230
798111 798392
799024 799227
799827 801575
806276 806506
811430 811511
815644 816109
817305 817578
819258 819720
820704 820973
821710 821787
824716 824934
827187 827555
831160 831465
832517 832902
833480 834178
839952 840247
840879 841278
844514 847042
848294 849143
851678 851960
853321 854448
856401 856618
859008 859244
862028 862272
862873 864064
865763 866084
867305 867398
868364 868649
871074 871202
872968 873346
875741 876407
878976 879650
884264 884698
885876 886780
888753 890044
893091 894183
897599 897787
901912 902182
903719 903931
906089 906253
907593 907667
908712 909093
910313 910553
918805 918998
925018 925176
930950 931769
935751 935886
937472 937664
944501 944928
945906 946497
948234 948450
950418 950553
956095 957580
958531 958971
959627 960776
962207 963711
969897 970165
970876 971136
973100 973358
973995 974621
976212 976722
979069 980210
980894 981097
981734 982022
983610 983848
984494 984802
986516 986588
990710 990812
993056 993212
998048 998123
1000051 1000239
1001817 1001996
1002872 1003200
1003862 1003980
1005686 1005744
1009181 1009277
1010233 1010796
1013460 1013760
1015585 1015882
1019186 1019688
1024201 1024279
1025984 1027481
1029579 1030045
1030908 1031164
1031667 1031884
1034004 1034197
1034993 1035141
1036450 1037013
1040407 1040478
1043780 1044498
1047561 1048101
1049916 1050204
1050906 1051263
1052350 1052468
1054106 1054943
1056891 1057781
1059130 1059184
1061252 1062325
1066371 1067969
1070338 1070395
1073115 1073904
1080271 1080410
1086273 1086954
1088848 1089129
1091416 1091944
1093015 1093574
1094093 1094406
1095041 1095872
1096759 1097661
1098548 1098986
1101028 1101388
1102569 1102818
1108053 1108173
1109395 1109688
1111450 1111844
1118731 1118827
1122085 1122273
1123306 1123502
1124445 1125051
1128853 1128923
1129965 1130070
1133943 1134154
1135393 1136146
1137683 1137990
1138842 1139330
1140509 1140722
1144153 1144577
1147618 1147768
1148316 1148685
1151090 1152147
1153745 1154299
1161095 1161265
1164583 1165329
1166053 1166292
1168700 1170286
1171846 1172526
1179421 1179698
1180562 1180847
1184503 1184902
1187014 1187160
1187663 1188104
1190886 1191182
1191860 1192174
1194195 1194380
1194955 1195216
1197399 1197706
1199172 1199254
1201675 1202888
1205461 1206519
1214038 1214293
1218213 1218571
1222565 1222851
1226009 1226076
1230265 1230494
1231945 1232072
1232765 1233042
1234587 1235210
1245154 1245326
1245834 1246521
1248915 1249123
1250864 1251499
1254702 1255115
1255958 1256823
1259155 1259680
1260239 1260434
1261552 1261785
1262387 1262732
1265079 1265802
1270382 1270460
1274513 1274937
1275977 1276293
1277226 1277579
1282603 1282683
1283634 1284167
1284946 1286201
1289215 1289771
1290678 1291000
1291749 1291931
1298572 1299507
1301351 1301520
1303805 1304261
1305243 1305423
1305966 1306229
1306817 1307172
1314407 1314676
1318169 1318406
1319063 1319113
1319692 1320162
1321112 1321641
1325135 1325188
1330125 1331258
1334965 1335162
1338742 1339768
1340454 1341551
1342363 1342665
1344204 1344448
1347301 1347559
1348546 1348716
1349860 1350274
1352179 1352398
1353641 1354045
1356338 1356685
1358064 1359379
1360630 1360862
1361810 1361978
1367522 1368763
1371656 1371847
1373803 1374498
1379578 1379696
1380406 1381082
1384090 1384362
1387102 1388041
1388575 1388945
1391351 1392309
1394497 1394966
1396498 1397240
1398309 1398764
1399769 1400404
1404888 1405431
1408343 1409047
1409893 1410562
1413302 1413365
1415622 1416764
1419313 1419937
1420767 1420989
1423417 1424209
1425453 1426512
1427314 1428239
1429120 1429545
1433424 1434428
1439264 1439796
1441756 1442147
1442810 1443105
1445331 1445581
1449206 1449790
1450544 1451502
1452122 1452327
1452868 1453969
1457342 1457633
1458446 1458946
1461000 1461786
1467659 1467722
1469394 1470750
1473632 1473807
1475711 1475961
1476583 1476861
1479428 1479892
1481847 1482236
1483600 1484211
1484939 1485016
1486051 1486527
1487366 1487985
1491281 1492173
1496624 1498134
1498644 1498748
1501973 1502553
1503997 1504121
1508152 1508373
1508875 1509191
1510997 1511743
1512306 1513011
1513639 1513834
1514747 1514968
1519110 1521311
1525102 1525231
1526531 1526809
1527640 1528169
1528839 1529172
1533363 1533419
1538337 1538608
1540690 1541007
1541694 1542173
1542741 1543692
1545320 1545651
1546618 1547832
1548452 1548697
1554867 1554978
1556297 1556460
1557716 1558098
1559802 1560197
1562476 1562696
1566879 1567017
1567523 1568445
1570472 1570529
1573251 1573614
1575924 1576749
1583349 1583599
1584213 1584499
1585932 1586054
1586641 1587061
1588044 1588839
1596984 1598264
1600337 1600445
1602092 1602222
1603146 1604065
1605773 1606343
1607197 1607420
1613322 1614124
1624615 1624865
1627552 1627696
1629143 1629297
1631943 1632192
1633369 1633680
1638793 1638853
1641530 1641746
1642744 1643123
1646696 1646887
1650129 1650233
1651513 1651612
1652174 1652479
1658655 1660474
1663963 1664216
1664734 1664913
1665537 1665853
1669235 1669393
1669990 1670175
1671440 1671863
1673391 1673590
1674353 1674551
1675159 1675879
1679453 1680069
1680941 1681176
1682373 1682752
1689936 1690055
1691973 1692115
1700348 1700631
1704158 1704278
1706413 1706809
1710466 1710562
1712437 1712707
1713904 1715297
1718103 1718269
1725026 1726610
1727990 1728167
1730899 1731346
1732499 1732639
1736376 1736601
1742817 1743087
1745927 1746094
1747072 1750466
1751467 1751897
1755497 1755649
1756638 1757026
1759427 1759824
1760686 1760799
1761923 1762331
1764386 1764548
1765423 1765690
1766799 1767039
1768500 1768701
1775755 1776073
1776764 1777574
1778698 1778852
1780234 1780317
1782960 1783467
1784150 1784950
1787091 1787411
1789220 1790191
1792005 1792701
1794971 1795418
1799054 1799326
1805330 1805410
1807320 1807421
1808369 1808896
1809850 1810089
1810847 1811300
1812324 1812494
1813558 1814125
1815539 1815847
1819366 1819490
1824005 1824102
1827233 1827431
1829230 1829460
1830463 1830798
1832411 1832545
1834140 1834401
1835018 1835177
1835689 1836517
1838941 1839245
1840105 1840362
1841084 1841173
1841700 1842309
1844599 1844655
1848579 1848779
1850697 1851075
1851811 1851968
1859271 1859962
1861528 1862073
1862865 1863426
1871588 1872354
1874658 1875241
1876622 1876769
1880870 1881301
1882874 1882977
1884081 1884622
1889811 1889983
1891625 1892165
1893094 1894421
1895012 1895481
1896861 1897038
1899497 1899758
1903258 1903565
1910357 1910949
1912588 1912928
1916215 1916377
1917370 1917499
1918981 1919275
1921140 1921521
1924480 1924942
1927377 1927508
1928698 1928775
1932277 1932967
1934261 1934691
1937997 1938182
1939861 1941222
1953282 1953697
1954612 1954662
1956802 1956902
1958312 1958529
1959962 1960287
1963356 1963646
1964909 1965237
1969942 1970221
1971853 1971945
1976163 1976380
1982949 1983284
1985305 1985731
1987667 1988051
1991016 1991458
1992648 1993900
1999703 2000029
2001035 2001214
2002990 2004127
2010352 2010694
2011875 2011927
2012734 2013640
2015923 2016144
2017999 2018260
2018969 2019129
2021667 2022078
2029136 2029524
2030722 2031588
2034629 2035559
2036787 2037091
2037858 2039663
2044677 2044880
2048040 2048883
2049837 2050073
2050824 2051293
2053333 2054248
2055335 2055696
2058732 2060837
2067221 2067348
2068752 2071226
2074280 2074532
2075161 2075244
2077512 2077677
2079794 2081452
2083248 2084243
2086121 2086375
2087102 2087283
2087932 2088168
2095089 2095315
2097010 2097133
2098853 2098916
2099833 2101417
2103515 2103692
2105969 2106944
2110672 2110803
2113501 2113609
2116615 2116698
2120049 2120165
2120859 2121083
2122430 2122546
2123584 2124149
2137046 2137280
2137887 2138114
2139433 2140553
2141618 2142347
2143528 2143638
2144779 2144974
2147002 2147085
2150513 2150791
2151682 2151982
2152888 2153484
2155710 2155924
2160346 2160445
2160995 2161417
2162833 2163354
2167274 2167924
2168745 2169313
2171633 2172062
2172837 2173033
2174162 2174217
2174984 2175058
2178021 2178284
2180100 2180244
2184710 2184954
2188131 2188616
2190266 2191605
2201687 2202593
2204929 2205332
2206780 2207068
2210075 2210660
2214312 2214416
2215523 2215947
2217736 2218509
2221957 2222324
2223233 2223602
2224969 2225149
2227483 2227757
2230852 2230909
2236731 2237450
2243367 2243604
2246412 2246603
2247362 2247599
2249173 2249295
2250787 2251122
2251851 2252373
2253150 2253684
2259262 2259423
2261147 2261513
2264471 2264929
2266563 2266633
2269980 2270253
2272466 2272745
2274608 2274754
2275856 2276629
2280124 2280406
2281007 2281314
2286665 2286731
2289436 2290522
2291053 2291319
2292710 2292966
2298038 2299029
2303161 2303487
2307906 2307988
2312651 2313178
2316462 2316673
2317640 2317755
2319334 2319737
2322602 2323150
2324195 2324690
2328589 2329083
2330517 2331322
2333279 2333561
2334524 2334662
2339375 2339537
2340241 2340503
2341773 2341923
2345449 2345834
2347426 2348411
2353522 2354590
2355369 2355701
2358278 2358478
2360062 2360309
2361803 2361907
2365145 2365326
2367400 2367707
2368733 2369165
2375030 2375424
2375996 2376402
2378439 2378535
2384932 2385575
2387374 2387653
2391906 2392401
2394498 2394840
2395966 2396153
2398180 2398371
2402729 2404311
2408796 2408884
2410605 2410948
2414083 2414467
2415456 2415525
2416950 2417060
2418810 2419310
2422040 2422398
2423173 2423529
2425016 2425255
2426873 2427258
2428883 2430788
2433073 2434113
2434799 2436510
2438219 2438680
2439323 2439699
2440568 2441555
2442699 2443317
2450287 2450451
2451668 2451866
2460101 2460267
2462149 2462266
2462859 2462913
2464996 2465587
2466286 2466852
2467382 2468235
2471446 2471850
2473131 2473754
2474528 2474608
2476726 2477095
2479086 2479387
2480202 2480983
2482108 2482234
2482836 2482947
2484707 2485317
2492920 2492969
2495465 2496878
2498574 2498838
2501036 2502730
2506462 2506733
2507657 2508629
2513021 2513259
2514757 2514816
2515718 2515988
2518056 2518444
2520086 2521854
2524050 2524116
2524919 2524986
2526206 2526726
2527989 2528169
2530399 2530473
2532982 2533203
2537868 2538212
2542662 2542732
2550247 2551122
2552923 2554160
2554987 2555224
2555731 2555834
2557990 2558960
2561163 2561266
2565023 2565164
2571559 2571898
2572816 2572903
2575230 2575559
2579072 2579194
2583532 2583924
2586172 2586269
2589692 2589766
2590928 2591448
2596026 2596202
2597212 2597444
2598059 2598413
2601495 2601705
2603732 2604065
2606578 2606642
2607843 2608711
2610463 2610732
2611746 2612036
2615380 2615827
2617820 2618496
2619511 2619637
2624667 2626694
2628857 2629383
2630388 2630617
2632357 2633160
2638326 2638681
2640512 2640826
2641455 2641833
2643923 2644150
2645029 2645243
2645823 2646213
2646793 2647025
2647598 2647747
2649371 2649623
2650234 2650510
2651588 2651932
2652483 2652792
2658093 2658823
2662205 2662456
2665094 2665390
2667486 2667637
2668481 2668726
2672471 2672645
2674928 2675024
2676681 2676881
2681825 2682003
2683992 2685517
2686219 2686299
2689291 2689953
2691317 2692497
2693473 2693818
2695529 2696176
2696905 2696998
2697698 2698162
2698782 2698852
2701842 2702359
2703285 2703534
2704975 2705823
2707640 2707693
2710674 2710901
2712714 2713090
2718678 2719301
2723392 2723606
2728154 2728222
2731893 2732033
2733926 2734178
2737455 2738188
2739602 2740188
2740897 2741061
2741595 2742099
2745056 2745331
2747613 2747929
2749869 2750651
2757787 2758106
2762276 2762481
2763539 2763656
2765556 2765961
2768470 2768707
2769398 2770403
2777900 2778091
2783053 2783163
2783681 2783899
2784427 2784642
2785796 2785983
2788478 2789326
2789867 2790106
2792051 2792457
2793969 2794427
2795030 2795161
2796260 2796451
2800879 2801582
2802428 2803328
2806056 2806363
2807395 2807644
2810886 2811142
2811988 2812099
2819764 2819854
2820827 2821799
2823692 2823806
2824888 2825308
2829823 2830269
2832986 2833085
2835509 2835585
2836214 2836629
2839228 2839735
2840999 2841069
2841615 2842204
2854067 2854766
2855532 2856027
2858651 2859290
2863004 2863594
2864253 2866402
2867356 2867445
2869170 2869410
2870253 2870447
2871586 2871884
2872742 2873014
2874283 2874421
2876283 2876995
2878411 2878952
2881685 2881850
2883260 2883376
2886795 2887049
2889681 2889812
2891220 2891467
2896998 2897082
2898202 2898369
2900679 2900854
2901998 2902194
2903976 2904074
2905732 2906016
2908701 2909331
2910868 2912597
2914675 2915232
2923698 2923810
2924790 2924953
2928467 2928856
2931710 2931918
2933552 2933636
2935765 2937391
2940442 2940622
2941247 2941489
2942886 2943230
2944058 2944283
2947489 2947723
2949074 2949324
2950375 2950509
2951725 2951811
2952387 2952441
2954380 2954545
2955220 2955775
2956650 2957840
2960603 2960742
2961582 2961713
2963231 2963367
2964146 2964439
2965192 2965472
2968540 2968729
2971016 2971403
2972301 2972354
2974301 2974846
2978428 2979321
2985904 2986294
2986941 2987290
2990015 2990119
2993288 2993915
2995856 2996219
3002360 3002465
3003283 3004108
3005256 3005386
3007761 3008068
3009132 3009223
3012550 3012767
3018564 3018947
3020462 3021238
3021961 3022544
3023753 3024677
3025541 3026356
3027440 3027729
3031144 3031688
3035546 3036071
3037386 3037642
3040134 3040636
3041702 3041786
3043126 3043365
3044816 3045431
3049227 3049678
3053110 3053448
3056801 3057698
3058209 3058565
3060411 3061068
3062038 3063624
3065613 3067879
3068426 3068966
3071712 3072259
3073548 3073967
3075010 3075398
3075930 3076009
3078757 3079267
3080875 3081469
3086427 3086619
3088375 3088637
3091275 3091546
3092074 3092389
3096676 3097060
3110484 3110634
3113257 3113492
3115177 3115708
3116707 3117002
3117869 3118173
3119514 3119582
3121822 3122120
3122892 3123125
3124664 3125864
3127338 3127506
3130684 3130804
3131623 3131742
3133082 3133375
3137845 3138056
3139721 3139903
3141589 3141731
3147273 3148308
3149421 3149821
3151526 3151675
3155217 3155474
3156067 3156334
3159705 3159962
3164069 3165085
3166031 3167087
3167717 3168093
3176009 3176391
3178019 3178201
3182059 3182278
3184205 3184258
3184836 3185237
3186310 3186447
3188892 3190571
3196168 3196240
3197929 3198465
3203090 3203234
3207281 3208302
3210502 3210566
3211235 3211636
3212870 3213054
3219585 3219886
3222182 3222286
3223141 3223200
3225064 3225360
3225861 3226062
3227134 3227563
3232184 3232615
3235163 3235794
3236644 3236896
3238467 3239714
3241661 3243446
3243976 3244185
3247899 3248009
3248634 3249464
3250191 3250281
3254470 3255019
3256822 3257942
3258757 3259435
3260581 3260692
3263232 3264074
3265031 3265135
3266009 3266156
3272075 3272571
3273848 3274276
3276355 3276512
3278362 3279896
3281682 3282558
3286491 3286757
3288012 3288325
3289658 3289846
3297839 3297981
3298664 3298939
3300007 3300071
3304243 3304308
3304874 3305364
3308792 3309059
3310833 3311215
3312779 3312955
3316729 3316917
3320673 3320802
3323101 3323803
3329920 3330164
3332530 3333487
3335752 3335985
3337692 3337835
3338440 3338490
3340626 3340737
3344264 3344616
3345987 3346164
3347690 3347833
3348982 3349048
3352597 3352978
3359405 3360140
3362677 3363036
3364323 3365896
3367927 3368103
3369153 3369594
3370098 3370360
3373769 3374111
3374679 3375134
3377652 3378807
3380358 3380697
3381267 3382221
3385522 3386277
3387816 3388125
3390717 3390817
3394654 3394866
3404981 3405512
3408989 3409521
3412593 3413039
3414548 3414704
3416157 3416584
3418701 3419400
3423297 3423962
3425481 3425657
3426315 3427396
3428013 3428480
3430679 3430816
3432047 3432670
3433343 3434162
3436275 3436479
3437339 3437522
3438130 3438709
3442024 3442774
3443545 3444313
3444988 3445814
3447665 3447862
3448993 3449449
3452504 3452625
3453208 3453384
3456020 3456493
3463181 3463382
3466649 3466892
3469519 3469794
3477672 3478958
3479675 3479878
3481146 3482145
3484409 3484690
3486263 3486960
3489392 3489446
3491461 3491636
3493492 3493951
3497658 3498220
3498726 3499230
3500485 3500616
3501286 3501751
3504088 3504369
3507477 3507916
3508826 3509536
3510190 3510379
3511719 3511810
3512507 3512750
3515852 3516753
3517278 3518077
3518852 3519289
3521780 3522266
3523720 3523881
3524427 3524706
3526262 3526543
3527318 3527812
3530188 3530305
3531776 3532722
3535995 3536097
3538857 3539014
3540086 3541073
3544655 3545453
3547680 3548235
3549029 3549304
3551566 3552313
3553415 3554565
3555315 3555596
3558746 3558978
3560197 3560627
3561502 3561583
3562896 3563032
3570081 3572087
3574749 3575051
3575717 3575800
3581117 3581970
3582647 3584004
3593221 3594405
3596823 3597101
3604233 3604293
3604851 3605068
3611419 3611822
3614959 3615220
3619650 3620930
3622066 3622505
3624627 3624729
3625426 3625626
3626478 3626665
3628547 3628821
3629370 3629470
3631563 3632459
3637684 3639334
3643234 3643614
3644770 3645125
3646391 3646899
3647541 3647825
3655445 3655731
3660014 3660227
3660831 3661067
3662505 3662739
3663335 3663631
3665478 3665805
3666700 3667090
3668521 3668906
3669571 3669694
3670387 3670653
3671567 3671804
3676261 3676357
3677363 3677430
3685071 3685662
3687081 3687816
3688795 3689697
3694160 3694644
3697958 3699026
3700475 3701414
3701948 3702141
3703543 3703834
3705460 3706470
3709251 3709376
3710489 3710741
3715471 3715655
3717532 3717783
3724202 3724501
3727094 3727525
3732373 3732708
3738304 3738371
3739783 3740789
3742574 3742872
3744007 3744576
3749297 3749640
3750173 3750663
3751827 3752190
3754232 3754876
3759717 3759804
3762789 3764549
3767463 3767646
3769043 3769362
3772753 3773656
3774389 3774632
3775253 3775996
3778123 3778350
3786095 3786388
3787346 3787595
3788637 3788746
3789802 3789863
3794262 3794509
3795538 3795787
3801552 3801737
3805287 3805660
3809604 3809921
3810715 3810978
3815377 3816234
3820416 3820493
3821738 3823188
3833920 3834285
3842305 3842558
3845451 3845600
3847991 3848550
3849151 3849450
3851932 3852784
3854179 3854783
3855962 3856693
3859218 3859795
3860570 3861033
3862709 3863149
3866200 3866506
3868170 3868929
3870020 3870343
3874962 3876168
3877598 3878094
3881929 3882599
3883137 3883682
3888324 3888564
3893235 3893427
3894384 3894748
3898324 3898688
3899741 3899904
3907930 3908093
3910600 3910687
3916315 3917091
3919646 3920456
3921922 3922948
3927264 3927343
3928219 3928385
3928960 3929108
3930034 3930184
3934696 3935076
3936675 3936972
3944338 3944659
3945638 3945806
3952408 3952592
3954424 3954533
3956818 3956982
3959527 3959856
3961053 3961243
3963732 3963887
3964452 3964611
3965692 3966334
3969321 3969505
3971629 3971699
3973781 3974106
3974930 3975194
3976351 3976494
3977302 3977608
3978930 3979187
3980555 3980808
3982319 3983081
3984771 3985408
3985966 3986849
3988942 3989555
3990156 3990318
3993358 3993811
3995616 3995771
3997634 3997706
4002867 4003067
4003978 4004030
4006808 4006934
4008241 4008317
4011521 4011669
4017573 4018764
4020330 4020476
4022950 4024009
4025005 4025385
4027137 4027233
4027853 4028109
4028854 4029228
4030318 4030540
4031544 4032047
4032828 4033106
4035840 4036074
4038149 4038337
4039161 4041158
4041889 4041971
4042566 4042657
4043740 4044007
4046664 4046900
4047946 4048219
4048912 4049569
4050386 4050516
4056115 4056166
4057658 4058302
4062238 4062479
4064574 4064643
4065189 4065501
4071832 4071961
4072511 4072590
4075282 4076213
4079960 4080091
4080627 4080842
4082699 4083561
4086797 4086949
4089588 4090299
4092809 4092893
4096431 4097124
4099376 4099508
4100438 4100518
4104298 4105543
4107500 4108726
4109571 4111539
4113215 4113339
4116404 4116899
4118007 4118382
4119568 4120721
4121245 4121746
4122874 4123121
4124262 4124562
4130052 4130505
4131468 4132265
4136842 4137005
4137930 4139141
4143496 4143937
4145186 4145253
4148961 4149484
4152989 4154047
4157277 4157371
4159149 4160632
4164951 4165063
4165620 4165711
4169752 4169929
4170669 4171516
4172531 4173173
4176648 4176987
4178729 4178932
4179908 4180245
4182026 4182251
4185721 4185803
4187734 4187805
4188947 4189531
4190768 4191165
4192900 4193619
4195788 4195953
4199623 4200634
4201378 4201636
4207798 4208173
4223302 4223423
4225455 4225712
4230850 4231697
4233021 4233246
4234359 4235214
4239578 4239653
4242814 4243682
4245991 4246073
4246913 4247102
4249320 4250152
4256288 4256591
4257129 4257519
4258255 4258350
4259988 4260061
4265361 4265938
4267032 4267697
4268390 4269820
4284103 4284422
4285049 4285506
4286181 4286754
4289502 4289888
4295146 4295239
4297643 4298034
4298759 4299032
4305396 4305715
4306274 4306336
4307703 4308531
4309486 4310076
4316006 4316085
4319346 4319569
4321217 4321556
4327078 4327377
4328296 4328626
4334103 4334924
4344930 4345216
4347905 4348110
4349186 4349318
4350621 4350692
4351529 4352595
4354697 4354980
4359732 4360725
4368333 4368611
4371166 4371757
4376383 4376595
4379717 4380071
4382300 4382362
4384136 4384548
4386916 4387598
4388976 4390091
4393411 4393523
4397206 4398161
4401200 4401272
4403852 4404329
4405127 4405260
4408488 4408932
4411749 4412818
4414256 4415066
4415660 4415807
4418821 4419574
4424855 4425152
4429569 4430056
4431710 4431836
4437198 4437830
4442127 4442196
4444490 4445137
4449305 4449464
4450414 4450702
4452796 4452963
4453837 4454029
4456405 4456775
4458004 4458120
4458692 4458988
4459492 4459778
4462357 4463404
4464341 4464603
4466497 4466841
4467836 4468401
4475504 4475571
4476576 4476780
4478990 4479691
4482097 4482236
4486083 4487458
4490577 4491677
4494123 4494700
4499483 4500389
4502681 4502955
4505849 4506423
4508822 4508925
4514292 4514385
4515522 4516693
4519857 4520689
4525931 4525997
4527690 4528121
4530613 4530703
4534525 4535472
4537326 4537926
4538471 4539772
4542460 4543954
4545753 4546344
4547580 4548240
4550002 4550755
4552131 4552339
4554108 4554922
4555427 4555599
4556681 4557076
4560055 4560383
4563750 4563972
4564856 4565296
4566037 4566285
4568593 4568936
4572358 4573294
4577288 4580023
4581702 4581930
4582596 4583376
4587215 4589822
4590685 4591302
4593166 4593462
4595832 4596029
4597516 4598198
4600200 4600286
4601156 4601426
4602505 4602803
4605189 4605410
4606560 4606998
4608087 4608592
4612590 4613458
4614462 4616380
4617662 4617954
4618583 4619248
4620167 4621359
4622231 4622426
4623721 4623794
4624731 4624914
4625625 4625890
4628834 4628974
4630769 4631446
4634328 4635509
4636429 4637281
4638203 4639424
4640562 4640841
4641520 4641652
