e_coli_k12_gi_556503834_ref_NC_
1 275
19762 19860
66565 66734
109694 109827
124803 124870
188028 188148
223564 225227
258007 258577
270638 271662
274966 275039
279327 280012
290540 291239
315371 316289
339817 340075
349880 349972
357600 357749
370710 370859
375166 375365
381237 382434
404107 404278
500263 500327
508673 508760
509914 510466
520237 520398
566946 567936
574773 575624
578317 578496
580432 580698
598138 598292
608047 609252
687950 688878
696507 696618
696754 696862
729901 733089
734837 734932
736850 737438
780152 780842
781247 781410
781498 781762
805891 805982
850717 850778
856735 856956
909979 910146
1049940 1050467
1094343 1095469
1097200 1097434
1122244 1122557
1144252 1144428
1208575 1208710
1243367 1243417
1269349 1269785
1286758 1287280
1299782 1300535
1364582 1364730
1396140 1397360
1408504 1408558
1427845 1428454
1432373 1434425
1448531 1448602
1466000 1466529
1469422 1470475
1528283 1529075
1531847 1532818
1537292 1537352
1635023 1636769
1650991 1651413
1734329 1734445
1746434 1746514
1960932 1961265
1978602 1979204
1994051 1994208
2066275 2067200
2069128 2070212
2090475 2090603
2101848 2102869
2118556 2118652
2129996 2130265
2170240 2171378
2175431 2175575
2229259 2229376
2270942 2270997
2289040 2289964
2304536 2304648
2304748 2304946
2342185 2342253
2347823 2348005
2374474 2374570
2514444 2515436
2518089 2518204
2521007 2521126
2521211 2521506
2612427 2612478
2635574 2635745
2726087 2731261
2737622 2738018
2767713 2767817
2770232 2770572
2817784 2818196
2825220 2825562
2887330 2887666
2899015 2899225
2947385 2947604
2996460 2997539
3130242 3131262
3157885 3158295
3174216 3174490
3186157 3187327
3269769 3270033
3310370 3310802
3362130 3362287
3365633 3366678
3370191 3370253
3392255 3392313
3423526 3428882
3455720 3456018
3470263 3471068
3583526 3584096
3618514 3618563
3619254 3622791
3623972 3625223
3630891 3631303
3652091 3653044
3666279 3667679
3703614 3703850
3718545 3718644
3764990 3765629
3813155 3813368
3941547 3946826
3967723 3967974
4035317 4040746
4094479 4094739
4133524 4133829
4166398 4168115
4168640 4171866
4192075 4192133
4207942 4208082
4209703 4213056
4295954 4296226
4325985 4326384
4392412 4392534
4428089 4428151
4498082 4499476
4518069 4518492
4606257 4606311
4614401 4615258
4636408 4636482
