Escherichia_coli_O157_H7_EDL933_ancestor
613 874
5441 5660
6881 7131
9547 11095
12714 13836
14352 14724
17986 18394
19456 19566
23402 24074
24657 24886
27131 30044
31677 32209
32932 33700
34574 34744
37387 37794
43137 43761
47943 48585
55260 55526
61064 61120
61665 62311
65216 65378
66662 66752
68429 68647
73636 74156
76123 76388
80811 81515
86224 87063
92080 92610
93350 93420
98266 98540
107740 108142
116886 117129
118312 118937
121277 121445
123650 124129
125247 125532
129837 130077
134089 135052
135821 136551
138586 138720
139763 141240
143386 143580
149930 153773
158150 158354
164897 165069
168036 168186
171032 171309
175041 175140
179037 179264
180081 180369
181378 181799
183122 183836
185829 186224
187436 187641
191279 191396
194092 194378
196807 196896
202781 203347
206367 207278
219166 219286
226961 234568
240457 240948
245071 246216
246856 248255
252521 253859
262042 262174
262743 263030
265469 265564
272694 274009
274588 274807
276217 277371
278007 278207
278846 279057
288370 290391
293911 294429
295737 296033
300774 300923
302036 302198
303621 305048
307234 307315
307900 308420
311900 312134
312644 312863
314473 314751
318114 318256
330065 330184
335461 337154
337931 338187
340274 340865
341458 341639
345115 347703
349971 350158
351558 351679
355775 355974
365016 365371
368920 370032
374968 376173
384154 384348
385507 385691
386844 387148
387660 387942
391116 391572
397213 397507
401770 402547
405653 406050
418844 420665
422507 423080
423938 424163
427767 427987
429588 430386
435630 437026
438303 439302
440090 440503
441033 442976
443597 444429
446580 447074
450641 451266
451776 452482
456731 457008
457814 457914
460093 460352
462260 462319
468668 468838
469689 469954
471191 471583
474006 476653
477421 477656
478158 478455
482321 482531
494267 494543
497429 497724
507788 507983
511637 513248
513840 514376
517402 517896
521354 521613
526699 526958
530549 530798
536585 536862
537971 538149
541978 542250
546407 548045
553953 554874
560084 562305
574223 574312
575503 575943
576974 577387
578755 579071
580091 580359
581761 582750
592867 593080
597718 597904
601381 601517
602057 602380
616587 618177
621464 621766
623081 623251
624265 624716
627758 630446
649133 650590
654559 654800
658705 659311
661359 661689
662914 663345
664382 666684
668662 669105
670756 672805
674270 674362
675939 676221
678906 679475
684946 685153
692813 692990
695170 695572
702527 702742
708094 708368
710735 710901
721501 722482
725536 725744
728012 728095
732245 732677
736231 737098
738908 739164
743064 743695
744396 744519
746028 746974
748438 749124
758935 759227
761375 761542
764055 764557
765362 765597
768653 768907
773275 773460
776281 776716
777241 777848
778361 778664
782986 783254
795838 796119
798088 798253
800366 800643
801363 801714
803198 803747
804589 806231
807901 808844
809428 811234
812786 812836
814228 815187
822088 823237
825506 826139
828387 828522
829027 829807
837586 838062
838996 839591
842411 843229
844590 847355
849956 850015
854766 855301
867504 867676
877620 878700
879961 880828
883869 884201
885068 886130
894306 894600
896392 897128
898034 898335
900118 901323
907049 907479
908534 908842
911340 913244
913753 913978
917056 918570
919993 920119
920755 921224
923768 924624
927477 927923
933304 933508
936780 937015
943332 943432
943996 944089
946807 947708
952132 952892
957466 957687
959025 960043
963970 964603
972272 972860
984218 985051
988330 989307
990030 991929
992738 993108
993731 993992
997215 997497
998320 998947
1002247 1002454
1003000 1003479
1004092 1004201
1005520 1006127
1007526 1008609
1010389 1010443
1011202 1011386
1013600 1013966
1018051 1018217
1024971 1026303
1026829 1026889
1027612 1028002
1032058 1032508
1033493 1033786
1037765 1038051
1048046 1048116
1056648 1057753
1058414 1060382
1062186 1074604
1075177 1076837
1077355 1078455
1079005 1081471
1082155 1082761
1083287 1083419
1084243 1084962
1085823 1087080
1087699 1088235
1088996 1090737
1091408 1091570
1093018 1095382
1095910 1096509
1097171 1103877
1104394 1106784
1107989 1108081
1109728 1110204
1110708 1111105
1111653 1116619
1117405 1120246
1120873 1130066
1130967 1132266
1132880 1133814
1134364 1140401
1141145 1142751
1143401 1144547
1145121 1146341
1147395 1147647
1151710 1153916
1157412 1157492
1161898 1162390
1164900 1165029
1166649 1166828
1167775 1168006
1173819 1174192
1175134 1175368
1178527 1178870
1182090 1182326
1183032 1183260
1188406 1188636
1197164 1197337
1199683 1199903
1202001 1202302
1204976 1205378
1210154 1210772
1212279 1212775
1213280 1213408
1215492 1215679
1217134 1217808
1219063 1219344
1221540 1221998
1224216 1224881
1225887 1226106
1234349 1234424
1241088 1241864
1244093 1244325
1246132 1246557
1247445 1247553
1248768 1249045
1250327 1250434
1250966 1252394
1256710 1256903
1259266 1260122
1262068 1263804
1266983 1271980
1274266 1278641
1279158 1280501
1281200 1285419
1286307 1287600
1288131 1289817
1290468 1292908
1293884 1297127
1298210 1298441
1299237 1299489
1305914 1306108
1308873 1309137
1316262 1316488
1319541 1321004
1325501 1325749
1328355 1328595
1329891 1330125
1330847 1331155
1331714 1332228
1335575 1335711
1338217 1340531
1341318 1341983
1342742 1343120
1346837 1350532
1352464 1352609
1353167 1353566
1357169 1361701
1362744 1362887
1363659 1364317
1373122 1373237
1374135 1374281
1377745 1378907
1381572 1381840
1382665 1382892
1384760 1385189
1389224 1389501
1392103 1392188
1393606 1393690
1397471 1397652
1401233 1401820
1404123 1404295
1406431 1406590
1409648 1410253
1411700 1412639
1416533 1416722
1420051 1420333
1427757 1428503
1430832 1431024
1433747 1433842
1434507 1434870
1435580 1436186
1441756 1442215
1443336 1443451
1445199 1445944
1446636 1446840
1447909 1448726
1450091 1450301
1451990 1452046
1456749 1458522
1459183 1459869
1460421 1463600
1465883 1467096
1467773 1474910
1476118 1477941
1478552 1479793
1480347 1480400
1480918 1486236
1487023 1489051
1489588 1489894
1490864 1495023
1495626 1497682
1498349 1501273
1501891 1502302
1502937 1509850
1510362 1511697
1512341 1512587
1513335 1513449
1513969 1514348
1515801 1515963
1516745 1516950
1517549 1528361
1529717 1531011
1531904 1537274
1537901 1538517
1539113 1544435
1545369 1545516
1546017 1546779
1548146 1548284
1551188 1551490
1555409 1555709
1556463 1556635
1558146 1558401
1560994 1561078
1565092 1565237
1567970 1568070
1570412 1570693
1571839 1571939
1576127 1576924
1582675 1583864
1586673 1586806
1587330 1587522
1592644 1593160
1596537 1596621
1602433 1602588
1603169 1603651
1604572 1604735
1605356 1605945
1608710 1608815
1615534 1615653
1617665 1617787
1620683 1622352
1630595 1631238
1633376 1634087
1634632 1636520
1637396 1637609
1638137 1640823
1642038 1647837
1648746 1654212
1655080 1656525
1657129 1662020
1663778 1666172
1667002 1667293
1669921 1671458
1672819 1673647
1680075 1680239
1681697 1683651
1687707 1689088
1690264 1690384
1703883 1704049
1705589 1707256
1709754 1710877
1714940 1715580
1717550 1721268
1722075 1723105
1725203 1725264
1728058 1728206
1729878 1730159
1730930 1731618
1732634 1735250
1738688 1738767
1742824 1744956
1747875 1749989
1750532 1750897
1752147 1752391
1760368 1763747
1769546 1770141
1770749 1772131
1776884 1777317
1783753 1783840
1787625 1788148
1791436 1792083
1796166 1796777
1797345 1797613
1798978 1799947
1805694 1805843
1807539 1807753
1808323 1809196
1813187 1815999
1817054 1817283
1820277 1820620
1824404 1824661
1825961 1826344
1832511 1832647
1833722 1834638
1835796 1835915
1841196 1841496
1842255 1842557
1846804 1847133
1848218 1849829
1850707 1851143
1854111 1854565
1855935 1856291
1859412 1876812
1878076 1881732
1882510 1885897
1888232 1890615
1891295 1891802
1893830 1894355
1900524 1900725
1901547 1903857
1904676 1904800
1905883 1913545
1915603 1917529
1919189 1921314
1922514 1922941
1924607 1935056
1936237 1938818
1942546 1942610
1943186 1943451
1947091 1947224
1948149 1949626
1953179 1953470
1955969 1956188
1957250 1957356
1964807 1964909
1967035 1967242
1968545 1968612
1972102 1972547
1979071 1979217
1985235 1985608
1990855 1991141
1993239 1993483
1995442 1996571
1997592 1997641
1999769 1999917
2002737 2003096
2004292 2004387
2012144 2012242
2024209 2024467
2025032 2025425
2031882 2031968
2033674 2034761
2041557 2041678
2042512 2044512
2045359 2045935
2046839 2047835
2048448 2050220
2053079 2053730
2056356 2056651
2058403 2058889
2062158 2062819
2070177 2070427
2070937 2071939
2078811 2079902
2080413 2082670
2084533 2084879
2089264 2089809
2092272 2092581
2094033 2094225
2106134 2106348
2110031 2110379
2111460 2111803
2112793 2113047
2114068 2114139
2121361 2121587
2124858 2127685
2128716 2128911
2129895 2130554
2131091 2132363
2133043 2133684
2134560 2137388
2138108 2148017
2149580 2150975
2155619 2156543
2157823 2158527
2164189 2164938
2165549 2166119
2175937 2176225
2177193 2177491
2178950 2179206
2179859 2180119
2189798 2189894
2196844 2196944
2207084 2207793
2218608 2219871
2222569 2222675
2224365 2224663
2227906 2228136
2233700 2233870
2238015 2238080
2238895 2239070
2241534 2242364
2242984 2243177
2246109 2246271
2246882 2247145
2248219 2248364
2249453 2254257
2255180 2255437
2260070 2260361
2263182 2263505
2264626 2265069
2271934 2272083
2281964 2282195
2286741 2290051
2290857 2291137
2295062 2295550
2296118 2296740
2297800 2301268
2301924 2302992
2303544 2339021
2339545 2341129
2343687 2343912
2344782 2345736
2346766 2347334
2348025 2348806
2353551 2353754
2354424 2354807
2355399 2356063
2359418 2359637
2360188 2360474
2367117 2367438
2368421 2369914
2371410 2371678
2377629 2377738
2388391 2388486
2393879 2394405
2395352 2395610
2397054 2398017
2399917 2400215
2406995 2407244
2407921 2408503
2409110 2409235
2412819 2413022
2421455 2421594
2429032 2429304
2430402 2430927
2431558 2431801
2432776 2433018
2433923 2434041
2434768 2435010
2438603 2439410
2442913 2443106
2444987 2445942
2447397 2447544
2449978 2450241
2457987 2459000
2466596 2467621
2474105 2475098
2483618 2483804
2488628 2488751
2492644 2492905
2496524 2497282
2502011 2502259
2519200 2519350
2524425 2524887
2530540 2531601
2532961 2534008
2535223 2535439
2537409 2537616
2538669 2538738
2541869 2542140
2543877 2544085
2548846 2550059
2562311 2562759
2565310 2566005
2570186 2570352
2573031 2573566
2574266 2574482
2576029 2576214
2581302 2581809
2583624 2583904
2585271 2585373
2590843 2591045
2592262 2592386
2593443 2593562
2597232 2597319
2601615 2602592
2603270 2603561
2604169 2604237
2614722 2614909
2615582 2616343
2617482 2617653
2621280 2621570
2622382 2623045
2623572 2623625
2631594 2631759
2633878 2634017
2637793 2638263
2643033 2643277
2644180 2644646
2647627 2647976
2648638 2648789
2659033 2659593
2661825 2661905
2668567 2670132
2671697 2672067
2672659 2672998
2676073 2676580
2683516 2684205
2686996 2687284
2688835 2689952
2691853 2692648
2695279 2695513
2698027 2698926
2703316 2703460
2706610 2707446
2711326 2711561
2717051 2717484
2718781 2719018
2719981 2720267
2721944 2722183
2725127 2725251
2726233 2726523
2727279 2727483
2730390 2731258
2737188 2737545
2747339 2747518
2749512 2749837
2758647 2758886
2760621 2760772
2763584 2763813
2764407 2778907
2779519 2781386
2781932 2784046
2784610 2785005
2785548 2785781
2786441 2793605
2794106 2795044
2796244 2796970
2798284 2800270
2800909 2801579
2802290 2804902
2805749 2806026
2819612 2821195
2822174 2822769
2823812 2823956
2825720 2825956
2827550 2827784
2829610 2832246
2836302 2837692
2841828 2842021
2843932 2844557
2848896 2850063
2859255 2859336
2859974 2860103
2866192 2866252
2868422 2868583
2870372 2870540
2872997 2873429
2874084 2875284
2887119 2887687
2888223 2888496
2891158 2891367
2896107 2896951
2897835 2898131
2898968 2899312
2899857 2900022
2901717 2901909
2903890 2904138
2905769 2905818
2906648 2906980
2910989 2911196
2912165 2912513
2913286 2913612
2916653 2917178
2920035 2920811
2927441 2928256
2931623 2931751
2932694 2933033
2935053 2935577
2946158 2946312
2947633 2948488
2950702 2951136
2953158 2953906
2957363 2957594
2964035 2964290
2969686 2969896
2971469 2971733
2973041 2973158
2979181 2980306
2985143 2988115
2988643 2992762
2993292 2999112
3000616 3001856
3002377 3002563
3007404 3010157
3010897 3011643
3012292 3012669
3016409 3017197
3018207 3018871
3019546 3020989
3024232 3027931
3031692 3031920
3033878 3034107
3034825 3035169
3037791 3038358
3038883 3039053
3047058 3047193
3050522 3050738
3051254 3053058
3054636 3054729
3060089 3060581
3063077 3063731
3072761 3073309
3079703 3079802
3082349 3082439
3089665 3090312
3096183 3096270
3097470 3097643
3104500 3105666
3108649 3109620
3111672 3112178
3116873 3117048
3121446 3122051
3125077 3125309
3126298 3126431
3126987 3127597
3130905 3131067
3133313 3133505
3137775 3138590
3140757 3140909
3143598 3144017
3148862 3149143
3151375 3151964
3155405 3155892
3158680 3159240
3160009 3160454
3162917 3163152
3166411 3166595
3185082 3185711
3189201 3189476
3194447 3194835
3196667 3197039
3197572 3198068
3198658 3198830
3202583 3202818
3205195 3205549
3211000 3211165
3215997 3216145
3217222 3217383
3217945 3218296
3222591 3222825
3224200 3226670
3227715 3228962
3230625 3231289
3232654 3233953
3234615 3234944
3244582 3244989
3247484 3247566
3248230 3248360
3252499 3253052
3259109 3259679
3262998 3263240
3267304 3267696
3273587 3274590
3278660 3279323
3281266 3281501
3283384 3283662
3287434 3287739
3292238 3292703
3294159 3294959
3296246 3296425
3299822 3301828
3302346 3302559
3306969 3307243
3315481 3316536
3317177 3317316
3319156 3319405
3323345 3323559
3325841 3327059
3330938 3331278
3335131 3335327
3336662 3336841
3337847 3338100
3338606 3338786
3353286 3353908
3361450 3362300
3373794 3374557
3376684 3377936
3382142 3382606
3383135 3383218
3390704 3391316
3394623 3395274
3399476 3399604
3404295 3404462
3410113 3410385
3414877 3415167
3420602 3421005
3423215 3423522
3444963 3445796
3447929 3448838
3455882 3456070
3457060 3457324
3458457 3458638
3459795 3460087
3471524 3471838
3473956 3474503
3475024 3475209
3483687 3485576
3488920 3489278
3494881 3495096
3497031 3497110
3498352 3498888
3499523 3500018
3501108 3501586
3506496 3506950
3508727 3509157
3513796 3514205
3519809 3520288
3520820 3521035
3525023 3525395
3527421 3527846
3529525 3530153
3534075 3534260
3537105 3537586
3544336 3545581
3548516 3548744
3549915 3555244
3565518 3565983
3567187 3575410
3576348 3577683
3578186 3579000
3596824 3597328
3601602 3601701
3611316 3611630
3612603 3612890
3615628 3615754
3622508 3622816
3625941 3627469
3628270 3628733
3631706 3632534
3636408 3636720
3638908 3639583
3640214 3640566
3648856 3649285
3650487 3651128
3651760 3651853
3653492 3654033
3655962 3656180
3657399 3658252
3659671 3660357
3660881 3662723
3664350 3665670
3666831 3667663
3676458 3676655
3677345 3677406
3682606 3683136
3684030 3684475
3690676 3690921
3692147 3692206
3694134 3694877
3695451 3696088
3697467 3698529
3699103 3699335
3701313 3701559
3703402 3703622
3708073 3709339
3709882 3710171
3711436 3711613
3716810 3717002
3718257 3718518
3721183 3722194
3723286 3725354
3727722 3728270
3734505 3734582
3737542 3738025
3741645 3742266
3750521 3751217
3757370 3757807
3759068 3759956
3761081 3761257
3762051 3762683
3764828 3765043
3772858 3773045
3774080 3774606
3775378 3775528
3780091 3780522
3782716 3782954
3785063 3786020
3787770 3788037
3788559 3790264
3792138 3792882
3794893 3794951
3796244 3796331
3798160 3798400
3800772 3801121
3802016 3802073
3817500 3817698
3818870 3819110
3823899 3824161
3826819 3827002
3829642 3829855
3837030 3837348
3838956 3840128
3840824 3841267
3842447 3842644
3845895 3846214
3847775 3848120
3853013 3853206
3860837 3861494
3864370 3864598
3865350 3865609
3873362 3874038
3886141 3886232
3886793 3887781
3894494 3895963
3897712 3897988
3906781 3907387
3910376 3912187
3914924 3917091
3925052 3925410
3931241 3931499
3934174 3934402
3941245 3941933
3943213 3943666
3952528 3953299
3954473 3954888
3955930 3956184
3956958 3960674
3961902 3962363
3962875 3963018
3965323 3965602
3972087 3972662
3977401 3977613
3979428 3980131
3981033 3981362
3981979 3982970
3983869 3985358
3992024 3995744
3999201 3999258
4000495 4000742
4002319 4002517
4005190 4006063
4010647 4010849
4011574 4011802
4014204 4014501
4015513 4016364
4020269 4020574
4023809 4023900
4026417 4026470
4029551 4029693
4031370 4033321
4035605 4035802
4055435 4055869
4062474 4062760
4066966 4067221
4068128 4068437
4085113 4086023
4088069 4088368
4095256 4095510
4098540 4100055
4105448 4106692
4110513 4110661
4111223 4112857
4121093 4122170
4122690 4122822
4126334 4126458
4139062 4139352
4142351 4142619
4143653 4144051
4144869 4145023
4147424 4147632
4149513 4149747
4151230 4151477
4157481 4158289
4159513 4159700
4165861 4166183
4167356 4168402
4170493 4170548
4173682 4173913
4177579 4177688
4187331 4187559
4188394 4188581
4194887 4195045
4197301 4197533
4200671 4201021
4201768 4201826
4203988 4204851
4207039 4207187
4211819 4212020
4215918 4216724
4222555 4223527
4229251 4229445
4231763 4232057
4234662 4234974
4235623 4235762
4237786 4237849
4239941 4240028
4241567 4242235
4245050 4245702
4246222 4253689
4257321 4257403
4260587 4260809
4263503 4263792
4265608 4265852
4266392 4267315
4272540 4272610
4273367 4273964
4274577 4274913
4275840 4275913
4277309 4278677
4279754 4281577
4282217 4283307
4284180 4284619
4285714 4287345
4288690 4288877
4295934 4296239
4315703 4317810
4321083 4322276
4330673 4330944
4332698 4332864
4345141 4345563
4349482 4349605
4352791 4352853
4354496 4355119
4356930 4357913
4359221 4359474
4361263 4361868
4364384 4364616
4375565 4375837
4378344 4378445
4379845 4380034
4383750 4384186
4392579 4392662
4396922 4397509
4400243 4400557
4404707 4404989
4409194 4409512
4417709 4420647
4421236 4421385
4432839 4433029
4436376 4436610
4440278 4440352
4444412 4444849
4447385 4447546
4449324 4449581
4453136 4453219
4455845 4456017
4457316 4457652
4460557 4460819
4463861 4464184
4472106 4472171
4474332 4475508
4477037 4477182
4488996 4489670
4494319 4494383
4494913 4495464
4496103 4496255
4498321 4500572
4501305 4501364
4501951 4502664
4510113 4513405
4515202 4515466
4519387 4520076
4520677 4521295
4522784 4523380
4526643 4527011
4529766 4530330
4531039 4531867
4535346 4535574
4537387 4537744
4539021 4539388
4541306 4542077
4543110 4543495
4555268 4556468
4561765 4561942
4574167 4574437
4579857 4580052
4581234 4581316
4584494 4584796
4598411 4598622
4599831 4600595
4606974 4609500
4614232 4615004
4615561 4615840
4623910 4624283
4626590 4627178
4629132 4629911
4631335 4631547
4632793 4632930
4635430 4635730
4636765 4639220
4641762 4641837
4644035 4644310
4653749 4653906
4660124 4660317
4661002 4661791
4664172 4664243
4669610 4670444
4673955 4675955
4677100 4678005
4679685 4679956
4680913 4681882
4684763 4684908
4689857 4690451
4692223 4692369
4695684 4695912
4699279 4699773
4702931 4703127
4706094 4706331
4707743 4708001
4709211 4709668
4710552 4711681
4719993 4720361
4721741 4723577
4728068 4728354
4731812 4732027
4733886 4734353
4736392 4736463
4740093 4740566
4743058 4743145
4744818 4745872
4750778 4751003
4752806 4753168
4755912 4756038
4762218 4762415
4777664 4777837
4783567 4783713
4794977 4795867
4797454 4798634
4801537 4801636
4806782 4806847
4810821 4810890
4816365 4816488
4817590 4817815
4822682 4828180
4828746 4829340
4830081 4830167
4831435 4831813
4832339 4832838
4838185 4838980
4839655 4840412
4841071 4841208
4842319 4842593
4846777 4847022
4847666 4848617
4856842 4857202
4857800 4858468
4863817 4864139
4865489 4865684
4867691 4867810
4874084 4874444
4877676 4878023
4882848 4883162
4885177 4886582
4887521 4887974
4899438 4899576
4904206 4904922
4907441 4907634
4915570 4915819
4916697 4917198
4918874 4924398
4925483 4926003
4926617 4928947
4929714 4930148
4930893 4931420
4932293 4933693
4934259 4934350
4936337 4936597
4937466 4937712
4938370 4938985
4942991 4944119
4949405 4951708
4956568 4956787
4960761 4961603
4966126 4966618
4975664 4976123
4979840 4980077
4990422 4990609
4992070 4993244
4994189 4994800
4997234 4999655
5001268 5003206
5011770 5012006
5013275 5013802
5014774 5015369
5016638 5019056
5019708 5020681
5021784 5022069
5023835 5024078
5030222 5030860
5031986 5032235
5041337 5041591
5042613 5043849
5044656 5045132
5046102 5046296
5048545 5049055
5051559 5051630
5052328 5053756
5057917 5058110
5060338 5060578
5063376 5068669
5070289 5070961
5072344 5073743
5074370 5076317
5077670 5077850
5080467 5080566
5081229 5081513
5087733 5088004
5091021 5091965
5093375 5093610
5097692 5097837
5104276 5109571
5113889 5117411
5118938 5119749
5122312 5122529
5128729 5128951
5129516 5129766
5130812 5130985
5131567 5132340
5138436 5138580
5141458 5141692
5144729 5145026
5147359 5147639
5152026 5152481
5156875 5157429
5161044 5161208
5163902 5163999
5168407 5168551
5171893 5173750
5180669 5181215
5183065 5183137
5183758 5184212
5185280 5185915
5188101 5188213
5190631 5190918
5195503 5196133
5203908 5204158
5205726 5205864
5206797 5207230
5210334 5210515
5211144 5211423
5213902 5214294
5214798 5214892
5216777 5217066
5219758 5219893
5235299 5235551
5245473 5245634
5253445 5254506
5256078 5256323
5262812 5262993
5265166 5265265
5266338 5266732
5267923 5268073
5270942 5273340
5274000 5274059
5276075 5276322
5281335 5281683
5283955 5284290
5285159 5285387
5295244 5296355
5307595 5307852
5312111 5313340
5320709 5320971
5323115 5323232
5328276 5328469
5330589 5330677
5331292 5331359
5336372 5336537
5339536 5339888
5342787 5342983
5347598 5347810
5355275 5355535
5359094 5359413
5362114 5362376
5368188 5368668
5373875 5374292
5375061 5376011
5376870 5378280
5382351 5382595
5383560 5383667
5384568 5384691
5386458 5386694
5387457 5387506
5389037 5389659
5390262 5390374
5398085 5399902
5400475 5400754
5408386 5408794
5409379 5409896
5417282 5417556
5418884 5419052
5420352 5420596
5425606 5426686
5428446 5428832
5435070 5435303
5439033 5439291
5443067 5443317
5446970 5447353
5460902 5461168
5462254 5462641
5474732 5476167
5479626 5479940
5480822 5481116
5482390 5483548
5484974 5485117
5492227 5492366
5497083 5497177
5498833 5499035
5502664 5503625
5506524 5506958
5507518 5507858
5509046 5510326
5514521 5514748
5516532 5516974
5517515 5517796
5526266 5526639
5527161 5527446
5529054 5530485
5535261 5535326
5540033 5540314
5541952 5542039
5543935 5546078
