gi_556503834_ref_NC_000913.3_
2966 3097
11947 12706
14215 14472
15432 15576
18491 18739
19965 20422
25274 25751
26814 26951
39115 39372
46677 46861
59576 60288
61171 61862
62448 63031
66594 66671
75311 75432
76061 76335
81031 81909
83179 83311
85532 85619
87618 87774
92831 92917
98915 99247
100189 100253
103088 103151
107186 107822
112835 113004
121697 121848
125365 125725
136013 136643
147740 147943
153016 153406
157180 157434
161236 161394
162020 162172
167142 167208
168552 168999
177450 178572
181659 182593
188960 189189
198277 198350
200432 200781
202070 202119
208060 208392
223714 225291
225908 226881
227443 228783
232148 232390
235003 235094
239168 239243
242882 242995
246510 246752
258018 258241
261858 261928
263857 264088
270416 270473
271162 271227
274005 274107
274689 275356
276137 276461
277622 278350
279505 279930
285527 285801
289680 289858
290595 291275
297983 298301
315788 316292
319720 319959
328803 328882
332130 332683
336998 337121
339823 339898
344712 344798
351853 351975
359863 359912
364276 364601
374896 375182
375745 376167
380860 381530
382035 382706
383369 383585
391832 392869
395171 395414
397551 397848
402087 402298
403691 403993
404881 405022
409200 409326
410840 411274
417980 418137
420170 420655
422492 422916
423551 423611
437063 437430
438594 438658
445982 446439
446941 447109
454473 454539
458423 458855
464563 464720
485740 485889
487508 487702
505175 505632
508211 508635
510768 510959
513674 513975
518567 518621
526530 526621
532567 533142
537229 537446
547075 547469
562974 563542
566904 567935
574685 575542
578365 578822
580408 581279
583195 583384
588150 588482
589019 589579
596930 596989
597739 598073
600899 601019
601915 602137
605403 605925
607144 607466
608226 609185
614949 615018
646009 646249
650766 650963
653178 653349
655665 656054
658659 658800
663515 663673
670743 670816
671768 671887
672764 672844
678364 678641
688099 689175
690487 690710
691904 692047
692613 692873
712026 712199
720777 720946
722752 722889
725205 725623
728546 728630
729845 730436
730949 731274
732099 733182
734680 735702
736682 736743
737271 738818
739897 740251
741926 742060
742943 743140
746543 747257
749929 750461
751017 751088
752193 752380
752976 753055
755147 755202
757507 757700
763226 764084
768491 768552
771583 772005
776070 776331
778023 778072
779470 780060
781017 781663
788637 789199
793237 793288
798121 798699
805577 805714
813388 813499
816284 816418
818546 818686
826077 826187
829697 830032
849059 849301
851082 851242
853503 853611
856793 857017
857847 857907
862421 862731
865117 865709
867661 868020
871182 871370
875741 876059
881959 882703
887399 887561
888838 888936
901333 901586
907014 907435
908023 908326
909999 910212
919895 920034
920742 921037
925194 925307
925936 926267
931445 931821
940155 940288
942852 943466
949074 949564
953510 953786
955861 955946
956772 956886
961230 961377
974991 975275
982047 982132
983091 983228
988037 988139
988829 988986
989827 990056
991484 991918
994764 995257
995764 996224
996838 997369
1005821 1005892
1012674 1012741
1021440 1021534
1028427 1029030
1032265 1032520
1037400 1038015
1043104 1043317
1050535 1050692
1051384 1051589
1076600 1076906
1094344 1094900
1097279 1097589
1098797 1099007
1100373 1100435
1101201 1101477
1114296 1114445
1120355 1120895
1122218 1122357
1128756 1128806
1136536 1136899
1139574 1139684
1140389 1140631
1141485 1141593
1156854 1157017
1164724 1164790
1166947 1167553
1171873 1171951
1184127 1184332
1207517 1207602
1209092 1209292
1227352 1227850
1229393 1229577
1232068 1232295
1237409 1237517
1239038 1239145
1241035 1241368
1242146 1242713
1251736 1252559
1254410 1254637
1258610 1259405
1264559 1264688
1269192 1270234
1279778 1280001
1281033 1281263
1285531 1285762
1286956 1287242
1289754 1289955
1297587 1297666
1299714 1300580
1305220 1305417
1307063 1307495
1315264 1315821
1319228 1319843
1326018 1326071
1331823 1332252
1335005 1335060
1341671 1341809
1350601 1350904
1359942 1360022
1362264 1362819
1364492 1365222
1367326 1367420
1370836 1370961
1372690 1372787
1377641 1377855
1385594 1385664
1390203 1390285
1396063 1397104
1398136 1398296
1401958 1402463
1411009 1411234
1413099 1413586
1417076 1417470
1423438 1423545
1429575 1429966
1431646 1431709
1432412 1432556
1434026 1434140
1435857 1435977
1440148 1440391
1443408 1443849
1445707 1445828
1449105 1449166
1460711 1460938
1466415 1466695
1468008 1469057
1469603 1470417
1474240 1474344
1483887 1484357
1486038 1486564
1490405 1490493
1492003 1492158
1494673 1495320
1498164 1498304
1513158 1513554
1518376 1518593
1521981 1522065
1523013 1523103
1523866 1523995
1525607 1525879
1526610 1526712
1528788 1529322
1532022 1532861
1536056 1536332
1548570 1548634
1549168 1549289
1552014 1552191
1557137 1557299
1565945 1566255
1571300 1571703
1572891 1573344
1575720 1575791
1587885 1588131
1591202 1591476
1610276 1610461
1616306 1616815
1625901 1625963
1629033 1629132
1633319 1635111
1635938 1636230
1636893 1637123
1638645 1638873
1645387 1646144
1646804 1647001
1650998 1651374
1656105 1656213
1656716 1656966
1663293 1663384
1669194 1669659
1672327 1672402
1673972 1674491
1688066 1688724
1695970 1696454
1702703 1702829
1707474 1707675
1708549 1708601
1711312 1711763
1714001 1714085
1725283 1725474
1728638 1728733
1739240 1739375
1744768 1744887
1746892 1747120
1748373 1748965
1750374 1750440
1767626 1767769
1771932 1772206
1775480 1775532
1779969 1780134
1790310 1790372
1792091 1792167
1794626 1794867
1795779 1796322
1799109 1799301
1801311 1801623
1804179 1804239
1810557 1810818
1812229 1812354
1815143 1815502
1817304 1817586
1824488 1824860
1828316 1828585
1838945 1839263
1842682 1843006
1846046 1846508
1852361 1852661
1861208 1861565
1870036 1870128
1872950 1873048
1886385 1886640
1901315 1901385
1905705 1906044
1906753 1907221
1911687 1911763
1917715 1917948
1925549 1925669
1942761 1942862
1944793 1945634
1949638 1949718
1951207 1951762
1954556 1955139
1956713 1956797
1960015 1960073
1963750 1964139
1971484 1971737
1972244 1972418
1978571 1978978
1983341 1983669
1987860 1988189
1996388 1996604
1999721 1999788
2001739 2002171
2003078 2003288
2011276 2011381
2014339 2014437
2028443 2028500
2029847 2030032
2034605 2034874
2038106 2038163
2041653 2041922
2056103 2056620
2061413 2062037
2065870 2067200
2068809 2070058
2081576 2081917
2083152 2083412
2090770 2091438
2092136 2092353
2095923 2096394
2101845 2102897
2110267 2110457
2112103 2112217
2113649 2113907
2121902 2121961
2126439 2126619
2130730 2130993
2131656 2132209
2134592 2134679
2137396 2137500
2142277 2142781
2151034 2151629
2152191 2152524
2159485 2159625
2160899 2161096
2167086 2167190
2170268 2171329
2181287 2181339
2186123 2186410
2188296 2189041
2191183 2191449
2193906 2194395
2201810 2201901
2202740 2202824
2204216 2204361
2236291 2236347
2239199 2239499
2240624 2240678
2245159 2245368
2246727 2247102
2252295 2252530
2256021 2256358
2261663 2261817
2262842 2262922
2265415 2265724
2271673 2271877
2277412 2277549
2287386 2288085
2288726 2290032
2291890 2292242
2293070 2293551
2294860 2294932
2301173 2301707
2304659 2305161
2312486 2312601
2321021 2321512
2327664 2327779
2332261 2332361
2333617 2333784
2343334 2343542
2351576 2352321
2360079 2360656
2367733 2367891
2369202 2369274
2377068 2377143
2378678 2378881
2381253 2381626
2388155 2388827
2390251 2390325
2407942 2408079
2416279 2416603
2421086 2421557
2427692 2427937
2434779 2434951
2436459 2436579
2438484 2439220
2441723 2441818
2448013 2448140
2453741 2453899
2462779 2463032
2463756 2463932
2467228 2467339
2473043 2473477
2499084 2499396
2502608 2502663
2504699 2504851
2508248 2508435
2509880 2510033
2511283 2511473
2512010 2512415
2513124 2513385
2514472 2515478
2520162 2520392
2521016 2521486
2522083 2522209
2523125 2523410
2527457 2527974
2534783 2535110
2537260 2537349
2539622 2540411
2546827 2546885
2547586 2547776
2549026 2549117
2551267 2551346
2554328 2554568
2560379 2560503
2561824 2562204
2564735 2565019
2573653 2574117
2579821 2580466
2581067 2581173
2583416 2583521
2588406 2588499
2603545 2603594
2626579 2627020
2633868 2634284
2636593 2636856
2647792 2647881
2655431 2655565
2662451 2662677
2676534 2676920
2682777 2682936
2685090 2685219
2698899 2698978
2700002 2700088
2700854 2701059
2714149 2714775
2715300 2715498
2725783 2727040
2727622 2728202
2728781 2731289
2733248 2733369
2734617 2734808
2758824 2758896
2760219 2760287
2766022 2766110
2773359 2773421
2785497 2785856
2792790 2792976
2794284 2794594
2798784 2798833
2810472 2810738
2817802 2818838
2825866 2826172
2826820 2826989
2833977 2834087
2841410 2841463
2843589 2844262
2851182 2851232
2853911 2854109
2862558 2862908
2864894 2864956
2871926 2872708
2883612 2883884
2886189 2886309
2927705 2927785
2930682 2930768
2932050 2932349
2938154 2938433
2958537 2959391
2961867 2961924
2967436 2967721
2979218 2979278
2979843 2979930
2987127 2987458
2995761 2997755
3008109 3008490
3015348 3015554
3016487 3016537
3028083 3028150
3032021 3032148
3034031 3034180
3038426 3039273
3048057 3048194
3060260 3060354
3065785 3065904
3067211 3067841
3073182 3073664
3080596 3080748
3083918 3084056
3085962 3086184
3087891 3087942
3095585 3095670
3115503 3115617
3118672 3118799
3121791 3122070
3125148 3125217
3127315 3127448
3130265 3131247
3137166 3137237
3139410 3139691
3143661 3143986
3159371 3159489
3179945 3180478
3186210 3187483
3188401 3188531
3194665 3194938
3198135 3198210
3200235 3200459
3207288 3207412
3227244 3227367
3227968 3228187
3236370 3236926
3237520 3237953
3242112 3242170
3258862 3259334
3268497 3268681
3270537 3270683
3275979 3276029
3278400 3278690
3281711 3281827
3283026 3283216
3287737 3287878
3301403 3301608
3304040 3304192
3308609 3308914
3312404 3312475
3326133 3326522
3332383 3332449
3338037 3338197
3342749 3342945
3344011 3344285
3348426 3348839
3351834 3352291
3365651 3366796
3368953 3369284
3375696 3376021
3389405 3390210
3394038 3394946
3401277 3401362
3402911 3403177
3404695 3405863
3413949 3414000
3414788 3414891
3419321 3419720
3421807 3422096
3423229 3429276
3432815 3433079
3433635 3433725
3437906 3438004
3439769 3439877
3441093 3441311
3445962 3446235
3447067 3447278
3454207 3454269
3456059 3456643
3463345 3463931
3466316 3466447
3466953 3467181
3468718 3469718
3470811 3471274
3472152 3472275
3475271 3475932
3477545 3477882
3478714 3478826
3488777 3489012
3492336 3492458
3493929 3493996
3495739 3495882
3497284 3497377
3506942 3507118
3508451 3508503
3515696 3515816
3531025 3531378
3537319 3537817
3538867 3538945
3542140 3542235
3542847 3543034
3545830 3545952
3548004 3548207
3551234 3551458
3562375 3562938
3565252 3565825
3569254 3569961
3570736 3570909
3574278 3574355
3583604 3584792
3591994 3592081
3597815 3597984
3599872 3600004
3603209 3603658
3608448 3608819
3614752 3614872
3617438 3617644
3619205 3620045
3620983 3621086
3621699 3622187
3635756 3635917
3652129 3653140
3655808 3655923
3666311 3666735
3670507 3670736
3673395 3673666
3685536 3685860
3686675 3686785
3687997 3688661
3690098 3690553
3697780 3698232
3708425 3708527
3714427 3714486
3718492 3718642
3719575 3719734
3729867 3730204
3733995 3734236
3734832 3735197
3738831 3739184
3740117 3740205
3741475 3741538
3749773 3750310
3757648 3757817
3762794 3765430
3767007 3767353
3769870 3770064
3770903 3771268
3774139 3774200
3780580 3780675
3782734 3783013
3784709 3784951
3790836 3790945
3792585 3792659
3793903 3794025
3802012 3802211
3806753 3806855
3818540 3818918
3822753 3823021
3835855 3836536
3843455 3843534
3849416 3849510
3856090 3856326
3859136 3859395
3871951 3872310
3876529 3877227
3882290 3882379
3889798 3890191
3893939 3894212
3896880 3896995
3905865 3906057
3909583 3909679
3911041 3911184
3913951 3914076
3918338 3918881
3923489 3923682
3932906 3933001
3933554 3933635
3934980 3935038
3941539 3946710
3953972 3954159
3955245 3955410
3957557 3957684
3964112 3964227
3966182 3966405
3968188 3968281
3969763 3969848
3973080 3973350
3976527 3976713
3978170 3978251
3979992 3980306
3981118 3981215
3987404 3987686
3991375 3991667
3993928 3994090
3995492 3995583
4000042 4000323
4001217 4001364
4007620 4007726
4021443 4021535
4026656 4026765
4027333 4027417
4035675 4040894
4042229 4042326
4051378 4051437
4054289 4054430
4059172 4059273
4060315 4060593
4064573 4065079
4069834 4070259
4073715 4073877
4082083 4082150
4084384 4084498
4085020 4085099
4086188 4086285
4088718 4089046
4091682 4091853
4094207 4094661
4098413 4098764
4112025 4112630
4119772 4120164
4120910 4121083
4127274 4127329
4128479 4129162
4131965 4132079
4142905 4143082
4144866 4144918
4153147 4153275
4153346 4153468
4158699 4158946
4159832 4160037
4160602 4160660
4165470 4165704
4166586 4167864
4168599 4171269
4174799 4175041
4175552 4175612
4176563 4176712
4184304 4184718
4187246 4187537
4188482 4188855
4200400 4200516
4203751 4203990
4208082 4213393
4216701 4216775
4219019 4219213
4219808 4219997
4221988 4222101
4227910 4228197
4231592 4231695
4242606 4242765
4243944 4244191
4248409 4248615
4254498 4254705
4264071 4264138
4264704 4264870
4271624 4271790
4273724 4273874
4275635 4275796
4277457 4277558
4281239 4281468
4288368 4288525
4291417 4291483
4294790 4294862
4295649 4296164
4302553 4302663
4303262 4303332
4304842 4305359
4306730 4306909
4309104 4309183
4310844 4311146
4318384 4318629
4325946 4326134
4328405 4328624
4330179 4330694
4333804 4333870
4339792 4340860
4345708 4345775
4347464 4347520
4357132 4357280
4358996 4359199
4369812 4370649
4373592 4374184
4385047 4385541
4388608 4388706
4390155 4390239
4392146 4392631
4392840 4393076
4394038 4394288
4397023 4397093
4400457 4400610
4413284 4413595
4415087 4415178
4416595 4416784
4420384 4420625
4422938 4423714
4427045 4427360
4428661 4428956
4430115 4430182
4435551 4436331
4437566 4437887
4441339 4441593
4453764 4453931
4466593 4466978
4474958 4475172
4485847 4486116
4492195 4492371
4498357 4499371
4506131 4506288
4507474 4507640
4507793 4508557
4510895 4510966
4514966 4515144
4518714 4519577
4520608 4521317
4522718 4523117
4525616 4525732
4530248 4530433
4531525 4531689
4532495 4532846
4541700 4541861
4547180 4547362
4549021 4549672
4558107 4558293
4562036 4562301
4563635 4563902
4564592 4564719
4570901 4571083
4573545 4573673
4575493 4575834
4578483 4578534
4583534 4583967
4595048 4595562
4601056 4601349
4606395 4606779
4620725 4620858
4626224 4626273
4627890 4628726
4636008 4636150
4641573 4641652
