gi_556503834_ref_NC_000913.3_
223702 225738
228767 228928
258050 258471
270618 271684
274530 275072
279305 279726
290518 291197
375267 375365
381337 381884
391786 392886
566857 567957
574685 575708
608084 609274
687945 688968
729813 730458
731135 731580
732354 733152
734225 735021
736460 737730
738333 738595
780842 781145
1049982 1050403
1094322 1095422
1096961 1097141
1270092 1270625
1299576 1300599
1396121 1397144
1467987 1469295
1528404 1529097
1532057 1532721
1570747 1571725
1632637 1634945
1635916 1636292
1650920 1651471
1978645 1979066
2066253 2067222
2069018 2070194
2101843 2102866
2170251 2171351
2289013 2289512
2514350 2515540
2726255 2731226
2817860 2818473
2996438 2997614
3130223 3131246
3186173 3187349
3365650 3366673
3423336 3428831
3583632 3584053
3621267 3621885
3624619 3625400
3652130 3653153
3762413 3765575
3941739 3946633
4035242 4040450
4166376 4168137
4168698 4171888
4176156 4177032
4209703 4212973
4325805 4326104
4498883 4499434
4507536 4508602
