Ecoli_0910_Taxon003_
487633 492221
612661 614437
643898 646131
1136287 1136433
1164254 1166955
1269315 1270367
1270460 1271218
1287433 1289974
1751297 1751745
1877979 1881605
2063499 2064180
2503544 2504508
2560187 2560689
3218511 3218897
3992116 3992715
4310794 4311345
4316127 4316249
Ecoli_0920_Taxon005_
1 826258
828126 1270338
1271274 1289028
1290030 1557190
1560120 1850802
1850892 1971275
1972480 2172866
2173847 2586700
2588807 2607036
2608322 3104561
3105698 4274185
4274253 4310567
4310739 4641652
