gi_556503834_ref_NC_000913.3_
1 1651
2460 3118
3675 4113
6016 6283
8950 9580
11235 11404
13066 13617
15896 16618
18539 19631
22079 22388
23488 23704
24576 24897
26013 26578
27475 27650
29684 30201
32099 32417
33943 34539
35638 35902
37485 38086
40148 41160
42092 42159
42918 42970
45570 46064
46972 47618
50577 51039
51885 52975
54031 55646
59683 60526
61606 61893
63654 63708
66261 66691
67313 67404
68057 69256
70470 70936
72034 72420
74263 74546
75129 75430
77189 77928
78509 79689
80271 81623
82597 86522
88104 89505
90311 90782
91488 93144
96650 97734
98637 98977
99749 100289
101650 101797
105385 105488
107029 107377
108202 108782
110043 110101
111354 111929
112450 112843
113432 114082
115664 118088
118650 118918
119531 121230
123388 124290
125229 125692
128503 128601
129222 129514
131428 134024
135801 136226
136865 137527
139387 140130
140680 140778
141477 141647
142210 143309
144990 145489
147175 148729
149971 152316
154790 155620
157250 157737
158430 159207
160568 161165
162682 162812
163365 163630
165015 165536
168227 169352
170114 171729
172362 173378
174154 174525
175171 175542
176672 176730
178349 178862
179492 180208
181287 184063
184751 184823
185656 185731
188157 188330
189987 191517
192295 193180
194505 194922
198247 198572
199441 200413
201840 202066
202689 204527
207525 209811
210364 210656
211468 212356
213224 213968
216085 216783
218110 218192
218746 218910
219898 221023
222341 222875
224965 225066
226930 227513
228585 229222
230167 230485
231681 232024
232963 234367
234957 237517
238594 240548
241523 243528
244328 245206
246495 247337
248363 249273
250292 251006
252332 252653
254685 254823
255597 256525
257550 258782
260101 260186
262127 262881
264853 266224
268014 269286
271032 271111
273085 274047
274951 275135
275874 276875
277780 277853
278847 279359
280043 281825
282488 283249
285249 285705
286530 287197
289493 289557
290385 290667
293167 294139
295313 295988
296615 297286
298757 299238
300486 300588
301461 301607
302490 305583
306242 307057
307703 307770
308522 308605
309228 309611
310455 311129
311674 311983
313077 313222
313883 314965
317038 318053
319178 319700
321032 324839
325655 325859
328678 329301
330667 331508
334744 339297
340050 342767
344098 344707
347532 348245
349278 349931
350701 350761
351622 352546
353291 355441
356150 356329
356864 357715
358808 359104
359760 360085
361164 361516
362172 362969
363586 364057
365967 366380
367103 368065
373281 373343
374499 375518
376219 376334
377970 378974
383632 383969
384849 385618
386594 388190
389442 391105
391835 394149
398213 398409
400520 401620
403712 406578
407273 407334
407940 411196
411848 412693
414246 414733
417375 417526
419527 419817
420689 421034
421730 422529
423656 424199
425735 425787
427146 427218
427827 427948
428711 430517
431680 432256
433035 433388
434580 435199
435804 438941
439526 439592
440514 440707
442028 442338
445037 446169
447915 448278
449246 449603
450978 451294
452701 454769
455732 456653
457545 457788
458504 459286
460837 461545
463457 465158
465850 466183
469967 470127
471246 472087
472915 473814
474675 475043
476131 476789
479811 480518
481425 482495
483510 483835
484610 485737
486428 488188
489386 490073
491792 492393
493303 493554
494374 494704
496113 496399
499207 499491
502067 502469
504035 506467
507522 507583
510251 511193
511971 512100
512765 514155
515640 515712
516373 516725
517402 517535
518106 518666
520035 520451
521294 521523
522261 522507
523580 523685
524368 524614
525276 526021
526715 528345
529027 529524
530911 531459
532147 532395
533352 534002
536579 537731
538282 538596
540558 540706
541863 543328
543932 545773
546350 547236
548904 550833
552389 552530
553463 553793
554428 554783
556279 556328
557065 558488
559306 559621
560285 560994
562503 562946
564818 564917
568918 569179
569788 570152
572194 572918
573604 574550
577685 578017
578812 579228
580213 580376
581283 581550
583192 583260
585104 585885
586644 587199
588016 588917
593169 593254
595039 596458
597226 598331
598982 599988
600676 601198
602403 603878
605241 607731
608637 608932
610715 611532
613193 613584
614201 614601
616056 616611
618499 618795
619339 619641
620227 621348
622160 623576
624254 624369
625691 626700
627503 629398
630987 631857
633087 633753
637695 638064
639430 639715
642303 642765
643467 643570
651474 651685
652189 654193
655155 655449
656783 657367
658370 660043
662411 662695
663998 664543
667005 667757
668667 668727
671444 671931
673832 676154
679865 680403
681355 681735
684259 684319
685030 685189
687249 687718
688479 690262
690868 692022
693629 693738
694695 695128
697994 698553
699159 699774
701203 703173
704772 705025
706089 707385
708441 708837
709459 710373
711747 712826
714092 716050
717237 717292
718714 720123
720639 721743
722782 723279
724991 726390
727015 727424
728748 729232
729824 730127
730825 731507
733075 733467
734038 734095
735100 735973
736645 736778
737426 737522
738861 738935
740188 741063
741829 743242
745229 746257
746820 747120
747911 747968
748758 750037
751183 752555
753494 753926
756571 757058
757601 757773
758539 758877
760108 760445
762050 763069
764289 764495
765053 765839
766532 766962
767620 769613
771311 771621
773275 773356
775359 779119
779682 780855
784796 784846
786669 786753
787613 789672
791062 791790
792562 792694
793408 794941
795725 796458
797408 798496
800038 800490
801828 803341
804052 804359
805128 805428
806323 806628
807284 807340
807872 810970
812280 813765
816350 816810
817999 818072
818752 821410
824784 827058
828947 830375
831459 831958
833306 833384
834134 834271
836679 837946
838630 839330
839926 839989
840974 841035
843039 843633
844729 845694
846425 847087
847665 848028
848917 850229
853604 853940
856058 856847
858839 859379
860347 861662
862274 862325
863332 863871
864919 865420
867398 867638
869273 869544
870072 870490
871238 871785
872542 872874
873756 873838
874833 875505
876097 876149
876753 877621
878969 881088
881937 882264
883892 884317
885811 887196
889544 890592
891696 892731
896953 897086
898766 900176
902212 904083
905845 906099
909787 910510
911733 913547
914205 914292
915795 916137
917619 917668
918170 918221
919520 919772
920510 921362
922293 922813
923491 923994
925308 925686
926744 927506
929044 929540
930310 930850
931573 933078
933792 934227
934872 936308
937832 938517
939546 940084
940969 941332
943490 943785
944380 944807
945581 947334
948278 948461
949082 949416
952788 953617
954275 955281
956480 956925
958278 958953
959814 959877
960544 961596
962190 962944
963608 964265
965633 967586
968196 968280
969205 969613
970127 971480
975084 975665
978847 979261
980818 980873
988430 989013
990193 991461
992822 995987
996672 996986
999331 999455
1000942 1001259
1002346 1002877
1003443 1004210
1005586 1005933
1006652 1006725
1007624 1008019
1009291 1011335
1012609 1014499
1015691 1017014
1017869 1018364
1019225 1019553
1021230 1022018
1023770 1024006
1024587 1026359
1027261 1029144
1033039 1033418
1034658 1035054
1036831 1038876
1039608 1039943
1041649 1042040
1043822 1044834
1046946 1048387
1049875 1050042
1051153 1052547
1055773 1056071
1057356 1057443
1059913 1061117
1063606 1064770
1066613 1067423
1069766 1070982
1073082 1075478
1077153 1077955
1079316 1080225
1082016 1084317
1087147 1087432
1088093 1089028
1089972 1090095
1090781 1091041
1093342 1095177
1096092 1097054
1098473 1099921
1101956 1102435
1102974 1103690
1106544 1106661
1107831 1108698
1110035 1111421
1113249 1113920
1115068 1115692
1117035 1118343
1118998 1119068
1121449 1121500
1122086 1124587
1128465 1128801
1129465 1129795
1131591 1135281
1136128 1138596
1141723 1142010
1143783 1144103
1145957 1147051
1148315 1149975
1150669 1151085
1151883 1152229
1154605 1155495
1156155 1156212
1157014 1157414
1159651 1161459
1165788 1166552
1169280 1172327
1173666 1173728
1174390 1175011
1176206 1177457
1178197 1178482
1179263 1179700
1180485 1181426
1182224 1182632
1184188 1184307
1186139 1186821
1187556 1187877
1188561 1189375
1190214 1190697
1192218 1192688
1195312 1196366
1197176 1197496
1200192 1201037
1202419 1202924
1204600 1205659
1208322 1208684
1209408 1209856
1213281 1213602
1215613 1215678
1216621 1217464
1218629 1220201
1221859 1222330
1223007 1223926
1225934 1226250
1227584 1227984
1229553 1230119
1231652 1231997
1234830 1235186
1237286 1237459
1238568 1239121
1241004 1241624
1242349 1242464
1244555 1244637
1245600 1247699
1248684 1250397
1251492 1252187
1253213 1254602
1255253 1256363
1258222 1261241
1263456 1264945
1265752 1266335
1266873 1267708
1268212 1269496
1270028 1271135
1272366 1274734
1275810 1276121
1277471 1277617
1278213 1279248
1285284 1285422
1286071 1286197
1287885 1288970
1289777 1290509
1291502 1291559
1293476 1294077
1295528 1296254
1297798 1298708
1299669 1300721
1302686 1304600
1305169 1306105
1307116 1307300
1309360 1309676
1310345 1311013
1313700 1314856
1315765 1315903
1316408 1316792
1317425 1317898
1318550 1318748
1321195 1321415
1323347 1323655
1324473 1325077
1326579 1326667
1328815 1329317
1330341 1330582
1331424 1331559
1333794 1334116
1334883 1335407
1336559 1336966
1338913 1339205
1340048 1341425
1342189 1342761
1343843 1345221
1347428 1347829
1349079 1349692
1350464 1350774
1351620 1353939
1354715 1358156
1359674 1360414
1361622 1362215
1364357 1364981
1365560 1367374
1370895 1371151
1371736 1372426
1374221 1374384
1376773 1377158
1381685 1383340
1383998 1384333
1385241 1385290
1386089 1387175
1388500 1388796
1389468 1390311
1391103 1391950
1392857 1392907
1393643 1393704
1394283 1395828
1396834 1397310
1399450 1400426
1401697 1402753
1403585 1404523
1405449 1406172
1407729 1407905
1409831 1412175
1412722 1412942
1413567 1413892
1414504 1414942
1415647 1415932
1417028 1417879
1418502 1419077
1419584 1419991
1420737 1422554
1425446 1426324
1426938 1427238
1427781 1427913
1430245 1436054
1437329 1437905
1439633 1441083
1445605 1445705
1447232 1448255
1448772 1449098
1449747 1450753
1451590 1453069
1453707 1454367
1455670 1456101
1456852 1458067
1459184 1460588
1461213 1462112
1462826 1463298
1463875 1464104
1466353 1467651
1468324 1468682
1471738 1471810
1474882 1475189
1476451 1477022
1477857 1477910
1479791 1480847
1481541 1481885
1482609 1482693
1483987 1484294
1485676 1485910
1489174 1489473
1491295 1491559
1492440 1493893
1494506 1495273
1495801 1496044
1497060 1497816
1498444 1499503
1500314 1500587
1501798 1502088
1503307 1503362
1505192 1505639
1507390 1507444
1508004 1508562
1509704 1510286
1511730 1511997
1513405 1515027
1518262 1518901
1519833 1520623
1523548 1523901
1525179 1526331
1527019 1527101
1528148 1529128
1531099 1531751
1532529 1532908
1540616 1540734
1542500 1543312
1544009 1545053
1546891 1547392
1547993 1548565
1549334 1549596
1551158 1551240
1552424 1553318
1553969 1554352
1554907 1556329
1559520 1559987
1560824 1561611
1563063 1563944
1564705 1564976
1565600 1565691
1566685 1567168
1568342 1568638
1569214 1570323
1571030 1571131
1572243 1572448
1573054 1573349
1574163 1574407
1577502 1578035
1578700 1579144
1581574 1582963
1583676 1584017
1586380 1587116
1588130 1588598
1589392 1589954
1591251 1591711
1593489 1595226
1596569 1596691
1597993 1598172
1600192 1602025
1602718 1603014
1603965 1604800
1606118 1606408
1607261 1607338
1607894 1609307
1609993 1610283
1611522 1611633
1612496 1612758
1613345 1615030
1616193 1616477
1617795 1618188
1619664 1620687
1623184 1623620
1624391 1624850
1626742 1627688
1628727 1628983
1629495 1630859
1632213 1632568
1635772 1636049
1637286 1638574
1639920 1640483
1641043 1641316
1642723 1644444
1646641 1647125
1647938 1648050
1649169 1651675
1652274 1653097
1655287 1655958
1656723 1657765
1660632 1661011
1662519 1662804
1663864 1663924
1664616 1665147
1666331 1666600
1667176 1667323
1669088 1670168
1674384 1677240
1677916 1678294
1679497 1680841
1682720 1684290
1685518 1687219
1692066 1694744
1698817 1698919
1706839 1706900
1708564 1709298
1709986 1710042
1711135 1712299
1713136 1715778
1717836 1719720
1720310 1720642
1721861 1723269
1724769 1724823
1726851 1727715
1728963 1729883
1731354 1732368
1733151 1734060
1734721 1734791
1735320 1735377
1736097 1736415
1738249 1738559
1740020 1740278
1742482 1742559
1743650 1745049
1745711 1745921
1747234 1747536
1750816 1751518
1752089 1752483
1753202 1753563
1758597 1758704
1759946 1760726
1761766 1764993
1766525 1766705
1767217 1767573
1768963 1770627
1771162 1772532
1774447 1774747
1775595 1775663
1776295 1776579
1777558 1777895
1778891 1780706
1783193 1783505
1785859 1786211
1787720 1788719
1789702 1790169
1790696 1791725
1792787 1793075
1793877 1794831
1795701 1797296
1798508 1799021
1799816 1800318
1801124 1802074
1802934 1803265
1804581 1804630
1806532 1807240
1808039 1808604
1809893 1810740
1813396 1813712
1814517 1814653
1815349 1815812
1818656 1818843
1819490 1820495
1821170 1823242
1826676 1827483
1828433 1828693
1829873 1830599
1832776 1832866
1833434 1833787
1834726 1835689
1839752 1840493
1841518 1842228
1842859 1843493
1844194 1845195
1845794 1846171
1847716 1849567
1851824 1852028
1852776 1853628
1855806 1856118
1857128 1857607
1858999 1859059
1859770 1860465
1861242 1863168
1864319 1864809
1866177 1869698
1870260 1871841
1872716 1873858
1874482 1874545
1875173 1875755
1877589 1878492
1883414 1883770
1886373 1887765
1888975 1889715
1890393 1891416
1892036 1892135
1893231 1894346
1896563 1897102
1897618 1897843
1898510 1899105
1901042 1901634
1902229 1902305
1902838 1905186
1912219 1912766
1914646 1915394
1916161 1916560
1917223 1917936
1918635 1919186
1919784 1920103
1921873 1923374
1924327 1925488
1927377 1928071
1931512 1931590
1932871 1934675
1935664 1936033
1936714 1937418
1940009 1943280
1944451 1944842
1945418 1945663
1946382 1947240
1948014 1948084
1950192 1953440
1954185 1954567
1955546 1956073
1959387 1960030
1961804 1962287
1962907 1965563
1971576 1972478
1973163 1973511
1974606 1975175
1980023 1980516
1981193 1982991
1983663 1984741
1985806 1986211
1989344 1989963
1990823 1991364
1993992 1994259
1994893 1995378
1996064 1996129
1998581 1998863
2000536 2000876
2002084 2004266
2006857 2007178
2009523 2010129
2010710 2012317
2013112 2013180
2013693 2013948
2015520 2015780
2017900 2018497
2020284 2020507
2021023 2021337
2022485 2023061
2024535 2025774
2028409 2028825
2030528 2031173
2031684 2031870
2032871 2033494
2035093 2036390
2037850 2038194
2040990 2041083
2043532 2045009
2045698 2047364
2049568 2050490
2053134 2054862
2055492 2055608
2056323 2056446
2059555 2059637
2060252 2060569
2061478 2062768
2063563 2064097
2064655 2065341
2066887 2067318
2069529 2070323
2071574 2072565
2074600 2074716
2075317 2075901
2076490 2076835
2077658 2077718
2078837 2078912
2080432 2080534
2081780 2081852
2086204 2086277
2087170 2089084
2091802 2092831
2093449 2094194
2094795 2094965
2099324 2099396
2101268 2101794
2104477 2104816
2105836 2107161
2108014 2108067
2109285 2109820
2110703 2111807
2112417 2113601
2114449 2114747
2116058 2116550
2117112 2117832
2118668 2119033
2120091 2120872
2121994 2122353
2123442 2123744
2124925 2124974
2125676 2126013
2126767 2126870
2127603 2128801
2130084 2130396
2131045 2131094
2131659 2132482
2134365 2134658
2135292 2136197
2136828 2137570
2138533 2139037
2141298 2142680
2145568 2147750
2151027 2151465
2153109 2153217
2153934 2154784
2155689 2156539
2157103 2157376
2157924 2158819
2161793 2162068
2162929 2164123
2164900 2165213
2166355 2166413
2167337 2168275
2169670 2169721
2170442 2171346
2173491 2174197
2178467 2179661
2181696 2182092
2184009 2184448
2186486 2186626
2188679 2188948
2191362 2192413
2194072 2194151
2197067 2198429
2199521 2199646
2200238 2201410
2203368 2204116
2204747 2205294
2206217 2207025
2208032 2208886
2209677 2210426
2213869 2214244
2215000 2215310
2216444 2217047
2218061 2220411
2224012 2224833
2225728 2226095
2226597 2227867
2228760 2229244
2229789 2230112
2230778 2231022
2231951 2232545
2234136 2234478
2235089 2235571
2239122 2240044
2241334 2242206
2242762 2243142
2249304 2250631
2251269 2252266
2253890 2254446
2255585 2256476
2257398 2258223
2258973 2259473
2261270 2261822
2263131 2263394
2264013 2267800
2268944 2269404
2270484 2270548
2273173 2274263
2276306 2276660
2278644 2278971
2279570 2280334
2281834 2284183
2284816 2285011
2285747 2285804
2293830 2294224
2294851 2296198
2297303 2298279
2298898 2300218
2301161 2301210
2305320 2305752
2306983 2307539
2308255 2310884
2311410 2312529
2314341 2315053
2317812 2319815
2321957 2322726
2323302 2324008
2324864 2325431
2328154 2328576
2330229 2330280
2331212 2331518
2332380 2332458
2333274 2334415
2335716 2336800
2338721 2339136
2342097 2342700
2343988 2344333
2346009 2346097
2346760 2347070
2347718 2348314
2349075 2350712
2351425 2351964
2353692 2354455
2355504 2355554
2358066 2358347
2359585 2359750
2360259 2360545
2361798 2362065
2362846 2363458
2364260 2364883
2365420 2365662
2366867 2368407
2369334 2370188
2370732 2371211
2373597 2374753
2376406 2376919
2377532 2378515
2380012 2380335
2381135 2381667
2382471 2385474
2386459 2386781
2388965 2389272
2390346 2392840
2394625 2394830
2395438 2395510
2396099 2398412
2399533 2399766
2400567 2403046
2403691 2404171
2404990 2406572
2409712 2410026
2411614 2412325
2413069 2415530
2418992 2419268
2419824 2419879
2420673 2421432
2422653 2423172
2423834 2423935
2424478 2424770
2425600 2426556
2427218 2427318
2428368 2429734
2431066 2431594
2433087 2434208
2435610 2436424
2437155 2437950
2438897 2439196
2439856 2440068
2440665 2441206
2442111 2443747
2447157 2447494
2448276 2448599
2449105 2449582
2450889 2451022
2452604 2453126
2454748 2455880
2457378 2457730
2459323 2459593
2460110 2461320
2461910 2463446
2464163 2465314
2467219 2467666
2469879 2470972
2474549 2476247
2477500 2477929
2479500 2480294
2484708 2485220
2488349 2491417
2492957 2493124
2493737 2494219
2495414 2497039
2497901 2499165
2500657 2501122
2503031 2503324
2505571 2506089
2506861 2507692
2508374 2509352
2509945 2510124
2511302 2512329
2513956 2514513
2516369 2516441
2517164 2517228
2517836 2517939
2519353 2520666
2522421 2522597
2523143 2523717
2525517 2525566
2528895 2529166
2530535 2531104
2531872 2532492
2533553 2536111
2536718 2537313
2538523 2538790
2539385 2539986
2543037 2543132
2544274 2544356
2545698 2545815
2549796 2550425
2552288 2552403
2554024 2554412
2556419 2556510
2557740 2558355
2559243 2559828
2560582 2561000
2562369 2562437
2563045 2563556
2564115 2564451
2565228 2566248
2567823 2569184
2569988 2571239
2572185 2573257
2574282 2575961
2577564 2577829
2578470 2579194
2581186 2582350
2584500 2584815
2586985 2587595
2588503 2589075
2592494 2593758
2594894 2595000
2595948 2596636
2597356 2597735
2599053 2599591
2600126 2602114
2602761 2603281
2605340 2605716
2608565 2610168
2611319 2612010
2612589 2613399
2613904 2615561
2616992 2617061
2617597 2618094
2619015 2622186
2623279 2623621
2624250 2624508
2625315 2625401
2626554 2627205
2628775 2629837
2631637 2631709
2636269 2637252
2637929 2638397
2639147 2639473
2640011 2640302
2644189 2644520
2645165 2645482
2646035 2646721
2647728 2648630
2649581 2649895
2651081 2652759
2653902 2654660
2655424 2655857
2657175 2657242
2658670 2659411
2660684 2661172
2662077 2662251
2664715 2666146
2667207 2668043
2668761 2669014
2670855 2671344
2671929 2672452
2673537 2673998
2674568 2674948
2676215 2676271
2678717 2679024
2680524 2680833
2682167 2682413
2684108 2684769
2686123 2687589
2688593 2688685
2689230 2689468
2690137 2690936
2692103 2692757
2697129 2698974
2699667 2699957
2701918 2702160
2703078 2703275
2703823 2703926
2704623 2705472
2707168 2707954
2709107 2710840
2711442 2712231
2712817 2713460
2714019 2715269
2715980 2717059
2719126 2719366
2720231 2721681
2724774 2726085
2729475 2730006
2731074 2732445
2733075 2733593
2734124 2734337
2735471 2736477
2737606 2740986
2742138 2743238
2744988 2745259
2746071 2746587
2747645 2748262
2749632 2750711
2752655 2753778
2754372 2754602
2755229 2755773
2757124 2758174
2759487 2760618
2762713 2762858
2764221 2764954
2765904 2766245
2766768 2766831
2767508 2768270
2769863 2770561
2771316 2772145
2773920 2774827
2776403 2776804
2778674 2778978
2781347 2781632
2782354 2782713
2783686 2783747
2784488 2784754
2785458 2786248
2787124 2787537
2788157 2789009
2789983 2790665
2791621 2791904
2793250 2794836
2796370 2796495
2800433 2802583
2803729 2804882
2805446 2805868
2806521 2807097
2809038 2811835
2813405 2813643
2814459 2815496
2816254 2817099
2817908 2818239
2819512 2820030
2820653 2820731
2822088 2822406
2822995 2823464
2824484 2825423
2826087 2826559
2827320 2829403
2831103 2831243
2832877 2832997
2833911 2833967
2834784 2836237
2837018 2837103
2837871 2839025
2839574 2839928
2841028 2841347
2843088 2843750
2845219 2845477
2850282 2850471
2851021 2851553
2853862 2854842
2855518 2856985
2857966 2859725
2860349 2861711
2862366 2862477
2863363 2863418
2864031 2864916
2866270 2866852
2871608 2871957
2873779 2875379
2876208 2877053
2878126 2879098
2879941 2880605
2882283 2882380
2882942 2883346
2884236 2884612
2890071 2891895
2894857 2895653
2896213 2896895
2898381 2898845
2901106 2902663
2903367 2903644
2904356 2904417
2905269 2905767
2907214 2907961
2908776 2909149
2909904 2910145
2912195 2916161
2916803 2918377
2919428 2920573
2922287 2924422
2926140 2927517
2929528 2929621
2930719 2931538
2932431 2932697
2933271 2935613
2938499 2938974
2939620 2943208
2943805 2943876
2945786 2945845
2947426 2948862
2949777 2949841
2950798 2951013
2951781 2952435
2953878 2953941
2955800 2955952
2956577 2957114
2958193 2958592
2961218 2961524
2963120 2963208
2966114 2967019
2968095 2970952
2975339 2975627
2978048 2978496
2980434 2981270
2981912 2982297
2982902 2982961
2985685 2989452
2990059 2990689
2991473 2991753
2992881 2993180
2993750 2994215
2995215 2995270
2995806 2995909
2996961 2998934
2999631 2999913
3000908 3001553
3002681 3002788
3004381 3006214
3007179 3007251
3009784 3010070
3011572 3011659
3013935 3014419
3016213 3016592
3017826 3018128
3018717 3019551
3021950 3022341
3023768 3024934
3026652 3026925
3031043 3031133
3032818 3033720
3034724 3035254
3036215 3036898
3038745 3039190
3039831 3040119
3042830 3043111
3043612 3043927
3046503 3047151
3048222 3048272
3049467 3049581
3053178 3053462
3054547 3055570
3056484 3056787
3058421 3059542
3061211 3062436
3063307 3064575
3065982 3067181
3068179 3068246
3069497 3069795
3070403 3072674
3073583 3074039
3074860 3076673
3077466 3077536
3078951 3079224
3079762 3081177
3081850 3084740
3086057 3086129
3086873 3087553
3088694 3089628
3090308 3090942
3092678 3093000
3093575 3094962
3095928 3097383
3098213 3098331
3099393 3100181
3101727 3101859
3103079 3103985
3105291 3106272
3110046 3110338
3112836 3114359
3115398 3117295
3118806 3119488
3121499 3121636
3128815 3129202
3130599 3131156
3131753 3133638
3135374 3135687
3137410 3138876
3139643 3140718
3141297 3142575
3143876 3145326
3147670 3147972
3149064 3149652
3150169 3150429
3151109 3151165
3152522 3152812
3153850 3154694
3155428 3156638
3157470 3158760
3159438 3159903
3162691 3165120
3166338 3170478
3172276 3174067
3174657 3175649
3176935 3177001
3179208 3181132
3183219 3183882
3185076 3185498
3186516 3186914
3187517 3187584
3189185 3189526
3191919 3198817
3200763 3201401
3202567 3202961
3203613 3204311
3206680 3206964
3208068 3209867
3210721 3211861
3213612 3214405
3215174 3215505
3216207 3217049
3218045 3218836
3220307 3220444
3221043 3222756
3224564 3224838
3225767 3227879
3230118 3231385
3235453 3238906
3240152 3243171
3243697 3244153
3245106 3245770
3246389 3248335
3248946 3249345
3250202 3250346
3250958 3253336
3253969 3255452
3256105 3256885
3258971 3259035
3259672 3259725
3260728 3261492
3263289 3263840
3264380 3264473
3265795 3266975
3272941 3273135
3273914 3274217
3274919 3275867
3276848 3276943
3277816 3278839
3280376 3281301
3282622 3283147
3283923 3284230
3286286 3286525
3287065 3287856
3289327 3289387
3290183 3290521
3292554 3292990
3293627 3293683
3294569 3295255
3295815 3296101
3297183 3297829
3299392 3300362
3301213 3302880
3303721 3303868
3304385 3304645
3308251 3308616
3309877 3309927
3310917 3310984
3312796 3313088
3315063 3316202
3317648 3317922
3320716 3321820
3322601 3322947
3324332 3324588
3325105 3325763
3326383 3326679
3329579 3331042
3332400 3332704
3333873 3334124
3335070 3335604
3336461 3337043
3337854 3339043
3341850 3345956
3347200 3347574
3349371 3350139
3351052 3352231
3352989 3353052
3355542 3355795
3357444 3357882
3358710 3359390
3360076 3360181
3362442 3364434
3365086 3365543
3366883 3367649
3369490 3370114
3371271 3372320
3372920 3373646
3374244 3374704
3375483 3375616
3376245 3376550
3377198 3377805
3379950 3380824
3381831 3382165
3382766 3383546
3384552 3384962
3385478 3385831
3388600 3389389
3390079 3390181
3391215 3391762
3392346 3393238
3393826 3394497
3395132 3397312
3397862 3399410
3402770 3404032
3405258 3405560
3406162 3407926
3410047 3410144
3411435 3411517
3412206 3414497
3415811 3415909
3417703 3418121
3422540 3423340
3424752 3424809
3425730 3429374
3429997 3430233
3431504 3432245
3433154 3433216
3435039 3435114
3435789 3437214
3437963 3438819
3439363 3439696
3440505 3440949
3441926 3442260
3443099 3443675
3445341 3446300
3446922 3447464
3448193 3449328
3449989 3451544
3452494 3452822
3454001 3454721
3456570 3456829
3458756 3459053
3460009 3461219
3462412 3462888
3463406 3464255
3466479 3466840
3467864 3468255
3468780 3468973
3469537 3469859
3472642 3473662
3474496 3475429
3476046 3476958
3478973 3481410
3482563 3483588
3484405 3485450
3486687 3486757
3489328 3490044
3490729 3491529
3493476 3494516
3495518 3495857
3496407 3498919
3499489 3499834
3500816 3500886
3501634 3502132
3504197 3504663
3505487 3505983
3507498 3507567
3508206 3508458
3511437 3511661
3512268 3512323
3512904 3514162
3516170 3517388
3518359 3519178
3519973 3522274
3522892 3523982
3527596 3527656
3528444 3528805
3530482 3531223
3531807 3533639
3534381 3535335
3535896 3536343
3537337 3537646
3538873 3540053
3541568 3542258
3544163 3544451
3546575 3546906
3549151 3550721
3551357 3551414
3554373 3554861
3556006 3556886
3558204 3558408
3559992 3560423
3562394 3562801
3563493 3563846
3564754 3566038
3567553 3569528
3571546 3571847
3572427 3573054
3574461 3574560
3575280 3575631
3576911 3577731
3578513 3578583
3579200 3580791
3581561 3582821
3583644 3584665
3585422 3587184
3588129 3588480
3589526 3589984
3591534 3592045
3593075 3593143
3593689 3593998
3595530 3595651
3596385 3596458
3598728 3599745
3600591 3600661
3601983 3602512
3603274 3604070
3608530 3608964
3610165 3611387
3612786 3613979
3614658 3616531
3617699 3617770
3620342 3621199
3622598 3623100
3624663 3624743
3626215 3626360
3627046 3628159
3628858 3630011
3631261 3632357
3633340 3633628
3635035 3635110
3637171 3637287
3638005 3639192
3642451 3642545
3644007 3644278
3644896 3645118
3646568 3649023
3649738 3651629
3654284 3655497
3656184 3656564
3657317 3658178
3659089 3659159
3659878 3660540
3661355 3662356
3663080 3663382
3664041 3664759
3670886 3671984
3672871 3672966
3674139 3674394
3675870 3676178
3676811 3677032
3681573 3681998
3682794 3683266
3685914 3686540
3687919 3689550
3693520 3693964
3696958 3697340
3698666 3698716
3700755 3701083
3702173 3702944
3703498 3704387
3705221 3705513
3707174 3707817
3709015 3709340
3713927 3715409
3716182 3716798
3717660 3719570
3720525 3720586
3724060 3724753
3725580 3725936
3729086 3729358
3730064 3730359
3731622 3731728
3732590 3732876
3733664 3735109
3736086 3737664
3738411 3738824
3739741 3740288
3742144 3742431
3743266 3743321
3745299 3745372
3746078 3746729
3747359 3747440
3749288 3750738
3754646 3755790
3758447 3758558
3759979 3761195
3763783 3765012
3765673 3766049
3766659 3767206
3767872 3767967
3768641 3769019
3769862 3770615
3773525 3775481
3776116 3777359
3778671 3780383
3781688 3781776
3782405 3782646
3783402 3783852
3784581 3784838
3785643 3785778
3787457 3787843
3788676 3789695
3791132 3791713
3793205 3793416
3794053 3795195
3797137 3797793
3798987 3799683
3802691 3803878
3804639 3804934
3808323 3809227
3811451 3814391
3815060 3815495
3818225 3819533
3821401 3821712
3824916 3825894
3827686 3829348
3830506 3831009
3832017 3832538
3833623 3834538
3835644 3836087
3837848 3838140
3838757 3838844
3839685 3840189
3841336 3841910
3842875 3843328
3844159 3846120
3846903 3847607
3849124 3849989
3852037 3853104
3854382 3854803
3855594 3856791
3857423 3857961
3860304 3860433
3863031 3863123
3863772 3864273
3865418 3865994
3867740 3867896
3868690 3871730
3872611 3872702
3873790 3873848
3874593 3877816
3879162 3879269
3882963 3883484
3884551 3885925
3886511 3888624
3889276 3889586
3890158 3891609
3893548 3893763
3895181 3895249
3895787 3896027
3896535 3896772
3900132 3900617
3902013 3902094
3904197 3905735
3906431 3908284
3909088 3909475
3910625 3910734
3911468 3911540
3913342 3913713
3914541 3915660
3917856 3917927
3919553 3920652
3921336 3922006
3923373 3923724
3924740 3926237
3928624 3929607
3931009 3931600
3932457 3933224
3934087 3935174
3936588 3936956
3937533 3937585
3938323 3940361
3942164 3942983
3943639 3944031
3945057 3945306
3946112 3948296
3949330 3949394
3952188 3952762
3953349 3953698
3954692 3954951
3957085 3958245
3958841 3959801
3960324 3960632
3961588 3963596
3965613 3966052
3967139 3967453
3968308 3970071
3970902 3971297
3972326 3972390
3973491 3974102
3974937 3976011
3977196 3977322
3978060 3980526
3982130 3983282
3984484 3984837
3985887 3986789
3988061 3988624
3990010 3991484
3993435 3994077
3994920 3995887
3996515 3996947
3998885 3999194
4000681 4000739
4001978 4003311
4004102 4004206
4004859 4007342
4008007 4008998
4009615 4010128
4011629 4011832
4013493 4014468
4015202 4015436
4016540 4016628
4017771 4018155
4018808 4019145
4020245 4021741
4022599 4022970
4024227 4024330
4028239 4028553
4031435 4032319
4033532 4033905
4036150 4037306
4038278 4038329
4039466 4040222
4040885 4041612
4042567 4042623
4043409 4044125
4044763 4045295
4046846 4047159
4049063 4049429
4050095 4050285
4050793 4050857
4051420 4052208
4053273 4054498
4055147 4055993
4058400 4059079
4061768 4062288
4063127 4063416
4065214 4065924
4066519 4067395
4068008 4069448
4070482 4070869
4073437 4073766
4074328 4074899
4075652 4077295
4078372 4079057
4080288 4080777
4083296 4083635
4084623 4086485
4087029 4088046
4088699 4089431
4090404 4091359
4092861 4095705
4096557 4096818
4098519 4098601
4099918 4101216
4101796 4102019
4102653 4104169
4105967 4106794
4107563 4108006
4108758 4109063
4110213 4110293
4112069 4113233
4113938 4114488
4118176 4118423
4119016 4119876
4120994 4122233
4122900 4124238
4125483 4126516
4127710 4128400
4129693 4131322
4133242 4133584
4135680 4135799
4137580 4138395
4140147 4140508
4141262 4141342
4145228 4145999
4147297 4147920
4150489 4151316
4151880 4155717
4156802 4157772
4160038 4160347
4160936 4161739
4162294 4163264
4163955 4164657
4165205 4166346
4166996 4168467
4169325 4172012
4173333 4174623
4179092 4179987
4180512 4181760
4182609 4182943
4183969 4184319
4185470 4186272
4187411 4187997
4189418 4190068
4190961 4191729
4192528 4193389
4193935 4194249
4195072 4195138
4197317 4197895
4201066 4203202
4203892 4204456
4205188 4206231
4207677 4207966
4210123 4214241
4215065 4215745
4216310 4217642
4218451 4218511
4222791 4223331
4224680 4225770
4227182 4228618
4231126 4231441
4233324 4233753
4234405 4234463
4235356 4235714
4236912 4237687
4239088 4240020
4240597 4241198
4242594 4242817
4243342 4243995
4244657 4245243
4245924 4245973
4246497 4247704
4249942 4250450
4251951 4252759
4255019 4258395
4259572 4260664
4264347 4265814
4266490 4266825
4268311 4268688
4271366 4272328
4272917 4273582
4276046 4276135
4277439 4278418
4279799 4280230
4281398 4281706
4284720 4286281
4286865 4287885
4289750 4289947
4291563 4292101
4293350 4294971
4296534 4297275
4297840 4298282
4299618 4300441
4301895 4302765
4304187 4305691
4306941 4307012
4307683 4308382
4309082 4309135
4309917 4311031
4311868 4312970
4313652 4314113
4316665 4318707
4319225 4319284
4320216 4322299
4324454 4325004
4327189 4328475
4330285 4330574
4332334 4333181
4334303 4334737
4335593 4335650
4339203 4339527
4341180 4342473
4343510 4344280
4347184 4347424
4349354 4351544
4352553 4353006
4354286 4355090
4357207 4357509
4359302 4360126
4361942 4364059
4367816 4367898
4368706 4372301
4373017 4374684
4375660 4377872
4378499 4378757
4380508 4382009
4383887 4384539
4385457 4386832
4387486 4387572
4388433 4390481
4391427 4392899
4394365 4395005
4395815 4395884
4396499 4397862
4398823 4399088
4400274 4400350
4400963 4401058
4402615 4402927
4403533 4403756
4406104 4406272
4407654 4407898
4409106 4411384
4411970 4412370
4415730 4416081
4419700 4421517
4423136 4423687
4424298 4424611
4425497 4428112
4428658 4428717
4430084 4430135
4430901 4430978
4431653 4432680
4433219 4433334
4433839 4433907
4435791 4437115
4438557 4439346
4439904 4440679
4442309 4442763
4445381 4445853
4447147 4447224
4447834 4449255
4450727 4452030
4453121 4453759
4454393 4454741
4455554 4457347
4459125 4459564
4460178 4461692
4463918 4463967
4467697 4468332
4469236 4470002
4471760 4473199
4474757 4476723
4478173 4478850
4479919 4480222
4481988 4482490
4484538 4485024
4487364 4487666
4488942 4489182
4490345 4490920
4493928 4494742
4495571 4496546
4497240 4497594
4498269 4500263
4501281 4502064
4506795 4508564
4509348 4511322
4511989 4512924
4513516 4514614
4515123 4515754
4520265 4521316
4522224 4522289
4523983 4524500
4525284 4525847
4526528 4526577
4528086 4529393
4530259 4531429
4533460 4534713
4536401 4536562
4537738 4538429
4539181 4539539
4540385 4541260
4542352 4542919
4548752 4550058
4551473 4551590
4552346 4553341
4555510 4555995
4556762 4557525
4560097 4560756
4562370 4564255
4564863 4564923
4565767 4566126
4566918 4567596
4568288 4568927
4574089 4574172
4575630 4576110
4581469 4581572
4582503 4582952
4584419 4585328
4586868 4587261
4588046 4588302
4591022 4592158
4592805 4592988
4594148 4595017
4595879 4596418
4598047 4598804
4599509 4600188
4600718 4601494
4602395 4602767
4603975 4605627
4606262 4608659
4609202 4609606
4610361 4612199
4613308 4613759
4615015 4616874
4617449 4617632
4618949 4619874
4620525 4622115
4623149 4623562
4626294 4628859
4629421 4629827
4632055 4634585
4635328 4635640
4637652 4638919
4639730 4640354
4641003 4641079
