Buchnera_aphidicola_Acyrthosiphon_pisum_ancestor
1 2675
7796 7994
9978 10102
13231 13477
17185 17410
18388 18649
19633 19841
22460 24847
25505 25670
31544 34857
35429 40186
40718 46139
46912 47106
48241 48513
51514 52255
52838 56091
57258 57680
60362 61501
64612 66181
66963 70651
71207 73573
74486 75027
75580 79359
85831 86078
89113 89453
90132 90301
91194 92066
98333 99726
100355 101297
102987 104443
106241 106460
107808 110171
110998 113229
114752 116407
129647 129746
131253 131402
137220 137477
141156 141512
142146 145758
147939 149902
153989 154339
158347 169269
169998 170355
172191 181300
184400 187984
188669 191995
192520 192733
194454 195853
196424 197217
197921 204193
205084 207201
207840 210573
211745 213870
215331 215488
220311 220671
221394 224168
224821 226100
228601 229233
230002 233577
235228 239943
243725 248850
250849 250970
251895 253411
253978 255718
257499 257642
258419 259254
260099 260188
263048 264137
265641 266256
271573 271805
278628 284908
285467 285884
290041 290386
290909 293508
300140 300503
302855 304222
307740 309674
315244 315851
316442 317045
317713 322964
326889 328248
333062 338039
339748 346562
348350 348880
358010 358417
359194 361710
363670 363894
364979 367896
368663 369480
370852 372624
373952 374231
374902 378239
381867 387722
390148 390401
391061 392547
394270 394734
397447 398022
400132 400344
400956 405290
408223 408523
410553 410748
418833 424682
425744 429517
431960 432193
438864 439392
440102 442024
449805 451749
452972 453718
454897 455246
458645 461486
463145 464689
465983 466040
467144 467287
471011 471300
472180 474116
474699 475435
476014 477953
478572 482187
485748 485964
486768 487199
490740 491434
492051 493866
494375 497772
504721 507231
507738 507869
508740 511241
512614 513402
520225 524807
525427 527958
530033 542462
543198 543528
544707 551005
552024 554502
556170 562205
562797 562981
563691 566606
574428 575944
576695 585678
586529 590897
592643 592881
595044 596504
599093 600123
600700 603098
607195 607649
609417 610209
614596 615363
623179 623928
624586 626474
629726 630034
632843 633273
635425 641799
Buchnera_aphidicola_Acyrthosiphon_pisum_0985
1 101
3237 8629
9403 11480
12255 16628
17185 21665
25505 26110
29697 29835
34050 34360
39217 42588
43214 45670
47267 48159
50049 50515
51915 52315
52829 57481
58385 60534
66965 67798
70359 70815
72957 73577
76454 77860
81321 82037
88597 88748
89617 90466
95076 95987
96489 100231
102064 104013
108067 109921
110799 111304
111858 112624
113151 113747
115891 116157
116740 116928
121948 123000
126141 128005
128809 129240
130034 133475
134092 134724
139596 143300
143893 145801
149787 149910
152867 153282
155543 158853
159424 161407
166686 167368
169403 172438
185102 187499
190354 193578
197971 210152
216813 217325
222654 224315
224890 228014
229753 231521
232127 233277
234336 234413
240030 240131
240737 241850
242416 242945
244082 245897
250988 251778
253931 254954
259094 263003
265868 266124
266956 267797
268365 270228
270928 271181
273105 274950
276047 278127
279416 281124
282616 282902
286697 288197
288711 289303
289850 292165
292693 293931
294597 298490
299111 306014
307478 315017
317748 326798
332459 333099
337633 339849
341085 342749
345515 348422
349089 349346
350647 351293
351824 354401
355218 356719
359563 359892
361181 363549
366452 366846
371421 374642
375179 376595
378144 379090
379673 382786
384161 386084
386819 394330
398560 400015
402657 402759
404658 406539
410112 410316
410820 411051
412149 412735
414206 414336
417724 417984
419034 421663
427141 427633
429738 435492
437906 438838
441966 442648
445756 446077
451792 452045
455283 458200
465649 468732
475323 475526
478298 480580
491702 495960
497053 498036
498995 499499
502611 504091
507903 508793
509866 512729
513353 514360
515137 520302
521147 528427
529071 533034
535864 536620
541536 542141
542823 544633
547550 549175
551716 556261
557387 557783
558637 558755
559648 559817
560692 569536
570590 570930
574922 575463
576860 577051
582369 583668
584976 588933
592428 593980
594686 596513
598422 598626
600223 600887
605512 605744
607666 607892
612470 616535
617072 617182
621749 622243
622816 623712
624320 624887
627159 630070
631233 633273
633945 635471
640597 640798
