e_coli_k12_gi_556503834_ref_NC_
223680 228950
239153 239324
257963 258517
270596 271706
279218 279772
290496 291243
357675 357873
375166 375365
391815 392908
566835 567928
574663 575752
580376 581307
608062 609296
687923 688990
696430 696541
732332 733239
734203 735103
738222 738641
1049936 1050490
1094351 1097141
1269148 1269904
1299554 1300621
1396099 1397166
1432208 1434703
1466339 1466506
1467965 1469295
1470391 1470461
1528239 1529119
1635469 1635838
1650898 1651493
1978558 1979199
2066231 2067245
2068987 2070218
2101821 2102888
2170229 2171322
2288991 2290058
2304390 2304502
2514328 2515562
2521329 2521465
2726117 2731452
2817782 2818196
2996416 2997636
3130184 3131268
3186151 3187371
3365628 3366695
3426804 3428853
3583586 3584101
3619328 3621885
3624233 3625422
3652108 3653175
3666260 3667381
3762319 3765832
3941503 3946894
4027511 4027609
4035440 4040809
4166354 4171865
4176134 4177054
4209703 4213111
4295837 4296060
4498236 4499456
4507514 4508624
