gi_556503834_ref_NC_000913.3_
223680 225738
257963 258570
270596 271706
279218 279825
290496 291296
391764 392908
566835 567979
574663 575676
580364 581307
608062 609296
687923 688936
729567 733172
1049883 1050490
1094300 1097141
1299608 1300621
1396153 1397166
1428026 1428597
1431825 1434681
1466726 1467019
1467965 1469295
1528008 1529119
1570725 1571846
1650898 1651493
1978558 1979165
2066231 2067244
2068996 2070218
2101821 2102834
2170229 2171373
2288991 2290004
2304390 2304502
2514328 2515562
2726119 2731430
2817782 2818196
2996416 2997637
3130255 3131291
3186150 3187371
3365628 3366641
3423314 3428853
3583533 3584140
3652108 3653121
3762168 3762263
3767275 3767525
3941503 3946769
4035220 4040745
4166354 4171706
4176134 4177054
4209703 4213109
4295837 4296060
4498236 4499456
4507514 4508624
