Buchnera_aphidicola_Baizongia_pistaciae_ancestor
1265 1348
2303 2547
6466 7383
9814 9964
12504 12616
15177 15436
16026 16151
17365 18599
26159 26323
27313 28911
31630 32045
33815 34559
38675 39191
40698 40852
44202 44765
47327 47507
48052 48313
50816 51434
52264 52807
55399 55526
57224 57300
58540 58748
64369 64677
65282 66581
75537 76689
79154 80116
82398 82817
83841 84233
84942 85265
91393 91648
92601 93017
96196 96386
97081 97225
97748 98296
99224 99287
100636 101046
103006 103056
106008 106256
108279 109051
109694 109814
111270 111477
112946 114005
117599 118485
120356 120624
121577 122495
124430 125043
128009 128208
130225 130633
131156 131287
137390 139318
139833 140304
144677 144792
148651 149931
150536 151979
152622 154364
156644 157054
161281 161466
162049 162294
163355 163488
166388 166639
168727 169615
170955 171209
175275 175529
176113 177272
178495 179605
181061 181546
182298 182366
183399 183699
184287 184386
188205 190164
190886 191345
192248 192526
194365 194644
195176 195515
196042 196183
197484 198005
198550 199002
200667 201028
205809 206020
209623 209721
210407 210939
212038 212491
215055 215182
215921 216401
217182 217426
221399 221636
223327 223397
224001 225040
225753 225806
226952 227442
228001 228677
230902 231169
231750 232091
233437 234608
238226 238600
245768 245936
247365 248032
249547 250301
250868 251502
252046 252205
253926 254391
255731 256005
256531 257439
258203 259138
259677 260019
265761 265938
266517 266671
267682 268484
269163 269523
272168 274015
275904 277070
277890 278907
280881 281529
282539 283486
284506 284607
285173 285560
288924 289039
290484 291082
292361 293474
294414 295071
296378 297794
298434 298788
302253 302450
303790 303885
305302 305755
307315 307703
310779 311732
312448 312537
314249 314951
316788 317822
319453 320014
320842 321720
325310 325566
326222 327352
330857 330954
334681 335558
336482 337616
338795 339330
341415 343128
345492 345793
347330 347424
348111 348162
350755 351220
353912 354163
359210 359882
365011 365856
368256 368535
369915 371116
372656 373342
374759 375042
375609 375821
376397 376747
377920 378503
379083 379377
380580 380978
382524 383159
383690 385495
389850 389968
390636 391689
393665 393962
398045 398849
401228 401799
402331 402752
406869 407059
407694 407959
412111 412229
416036 416673
418146 420008
422630 422708
423371 423421
425654 426520
427819 428371
429570 429746
433756 434303
437015 437963
439535 440753
443286 443389
444407 444613
445818 446060
448194 448890
449462 449549
452530 453227
454145 454680
456955 457823
458362 459942
460581 460911
461419 462658
465779 466194
468835 469479
472976 473116
478117 479246
480255 480771
482193 482366
484570 484862
486082 486135
491584 491646
494141 495710
496224 496657
497865 497945
498941 499342
500178 500237
501399 501979
504584 504883
506707 506967
510405 510680
512920 513445
514647 515277
516227 517464
518967 519481
520014 520214
521997 522283
522988 524158
525139 525213
527148 527514
529839 530848
534967 535348
537657 540010
541170 541456
542839 543860
544378 545430
547756 548073
548874 550269
552241 552453
553616 553846
556065 556728
559076 559345
560632 561281
562037 562184
564861 565124
566881 566988
578438 578827
579540 580015
580686 581258
582547 582994
587835 588023
588597 588769
591573 592396
593319 594726
595452 595784
599208 599467
600264 601054
602236 602466
603817 604305
605188 605854
606385 607197
609655 611729
613405 613506
614211 615980
Buchnera_aphidicola_Baizongia_pistaciae_0970
1 513
1265 1348
2303 2547
3129 3537
9814 9964
10512 10615
11983 12428
13196 14512
15177 15436
16026 16151
16718 18599
19621 20370
22504 24404
25090 26076
30451 31024
31654 31864
34329 34576
35347 35481
37086 37535
40929 41568
43268 43614
45090 45736
46749 47195
52270 52478
53718 54075
55492 55619
56681 57289
58153 59443
62361 62777
63730 63985
65211 65916
67994 68442
70519 70683
73781 75164
75999 76405
78175 78919
79689 80987
83035 83551
90388 90626
91373 92673
99224 99287
99826 100005
100636 101197
104714 104876
107842 108096
110569 111352
113295 113383
115174 115966
116732 117010
119165 120016
121077 121322
121905 122090
125775 126217
128090 130593
132746 132835
134769 135263
138063 138694
143067 143538
144053 144468
145862 145981
146709 146835
149578 150672
152084 152215
153332 155584
156112 157060
158080 158181
158747 159092
161389 163356
165293 166581
168571 168645
169952 170311
171320 172850
173440 173668
179396 179784
181446 181797
185597 186058
188311 188676
189305 189865
190533 190819
191496 192460
194339 195294
197225 198090
199796 200926
202424 204528
207784 207927
213922 214412
214999 215605
217261 217363
217967 218373
220396 220636
223486 223594
224463 225187
227676 228387
228924 229494
230795 231316
232973 233105
235649 235776
236493 236804
239120 239331
242934 243032
245752 246351
248366 248493
249232 249712
250493 251186
252456 253029
254723 254991
257888 258568
259502 259552
260248 260733
261429 261898
262586 262886
263474 263573
269275 269334
270073 270532
271435 271713
272722 273375
274764 274983
276578 277343
278349 278617
280211 280488
284574 284886
286002 286201
287676 288118
288883 289277
290720 290921
293776 294417
296784 296864
297824 298627
299855 300108
301119 301273
301852 302029
303584 303945
305536 307671
309069 309587
310351 311227
311785 312059
313399 313864
315585 315744
316288 316922
318086 318243
319208 320425
321854 322022
322658 324630
326098 326479
330875 331724
332605 333103
334044 335558
336712 337616
338795 339330
340105 340726
343027 344178
345492 346318
347330 347424
348111 348162
351721 352253
353005 353358
353912 354163
355498 355939
356516 357362
358480 360433
362367 362880
365589 365856
368256 368535
370356 371116
373102 373821
374759 375042
375609 375821
376397 376747
377920 378503
379083 379377
381612 381863
384178 384473
385237 385495
387632 387897
388532 388722
396015 396134
398320 398823
399931 400537
401772 401948
402500 403699
405776 405828
408097 408147
408810 408888
411510 412387
414703 415491
420244 421020
425777 425895
427464 427616
428240 428790
429592 429889
433457 433616
439535 439806
441665 441760
442763 443660
444407 444613
445818 446060
449462 449549
451915 452699
455457 455657
456190 456667
458207 460294
462851 463583
464360 465976
468704 468964
469635 471087
471730 472674
475434 475493
479014 479447
479961 480227
484025 484087
484837 486421
488319 489010
490388 491519
493305 493846
500117 501336
513013 513226
514016 514252
515729 516046
519382 519451
520468 521288
521997 522283
522988 523308
534967 535348
537657 540010
541170 541456
542839 543860
548874 549198
550006 550796
552764 553846
554358 555440
559076 560280
562037 562184
562920 563363
564861 565934
566881 567012
568128 569770
572173 572567
574013 574444
576295 576710
579540 580015
583554 583947
584906 585214
586125 586611
587819 588023
588597 589577
594368 594726
596523 597271
597944 598247
599208 599467
600264 601054
602236 602466
603817 605088
611492 611729
612633 613506
614211 614548
615591 615980
