gi_556503834_ref_NC_000913.3_
223526 223760
223963 224690
225327 226869
228464 228783
258007 258577
270638 271470
274493 274579
279327 280013
290540 291161
349880 349972
391807 392873
566870 567936
574752 575690
580931 581263
608106 609252
687945 688953
696754 696862
731360 731570
732286 732857
734784 734999
736444 736594
737239 737492
1049841 1050450
1094343 1095404
1097258 1097365
1270247 1270326
1299593 1300600
1396138 1397144
1468008 1469144
1528446 1529075
1552226 1552403
1570769 1571703
1632735 1634929
1650942 1651490
1978602 1979171
2066364 2066607
2066825 2067200
2069039 2070174
2101845 2102707
2170268 2171329
2289015 2290014
2304546 2304687
2514372 2515519
2726161 2726283
2726491 2727350
2727562 2728175
2729666 2729938
2730857 2731393
2996458 2997595
3130242 3131247
3186129 3187328
3365687 3366622
3423761 3428570
3470263 3471095
3583526 3584100
3619372 3620045
3620969 3621084
3621698 3622207
3622554 3622763
3624831 3625378
3652129 3653186
3762363 3763860
3764175 3764971
3767319 3767368
3941541 3943435
3943723 3946520
3946789 3946850
4035484 4038589
4038828 4040336
4166398 4171951
4208066 4209609
4209873 4213085
4296160 4296290
4325948 4326154
4498280 4499430
4507557 4508582
