Ecoli_0950_Taxon011_
1 232
13448 14169
14671 16676
223678 229394
257975 260025
274021 275469
279045 279825
337624 338141
400641 401900
482146 483750
575705 576614
690389 692651
742895 745342
748225 751982
1049555 1050921
1063992 1065984
1305815 1306736
1308364 1309457
1404873 1405848
1428152 1428215
1588120 1589084
1650783 1651305
1885112 1886048
2065787 2067739
2068366 2069617
2174317 2175471
2188873 2190586
2418765 2419378
2662459 2662632
2774427 2778901
2779555 2781256
2805798 2805857
3201742 3204443
3219801 3221909
3380352 3380765
3382503 3383326
3423150 3426986
3497678 3499274
3579655 3580335
3583533 3585706
3618132 3618448
3619132 3622807
3652091 3652937
3764487 3765775
3767874 3770447
3937724 3938231
3938874 3939194
3939799 3939901
3941497 3943581
3974386 3975184
4038028 4041039
4041834 4042701
4043265 4044859
4112930 4113498
4114619 4118703
4243092 4243251
4306918 4311798
4400940 4401305
4462742 4463449
Ecoli_ancestor_Ancestor_
1 232
81865 83701
88711 93083
375985 382748
386404 386800
388662 390029
419098 424450
425061 425799
549765 556466
643009 650158
825032 825872
826373 829972
968023 968863
969364 971672
1006384 1009899
1161951 1167654
1403443 1405215
1593216 1594378
1771744 1773187
1859374 1864685
2075242 2077892
2286116 2286176
2300402 2300744
2417904 2420900
2486922 2487914
2489056 2489317
2489858 2490324
2490941 2491092
2520636 2521729
2523215 2523504
2604122 2607251
2939320 2940021
2955512 2958163
3122359 3124780
3128233 3131220
3163475 3169031
3291252 3292016
3491885 3492134
3492864 3493785
3495360 3496504
3539883 3541249
3809597 3809962
3857256 3861013
3864568 3864647
3865257 3866250
3866951 3868505
3901242 3901812
3902954 3903844
3979531 3985409
4019580 4024998
4063932 4065165
4197007 4199868
4208278 4210318
4211013 4211807
4273085 4275963
4298544 4301468
4310929 4312832
4315335 4315708
4316850 4320196
4329352 4330723
4332184 4333363
4359918 4360001
4360605 4360823
4361979 4367124
4536297 4542511
