Escherichia_coli_O157_H7_EDL933_0955
1 294
9315 9417
14320 14415
22003 22281
23854 24165
30254 30806
33319 33570
38457 38759
40112 40336
48261 48565
65354 65598
71889 72310
75270 75373
77904 78158
109278 109544
114179 114480
128733 129210
131587 131716
135537 135596
141960 142043
150467 150662
155493 155918
159131 159194
162200 162428
163014 163166
163977 165090
168924 169403
180516 180655
185376 185993
191226 191538
196409 196692
197822 198089
201268 201343
210365 210429
213118 213393
214570 214843
226052 226621
239621 239870
247381 247667
249059 249264
250051 250471
251540 251850
253841 254424
258070 258162
258802 259200
262397 262550
272334 273054
284199 284564
291492 291562
296360 296732
309755 309891
321459 321800
322969 323164
327872 327956
332621 332762
340215 345072
346427 346635
347667 347962
349010 349309
353133 353229
357146 357480
374463 374837
401544 401839
407613 407673
420134 420526
422950 423265
443372 443596
447021 447493
452040 452280
457617 457679
462014 462548
465587 465636
469607 469677
477560 478556
512425 513033
516427 517065
523496 523776
525581 525993
527368 527932
530802 531028
533978 535126
550241 550422
562215 562399
569668 570124
585664 585873
592544 592736
602422 602642
619453 619658
622152 622232
636579 636732
637250 637444
648614 648675
654117 654403
658333 658409
666989 667048
679384 679871
684351 684622
686022 686108
687853 688060
690884 691225
691902 692248
699592 699969
702238 702392
721272 721369
728198 728329
739213 739761
744401 745521
755367 755555
766290 766340
773057 773263
779094 779394
783098 783269
784839 785471
798490 798748
802910 803196
807787 808037
811445 811764
813678 813768
818914 818993
830075 830161
832603 832846
833665 833871
842779 842964
846680 847156
851992 852353
876105 876221
880240 880870
884821 885099
890930 891238
891838 892589
900309 900506
905963 906166
912386 912635
924875 925654
929137 929193
933206 933397
938982 939320
939909 940345
941108 941308
946793 947051
947899 948264
966210 966859
972542 972635
977322 977509
979699 980051
981350 981652
982167 982664
990653 990789
996408 996471
1004486 1004968
1011248 1011689
1020619 1021180
1023153 1023287
1026844 1027059
1030725 1030784
1037669 1038352
1038970 1039275
1043001 1043346
1044410 1044459
1045660 1045823
1047853 1048036
1068110 1068238
1075101 1075391
1076560 1076874
1083693 1083863
1086425 1086766
1089420 1089663
1115916 1115998
1116702 1116868
1122831 1123365
1124541 1125114
1136896 1137058
1140133 1140286
1140935 1141170
1149250 1149454
1151487 1151613
1161841 1162105
1164591 1164797
1176748 1176863
1180260 1180492
1181319 1181422
1200201 1200371
1214823 1215210
1220479 1220591
1230226 1230679
1232610 1232746
1233870 1234131
1236870 1237059
1248571 1248715
1250628 1251047
1262578 1262642
1272141 1272618
1275391 1275456
1293501 1293716
1296521 1297023
1299414 1299742
1305523 1306340
1322618 1322824
1323902 1324505
1339982 1340177
1340696 1340833
1352407 1352684
1356802 1357072
1363476 1363559
1371775 1372482
1373647 1373799
1382739 1383251
1386781 1387422
1389405 1389694
1424223 1424581
1435977 1436252
1442150 1442304
1447805 1448398
1457962 1458302
1461317 1461578
1479660 1479902
1483697 1483910
1490506 1491452
1496696 1496900
1500412 1500989
1518584 1519112
1530042 1530399
1531209 1535404
1544945 1545000
1562120 1562322
1567530 1567835
1575515 1575626
1583840 1584085
1600656 1600850
1605008 1605626
1642826 1643464
1653201 1653283
1655284 1655444
1666154 1666306
1668633 1668939
1669959 1670259
1677480 1678139
1680020 1680420
1693003 1693870
1703267 1704886
1714286 1715708
1722361 1722692
1733329 1733602
1743261 1743514
1750402 1750927
1758519 1759464
1764301 1764370
1768017 1768091
1800664 1801047
1809310 1809923
1812652 1812767
1841785 1842413
1853086 1853294
1860841 1860998
1872331 1872585
1877523 1877641
1888261 1888543
1932692 1933182
1938770 1939086
1942866 1943282
1953196 1953397
1957080 1957440
1959689 1960494
1961309 1961402
1966655 1967024
1978866 1979172
1979847 1979897
1985101 1985434
1990749 1991018
2010129 2010704
2012490 2013221
2014347 2014419
2019332 2019432
2021541 2021784
2035262 2036084
2045967 2046369
2051154 2051240
2062228 2062435
2063349 2063653
2071182 2071331
2079861 2080040
2086942 2087103
2088174 2088388
2095253 2095484
2099370 2099474
2108629 2108932
2116355 2116509
2128494 2128566
2130529 2131022
2145360 2145481
2155196 2155412
2157998 2158101
2161486 2161715
2174394 2174565
2175280 2175510
2179253 2179561
2196349 2196923
2198637 2198968
2202479 2202800
2209907 2209986
2228962 2229104
2233627 2234307
2236170 2236274
2245712 2245989
2250932 2251854
2264779 2265262
2269236 2269636
2277464 2277859
2278993 2279127
2283440 2283859
2290142 2290790
2293409 2293740
2295696 2295850
2319660 2319869
2323055 2323322
2325949 2326028
2326688 2326773
2332591 2333012
2337181 2337642
2350641 2350839
2365466 2365713
2396378 2396666
2399583 2399690
2402024 2402183
2418974 2419155
2426635 2426786
2428826 2429118
2446558 2446857
2450275 2450969
2452502 2452892
2457738 2459062
2459927 2459996
2461550 2461736
2463770 2463980
2472561 2472843
2474185 2474261
2475867 2475982
2480403 2480712
2482444 2482611
2493957 2494149
2498943 2499739
2518551 2518639
2523869 2524048
2533743 2534073
2543337 2543491
2546388 2546562
2570413 2570597
2574471 2575420
2580420 2580599
2585795 2586366
2590013 2590303
2591419 2591648
2603401 2603728
2609470 2609925
2616741 2616977
2634299 2634409
2646705 2647394
2655104 2655248
2661715 2662019
2679580 2679732
2681463 2681535
2685706 2686102
2689970 2690221
2696586 2696919
2710250 2711422
2737028 2737259
2751549 2751756
2772081 2772220
2778089 2778483
2779941 2780036
2789333 2789595
2791088 2791244
2798190 2798305
2799934 2800073
2806622 2807091
2808379 2808583
2810830 2810924
2813152 2813307
2823541 2823681
2830522 2830734
2833822 2834034
2839569 2840020
2846768 2846963
2853171 2853470
2859147 2859247
2861767 2861986
2864853 2865090
2872260 2872506
2883271 2884313
2896724 2897056
2899026 2899421
2902417 2902772
2909148 2909205
2915956 2916108
2917211 2917287
2928551 2928832
2939536 2939783
2948260 2948350
2953585 2953646
2957049 2957756
2959016 2959149
2962162 2962516
2967251 2967308
2968542 2968856
2983078 2983337
2991392 2991693
3000608 3000705
3005101 3005153
3006845 3006975
3009290 3010008
3031648 3031973
3044505 3044831
3046410 3046537
3050894 3051911
3059145 3059504
3069284 3070241
3074300 3074375
3080138 3080255
3081414 3081581
3085613 3085906
3089034 3089645
3092279 3092942
3101867 3102103
3112459 3112838
3134123 3134342
3136111 3136369
3137396 3137492
3141303 3141829
3143220 3143673
3145572 3146699
3155969 3156258
3156770 3156969
3160418 3160812
3162535 3162947
3167573 3167999
3171822 3171924
3181296 3181481
3186227 3186625
3188959 3189135
3198261 3198631
3207471 3207585
3209676 3209949
3211061 3211114
3228078 3228412
3237015 3237214
3242134 3242245
3257825 3257931
3273589 3273788
3274428 3274526
3275506 3275855
3277191 3277298
3282261 3282486
3285389 3285486
3294517 3295046
3296261 3296501
3301561 3301629
3316075 3316839
3319068 3319567
3323531 3323769
3326255 3326521
3328107 3328198
3335211 3335314
3357600 3357870
3366764 3367046
3369624 3369828
3379673 3379907
3381349 3381477
3385736 3385975
3399985 3400061
3411125 3411594
3421216 3421976
3422851 3423443
3446592 3446658
3449703 3449783
3459974 3460163
3460754 3460938
3471542 3471733
3476812 3477048
3479631 3479854
3481405 3481907
3490833 3491166
3510575 3510670
3511261 3511362
3512931 3513063
3530198 3530318
3538840 3538976
3539731 3540062
3541499 3541662
3543772 3544029
3554257 3554340
3558850 3559138
3563491 3564022
3569620 3569702
3570394 3570631
3581206 3581267
3590342 3590722
3593921 3594034
3594819 3595006
3600318 3600532
3609448 3609787
3617123 3617396
3621458 3621628
3635015 3635219
3637916 3638381
3643806 3644090
3654786 3655749
3661145 3661426
3664515 3664750
3670376 3670537
3675491 3675544
3677149 3677530
3687590 3687722
3688704 3688983
3698639 3698722
3706320 3706477
3709473 3709712
3715852 3716097
3727033 3727183
3757167 3757566
3770122 3770250
3771157 3771666
3778957 3779055
3779674 3779868
3790799 3791531
3794172 3794295
3807453 3807698
3823901 3824021
3831078 3831154
3832888 3833292
3842451 3842704
3844640 3844914
3863644 3864170
3866160 3866295
3873626 3873705
3886254 3886489
3893518 3893626
3896201 3896923
3902746 3903047
3908557 3908606
3913216 3913386
3916072 3916450
3918806 3919017
3923926 3924237
3938712 3939154
3942497 3942574
3945284 3945384
3952110 3952170
3955739 3955989
3960361 3960813
3963450 3963751
3966549 3966872
3982720 3982842
3984930 3985095
3988653 3988929
3992905 3993010
4001997 4002077
4006181 4006311
4008386 4008655
4013009 4013071
4052230 4052578
4059148 4059493
4069030 4070212
4090934 4091153
4092308 4092907
4111758 4111923
4120140 4120288
4128620 4128912
4137333 4137626
4150466 4150748
4158553 4158602
4160623 4160828
4174060 4174262
4175610 4176052
4199109 4199506
4211874 4212153
4218655 4219337
4222221 4222430
4232219 4232361
4239634 4240448
4242147 4242319
4242946 4243144
4249492 4250216
4254241 4254514
4256297 4256677
4261213 4261456
4266862 4267028
4268204 4268479
4275237 4275452
4280075 4280593
4298916 4299028
4305698 4306151
4314538 4314788
4327444 4330626
4334196 4334343
4335832 4338923
4349724 4350364
4353808 4353942
4368281 4368361
4371631 4371712
4377795 4378038
4379499 4379573
4394206 4394372
4398795 4398904
4400543 4400840
4411207 4411335
4413437 4413902
4416113 4416799
4423381 4423889
4436097 4436314
4439281 4439619
4441553 4441609
4458330 4458500
4459654 4459783
4484151 4484249
4487862 4488778
4489379 4489467
4495208 4495588
4505028 4505614
4507584 4508361
4524345 4525178
4526423 4526622
4527267 4527665
4541517 4541610
4542325 4542639
4545216 4545772
4551827 4551927
4552512 4552672
4571694 4571945
4575886 4576121
4577701 4577766
4583796 4584009
4612909 4612963
4617068 4617278
4622730 4622816
4623825 4624122
4640040 4640216
4654590 4654870
4657288 4657756
4670778 4673016
4683953 4684144
4693322 4693652
4694400 4694766
4700705 4701032
4703270 4703700
4711861 4711916
4724013 4724086
4743958 4744457
4744960 4745497
4748574 4749475
4750054 4750405
4758666 4758731
4789561 4789872
4797212 4797668
4799088 4799623
4808906 4809005
4812427 4812692
4820845 4820910
4825214 4825384
4828918 4829013
4834123 4835564
4840423 4840531
4842267 4842416
4860079 4860246
4862511 4862579
4866363 4866691
4870234 4870519
4871527 4871643
4875477 4875702
4876302 4876391
4889182 4890041
4893008 4893274
4901284 4901510
4904061 4904213
4906875 4906994
4908011 4908096
4921176 4921401
4924348 4924582
4927445 4927723
4938964 4939533
4941085 4941138
4942802 4943140
4944090 4944218
4947899 4947962
4951412 4951947
4955136 4955465
4959563 4959732
4965913 4966112
4977670 4977936
4987391 4987845
5003725 5004598
5016748 5016816
5021905 5022121
5025819 5025972
5028934 5029012
5034305 5034521
5046284 5046491
5047570 5047750
5050027 5050118
5054852 5055097
5059238 5059847
5064209 5064602
5070960 5071415
5073068 5073258
5075688 5075871
5081022 5081243
5082175 5082446
5086336 5086425
5089686 5090097
5092734 5092791
5100090 5100245
5107962 5108398
5119183 5119318
5120026 5120258
5123713 5123938
5127122 5127243
5133649 5133846
5134936 5135467
5165510 5165778
5168917 5169039
5178562 5179010
5179650 5180298
5181231 5181311
5198379 5198701
5200766 5200879
5207325 5207391
5211551 5211697
5212437 5212575
5216094 5216159
5219138 5219206
5222998 5223414
5242085 5242589
5273335 5273404
5289359 5289559
5305549 5305795
5309653 5310137
5317971 5318116
5338386 5338679
5346005 5346751
5347503 5347671
5362505 5362634
5370705 5370925
5374073 5374342
5391556 5392067
5409623 5409829
5411426 5411761
5412557 5412617
5420626 5420784
5430155 5430670
5434574 5434853
5443274 5443377
5458974 5459139
5469138 5469187
5479141 5479489
5482767 5483048
5492906 5493025
5497545 5497833
5517381 5517877
5524429 5524596
5532871 5532993
5537322 5537530
5545046 5545372
