Escherichia_coli_O157_H7_0960
1 806
3541 3841
7537 7674
15911 16176
16775 16993
19026 19235
21338 21414
25285 25446
32064 32424
37508 37773
39817 40081
45379 45495
52127 52539
55098 55192
61231 61514
70613 71391
72427 72566
76045 76153
77111 77213
79771 80000
88452 88805
90551 90817
93125 93944
96459 96675
102106 102204
109339 109516
110750 110816
112298 112569
115288 115543
118366 118610
136165 137028
141353 141410
142024 142100
150924 151505
159708 160670
165674 165955
169017 169552
173590 173950
187458 187973
189827 189993
192676 193380
195083 195168
211559 211901
212881 213911
215619 215824
217060 217281
221358 221538
240389 241017
251740 252062
256946 257093
263027 263445
265881 266550
267599 268090
270015 270109
270962 271099
272841 273057
278000 278210
291356 291733
292484 292671
297701 297752
302639 303002
307693 308272
320264 320976
326205 326393
327363 327587
328304 328399
331251 331638
333037 333281
336028 336452
337257 337530
341656 341750
352251 352353
358065 358371
359170 359465
360511 361013
362794 363382
365131 365300
369179 369478
373110 373615
374159 374325
375599 377362
380406 380602
382728 382899
384719 384930
386075 386312
397163 397341
406980 407173
407974 408216
412678 412817
413955 414056
420056 420107
422854 422919
425135 425282
426920 427225
429638 429825
455016 455557
456822 457017
459874 460094
462091 462257
467790 468058
468700 468880
470872 471101
472896 473083
473971 474069
474988 475136
489968 490023
492097 492468
499014 499489
504737 505398
511111 511782
514719 514810
516386 516438
517924 518574
519165 519807
531012 531607
536690 537600
538958 539025
548345 548445
549128 549426
563639 563874
564416 564634
568422 568723
570704 570998
576688 576940
579396 579705
587362 587557
591313 591543
592923 593072
598327 598713
601255 601552
612026 612229
613488 613985
614707 614986
615957 616076
617172 617391
619266 619596
622153 623071
628671 628941
630123 630253
635360 635870
638466 638598
645459 645535
647758 648114
649329 649448
654580 654969
655481 655786
660460 660884
661547 661974
667319 667537
668045 668345
671681 672301
673187 674509
675402 675675
677075 677332
677963 678311
680206 680425
682955 683171
687338 687563
694417 694661
699927 700204
708839 709102
712144 712498
713001 713319
714563 714619
718192 718338
720663 721125
728764 728876
729914 730023
732627 733361
734020 734237
737201 737321
738082 738571
739475 739708
743352 743686
745082 745144
752678 752844
760022 760294
767227 767315
769018 769285
772418 772745
773347 773504
774061 774355
778634 778827
781283 781404
790964 791488
803826 803901
808078 808366
812682 812818
814899 815272
816006 816165
818279 818473
819623 820364
830093 830360
836399 836871
839635 839979
861876 862471
867803 868131
868977 869216
875127 875242
883935 884062
888002 888810
890805 891109
903120 904446
905846 906562
907399 907519
911504 911672
913790 914190
915720 915782
917081 917357
926098 926295
932896 932983
935865 936386
937290 937352
938761 939428
948847 949002
955218 955778
959021 959072
959974 960086
965816 966294
967281 967536
969982 970372
971611 971660
972483 972793
974263 974612
977011 977245
978377 978987
979693 980204
982471 982935
983520 984333
985094 985289
985872 986165
996926 998398
1001522 1001740
1005624 1005716
1009982 1010105
1013799 1013998
1015979 1016186
1018231 1018734
1027710 1028109
1033582 1034190
1041695 1041858
1042642 1043184
1048902 1049137
1052595 1052658
1054043 1054152
1055022 1055142
1055998 1056252
1056809 1056921
1063366 1063458
1069300 1069724
1072535 1072736
1074846 1075121
1076879 1077698
1084714 1084886
1103525 1103878
1104647 1104799
1113498 1113549
1119579 1119850
1123545 1123835
1131176 1131396
1142133 1142530
1143822 1143964
1151690 1152061
1159978 1160287
1164227 1164829
1171319 1171455
1172001 1172089
1174351 1174745
1183212 1183735
1184585 1184885
1186726 1187049
1193432 1193571
1194656 1194875
1195845 1196069
1198893 1199118
1201791 1202007
1213775 1214144
1215494 1215574
1218794 1218904
1219406 1220026
1224146 1224440
1228551 1229019
1233868 1234525
1236837 1237055
1242119 1242172
1244860 1245370
1248413 1248862
1251840 1252353
1252887 1253066
1255509 1255796
1257710 1257830
1265955 1266321
1269334 1269823
1278571 1278891
1282434 1282883
1284712 1286583
1287828 1288013
1302326 1302687
1303487 1303613
1307030 1307564
1320955 1321507
1322032 1322301
1327027 1327196
1335593 1335868
1339587 1339940
1343740 1344121
1346043 1346403
1346906 1347129
1348381 1348462
1357827 1358028
1359588 1359791
1360821 1361063
1373577 1373720
1385492 1385556
1386240 1386777
1387681 1387913
1399679 1399785
1402865 1403912
1404764 1404861
1406548 1407051
1409737 1410047
1414298 1414572
1422097 1422762
1424336 1424493
1425301 1425640
1426977 1427057
1429426 1429679
1430625 1430739
1442056 1442595
1443335 1443528
1454082 1454863
1455735 1455997
1459593 1459661
1465051 1465189
1470019 1470090
1470751 1470899
1471467 1471715
1476737 1476885
1486035 1486105
1488038 1488153
1492140 1492625
1493676 1494573
1498323 1498534
1507678 1507951
1511981 1512516
1519774 1520045
1527020 1527203
1538777 1539213
1542476 1542610
1543954 1544139
1546420 1547004
1547975 1548923
1557506 1557791
1564890 1565101
1576986 1577558
1578596 1578745
1579913 1580117
1581441 1581908
1582526 1583561
1585879 1586362
1587257 1587955
1589014 1589082
1590657 1590716
1591482 1591581
1595324 1595711
1598649 1598938
1601776 1602085
1607686 1607824
1611042 1611263
1615753 1616480
1623398 1623492
1633572 1633828
1634935 1635178
1636950 1637324
1639022 1639377
1646606 1646737
1648107 1648495
1652563 1652701
1655462 1656251
1657536 1657609
1660530 1660843
1661923 1662275
1677953 1678554
1687536 1687990
1690202 1690509
1695309 1695433
1696509 1697552
1702726 1702813
1707865 1708090
1710821 1710875
1712872 1712979
1717144 1717377
1725981 1726299
1729003 1729088
1732077 1732360
1736110 1736197
1746240 1746966
1760428 1760758
1763537 1763806
1772570 1773037
1773559 1773808
1775102 1775238
1776384 1776945
1778643 1779221
1782940 1783105
1789753 1789804
1795610 1796050
1802593 1802988
1809719 1810003
1812184 1812460
1815796 1816570
1817526 1817738
1833301 1833362
1837063 1837296
1839581 1839851
1844858 1845136
1845654 1845861
1850324 1850568
1855543 1856264
1859043 1859624
1861945 1862449
1867246 1867831
1873702 1873855
1876056 1876752
1878440 1878637
1879236 1879730
1882109 1882328
1888506 1888605
1894662 1894738
1898291 1898484
1899683 1899791
1901110 1901783
1910543 1910620
1917648 1918132
1922828 1923460
1929854 1930002
1931131 1931380
1935891 1936050
1936919 1937190
1939763 1939891
1940414 1940827
1945279 1946047
1948242 1948548
1952187 1952804
1955681 1956141
1961246 1961894
1965176 1965359
1985378 1985606
1987494 1987775
1992633 1993019
1995698 1996097
1997284 1997652
2014101 2014555
2016290 2017151
2022432 2022708
2023252 2023537
2029522 2029925
2032574 2032908
2042263 2042944
2050470 2050788
2055546 2055888
2057110 2057378
2057886 2058219
2059856 2060096
2060719 2061102
2062143 2062445
2063770 2064040
2069392 2069628
2071345 2071466
2082012 2082158
2084216 2084345
2085662 2085839
2089076 2089329
2095101 2095186
2096701 2097308
2100669 2100772
2105386 2105559
2106554 2106614
2108796 2109068
2110664 2110890
2112045 2112233
2115470 2115698
2120253 2120330
2128374 2128491
2142769 2142939
2146232 2146333
2152102 2152730
2165227 2165316
2172732 2172831
2174292 2174819
2179969 2180433
2192986 2193187
2194183 2194318
2196264 2196589
2199342 2200059
2202290 2202587
2209143 2209413
2214007 2214319
2216122 2216303
2218144 2218330
2224511 2224991
2228944 2229057
2230476 2230707
2233644 2234208
2244585 2245087
2245615 2245737
2252798 2252858
2253513 2253753
2254405 2254567
2256931 2257344
2258835 2259313
2289298 2289587
2296397 2296550
2297524 2297787
2301902 2302369
2305289 2305391
2306175 2306293
2308836 2308964
2317868 2318438
2323580 2324128
2326065 2326242
2334063 2334206
2335523 2335586
2337467 2337791
2338778 2339205
2345699 2345811
2349632 2349717
2353139 2353285
2356735 2357430
2358237 2358521
2363059 2363806
2369358 2369840
2370409 2370708
2380023 2380251
2383656 2383759
2386689 2386835
2394145 2394238
2398543 2398878
2403047 2403116
2413350 2414057
2414564 2414859
2418866 2419200
2425661 2425921
2427879 2427960
2429537 2429596
2438021 2438191
2441002 2441404
2445890 2446233
2448628 2448863
2460068 2460172
2464242 2464497
2470287 2470991
2475844 2476209
2478734 2478845
2483200 2484027
2485577 2485786
2487541 2487673
2490773 2490824
2496186 2496681
2500286 2500836
2502548 2502913
2505150 2505697
2512031 2512332
2514625 2514972
2515811 2515949
2521356 2521903
2522812 2523860
2524522 2524652
2527432 2527499
2532087 2532757
2534314 2534503
2535373 2535474
2551787 2552404
2557803 2557946
2559508 2559968
2584870 2585804
2587474 2587571
2592074 2592440
2603198 2603401
2606312 2606549
2613543 2613614
2615362 2615989
2616490 2616601
2617530 2618028
2624021 2624654
2632296 2632501
2635870 2636149
2639548 2640118
2640750 2641313
2648655 2648754
2651099 2651780
2653299 2653433
2654104 2654213
2655858 2656030
2657657 2657950
2663105 2663242
2667994 2668209
2671261 2671382
2678286 2678706
2689471 2691048
2703142 2703770
2704538 2705150
2706701 2707245
2717326 2717442
2725477 2725831
2728869 2728986
2738416 2738478
2740516 2740901
2743860 2743927
2747531 2747836
2750901 2751376
2752180 2753316
2758386 2758487
2765248 2766397
2769454 2769688
2770950 2771105
2775731 2776017
2779375 2779449
2780084 2780315
2781943 2782603
2783991 2784223
2785533 2785623
2786619 2786943
2792962 2793382
2795177 2795452
2799938 2800012
2805091 2805591
2809652 2809887
2811144 2811288
2826459 2826664
2837866 2838182
2844081 2844652
2849995 2850128
2852530 2853202
2854994 2856031
2856933 2857616
2860984 2861198
2866132 2866352
2867355 2867847
2868371 2868939
2869621 2869909
2872892 2873280
2873991 2874443
2881820 2882040
2890109 2890288
2900612 2901080
2903895 2904177
2906482 2906621
2922194 2922903
2923700 2924414
2929668 2929956
2930583 2930850
2931457 2931711
2940964 2941286
2944803 2945278
2957275 2957716
2958255 2958682
2962419 2962545
2966681 2967049
2974608 2975119
2985364 2985413
2986689 2987160
2990892 2991234
2993871 2994186
2994973 2995063
2998195 2998399
3004912 3005174
3007305 3007491
3008937 3009308
3015117 3015443
3020389 3020690
3026348 3026500
3035004 3035534
3041651 3041918
3043756 3043935
3047321 3047689
3049455 3049649
3050623 3051182
3052152 3052255
3059063 3059323
3074893 3075372
3084786 3084960
3086992 3087757
3090097 3090185
3091667 3091732
3100387 3100600
3102010 3102226
3102921 3103466
3115275 3115546
3122274 3122529
3123622 3124283
3127002 3127248
3130321 3130370
3145706 3145892
3148217 3148366
3150020 3150362
3153254 3153502
3156688 3156741
3160176 3160303
3167161 3167423
3170311 3170585
3171619 3172007
3175281 3175463
3176359 3176593
3177186 3177328
3184043 3184289
3188142 3188253
3197574 3197922
3201549 3201714
3210413 3210673
3211656 3211836
3213043 3213232
3216619 3216786
3227399 3227665
3241888 3241983
3247351 3248008
3253843 3253978
3259568 3259705
3260939 3261190
3272898 3273221
3275942 3276011
3281868 3282017
3286517 3286782
3293914 3293991
3295211 3295311
3306510 3306843
3309518 3309830
3312698 3312927
3315099 3315666
3334901 3334953
3340228 3340366
3342108 3342349
3352098 3352607
3353807 3354263
3354814 3355682
3356190 3356828
3359137 3359202
3363288 3363407
3367800 3368425
3377023 3377443
3378054 3378342
3380017 3380286
3381554 3382063
3383587 3383650
3398093 3398211
3402584 3402957
3408703 3409760
3418854 3419005
3420363 3420493
3421639 3422044
3422824 3422913
3424688 3424909
3425871 3426140
3428205 3428377
3431268 3431593
3434487 3434786
3435740 3436104
3437433 3437753
3439179 3439357
3444119 3444941
3447696 3447959
3453834 3454201
3456031 3456085
3464716 3465057
3479086 3479197
3483685 3483793
3485408 3485909
3488376 3488914
3492012 3492516
3493745 3493896
3498558 3498867
3505631 3506112
3513952 3514246
3518230 3518309
3519322 3519449
3520731 3520999
3522370 3522505
3523172 3523325
3531005 3531188
3538947 3539001
3540183 3540289
3542957 3543616
3548385 3548613
3553271 3553625
3554994 3555754
3560360 3560562
3564079 3564303
3566461 3567102
3573019 3573831
3576771 3577019
3583473 3583571
3586062 3586124
3597308 3597688
3601598 3601703
3620542 3620760
3623812 3624127
3627305 3627980
3630679 3631574
3637647 3637837
3642131 3642612
3643948 3644120
3647888 3648232
3649801 3649961
3658683 3658987
3661682 3661892
3662472 3662753
3670363 3670574
3671169 3671331
3672354 3672512
3675100 3675546
3677268 3677438
3689879 3690644
3698263 3698343
3705582 3705748
3710264 3710522
3711872 3712557
3714499 3714794
3716897 3716996
3717554 3717755
3718801 3720293
3722389 3722705
3726573 3726651
3728119 3728486
3730532 3731149
3752301 3752626
3759845 3760014
3762325 3762686
3765129 3765397
3769552 3769614
3770298 3770378
3775318 3775591
3776297 3776420
3778162 3778428
3787920 3788866
3790343 3790832
3791752 3791999
3793454 3793651
3801066 3801566
3804738 3804874
3813109 3813332
3814732 3815202
3819888 3820272
3821915 3822044
3827959 3828117
3838876 3839246
3843535 3843776
3844551 3844822
3851021 3851707
3856504 3857088
3857613 3857709
3860101 3860351
3862720 3862775
3868331 3868429
3884456 3884690
3886740 3886959
3890171 3890402
3894014 3894111
3901053 3901115
3905563 3906587
3907581 3908359
3909205 3909326
3910208 3910866
3911662 3912055
3922073 3922196
3928535 3928976
3933139 3933464
3934532 3934787
3941295 3941404
3958714 3959095
3960922 3961178
3966466 3966545
3967136 3967419
3971546 3971781
3973028 3973175
3981926 3982244
3986357 3986436
3991508 3991607
3998961 3999372
4004614 4004903
4008960 4009182
4010920 4011032
4012020 4012371
4021982 4022083
4026480 4026681
4045184 4045288
4046898 4047135
4050971 4051380
4052879 4053821
4055836 4055978
4067552 4067950
4073143 4073345
4077630 4077917
4081479 4081594
4083351 4083724
4088478 4088633
4094113 4094300
4095357 4095416
4096032 4096211
4097104 4097296
4098741 4098981
4111675 4111945
4119973 4120535
4123667 4124437
4129382 4129577
4135237 4135295
4140065 4140890
4142822 4143209
4145022 4145107
4148059 4148266
4150490 4150561
4164984 4165280
4177495 4177689
4181460 4181529
4183360 4183611
4184738 4185401
4191314 4191848
4193674 4194006
4202015 4202473
4203118 4203392
4205260 4205799
4207129 4207555
4212065 4212130
4214156 4214311
4228257 4228402
4236182 4236943
4248908 4249161
4250388 4250522
4256368 4256691
4258120 4258401
4259044 4259342
4260847 4260969
4263128 4263251
4265625 4266086
4273629 4273886
4279568 4279688
4281949 4282233
4284486 4284696
4288296 4288785
4292293 4292559
4296629 4296847
4299126 4299513
4301478 4301881
4318206 4318575
4324886 4325351
4329163 4329475
4338918 4339237
4344772 4344930
4357216 4357528
4359557 4359906
4361843 4361904
4362638 4363047
4366522 4366749
4369134 4369465
4370720 4370871
4376509 4377047
4387300 4387564
4392035 4392170
4394495 4394775
4398339 4398571
4401599 4401868
4402810 4403167
4404229 4404361
4408711 4408913
4410160 4410498
4412031 4412161
4413023 4413423
4414941 4415119
4417803 4417943
4423101 4423424
4424410 4424902
4425523 4425583
4435860 4436035
4436710 4437248
4438645 4438899
4445089 4445285
4449334 4449602
4461809 4462436
4463614 4463936
4464572 4464875
4471120 4471255
4472441 4472922
4476306 4476802
4479669 4479729
4481773 4481977
4487281 4487430
4488991 4489180
4490261 4490576
4496826 4497000
4498193 4498638
4500045 4500205
4503217 4504022
4512890 4513063
4517056 4517353
4522376 4522450
4523133 4523458
4528081 4528777
4537642 4537766
4540798 4541038
4555133 4555307
4558058 4558205
4561296 4561556
4562937 4563173
4565987 4566250
4570000 4570178
4573867 4574110
4575737 4576419
4583499 4583587
4586582 4586774
4592654 4593215
4593790 4594054
4602783 4602952
4606119 4606311
4608378 4608433
4611154 4611330
4617089 4617189
4624430 4624690
4629323 4629799
4633872 4634112
4643459 4643523
4644178 4644387
4644980 4645494
4653187 4654222
4658385 4658870
4667740 4667830
4672190 4672457
4673220 4674148
4682162 4682682
4685586 4685788
4687970 4688259
4691465 4691684
4692623 4693736
4699297 4699376
4707565 4707672
4709136 4710215
4711521 4712082
4713763 4714158
4716117 4716210
4716990 4717105
4717806 4718024
4734130 4734265
4736558 4736818
4746703 4746779
4750290 4750645
4751276 4751372
4758997 4759229
4760038 4760195
4761307 4761461
4768146 4768444
4774845 4775177
4784164 4784511
4786819 4786992
4795287 4796104
4817220 4817457
4820044 4820958
4827065 4827270
4833021 4833435
4834201 4834268
4841242 4841589
4850263 4850690
4854885 4855417
4857834 4858097
4860139 4860423
4861808 4862080
4866060 4866382
4872961 4873232
4875588 4875726
4880765 4880910
4887737 4888003
4889233 4889424
4909027 4909347
4911820 4912090
4916212 4916478
4920648 4920744
4923914 4924204
4925666 4925763
4931054 4931442
4935179 4935405
4941943 4942224
4943344 4943414
4953716 4954276
4955657 4955902
4957495 4957612
4972357 4972454
4973453 4973733
4975454 4975592
4980471 4980621
4982789 4983082
4984653 4984947
4989675 4989957
4992039 4992259
4992983 4993697
4996423 4996592
4998412 4998659
5006083 5006200
5009825 5009882
5012792 5013079
5018456 5019023
5021009 5021324
5024752 5025223
5029366 5029430
5032263 5032606
5037174 5037995
5038702 5039403
5042546 5042797
5047726 5048474
5051076 5051364
5055162 5055267
5061541 5062114
5069150 5069866
5072434 5072795
5075649 5075717
5077831 5077994
5080670 5080822
5087228 5087471
5092705 5094137
5100264 5100503
5102287 5102486
5105809 5106065
5113273 5113571
5118794 5119035
5120492 5121295
5124421 5124741
5127288 5127445
5139777 5140171
5147071 5147450
5148097 5149154
5160690 5161003
5162735 5162968
5163989 5164160
5168248 5168303
5168887 5169131
5178284 5178676
5179490 5179555
5181064 5181220
5197482 5198045
5207449 5208435
5209037 5209300
5212101 5212277
5214613 5214822
5216157 5216376
5217802 5217953
5219335 5219587
5236227 5236358
5238807 5238920
5239994 5240057
5241554 5241779
5243948 5244274
5246650 5246881
5248441 5248730
5249375 5249613
5250500 5250664
5252972 5253048
5258368 5258882
5265713 5266236
5268019 5268924
5270220 5270867
5271543 5271697
5281139 5281436
5287813 5288262
5289595 5289659
5292794 5292998
5294465 5294681
5310317 5310507
5314269 5314511
5319531 5319590
5324440 5324747
5343647 5344034
5349325 5349720
5359508 5359602
5362591 5363290
5373694 5373815
5377503 5378255
5379358 5379714
5381977 5382189
5383293 5383399
5387895 5387944
5388850 5388995
5391883 5392131
5397589 5397679
5406107 5406188
5407971 5408361
5413282 5413435
5415259 5415749
5420855 5421054
5422250 5422334
5427915 5428102
5433099 5433251
5437765 5437910
5440663 5440751
5452933 5453007
5457697 5457761
5459101 5459279
5463645 5463869
5465789 5465934
5470605 5470745
5472447 5472970
5474623 5474714
5475303 5476392
5478603 5478683
Escherichia_coli_O157_H7_ancestor
1 304
2138 2365
3541 3841
7537 7674
14948 15272
15775 15925
17954 18163
20196 20414
21013 21278
25285 25446
31027 31969
35698 35838
38412 41537
42827 43228
46603 46687
53188 53678
54918 54967
55873 56018
56599 57915
58906 59154
63022 63467
66481 66764
74994 75384
80305 80458
86748 86960
90682 91434
95122 95243
109335 109429
111723 112030
119217 119612
122895 123168
124903 125290
137482 137936
138823 138987
141295 141371
146628 146776
154036 154559
155768 156242
156995 157247
158543 159190
159866 160020
167424 167723
169357 169759
177918 177982
179568 179889
182788 183004
198640 198830
202592 202834
207854 207913
212763 213070
220207 220496
222056 222287
227158 227383
228880 228943
230017 230130
232579 232710
243342 243484
258640 259626
260228 260491
262112 262500
263292 263468
264956 265165
265995 266247
267060 267780
269363 269425
287717 287873
289382 289447
290261 290713
298365 298675
305740 306456
312239 312307
314421 314584
317260 317412
323818 324061
329817 330016
338877 339073
342399 342655
349863 350161
355384 355625
357082 357358
361339 361519
365098 365363
366070 366611
367319 367552
373210 373431
375001 375150
376701 383216
383869 384152
385279 386205
386920 387927
388672 388722
390116 390510
394932 396265
397333 397396
402842 402999
410538 410778
412895 412950
413534 413778
421727 421832
423698 424003
425630 426381
428647 429179
433322 433386
433958 434306
435229 435385
441723 441894
444137 444373
447613 447928
451169 451473
456536 456833
459055 459112
459815 464872
470278 470525
472345 472514
489341 489438
490437 490717
497455 497605
499773 500334
501637 501931
506592 506941
509967 510270
513035 513280
514661 515221
526305 526991
535514 535657
540136 540668
543085 543348
545390 545674
547057 547331
551311 551633
558212 558483
560839 560977
562850 562905
565006 565596
567076 567166
567801 568602
572988 573254
574484 574675
594278 594598
605899 605995
609165 609455
615018 615162
621854 622080
623723 623884
625817 626205
628517 628807
630431 630528
635502 635916
641667 641872
649440 649503
663676 664265
664777 665010
669319 669443
671472 671914
672833 673650
679643 680234
681945 682118
683890 684773
690910 691039
693760 694092
703352 703488
714680 715156
715925 716001
720498 720594
721648 721735
724565 726644
727244 727877
728416 729594
730668 730794
732865 735368
736279 737381
739534 740185
740758 741313
742191 743654
745976 749115
755967 756900
762264 763013
763835 764795
765562 766120
768462 768857
770757 770909
785970 786268
789295 789719
792953 793107
794219 794376
795185 795417
796436 796747
801107 801197
809495 809967
810649 810879
812220 812480
817113 817247
821662 821902
834817 834990
835924 836133
841652 842012
851748 851848
857607 857783
860039 860559
862626 862818
874422 874626
876670 876730
883477 885279
888636 888743
893990 894321
896664 897179
898309 898482
902475 902772
905702 905982
907795 907869
908552 908877
913500 914196
926217 926457
940552 940726
943099 943624
946486 946975
951406 951669
955419 955597
959286 959529
961156 961838
963019 963187
964358 964446
972001 972193
978073 978634
979209 979473
985238 985387
986948 987138
988218 988533
992263 992495
995523 995792
996734 997091
998153 998285
1002635 1002837
1005955 1006085
1006947 1007347
1017025 1017348
1018334 1018802
1019447 1019507
1020844 1022540
1026656 1026827
1029784 1029959
1030634 1031172
1032651 1032851
1033467 1035680
1036254 1036927
1039013 1039209
1039758 1040044
1041552 1041837
1042403 1043935
1045725 1046153
1049452 1050447
1051299 1051620
1052226 1056135
1064699 1066711
1067904 1075172
1075710 1077010
1081373 1081637
1086999 1087071
1087954 1088291
1091629 1092428
1098066 1098217
1099472 1099803
1102188 1102415
1104956 1105258
1105890 1106299
1107031 1107094
1109031 1109346
1111409 1111721
1119118 1119275
1124135 1124505
1128615 1128753
1144525 1144683
1145197 1145716
1150257 1151553
1153360 1153844
1155143 1155455
1156867 1157130
1162267 1162671
1167056 1167162
1168527 1168715
1169424 1169811
1172090 1172308
1177416 1177905
1181413 1181679
1184241 1184451
1186704 1186988
1195051 1195308
1208558 1208820
1209696 1209947
1211074 1211737
1217650 1218184
1220010 1220342
1227365 1227802
1228351 1228809
1230611 1230772
1233465 1233891
1236004 1236069
1239889 1240023
1241250 1241503
1252214 1252496
1253112 1253686
1254207 1255073
1255616 1256570
1257144 1257620
1262009 1262154
1266447 1266541
1267571 1267862
1268787 1270217
1270983 1271713
1272264 1272344
1273336 1276475
1277583 1279747
1280391 1281426
1282076 1282187
1282704 1288048
1288711 1293897
1295602 1296275
1297052 1302606
1303923 1304678
1307028 1307222
1311595 1311725
1317374 1317571
1318376 1318447
1320978 1322144
1322898 1325231
1329747 1330158
1332144 1332735
1333642 1333700
1339360 1339555
1344528 1344762
1348402 1348696
1350449 1351058
1352615 1353173
1355239 1355380
1356308 1357262
1361697 1362001
1362762 1368347
1369956 1371009
1371550 1372905
1373521 1373598
1374537 1374824
1376218 1377494
1379038 1384242
1385213 1386774
1387343 1387480
1388138 1391294
1395592 1395794
1400978 1401385
1403012 1403119
1413635 1413953
1423217 1423316
1424758 1425080
1426471 1426739
1430670 1431081
1434639 1434929
1436369 1437010
1441720 1441821
1446218 1446419
1447765 1447891
1448503 1449029
1457055 1457826
1462878 1462990
1464728 1464950
1468951 1469296
1485663 1485946
1486537 1486616
1491904 1492160
1493986 1494385
1498839 1498936
1507011 1507153
1509168 1510110
1511609 1512418
1515854 1516091
1517701 1517805
1522188 1522557
1534150 1534405
1535473 1535798
1539457 1540402
1541509 1541972
1544504 1544979
1556882 1557031
1558071 1558729
1559611 1559732
1560578 1561356
1562350 1562891
1567822 1567884
1574826 1574923
1578535 1578766
1581978 1582197
1584247 1584481
1594800 1595711
1596302 1596528
1601386 1601515
1606021 1607169
1618347 1618717
1623006 1623247
1624022 1624111
1630848 1631178
1635975 1636559
1637137 1637282
1640409 1640590
1646214 1646319
1648825 1649048
1656753 1656851
1662407 1662462
1664831 1665081
1667473 1667871
1670736 1670905
1675286 1675844
1680071 1681017
1687703 1688240
1690509 1690835
1691552 1691743
1692517 1692640
1693346 1693619
1698559 1698639
1699323 1699385
1703540 1703808
1706251 1706612
1708923 1709092
1719953 1720297
1721866 1722026
1730748 1731052
1733747 1733957
1734537 1734818
1742428 1742639
1743234 1743396
1744419 1744577
1747165 1747611
1749333 1749503
1762020 1762297
1765087 1765510
1768003 1768060
1777647 1777813
1782329 1782587
1783937 1784134
1786564 1786860
1789619 1789820
1790866 1792358
1794454 1794770
1798588 1798716
1800184 1800551
1802597 1803214
1808605 1812549
1813065 1813243
1816101 1816456
1818458 1821200
1821961 1830039
1830683 1831718
1832368 1832479
1832996 1838258
1838852 1841711
1842215 1843537
1844114 1845573
1846703 1849245
1852250 1854496
1855351 1855449
1858276 1858329
1859265 1859624
1861313 1861764
1863197 1863717
1864500 1864549
1865622 1865728
1867234 1867855
1869607 1869921
1870578 1874081
1876900 1878772
1879435 1884177
1884749 1885544
1886212 1894399
1899668 1899870
1902549 1903611
1905040 1905151
1905769 1906410
1907464 1907523
1912327 1913139
1916079 1916327
1924321 1924598
1925321 1925980
1928648 1928754
1933197 1933636
1937749 1937932
1952887 1953210
1958329 1958623
1960297 1961197
1962607 1962686
1963699 1963826
1965108 1965376
1966747 1966882
1967549 1967702
1971843 1972169
1976421 1976925
1983028 1983529
1985144 1985252
1987006 1987527
1989740 1989851
1997855 1998219
1999548 1999868
2001264 2002942
2004418 2004471
2005295 2007239
2009680 2010004
2013751 2014440
2018146 2018200
2026831 2027172
2037344 2037669
2040560 2040732
2041492 2041662
2042797 2043066
2044028 2044249
2046024 2046113
2046893 2047298
2048444 2048574
2049932 2050083
2065965 2066353
2070726 2070844
2073495 2073724
2080953 2081065
2082156 2082626
2083213 2083265
2087539 2088123
2101906 2101999
2102729 2102856
2110767 2111276
2112476 2112932
2113483 2113629
2114859 2115497
2121957 2122076
2135692 2136112
2136723 2137011
2138686 2138955
2140223 2140732
2148356 2148494
2150688 2151011
2153271 2153403
2156010 2156239
2159107 2159419
2160831 2161098
2162094 2162427
2170067 2170725
2172265 2172531
2177699 2178022
2180743 2180812
2181952 2182331
2186669 2186818
2188938 2189069
2191317 2193512
2198715 2198792
2200012 2201586
2202224 2202296
2202834 2203844
2204808 2205784
2206340 2208052
2208611 2212245
2213569 2214856
2215472 2216173
2217779 2217986
2219034 2219626
2221159 2221930
2222540 2225959
2227869 2228385
2229548 2229751
2231075 2231377
2232619 2232754
2237149 2237271
2238964 2241002
2243090 2243693
2246778 2247039
2252297 2252438
2253788 2254001
2255136 2255797
2258516 2258762
2259763 2260856
2269015 2269445
2270068 2272457
2275649 2275753
2277039 2278957
2279514 2279625
2283478 2283724
2285613 2285739
2287005 2287346
2290439 2291408
2292304 2292486
2295760 2295968
2297182 2297456
2300344 2300606
2307464 2307591
2311026 2311079
2313731 2314165
2317405 2317747
2319404 2319550
2321875 2322061
2324626 2324843
2329410 2329888
2331570 2332100
2335070 2335255
2336053 2336373
2336924 2338215
2339816 2340192
2341123 2341939
2343414 2343579
2346094 2346295
2347206 2347554
2348576 2350715
2352321 2352528
2353576 2355285
2355905 2356328
2356889 2357662
2359386 2359687
2362907 2363439
2365243 2365703
2370768 2371139
2374484 2375164
2399638 2399687
2400963 2401434
2402618 2403285
2405166 2405508
2406015 2410137
2410731 2415993
2416510 2416621
2417271 2418306
2418950 2419515
2420918 2423631
2424891 2428112
2431212 2431379
2432882 2433537
2434728 2435019
2436882 2437250
2438398 2439210
2440465 2440743
2452296 2452880
2464454 2464933
2474349 2474521
2479658 2479746
2481228 2481293
2487723 2487873
2489948 2490759
2491571 2491787
2492482 2493027
2499773 2500049
2505303 2507346
2515315 2515558
2526037 2527650
2533044 2533315
2538406 2538917
2540910 2540979
2542875 2543072
2545152 2545627
2546537 2546854
2547422 2547625
2555859 2555990
2562316 2562455
2564760 2565042
2567857 2568325
2582899 2583273
2586897 2587117
2594166 2597011
2599028 2599316
2599998 2601722
2602585 2602805
2607739 2607953
2612906 2613107
2616443 2616674
2627976 2628726
2630690 2631303
2637149 2637465
2643364 2643935
2654277 2654916
2657649 2657793
2659050 2659285
2663346 2663846
2668925 2668999
2673448 2673760
2675555 2675975
2678944 2679624
2681994 2682318
2683314 2683404
2684714 2685360
2688622 2688853
2689469 2689562
2692920 2693206
2694989 2695313
2702074 2702391
2707578 2719520
2721064 2722340
2723734 2724021
2724960 2725037
2725653 2729454
2729995 2730521
2732543 2736808
2737503 2737673
2739951 2740068
2740704 2742439
2744014 2744754
2751495 2751611
2753642 2754251
2756818 2756917
2761692 2762236
2763787 2764399
2774038 2774367
2786980 2787204
2790231 2790651
2797277 2797531
2798163 2798406
2803072 2803259
2806068 2806167
2810712 2810846
2811517 2811626
2813271 2813443
2815070 2815363
2820518 2820655
2825407 2825622
2828674 2828795
2832788 2833067
2836436 2836641
2859468 2859670
2861619 2861892
2863562 2864013
2868162 2868528
2875589 2875849
2877807 2877888
2879465 2879524
2902172 2902315
2903877 2904337
2910419 2910815
2912564 2913197
2918504 2918573
2919190 2919688
2920745 2921856
2923604 2923675
2930669 2930906
2933817 2934691
2935915 2936240
2944161 2944512
2946175 2946451
2954664 2954831
2958453 2959017
2960262 2960331
2964500 2964835
2970981 2971264
2975415 2975716
2978009 2978356
2979195 2979333
2984740 2985016
2986855 2987244
2993832 2994143
2995607 2996141
2997698 2997755
2998757 2998858
2999449 2999922
3011170 3011711
3014628 3015176
3016097 3016921
3017571 3017806
3019478 3020389
3020958 3022287
3022972 3023472
3029011 3029115
3033185 3033440
3035518 3035725
3039648 3039934
3043342 3043779
3044787 3045152
3047677 3047788
3054520 3054729
3056484 3056616
3059716 3059767
3065288 3065624
3069229 3069779
3075365 3075883
3078660 3078746
3082102 3082248
3085178 3085281
3088686 3088914
3089858 3090184
3098229 3098528
3099097 3099579
3102079 3102518
3105131 3108076
3108626 3109322
3110416 3110700
3115650 3115798
3123126 3123238
3125740 3125984
3129732 3130159
3133351 3133414
3134731 3134874
3136313 3136414
3142338 3142872
3144809 3145357
3159973 3160101
3162644 3162762
3163546 3163648
3166312 3167035
3168099 3168706
3171150 3171413
3172387 3173160
3176370 3176483
3177902 3178133
3181070 3181634
3193041 3193163
3200939 3201179
3201810 3201993
3203312 3203377
3206261 3206739
3208303 3208543
3232246 3232575
3233351 3233666
3241602 3241877
3242533 3242800
3244526 3244838
3250123 3250793
3251681 3251978
3252634 3252815
3261812 3262287
3278721 3279046
3282123 3282313
3291585 3291758
3292753 3292813
3294995 3295267
3296738 3297226
3298050 3298576
3299397 3299994
3301131 3301897
3304792 3304982
3320457 3320754
3327832 3328359
3331298 3331404
3334232 3334313
3337335 3337424
3349311 3350549
3355557 3355747
3356318 3356419
3359795 3360259
3364639 3364740
3368165 3368268
3370872 3371017
3373304 3373425
3383971 3384117
3385269 3385400
3387621 3387799
3391033 3391288
3397060 3397145
3398660 3399545
3402804 3403089
3404022 3404131
3416188 3416409
3421895 3422175
3422706 3423435
3433512 3434597
3440922 3442037
3448031 3448364
3451392 3451726
3453344 3453728
3455444 3455786
3457008 3457276
3459754 3461000
3462041 3462343
3471285 3471653
3475918 3476274
3483543 3483620
3489493 3489758
3490648 3491132
3491998 3492537
3495765 3496460
3502854 3503002
3504131 3504380
3508891 3509050
3509919 3510190
3512763 3513827
3518279 3518616
3523388 3523498
3525378 3525804
3534023 3534483
3535407 3535763
3538176 3538359
3553240 3553419
3556063 3556457
3558378 3558606
3569272 3571350
3572862 3572975
3574199 3574275
3580332 3580431
3586609 3586828
3589207 3589427
3595082 3595235
3598996 3599581
3600384 3600465
3601764 3602146
3606488 3608085
3609313 3609894
3612673 3614461
3618369 3618613
3623076 3623283
3623801 3624079
3629086 3629356
3631641 3631874
3634437 3634851
3635562 3635636
3638497 3638580
3641315 3641759
3644088 3645077
3646455 3646634
3650034 3651411
3652367 3652826
3656477 3656753
3665575 3665844
3669150 3669393
3670500 3670755
3678851 3679246
3684096 3684205
3685977 3686261
3688384 3693732
3694457 3695035
3698754 3698919
3705567 3705618
3717058 3717663
3722715 3722940
3725671 3725725
3732032 3732227
3740831 3741149
3743853 3743938
3746781 3747210
3757290 3757402
3761090 3761816
3777170 3777227
3786225 3786640
3788010 3788398
3790201 3791353
3792466 3793019
3795767 3796190
3800433 3800746
3801826 3802178
3811822 3812707
3817856 3818457
3825408 3826324
3827439 3827893
3830105 3830412
3835212 3835336
3843687 3844731
3849168 3849762
3857674 3857895
3859481 3859791
3861113 3861251
3866852 3867161
3869999 3870578
3878759 3879195
3880307 3880617
3882458 3882592
3883936 3884121
3885950 3886534
3887122 3887199
3887957 3888905
3899320 3899855
3907737 3908008
3909775 3910036
3920583 3920970
3925578 3925637
3927212 3927280
3928339 3929037
3929932 3930415
3932733 3933768
3934386 3934853
3936177 3936381
3937549 3937698
3938736 3939308
3950401 3950481
3951193 3951682
3958503 3958788
3970403 3970614
3974364 3975261
3976312 3976797
3982832 3982902
3992052 3992200
3997222 3997470
3998847 3998918
4003748 4003886
4009276 4009344
4011784 4013202
4013892 4013974
4025409 4025602
4026342 4026881
4027503 4027805
4036471 4037091
4038198 4038312
4039258 4039453
4043297 4043636
4045736 4046075
4046589 4046840
4054115 4054227
4063267 4063528
4066030 4066094
4066744 4067315
4068219 4068712
4069285 4069684
4080217 4080323
4082432 4082849
4083403 4084450
4085302 4085399
4087086 4087589
4089189 4090585
4094836 4095110
4096964 4097022
4103140 4103308
4105614 4105677
4109142 4109343
4110903 4111106
4119368 4119757
4120475 4120556
4121340 4122031
4126866 4126953
4128997 4129350
4133069 4133344
4135089 4135700
4141741 4141910
4170649 4172212
4174051 4174102
4174744 4174833
4183817 4184266
4187244 4187757
4188291 4188470
4190913 4191200
4201359 4201725
4204738 4205227
4210365 4210705
4220116 4220365
4223232 4223417
4226169 4226292
4230495 4230651
4236320 4236591
4240326 4240576
4247981 4248137
4251566 4252033
4252910 4253025
4258874 4259271
4260563 4261289
4262967 4263022
4273455 4273687
4276719 4277028
4280968 4281570
4287769 4288292
4300049 4300176
4304591 4304766
4306325 4309453
4310173 4310312
4311397 4311616
4312586 4312860
4315634 4315859
4318462 4318748
4322659 4323127
4327238 4327532
4331652 4332272
4336104 4336184
4337534 4337903
4350187 4351266
4353578 4354284
4358860 4358913
4361601 4362151
4364138 4364290
4367754 4372868
4389346 4389824
4390512 4390719
4392764 4393527
4395252 4395803
4396488 4396955
4401951 4402493
4404218 4404651
4408847 4413907
4415238 4415472
4417026 4417425
4420793 4421127
4422885 4423160
4425270 4425474
4428282 4428706
4434548 4434640
4441085 4441197
4441754 4442008
4442864 4442984
4445348 4445411
4448570 4449104
4454682 4455366
4457284 4459763
4460313 4460674
4462093 4462442
4464841 4465075
4466207 4466817
4467523 4468034
4472043 4472163
4472924 4473119
4473702 4473995
4483769 4483826
4484756 4485547
4489352 4489570
4490556 4491158
4493454 4493546
4498056 4498831
4503983 4504311
4505161 4505396
4508343 4508913
4512377 4513170
4513747 4513874
4530938 4531479
4532003 4532200
4538166 4538274
4538893 4539101
4547065 4547294
4549742 4549924
4552959 4558331
4559943 4559994
4560896 4561008
4568031 4568230
4571924 4572047
4573288 4573381
4583851 4583963
4585976 4586987
4587714 4588448
4589107 4589324
4590510 4591337
4594562 4594795
4602350 4603034
4604388 4604757
4609243 4610055
4613164 4613632
4615158 4615485
4616087 4616244
4616801 4617095
4620027 4620252
4627727 4627789
4629185 4629519
4632236 4632340
4633721 4633843
4636370 4636491
4644474 4644782
4645668 4645743
4649377 4654869
4662002 4662170
4669524 4669686
4682565 4682869
4684858 4686602
4691575 4691851
4693150 4693212
4698423 4698711
4703027 4703163
4705244 4705617
4706351 4706510
4709968 4710709
4720438 4720705
4724072 4724674
4726744 4727225
4729980 4730324
4739703 4739998
4747744 4748274
4750599 4750745
4754318 4754374
4755618 4755936
4756439 4756793
4768733 4769010
4774276 4774520
4781374 4781599
4785766 4785982
4790754 4790857
4791361 4791480
4794670 4795000
4797557 4798475
4806727 4807581
4808400 4809178
4813644 4814119
4819367 4820028
4825257 4825551
4826123 4826412
4829349 4829440
4831016 4831068
4832554 4833204
4833795 4834437
4836489 4836718
4838710 4838890
4839532 4839800
4848450 4848839
4853478 4853620
4855417 4855844
4856867 4857475
4859182 4861391
4862315 4862845
4865551 4865665
4867057 4868379
4869272 4869545
4870945 4871202
4874076 4874654
4875174 4875377
4881202 4884697
4885851 4886148
4886870 4887218
4888690 4889076
4895860 4896090
4899846 4900041
4915130 4915848
4917351 4917898
4926931 4927654
4930110 4930419
4937977 4938315
4938958 4939058
4950600 4950713
4955761 4956391
4961286 4961392
4967249 4967526
4968414 4968512
4969431 4969579
4980359 4981287
4982927 4982985
4983888 4984158
4985340 4985470
4990577 4991087
4993654 4993815
4997950 4998336
5000676 5000752
5002975 5003331
5008843 5009063
5011920 5012115
5013380 5013921
5024759 5025202
5039806 5040002
5042128 5042299
5045065 5045929
5052245 5052481
5056563 5056741
5066380 5066573
5067374 5067616
5072078 5072217
5073355 5073456
5076144 5076917
5079456 5079507
5082254 5082319
5082897 5083437
5084535 5084682
5086320 5086625
5089038 5089225
5098506 5098840
5100188 5100239
5103637 5103864
5105555 5106143
5107924 5108426
5110570 5110872
5116584 5116686
5120781 5120875
5123621 5123770
5134035 5134184
5135762 5136474
5140895 5141139
5142538 5143627
5145777 5145872
5146589 5147971
5152755 5153054
5157154 5157248
5161150 5161241
5164116 5164487
5165935 5166298
5171185 5171236
5176266 5176453
5177204 5178199
5182005 5182284
5186546 5187081
5190675 5191479
5192749 5193138
5198694 5199515
5207356 5207522
5212612 5212697
5218473 5218669
5221788 5221993
5223701 5223849
5225711 5230987
5232465 5233578
5237499 5238303
5240603 5240667
5241772 5242158
5250989 5251199
5256142 5256358
5258100 5258237
5259090 5259184
5261130 5261600
5262703 5263318
5265754 5266172
5272106 5272253
5277137 5277459
5288182 5288810
5292382 5292911
5300217 5300815
5317432 5318013
5319747 5319813
5326837 5326913
5332092 5332368
5336733 5337110
5346282 5346500
5351170 5351663
5357739 5358092
5362412 5364190
5365746 5365962
5378626 5378803
5380037 5380103
5381585 5381856
5384575 5384830
5387653 5387897
5392924 5393632
5395954 5396510
5397546 5397704
5403986 5404245
5407424 5407706
5413745 5413839
5423442 5423499
5428856 5429120
5431164 5431429
5436513 5436651
5440663 5440751
5447963 5448037
5452727 5452791
5454131 5454309
5455196 5455472
5458675 5458902
5467182 5467778
5470605 5470745
5472447 5472970
5475300 5476389
5476978 5477069
5478609 5478683
