gi_556503834_ref_NC_000913.3_
1 6679
7436 7862
9131 10326
11080 14224
15587 16169
17385 19795
20341 20452
21726 24057
25060 27252
27870 37006
38174 42658
43373 44132
44728 49139
50628 53791
55136 56412
57447 61658
63205 63918
64969 65064
65525 66961
68395 75827
76973 82063
88209 89364
90655 92207
93084 93313
94155 96039
96714 97916
98982 102207
103763 106250
107488 113213
114842 119200
119945 120798
121863 130976
131411 140148
141257 142100
142543 151386
152188 153477
156090 162160
164050 166101
170012 171353
171724 173854
174521 182198
183067 184048
185981 196872
197892 200730
201168 208825
211745 213767
216444 233679
234655 237031
238356 238845
239273 240687
242651 244892
247044 248660
250628 260018
261294 263104
264310 264914
266311 268444
270102 279930
280112 291590
293168 293360
296578 297607
298821 299342
300823 304874
307090 307278
308006 308855
309926 314073
314824 315316
316125 323597
324344 325368
325870 333549
334391 334559
336747 347186
347838 349805
353115 355585
356840 357731
359711 364963
367060 367440
369278 372975
375020 375587
377358 377600
378610 382492
382595 392849
393404 401668
402090 403629
405654 410149
410767 412649
415566 420980
422108 423881
427451 430717
432567 433467
434555 435011
438614 443752
445878 446767
448919 458889
461387 462382
463821 466149
467798 469760
470986 476082
476692 480573
482172 484313
484746 485551
486657 490203
490738 492753
493680 498270
499233 499929
500559 504106
506202 509170
513066 513726
515576 515799
518176 518331
521164 522684
524477 532680
534505 535116
537762 537944
538854 543653
544726 549288
550585 553855
556490 563134
565018 567576
568041 568770
570360 571828
572132 581375
582722 602138
604362 609964
610626 611518
613401 617141
618340 620654
621517 623246
624658 626864
628248 631372
632165 632693
634423 640120
640759 641885
643326 651179
651620 651833
652936 657233
658946 669160
670562 670706
672345 674346
675845 677246
679621 685180
687327 688699
689056 690602
692138 696684
697763 698857
699940 701106
702022 704340
705419 708004
713391 713959
715053 716527
717075 720705
722068 723219
724676 742821
744218 744536
745199 749212
749842 751462
752055 752935
754094 755003
756102 760093
761111 763558
764351 765387
769070 771442
772306 773448
774534 776068
777504 781576
781655 791649
792911 793849
796615 802239
803391 808450
809680 810029
812357 814585
816685 818074
819093 819804
821743 823214
823905 823955
824978 825386
826184 845896
847150 852888
853578 858145
858565 860478
861915 865490
867370 868774
870931 873295
876007 876341
878709 880378
882336 883655
884688 885247
886137 888589
889322 890107
894587 898126
899188 900096
901298 902852
904166 906794
907653 921770
922281 922832
925000 926040
926681 928164
929727 931200
932432 935439
936145 936280
936780 937806
938683 941827
943640 945981
947067 947513
949394 951625
952892 959085
960613 963682
964124 965178
965639 968565
969129 969913
970600 971400
973385 976500
979007 979656
981738 986407
987238 988362
989899 991658
992522 996886
998422 1001460
1003134 1007273
1008380 1009697
1010780 1010872
1015981 1021479
1022208 1024617
1025171 1037693
1040314 1043205
1045224 1046512
1047977 1049391
1049956 1051563
1053832 1055535
1057724 1058242
1059816 1067673
1068482 1071716
1072320 1074041
1076354 1082266
1083679 1086887
1088746 1089047
1089737 1095336
1097056 1098007
1098744 1098843
1100187 1101497
1102656 1103973
1105187 1105571
1106254 1108222
1110769 1114394
1115233 1117674
1119960 1121576
1122674 1129811
1130734 1132165
1132562 1138049
1140318 1143850
1146076 1147494
1148351 1148702
1149452 1150514
1151739 1156861
1158384 1171389
1172088 1174935
1175978 1176263
1177316 1178011
1179810 1180563
1181151 1182693
1184305 1186519
1190817 1197270
1198492 1198800
1200108 1205374
1206527 1206767
1207720 1211715
1213357 1227692
1228501 1236625
1237267 1244657
1246566 1247933
1248833 1251505
1252780 1261772
1263604 1267033
1268375 1270473
1270978 1271039
1272641 1275230
1276953 1281045
1282262 1286167
1286840 1288884
1291355 1294337
1295284 1298486
1299272 1303740
1306488 1321342
1323179 1324230
1325571 1330000
1331211 1335882
1337537 1339422
1340385 1347147
1348483 1353237
1353742 1358115
1361257 1362348
1364275 1364560
1365451 1368815
1369438 1369563
1372249 1375564
1380071 1386099
1387328 1393822
1394431 1394594
1395184 1396038
1396111 1409286
1410189 1416646
1418441 1418687
1421065 1440173
1440940 1441317
1444365 1446044
1447113 1451208
1452640 1453077
1454120 1454796
1456530 1458202
1460320 1460429
1462014 1464255
1464517 1464650
1466174 1469684
1470321 1473016
1474265 1475210
1475772 1478510
1479175 1481590
1482585 1482789
1484233 1484664
1487204 1487793
1489524 1490610
1492851 1498722
1500837 1502896
1504196 1509246
1511266 1511942
1512610 1516720
1519012 1525262
1526399 1536113
1537079 1538651
1540847 1545939
1548562 1549553
1550659 1555235
1557419 1559776
1560510 1561825
1564742 1567100
1568881 1577066
1578528 1582096
1583125 1583577
1586951 1589984
1591049 1592708
1595146 1596358
1597828 1597919
1598350 1602646
1604090 1605992
1606466 1608109
1608780 1611575
1616157 1617023
1619014 1619154
1620249 1620871
1623887 1624237
1625643 1627460
1628076 1636764
1638906 1642724
1644802 1647030
1653076 1661309
1662589 1664691
1666040 1670322
1672466 1672555
1673193 1673355
1674463 1687616
1688315 1688687
1689240 1690147
1691926 1694919
1697891 1699262
1700843 1702193
1702829 1704878
1705508 1711618
1712745 1712925
1713621 1715931
1716499 1718959
1719672 1720707
1721173 1722706
1725854 1728544
1729223 1733539
1735007 1735163
1736810 1740953
1741816 1742690
1743682 1745586
1748002 1748684
1749864 1754124
1755240 1755675
1757362 1767471
1771361 1779737
1781728 1782290
1785548 1786130
1787086 1790337
1791919 1795714
1797118 1802850
1804821 1808885
1809665 1812026
1814807 1815243
1816115 1816203
1817410 1820190
1820902 1823523
1824582 1830252
1833385 1834608
1836048 1841804
1843209 1844324
1846454 1847157
1849139 1851679
1852787 1856389
1859820 1872968
1875619 1879103
1879639 1893810
1894887 1895196
1896260 1898586
1899928 1902608
1905504 1905558
1906625 1910171
1911821 1917642
1918527 1923730
1924857 1927657
1928172 1928536
1929859 1929944
1932207 1942860
1943518 1949742
1950244 1955817
1958727 1966369
1967741 1969145
1971305 1971711
1973043 1973853
1976325 1979602
1980717 1989024
1989367 1992043
1992118 1999399
2001998 2005678
2006508 2007740
2009123 2013630
2018686 2020187
2022213 2027007
2027647 2028633
2030631 2034884
2038035 2045462
2046331 2048188
2049439 2050774
2052626 2054381
2055841 2059845
2059931 2060257
2061611 2062258
2063242 2067226
2067781 2068939
2069039 2070918
2072115 2072598
2073555 2079048
2082123 2086828
2088882 2090471
2090774 2092227
2092693 2094514
2096322 2108070
2110198 2110691
2111102 2116535
2118162 2120898
2122009 2124723
2126062 2130430
2131107 2133701
2136386 2144485
2144905 2145286
2146245 2148270
2151682 2156879
2159975 2160119
2161925 2164363
2166261 2167815
2168230 2172587
2174693 2175507
2176015 2178661
2181283 2182136
2182759 2183241
2185359 2186331
2188425 2204602
2206005 2208309
2211158 2215323
2216433 2225121
2226982 2229270
2231534 2232388
2235459 2238268
2239729 2246184
2247318 2247697
2249570 2257824
2258756 2259137
2260033 2261617
2264076 2266247
2267444 2267724
2268363 2287591
2289012 2290082
2290382 2292356
2293611 2298301
2299680 2301269
2303002 2304411
2304624 2311805
2312554 2313052
2314628 2317423
2318655 2322915
2325214 2325611
2326352 2328012
2328328 2331983
2332986 2333934
2335480 2335715
2337009 2338724
2339332 2339443
2340795 2341775
2342508 2345083
2345962 2346271
2347897 2352091
2352782 2355531
2358110 2362157
2362615 2363113
2364413 2366547
2371077 2374052
2375995 2376317
2377803 2378449
2380019 2380286
2381103 2381187
2382810 2387679
2389277 2402134
2403731 2407106
2408558 2409553
2411622 2416517
2419730 2420569
2421811 2422868
2424144 2426055
2427125 2438677
2440444 2441887
2443186 2445155
2446812 2447093
2447994 2452117
2453390 2457644
2458453 2459491
2462942 2464343
2465037 2465896
2466611 2466819
2467562 2467776
2468483 2474614
2475466 2477323
2478758 2488243
2491383 2491463
2493417 2495081
2496692 2500065
2501370 2502689
2504957 2507646
2512855 2515501
2516866 2518035
2518495 2520930
2521003 2521252
2521320 2522281
2522875 2523029
2525176 2529091
2532029 2536705
2538177 2540307
2541614 2542225
2543580 2544510
2545855 2555440
2556567 2557409
2559473 2561896
2564004 2571230
2572997 2573398
2576120 2576745
2577902 2579701
2581206 2593981
2596489 2596629
2597902 2601378
2602270 2613130
2614225 2614430
2617075 2617329
2618538 2620621
2622389 2622985
2624618 2625826
2629350 2634225
2635161 2638808
2639397 2644539
2647246 2651524
2652399 2653344
2654219 2654917
2656121 2665734
2666668 2668962
2670061 2674934
2677693 2681219
2682027 2691213
2695052 2697018
2699454 2703109
2706538 2707103
2708440 2712727
2714812 2718895
2719438 2720960
2722185 2729566
2729695 2733134
2734330 2734534
2735582 2737692
2740575 2741024
2742628 2746216
2747060 2752685
2753639 2753888
2755824 2760058
2760540 2762754
2764746 2767055
2768435 2771354
2772568 2781170
2782468 2786325
2787990 2790927
2792822 2794329
2795583 2800085
2801736 2802817
2806189 2806469
2809868 2810113
2811903 2815574
2816349 2817225
2818204 2825544
2826132 2828733
2831559 2832687
2833989 2834126
2834697 2839745
2840973 2843029
2844956 2848404
2849529 2851676
2852822 2857287
2859220 2859418
2862207 2862311
2863709 2865932
2867097 2869016
2870814 2872338
2873793 2880486
2882972 2883255
2886260 2888885
2890499 2891964
2892552 2893253
2893818 2894961
2895688 2905202
2906913 2907279
2908436 2919136
2920905 2921043
2923506 2930330
2931320 2931530
2932538 2934994
2935429 2937200
2938118 2941989
2944329 2947494
2947576 2948853
2953237 2954320
2955180 2955988
2956645 2959964
2961179 2965721
2966346 2969165
2969908 2971164
2973628 2980493
2987050 2993159
2994744 2997723
2998525 2998905
3000136 3000191
3001692 3002411
3003781 3010765
3013376 3018417
3019059 3023335
3024800 3027943
3031951 3032657
3033900 3034236
3035746 3038073
3039163 3042964
3043831 3044836
3046183 3048912
3050383 3058786
3060190 3066950
3067772 3068412
3069960 3072612
3074019 3074069
3075567 3078745
3080547 3080856
3085111 3085521
3087036 3089372
3090130 3092457
3093186 3094623
3096182 3099216
3101214 3101876
3104895 3105045
3107022 3119699
3120057 3122447
3124023 3126729
3128543 3134979
3135648 3140124
3140778 3142599
3144739 3147318
3149129 3150614
3153871 3154465
3155956 3156326
3160843 3161968
3162936 3165367
3166813 3167658
3169708 3170187
3172089 3177598
3180043 3180490
3183840 3183997
3184892 3185315
3186430 3193573
3194933 3195109
3196066 3199197
3201359 3203861
3204876 3205995
3208121 3212064
3213042 3213471
3214766 3217054
3218977 3219789
3220379 3221751
3222269 3233677
3235504 3235983
3237058 3240827
3242203 3247195
3249497 3252991
3253694 3254336
3256114 3256370
3256889 3265915
3266972 3267045
3267669 3280693
3281530 3283448
3285356 3286241
3288997 3290734
3292059 3294081
3295692 3297320
3299048 3300335
3304869 3305219
3305880 3309790
3311024 3313063
3314851 3315290
3316626 3320707
3323674 3327593
3328917 3331149
3331894 3333044
3333895 3336534
3338022 3339716
3342118 3343704
3344644 3354796
3354878 3363518
3364392 3364614
3365695 3368191
3368861 3374939
3376126 3382297
3383413 3394519
3396549 3399161
3399579 3402574
3403427 3404373
3407219 3416182
3416674 3421443
3421759 3422972
3423508 3424996
3426118 3429895
3431106 3432385
3433411 3435848
3437496 3438600
3440287 3440357
3441941 3444740
3445762 3458405
3460150 3462493
3463625 3464864
3465634 3470940
3472095 3473622
3474145 3475253
3475854 3476692
3479671 3480198
3482267 3486364
3489803 3497814
3499074 3501820
3502969 3507429
3508497 3508987
3510743 3510972
3513508 3518760
3520467 3521551
3522434 3522792
3523514 3527542
3529354 3530666
3531563 3534405
3534903 3537898
3538533 3538653
3543977 3544348
3545237 3566991
3567416 3573073
3573948 3576312
3576996 3589146
3590339 3597027
3597631 3602291
3604301 3608427
3608937 3611913
3614150 3617942
3619186 3625499
3627388 3628272
3629951 3631865
3632960 3633164
3635835 3638630
3639466 3640271
3641598 3643406
3644155 3646488
3647720 3648195
3648326 3653263
3653982 3654544
3655594 3656201
3658946 3661519
3662497 3664157
3665288 3672318
3673522 3673656
3674887 3679916
3680938 3682264
3683204 3686714
3687683 3691336
3691689 3693378
3694012 3695010
3696702 3700985
3702313 3704124
3705612 3705826
3707803 3711581
3714650 3715843
3716906 3718237
3719339 3728367
3729337 3729494
3730375 3736506
3737549 3739427
3740680 3743188
3744995 3759484
3760345 3761341
3762150 3768192
3768707 3769853
3772819 3773046
3774293 3776754
3777300 3779992
3781498 3785138
3786718 3789630
3790546 3792046
3794134 3794531
3795669 3806497
3807312 3809276
3811801 3812538
3813019 3815453
3816575 3818272
3819413 3820296
3821574 3826173
3827585 3837105
3838915 3840599
3841694 3843556
3843956 3846358
3848520 3849264
3849892 3850732
3852845 3853169
3855291 3855931
3858785 3861469
3862290 3875927
3876975 3877097
3878452 3887840
3889277 3889410
3890652 3892509
3892954 3894693
3896617 3901294
3901718 3905837
3907506 3910332
3911633 3913595
3916049 3921495
3922586 3928519
3929675 3930337
3931117 3931878
3933252 3934213
3934846 3935462
3937783 3938440
3939197 3939696
3940416 3957739
3958948 3961669
3962614 3964991
3966751 3968609
3971557 3972716
3973617 3979692
3980108 3987720
3989186 3989288
3990543 3995145
3995715 3998862
4001795 4002027
4002543 4010649
4012067 4014117
4014645 4015483
4016956 4032872
4033786 4034218
4035061 4042464
4044808 4045135
4048302 4057331
4059950 4061800
4062698 4063817
4066173 4081504
4082602 4085766
4086488 4087017
4088402 4089335
4091108 4092152
4093066 4093754
4094310 4097504
4098056 4098355
4098748 4098814
4100717 4101255
4102147 4104846
4106980 4107080
4108723 4110088
4110959 4111056
4112003 4113225
4115508 4116273
4117318 4119453
4120444 4128626
4129445 4135226
4136382 4136520
4137413 4143682
4144817 4148932
4150616 4150938
4152694 4154298
4154620 4155526
4158923 4160561
4161586 4162579
4165014 4166581
4167253 4171867
4172255 4172535
4173421 4178354
4179678 4179899
4181325 4183392
4184807 4185991
4187223 4192093
4192607 4192771
4195260 4197975
4199443 4203209
4204443 4205744
4206738 4214319
4216250 4218571
4219349 4223746
4225612 4228260
4229413 4236211
4236900 4237840
4240465 4240718
4241194 4241294
4245053 4246942
4248229 4248491
4250322 4253812
4254973 4255494
4257205 4268354
4269581 4273284
4274879 4276283
4277314 4281060
4282652 4285874
4286932 4288328
4289704 4299012
4300286 4302239
4303217 4304363
4304743 4309164
4310312 4311788
4312742 4314851
4315882 4320011
4322718 4324370
4325917 4326724
4327892 4330879
4331996 4350452
4350742 4351417
4353137 4369458
4370621 4371173
4373417 4375297
4376273 4376364
4377053 4378597
4379348 4381817
4382585 4385800
4386699 4388611
4389555 4392359
4392436 4396027
4397518 4399698
4402802 4405875
4407411 4409975
4410778 4412266
4414738 4419871
4424104 4425953
4428543 4431738
4434671 4435601
4437800 4438465
4440108 4444528
4447719 4449590
4450116 4459150
4460067 4465291
4466506 4467737
4468677 4474459
4475326 4476630
4480838 4481716
4483624 4486404
4487253 4491399
4492258 4494474
4494996 4497254
4498201 4508173
4509463 4510929
4512885 4513625
4514587 4521904
4523359 4526711
4528255 4528335
4529577 4533791
4534780 4535336
4536668 4537240
4538374 4541670
4542630 4550415
4551536 4554022
4555027 4555325
4556605 4559899
4561917 4565838
4567083 4571039
4573292 4573653
4574819 4581155
4583790 4588957
4591117 4591775
4592596 4597856
4600765 4603890
4604756 4608002
4608450 4609402
4610416 4610925
4612743 4618142
4619548 4622977
4625520 4626972
4627524 4627603
4629321 4631264
4632570 4635047
4635946 4641652
