Buchnera_aphidicola_Schizaphis_graminum_0925
278313 278375
562521 562840
689016 689124
734260 734316
748284 748721
1204086 1204342
1251449 1253305
1273120 1273394
1417186 1417489
1432804 1433279
1676864 1676947
1822187 1822284
1847063 1847294
1862641 1862918
Buchnera_aphidicola_Schizaphis_graminum_ancestor
1 64
3201 4344
8345 8838
44755 45032
53147 53378
60564 61320
64635 64934
69983 70549
78125 78311
83685 83752
87289 87351
88913 92629
93491 94279
95183 95941
100348 101099
122550 123299
153568 154328
177823 178580
183080 184051
196166 196924
212551 213215
222561 222660
236102 236705
251286 251993
295359 296463
329337 330153
363186 363526
378159 378760
385239 386107
403841 403935
431304 432268
453899 454655
457970 458269
463318 463884
471460 471646
477020 477087
480624 480686
482248 485964
486826 487614
490862 491536
529404 529804
549367 553083
553945 554423
574370 575603
577264 578223
610752 611490
620479 620917
631454 632117
650904 651012
707398 708245
739909 740530
775825 776587
787884 788644
797782 798007
930326 931015
984613 985442
1022040 1022802
1062027 1062785
1075614 1076997
1100184 1100305
1108129 1108783
1117127 1117741
1150558 1151316
1254403 1255248
1261716 1262135
1278801 1279723
1282885 1283580
1324387 1324481
1325212 1325267
1326838 1327560
1367965 1368268
1376332 1376453
1389818 1390189
1400940 1401415
1407968 1408703
1477776 1478332
1480330 1480662
1482323 1483113
1497747 1498506
1503834 1504692
1507143 1507880
1509541 1510814
1537377 1538046
1555399 1555553
1573694 1574453
1591829 1592588
1601692 1602593
1618720 1619315
1627004 1627761
1642362 1643032
1675360 1676028
1717730 1718435
1757979 1759773
1831863 1832603
1844750 1845476
1868806 1869548
1879171 1879693
