Buchnera_aphidicola_Baizongia_pistaciae_0975
1090 1383
15169 15459
16061 16151
16718 16845
18220 18460
19325 19638
24936 24990
30922 31024
43268 44094
45598 45736
47834 47907
52101 52524
61247 61755
63383 63943
65284 65534
70240 70595
75967 76129
83026 83529
84944 85045
91606 91867
92412 92673
94268 94575
98852 99124
99826 101088
102960 103252
104693 104876
111452 111707
114941 115966
121933 122351
124604 125249
126827 127376
128944 129854
132973 133938
135981 136262
141959 142336
145419 145981
146935 146996
162449 162981
163952 164178
169450 169929
176197 176381
178478 178778
180631 181032
188305 189020
191652 192393
196876 197010
198332 198577
202033 202244
207476 207715
209051 209345
210071 210284
211891 212012
214840 214913
216241 216323
216852 217107
219578 220096
228777 228985
233467 233580
235485 235671
236264 236736
237682 237771
238564 238940
241515 241568
248437 249204
250578 250831
251830 251959
253143 253398
256618 256715
258714 259004
261812 261968
268954 269558
272573 273219
273767 274526
276590 276773
282457 282617
284981 285094
286261 286496
288132 288294
289002 289277
294241 294417
303544 303756
307768 308079
309093 309614
310351 310497
311058 311685
313758 313856
320525 320578
327029 327212
327787 327989
337614 338586
339168 339526
343042 343469
345142 345404
349888 350568
351721 351821
354785 354938
355549 355949
359210 359287
366281 366423
368256 368433
369440 370829
371577 371811
374759 375042
375609 375818
379180 379377
382430 382625
383259 384112
385207 385495
393472 393581
396453 396799
397959 398258
403902 404413
405787 405986
410426 411310
411917 412011
417764 417850
425425 425693
430614 431202
438797 439711
444407 444630
448592 448833
450392 450596
452833 453220
454471 455053
455793 456113
458974 459426
462851 462920
464991 465266
466622 466885
469014 469277
475273 475853
476630 476757
479074 479447
480103 480517
486030 486458
490375 491028
492637 493061
495494 495742
501227 501336
503532 503746
506029 506092
513054 513226
515734 516046
517692 517745
520328 520463
521057 521267
523192 523308
525162 525259
525790 526024
529967 530040
534003 534326
536412 536494
537586 537811
538457 539254
542095 542312
543598 543871
548665 548860
551825 552757
555244 555440
561090 561281
562225 562683
566312 566834
568211 568504
569850 570014
576293 577426
578130 578799
580304 580579
582841 582994
584000 584553
586078 586611
589107 589518
590764 590934
594639 595091
597194 597668
604489 604873
607652 607942
610471 610959
614037 614548
615924 615980
