Ecoli_0990_Taxon019_
19851 85746
121848 126215
139984 140224
206841 209962
250392 250861
251491 258530
332308 332531
341267 341536
348078 348301
356055 356289
362335 405385
414980 415076
418401 510786
519854 520100
538569 539479
592829 593084
597859 598017
599720 607925
621102 622131
625485 625767
674878 680366
768729 774120
949851 984448
1020784 1020879
1022874 1049363
1062448 1063536
1092958 1096295
1131482 1132090
1210219 1217945
1247066 1247182
1259311 1260221
1286990 1288819
1291962 1292309
1348928 1424355
1433706 1433946
1440986 1441100
1484675 1496336
1519864 1520288
1547635 1547983
1568368 1568484
1717987 1719207
1743754 1745478
1753668 1753888
1765529 1765866
1777919 1778200
1786239 1786459
1869857 1870079
1876102 1876156
1897427 1897841
1901135 1901355
1960764 1961006
1984193 1989506
2003358 2061311
2200061 2201295
2303576 2306505
2410666 2411055
2425565 2426632
2568923 2570007
2637370 2638409
2646032 2646627
2648378 2649392
2744130 2745804
2778758 2778865
3006234 3006296
3064130 3075263
3076229 3083008
3093614 3143721
3182763 3183533
3243507 3247658
3280942 3281588
3287407 3287572
3321607 3340566
3414981 3416069
3446004 3446537
3603167 3603419
3618040 3618220
3665132 3665740
3715693 3716031
3759593 3777289
3779993 3780271
3869555 3869820
3931856 3932080
3934781 3936802
3937843 3938157
3980580 3986056
4003313 4003551
4006945 4103758
4106327 4107561
4134316 4135265
4139893 4140981
4147781 4148766
4188958 4323722
4329109 4329215
4331056 4332276
4399332 4400317
4421666 4425127
4435798 4436406
4440529 4441616
4443917 4445407
4457053 4457660
4486673 4491943
4589098 4589205
4601345 4629788
