Ecoli_0920_Ancestor_
1 240
1496 4829
14663 15405
16824 17556
19838 20139
22626 22814
26286 30556
32833 34558
38890 45694
50195 56702
57503 58454
58988 59418
60452 61767
62985 66085
71903 72192
73540 74926
82022 83246
85243 85424
91392 92677
93198 98877
99711 106075
106597 109049
117754 126597
129188 136847
137382 142716
145021 145314
147230 147441
152346 152711
156450 159072
159666 161739
162338 162675
163664 168411
168923 172037
184065 184584
185426 188759
189657 191008
201982 207712
212112 212191
215968 216176
216817 217145
226615 226702
231690 237515
239331 239451
246243 254568
256397 260053
261004 262428
264128 270348
272413 273598
274106 276769
277421 280021
280573 283205
283775 283880
292102 292393
293127 294870
296032 305285
312109 318664
320241 323435
337982 342488
343215 343903
344820 345497
346372 357764
371989 373739
377697 382862
385719 387258
390407 393997
394509 395281
401189 401453
402550 402784
405259 405487
409123 409367
413605 416256
418430 424429
425549 429480
431438 431583
433708 434659
435296 437062
437702 441696
442247 449456
449995 453503
454797 456566
459183 459276
465367 465969
468728 471925
477981 483097
488291 489927
499381 506835
509449 512247
512761 513472
514162 515479
518550 520826
524890 529512
533208 534195
537735 538422
539148 540902
541756 545782
546285 546495
548304 556682
563175 570993
571537 572938
573440 575180
586733 589022
589645 594164
594907 595402
597924 601008
605450 616066
619559 623502
625884 626093
629158 631805
634979 638321
640932 642362
643053 653183
664853 665089
673310 673491
674388 674472
684261 686354
687909 688114
693685 700122
700876 705616
706725 709612
710123 710390
711706 713531
714182 725153
728521 728723
737485 739175
740277 743228
749289 751528
754621 754783
757521 757925
761140 763319
766843 766924
776332 776626
787728 789657
790235 798928
809365 810714
815357 819860
823275 829182
831552 832299
839521 839713
841095 842458
845045 854239
854768 854976
855738 862447
866655 878439
879082 882469
889179 895832
896376 903239
905316 907560
908397 908635
917216 917267
923489 925255
926559 928152
929833 933046
933695 939924
948826 950556
951359 953983
955808 964548
965351 966170
968041 973024
973906 975005
975606 977998
981541 981752
985584 989931
991413 995835
998303 998723
1004446 1011632
1017012 1017194
1024138 1024321
1026529 1031612
1032210 1036626
1046591 1046866
1047430 1047515
1048169 1051126
1051662 1053572
1059463 1070747
1074289 1074435
1079513 1082068
1082653 1091681
1097593 1097839
1099281 1110087
1110772 1112172
1114098 1115489
1119941 1120804
1121545 1129041
1129735 1132982
1145850 1148784
1150194 1154394
1155140 1161263
1161912 1171994
1173575 1183500
1184011 1184225
1193344 1193507
1199676 1216002
1219804 1219938
1221594 1221804
1223991 1229216
1229951 1230973
1232087 1232242
1232894 1234654
1245654 1245900
1248638 1251564
1252140 1252364
1259735 1262859
1265657 1282751
1285232 1290302
1291370 1291607
1295433 1297136
1300818 1301066
1303521 1310705
1314524 1316180
1322452 1322602
1324699 1326262
1331178 1333393
1340001 1354835
1359755 1362055
1362688 1364364
1365850 1366231
1367166 1369812
1371775 1371980
1373290 1374272
1376183 1376924
1381826 1382024
1382526 1390704
1391327 1392255
1392826 1399250
1401918 1404591
1411061 1415508
1416242 1425191
1433466 1433651
1435522 1439962
1445656 1447136
1451906 1453053
1454476 1463761
1469329 1471193
1471763 1474181
1474730 1479280
1484417 1484481
1485126 1485244
1488227 1488363
1490211 1495616
1498214 1502348
1511474 1513697
1516956 1517157
1521090 1521705
1524971 1525399
1530824 1531362
1534399 1535188
1536210 1538141
1541200 1558601
1567817 1568105
1574920 1575172
1582350 1590388
1592044 1592589
1593137 1594520
1596532 1597873
1598439 1599080
1611759 1612852
1613860 1619507
1623238 1624854
1633824 1634562
1635706 1636883
1658979 1665332
1666930 1676614
1678563 1692456
1697066 1698433
1699249 1700662
1702903 1704722
1707877 1708474
1709586 1709675
1714611 1714855
1719409 1726534
1727288 1729067
1729604 1740377
1745831 1749455
1750084 1758838
1761081 1762764
1763426 1764908
1777516 1781404
1785228 1786153
1787323 1797032
1802497 1802643
1804831 1805194
1810223 1812101
1812638 1817100
1822409 1831888
1833626 1834111
1835661 1835845
1836379 1837198
1839247 1845373
1847170 1848408
1852424 1855092
1859226 1867821
1869070 1875773
1885506 1885669
1887127 1895266
1900762 1906290
1907065 1908004
1917776 1918452
1918959 1921906
1922948 1925907
1926710 1936078
1937040 1938727
1939890 1948776
1949449 1952425
1954643 1954849
1956218 1956438
1958156 1958404
1960026 1967597
1968135 1968384
1969492 1971922
1973858 1974597
1975173 1976689
1977846 1978011
1978691 1980274
1982258 1984513
1985240 1987594
1989767 1990055
1993746 1994142
2003761 2007290
2009181 2009398
2011085 2012424
2013250 2013985
2020092 2025260
2028556 2029385
2038167 2038591
2039785 2040515
2041643 2041716
2044868 2045019
2045603 2045851
2046901 2048193
2051320 2058072
2058715 2059581
2060118 2061171
2069428 2081506
2082049 2083466
2086050 2086203
2088942 2090248
2102554 2110443
2117619 2120535
2125641 2130422
2136657 2136811
2142383 2143154
2148208 2150492
2150994 2151665
2155993 2158869
2159441 2163730
2164561 2165949
2166547 2174887
2180331 2180540
2182308 2183328
2184919 2185623
2186258 2188051
2190962 2192770
2193301 2194189
2196191 2199934
2200436 2201814
2203953 2209534
2212711 2219360
2220153 2224068
2230521 2231536
2233696 2233785
2240242 2240567
2243652 2246745
2247582 2252486
2253621 2256554
2262042 2262495
2264128 2271368
2275919 2280041
2280672 2281150
2282313 2283514
2285435 2295523
2300707 2301845
2308587 2308879
2309702 2310134
2312520 2318258
2319463 2321163
2325179 2337968
2338536 2339717
2343429 2343596
2344183 2345613
2346338 2349332
2351084 2352941
2353541 2355229
2358658 2360961
2361718 2362406
2364675 2364948
2365477 2367672
2378636 2386257
2386806 2390922
2392141 2392223
2392816 2394071
2397545 2403767
2410533 2413064
2414740 2427430
2427933 2433646
2437694 2441455
2446072 2448127
2453162 2463822
2465453 2469542
2470964 2471205
2471917 2471973
2481164 2481297
2481839 2482518
2486272 2489035
2493264 2494577
2495168 2500213
2506574 2507692
2517344 2521765
2523590 2524713
2530875 2536094
2541843 2542885
2544946 2546289
2548413 2548517
2549229 2551002
2551737 2554590
2565627 2567162
2567710 2572871
2574521 2575009
2582806 2586451
2591333 2591399
2596944 2609362
2610018 2611307
2616625 2616697
2617908 2621043
2625683 2626242
2627452 2627676
2634661 2636460
2639095 2642879
2643588 2644095
2645189 2647838
2650224 2657174
2659622 2661946
2662950 2663049
2665383 2673058
2676598 2677976
2678515 2681793
2682377 2684030
2692393 2692774
2700454 2700618
2703328 2704362
2704911 2707044
2710943 2722060
2724956 2730484
2734880 2735144
2742641 2743888
2746836 2747007
2749856 2760602
2765944 2773527
2780815 2784226
2796144 2796884
2811039 2812454
2817656 2819502
2824703 2825438
2827340 2832997
2833624 2833897
2834617 2837110
2837857 2839712
2848256 2851022
2851711 2852070
2852847 2852964
2855166 2864619
2866506 2867057
2871926 2877703
2878366 2879138
2899295 2903810
2905969 2906833
2910863 2914459
2915459 2915676
2916233 2918551
2919308 2920910
2922986 2924173
2929767 2930605
2938449 2939815
2943225 2947046
2949653 2951871
2952417 2953030
2954011 2959712
2962771 2962947
2968795 2971409
2972297 2972569
2976034 2976845
2980443 2980688
2986210 3000538
3002616 3020035
3030404 3037007
3038536 3038619
3039699 3039996
3047105 3055748
3057912 3060430
3061188 3067256
3080357 3080631
3081185 3081658
3084975 3085262
3087939 3095162
3096144 3098544
3099310 3113096
3116084 3116685
3118436 3120384
3123370 3123612
3124701 3124799
3128997 3130954
3139204 3143773
3145022 3151829
3153207 3161684
3163125 3167159
3173491 3174562
3175512 3176321
3179231 3179710
3180263 3186100
3193435 3210450
3224927 3225168
3237396 3240493
3241124 3247041
3247575 3249831
3251992 3259479
3260172 3264049
3266253 3268104
3269070 3269617
3277857 3279467
3282276 3282364
3286472 3291211
3292600 3293991
3294627 3297427
3297944 3299931
3302705 3302913
3303486 3312924
3321091 3321470
3322118 3330990
3332853 3333061
3333612 3338400
3339284 3342660
3343197 3343674
3344246 3350092
3352301 3352647
3353244 3356217
3361277 3368798
3372117 3379056
3383555 3387599
3390646 3391303
3395991 3398486
3399127 3402960
3404591 3405057
3405689 3407351
3407901 3417527
3420981 3422984
3431197 3431723
3443304 3447469
3449189 3449358
3454597 3470071
3474535 3474591
3475156 3476019
3476594 3478087
3478700 3483517
3484879 3485787
3489274 3489551
3490695 3491408
3491933 3493915
3494430 3496406
3500989 3508970
3512327 3512952
3513918 3514788
3529675 3529775
3534138 3534356
3537112 3538086
3538707 3541033
3541685 3543732
3544803 3550265
3559996 3565038
3565718 3567944
3570541 3570714
3571683 3577370
3583968 3584705
3590248 3590623
3591406 3593607
3594179 3604770
3608411 3612245
3614174 3614376
3618082 3628557
3629170 3629524
3630033 3630387
3631612 3635048
3637777 3637985
3638935 3639848
3640556 3646007
3646531 3652113
3655343 3655684
3662981 3664844
3665751 3666544
3667047 3687820
3688355 3690991
3698352 3698569
3702295 3702513
3703929 3705551
3709275 3715708
3717813 3717949
3728670 3734335
3745211 3745330
3748706 3752675
3756481 3756570
3759300 3764137
3765187 3765291
3769517 3772246
3778304 3779460
3783903 3796864
3802515 3804870
3807369 3809253
3810786 3812924
3813695 3813907
3815243 3826152
3827762 3831006
3839725 3842964
3849121 3849242
3850613 3852398
3853397 3853526
3854037 3856615
3857650 3858657
3859218 3859444
3860368 3864769
3866748 3867168
3868692 3869218
3869928 3878016
3878832 3882026
3882992 3886002
3892077 3894088
3897736 3900013
3900960 3904145
3905625 3905863
3916668 3920317
3925189 3927063
3927688 3928257
3936231 3938637
3941431 3941674
3949660 3951700
3952238 3952814
3956580 3956657
3959118 3963693
3967592 3970301
3972394 3972842
3977165 3977589
3981344 3982802
3993592 3993723
3994681 3996223
3997959 4002970
4007011 4012439
4015113 4024033
4025157 4027912
4028568 4030149
4033381 4035360
4036052 4038699
4042124 4047121
4049802 4051459
4052533 4059962
4063846 4064984
4069029 4069896
4070446 4075149
4088657 4095562
4097722 4098188
4100696 4105796
4106451 4126675
4130668 4132826
4138219 4139557
4140680 4143526
4153367 4161308
4161820 4162360
4163537 4168176
4173857 4179109
4189924 4190049
4191642 4199053
4200055 4201785
4204290 4205462
4207440 4211164
4211713 4212438
4216161 4216649
4223757 4224144
4227284 4238756
4240978 4247075
4247748 4248037
4258497 4261218
4262070 4264938
4266268 4270828
4271447 4276692
4278231 4278758
4281380 4282742
4284885 4285110
4286593 4291096
4293720 4296747
4299500 4307856
4308507 4311540
4312972 4317517
4319103 4332837
4335550 4335777
4338896 4341487
4343891 4350692
4352387 4353452
4358304 4367240
4369544 4371670
4374297 4375097
4375831 4384103
4386083 4398983
4400761 4409269
4409845 4409996
4415087 4416378
4418572 4419847
4421011 4426697
4429884 4435385
4436143 4436813
4443540 4445615
4446268 4460276
4462193 4467207
4468562 4470060
4472566 4472763
4474332 4474804
4476580 4479023
4491243 4495326
4497511 4497592
4504633 4505639
4506242 4516161
4516810 4517481
4518251 4523158
4525327 4525611
4526640 4527592
4529252 4531025
4532664 4533110
4534223 4541337
4543976 4544796
4545318 4545935
4552508 4552585
4559203 4559568
4564024 4564556
4566788 4568239
4568804 4573121
4573652 4579507
4581015 4582130
4584613 4584933
4585806 4586954
4587613 4588063
4588654 4588888
4591488 4599071
4600399 4606737
4607814 4607993
4613133 4614779
4617489 4625630
4626251 4635133
4637220 4641652
Ecoli_0918_Taxon019_
1 240
2403 5177
7475 8297
10748 11181
11809 12854
15473 16633
19807 22654
25589 28690
29224 30302
30827 37674
39310 43701
44227 45043
55053 55305
55877 55991
58752 60438
61864 63209
66199 66658
67825 69377
69916 70533
78487 79582
85669 85883
86649 88890
89419 95107
98543 101186
101912 108497
121211 121445
127923 128014
130136 139209
139984 141543
143355 144048
145236 151005
155228 157552
159309 160705
161415 164070
167767 167973
171219 175111
181341 181521
183807 184923
187090 187704
191601 198558
199845 210652
212656 212930
215742 216376
218317 223717
231434 233944
237462 237694
244087 246447
250355 258119
267339 270551
271124 272260
272880 273556
274241 274413
275329 276575
277630 280889
283488 283891
285785 286046
287157 288644
292359 292598
297427 306649
307208 309403
310245 310351
315528 326701
328212 328343
332308 340995
342064 348783
349433 356409
356993 357284
363363 365889
371805 373504
380162 381364
389889 395038
396381 396672
397319 400237
400745 404999
411453 411624
415176 418236
419787 420493
421186 421699
429921 432183
432854 436828
441877 442290
444206 444960
448354 458484
459227 461433
461951 462845
464473 464655
469400 469539
483888 486987
487491 496708
499283 500088
500683 506776
507370 510786
513451 515126
519328 533394
534857 539213
541799 542692
543731 549510
554262 555772
557662 565643
589162 590871
592115 593084
597385 598636
599245 602800
606674 607125
607656 613019
614846 621571
624915 625328
625987 626986
630857 630916
635496 636995
637580 638094
640398 643562
645054 650093
654262 658320
659841 662765
666811 667032
671104 673289
674717 679831
682013 688598
699644 700014
700520 712226
719726 722643
725597 730309
740985 743828
744378 744634
748111 753121
757322 759976
763240 765218
766653 767181
768729 769985
770496 774664
777775 799107
804169 804351
806487 806677
808857 814378
815049 815566
817859 827448
830535 831444
832674 832924
834942 835209
849764 859307
859877 862387
863954 865624
868147 869845
870730 873443
875564 876347
876990 882240
882844 885417
888238 890715
892256 910361
911330 912829
914171 914476
923847 934371
935633 939763
945374 948200
949893 950008
950553 951259
954208 954373
960747 966402
966951 967521
983269 985012
985799 987178
992345 992477
994929 995082
998343 998535
1004240 1006862
1008425 1015633
1016220 1017371
1018559 1023026
1027865 1030035
1032479 1050506
1053071 1054097
1060858 1061249
1062486 1063219
1064586 1073899
1074959 1075375
1079380 1079685
1089989 1092184
1092905 1096329
1097302 1097843
1103523 1104470
1105186 1108675
1109214 1109851
1114850 1116132
1120754 1122570
1123122 1128655
1131664 1132586
1134121 1134406
1136976 1145924
1146430 1151248
1156341 1157112
1159761 1159906
1160812 1171685
1172249 1172334
1179400 1184182
1196334 1204232
1205526 1205785
1206315 1206469
1208399 1208603
1211858 1212092
1216399 1217963
1229470 1231012
1231513 1244181
1247066 1247182
1249652 1250161
1259092 1264307
1265898 1267221
1277907 1278204
1280416 1292042
1296392 1297770
1308109 1308319
1308830 1314691
1315229 1316125
1316984 1319021
1320211 1324706
1340775 1350148
1355892 1357449
1359429 1363127
1363809 1373357
1376959 1377183
1377771 1383963
1384554 1386933
1389363 1390191
1390725 1393767
1398879 1401660
1419042 1421210
1424244 1427922
1429436 1429822
1433485 1433577
1436600 1438832
1440986 1442360
1442891 1445920
1460954 1463573
1464262 1467507
1470296 1474056
1475327 1475536
1476256 1477041
1477837 1480610
1481205 1483169
1483683 1484807
1489012 1490569
1491150 1491885
1495267 1495643
1496594 1498311
1499652 1500475
1501559 1504870
1505417 1506843
1510014 1510466
1512231 1517911
1519314 1526448
1529130 1531043
1541959 1542086
1545913 1546016
1546849 1547983
1553118 1554341
1556100 1561037
1564012 1564162
1565787 1566136
1580068 1580137
1582802 1586517
1587240 1593312
1597804 1602706
1605510 1615102
1620535 1622450
1627267 1636193
1638616 1639264
1639823 1645103
1646624 1649218
1650745 1660929
1663474 1666151
1677726 1677915
1679967 1680145
1683184 1701708
1702319 1706631
1707700 1707749
1715929 1717408
1718028 1721434
1723999 1738762
1743731 1743787
1744425 1744949
1749751 1754556
1760595 1760709
1771631 1771749
1775337 1777630
1778434 1781484
1782151 1785887
1787696 1789782
1790311 1790497
1792660 1793847
1798067 1801854
1817036 1817876
1823715 1823853
1827919 1829197
1831487 1831632
1834068 1834279
1835444 1836054
1836659 1837222
1838220 1854718
1855234 1858541
1859667 1859899
1860909 1861662
1862344 1862677
1863565 1869615
1871667 1875426
1876102 1876156
1884525 1886128
1889463 1891946
1892702 1897366
1898072 1901035
1901592 1902235
1906748 1911390
1921754 1930013
1930747 1933982
1942442 1944420
1945155 1946144
1946789 1947366
1950538 1950767
1955186 1955642
1957517 1960145
1962117 1962875
1963505 1963966
1969959 1971479
1972951 1977458
1980011 1985278
1985793 1989462
1992740 1994035
2001134 2003258
2010163 2011189
2011775 2014493
2023092 2024068
2024640 2032132
2032720 2036734
2037293 2042495
2046825 2047667
2053167 2053289
2061651 2062105
2063257 2064035
2073495 2074513
2076964 2084234
2084845 2085191
2092954 2094453
2096521 2096741
2097331 2098063
2099310 2099416
2101410 2102898
2108932 2114169
2115480 2119455
2120213 2122906
2123642 2124899
2129051 2131858
2134413 2136301
2137829 2137969
2138567 2144980
2146949 2152367
2154077 2154239
2155067 2162372
2162993 2165361
2169588 2171824
2173520 2176039
2186852 2194346
2199961 2200215
2200826 2201252
2206868 2207118
2208035 2212431
2213164 2213661
2215757 2227826
2233840 2234247
2236106 2239526
2240559 2242567
2245075 2249926
2250460 2250660
2255186 2262273
2262824 2263143
2263886 2266516
2268710 2273096
2275813 2277966
2278637 2280929
2293197 2293583
2296491 2299533
2301171 2303476
2304005 2307345
2307955 2308371
2311432 2311612
2313354 2313699
2314832 2315686
2322552 2325834
2330379 2330605
2332068 2333327
2337744 2339670
2340367 2342534
2344301 2346900
2349339 2350452
2350979 2351617
2355915 2357168
2357708 2364881
2367198 2367455
2375448 2378340
2381910 2386761
2387884 2388369
2388947 2389145
2395909 2397771
2398734 2400638
2406069 2407311
2408874 2411124
2421165 2434011
2434521 2437239
2443610 2443680
2445244 2445351
2446776 2450095
2461900 2462079
2465077 2469223
2473972 2475617
2479294 2483377
2487793 2489767
2493073 2503852
2515841 2517042
2519667 2521336
2528686 2530202
2530789 2535252
2537590 2538957
2544871 2550131
2552058 2557610
2562283 2562494
2564521 2564781
2565286 2569968
2572583 2574749
2575959 2588555
2592570 2594001
2602220 2602355
2605866 2609264
2609796 2610653
2611951 2613497
2614297 2616584
2620155 2623681
2637387 2641562
2645691 2655865
2661013 2666562
2667669 2669665
2670982 2672676
2674276 2674534
2679329 2684200
2684766 2689647
2691720 2691981
2697526 2707190
2711370 2711912
2712630 2714997
2715656 2721663
2722727 2723096
2724980 2725765
2726294 2730945
2736359 2736861
2740509 2740603
2744075 2744275
2745738 2745804
2750107 2752133
2754343 2756155
2756864 2757186
2760484 2763502
2766063 2778921
2782093 2784889
2786540 2789079
2791633 2792923
2793750 2794933
2802343 2802905
2806712 2807436
2808949 2816351
2818270 2828047
2828726 2829181
2831669 2834980
2847940 2849031
2855403 2858174
2858894 2859167
2866096 2867253
2868899 2872193
2872790 2873189
2875235 2879818
2881613 2895080
2896747 2903347
2903900 2908063
2912713 2919164
2921746 2921994
2926947 2932370
2934050 2934195
2943035 2944326
2944916 2949152
2950726 2959465
2964256 2972975
2977076 2979066
2986176 2993027
2998529 2998762
3002993 3024278
3029375 3033085
3033685 3035582
3039093 3040519
3043192 3043370
3046058 3047845
3048815 3054486
3056177 3056621
3057234 3063405
3064202 3068228
3071717 3075323
3076273 3076897
3081345 3082603
3085042 3093514
3097713 3100753
3102321 3111227
3125048 3127556
3140085 3140282
3143643 3155523
3162373 3171419
3180426 3183139
3185116 3187358
3191736 3194565
3195121 3204860
3206577 3211699
3223123 3224722
3238538 3243155
3243676 3250622
3259825 3260509
3273084 3292306
3293502 3298606
3299481 3300592
3301704 3306197
3308896 3309147
3321565 3322877
3323429 3328547
3329146 3330112
3337181 3339891
3340568 3359865
3360498 3362115
3374446 3376091
3378994 3379200
3384398 3385136
3388661 3390972
3391806 3395873
3396469 3402576
3404960 3408693
3409869 3411191
3415023 3417547
3424501 3425973
3426786 3428205
3432323 3432502
3438489 3444600
3445335 3446431
3450699 3450998
3453356 3453508
3455622 3458524
3468016 3468493
3475011 3477020
3481976 3485998
3493717 3495111
3495699 3496612
3502634 3502805
3503651 3506833
3512235 3514471
3516018 3516122
3516787 3520710
3521245 3522318
3530218 3530408
3532720 3533415
3542324 3552402
3552984 3560361
3562273 3568468
3570037 3570231
3571116 3571287
3572388 3578772
3579416 3579743
3588102 3588317
3594481 3594890
3595689 3598819
3610865 3615563
3618021 3619149
3620094 3626227
3634303 3634408
3635059 3636509
3640368 3643668
3644563 3646433
3646936 3650685
3651282 3661831
3662743 3663734
3665137 3665696
3669219 3669808
3675184 3682894
3683676 3684715
3687753 3687978
3690537 3691100
3693958 3695971
3702920 3705561
3706178 3708231
3709624 3714967
3730217 3733130
3737719 3739195
3739842 3743071
3759967 3764007
3765938 3766114
3777475 3779545
3780371 3787145
3789666 3790470
3816464 3828848
3829912 3834218
3840399 3852474
3859025 3859154
3859685 3869273
3870617 3873014
3879007 3884019
3889487 3893713
3897165 3903279
3904820 3908622
3921783 3927619
3929539 3932482
3933089 3934992
3936356 3936802
3938514 3938726
3939376 3939962
3951071 3952481
3955681 3964022
3964544 3964652
3967486 3969154
3969701 3970225
3970785 3973840
3974410 3975656
3976927 3979529
3980585 3982906
3984037 3985793
3990111 3991023
3992658 3993637
3997162 3997220
3998936 3999131
4001480 4002012
4004182 4004375
4009797 4012257
4014957 4020011
4024932 4025679
4026671 4026723
4027336 4027702
4029064 4039079
4039803 4040571
4045236 4047539
4048054 4050217
4052507 4061242
4063260 4074379
4077483 4081299
4082112 4083837
4085413 4085509
4089024 4092311
4095710 4096838
4098264 4103086
4103910 4119400
4121142 4122678
4125473 4125719
4127591 4131974
4134168 4134388
4134937 4135235
4137357 4141122
4144748 4144975
4147687 4149357
4151899 4153287
4155068 4155529
4156087 4158373
4159116 4159285
4163226 4167046
4168080 4168331
4172658 4174913
4185273 4191209
4191888 4193748
4199822 4210813
4211525 4213641
4220289 4226109
4251309 4255387
4255899 4256088
4257745 4261961
4262607 4263283
4264188 4265632
4268266 4277608
4278724 4279017
4284703 4284875
4286639 4288067
4293095 4298576
4304028 4305966
4306606 4316361
4322750 4324774
4325719 4325914
4327418 4329281
4331094 4331280
4332001 4332234
4333769 4334983
4337955 4341468
4342014 4347689
4349063 4352003
4357878 4358577
4360987 4361239
4363387 4365792
4366303 4366466
4371994 4384127
4386137 4386789
4387697 4387984
4389857 4390987
4399141 4400506
4401611 4406099
4407661 4411312
4415891 4416390
4416977 4417669
4422164 4424658
4428067 4428179
4429225 4429307
4433326 4433443
4435705 4437973
4440480 4441616
4442198 4445078
4447265 4447324
4456936 4463615
4466406 4467540
4468142 4468807
4475297 4477830
4478773 4481275
4481865 4483248
4486735 4488395
4488917 4490282
4490988 4493530
4495679 4499016
4505963 4506046
4507498 4507899
4508848 4510944
4511918 4513161
4513895 4517982
4525111 4528481
4533706 4534948
4537539 4538667
4539908 4545526
4553913 4555812
4567649 4567909
4568770 4568945
4577832 4577999
4585195 4590971
4591573 4592967
4597909 4598138
4601148 4601400
4609883 4610227
4618455 4621599
4623445 4632536
4635031 4637229
