gi_556503834_ref_NC_000913.3_
20150 20422
223524 228763
258166 258550
270682 271620
274070 275091
279350 279970
290560 291238
349880 349972
357472 357670
391849 392831
525741 526524
566912 567916
578127 578310
580450 581163
608148 609210
687965 688910
730079 730411
731174 731354
732690 733094
780657 781664
915163 915288
925841 925919
1050221 1050448
1094385 1095362
1097222 1097521
1269234 1269337
1270304 1270432
1287014 1287101
1299636 1300572
1396161 1397124
1428010 1428158
1466520 1466712
1468029 1469295
1531696 1532739
1552226 1552403
1632727 1635088
1650984 1651445
1978761 1979129
2066292 2067198
2069062 2070130
2101946 2102863
2170353 2171272
2289060 2289941
2304593 2304880
2514414 2515476
2662493 2662583
2726533 2729601
2730885 2731097
2818145 2818196
2996465 2997553
3130341 3131205
3186236 3187285
3365701 3366613
3423526 3428348
3583555 3584046
3621765 3622433
3624198 3625318
3652171 3653095
3666346 3667220
3762525 3765706
3941583 3946765
4035306 4036980
4040313 4040577
4094310 4094401
4166440 4171608
4176260 4176968
4208111 4212987
4296097 4296433
4325989 4326154
4498322 4499370
4507684 4508579
4641597 4641652
