Ecoli_0980_Taxon017_
1 218
8406 8687
11395 11693
15442 16660
19851 20674
24233 24484
35954 36198
37868 38130
48589 48823
52222 53153
60236 60484
63371 63721
66312 66540
77868 78127
80190 80441
84140 84488
86509 86780
89543 89637
91200 91341
100576 100822
114255 114609
123003 123108
128176 128451
135916 136166
140840 141151
143883 144181
153292 153525
155155 155327
155774 155881
159805 160053
160711 160944
173697 174000
178883 179213
180707 180981
182737 183043
188191 188428
215303 215601
225327 228945
233832 234111
236708 237015
240287 240649
244931 245252
247537 247893
252779 253065
255096 255363
257561 258570
260939 261290
264133 264357
268917 269238
270207 271706
274010 275094
281954 282263
290689 291296
309182 309424
310653 310884
312984 313276
315284 316428
318162 318440
320814 321087
329557 329901
331294 331635
336217 336462
337972 338141
341652 341764
381315 382456
391764 392908
396480 396791
398750 399117
403936 404295
407100 407320
415871 416246
419702 419969
426443 426712
428256 428621
443213 443470
444785 445108
450711 450969
493182 493408
494756 495065
503073 503293
506584 506840
511410 511726
515728 515963
532283 532570
533916 534154
538741 538972
547275 547656
552105 552390
559256 559554
567898 567979
574642 574986
580364 581307
587731 587952
594211 594503
613615 613670
620181 620442
623086 623353
631416 631686
645277 645531
654663 654896
657888 658175
670796 671040
675105 675355
675883 676121
681836 682058
683904 684205
686397 686718
688302 689286
694939 695182
697271 697583
704318 705851
707907 708747
710926 713516
732616 732863
742075 742448
747956 748198
749813 750054
752136 752199
753067 753765
763541 763771
770430 770671
776532 776773
777559 777821
779274 779580
781632 781783
782447 782523
799167 799437
816057 816288
824621 824856
829314 829597
837187 837481
842029 842412
846328 846570
867415 867640
874598 874902
880889 881127
899259 899549
905479 905705
913406 913677
926504 926798
929086 929341
933635 934830
937899 938133
941991 942258
947215 947314
954763 955002
959213 959440
973742 974016
979882 980149
988203 988530
1003716 1003936
1049883 1050490
1065206 1065484
1069027 1069327
1072792 1073026
1075486 1075752
1077088 1077370
1094437 1095444
1097016 1098027
1105535 1105835
1107551 1107879
1110792 1111134
1112201 1112456
1137372 1137599
1141395 1141615
1147237 1147476
1152353 1152605
1157871 1158105
1159498 1159849
1163725 1164043
1171251 1171499
1175508 1175750
1182175 1182432
1183898 1184149
1185281 1185349
1194500 1194814
1205901 1206142
1213555 1213817
1217415 1217768
1226889 1227111
1230410 1230688
1233719 1233941
1238603 1238827
1241445 1241697
1251620 1251882
1258063 1258345
1259767 1260015
1261050 1261362
1264269 1264529
1289231 1289339
1301758 1301991
1304712 1304790
1306714 1308005
1313244 1313503
1332998 1333324
1337120 1338204
1347741 1347868
1351720 1352004
1365601 1365904
1373367 1373643
1378574 1378874
1382119 1382343
1385356 1385681
1386663 1386936
1392360 1394016
1411136 1411366
1428051 1428216
1432488 1432687
1441311 1441644
1443531 1443756
1459430 1459675
1462625 1462957
1466726 1467019
1468044 1470462
1483095 1483336
1488196 1488495
1490520 1490779
1510540 1510897
1528239 1529744
1537724 1538011
1546890 1546956
1549423 1550378
1553344 1553678
1556727 1557030
1558673 1558905
1574505 1574838
1593150 1593404
1594052 1594284
1595116 1595367
1599802 1600754
1603753 1604594
1605305 1605537
1610962 1611350
1620039 1620345
1621793 1622009
1632615 1633206
1640484 1642145
1644518 1644814
1650898 1651414
1659653 1659936
1672135 1672192
1687104 1687336
1690612 1690870
1693530 1693859
1702191 1702537
1704511 1704841
1705676 1705957
1707138 1707519
1709327 1709389
1714951 1715282
1717742 1718003
1721151 1721477
1732164 1732399
1735217 1735497
1738797 1738991
1755097 1755397
1756060 1756385
1760299 1760537
1765057 1765351
1767139 1767362
1770756 1771105
1776437 1776664
1779250 1779481
1782383 1782665
1795518 1795681
1798699 1798924
1810531 1810620
1819713 1819984
1821238 1822070
1831159 1831433
1842517 1842790
1846499 1846721
1849565 1849910
1854007 1854344
1875799 1876021
1879961 1880541
1882168 1882485
1915676 1915902
1920690 1920914
1929667 1930051
1933588 1933872
1936758 1936865
1938642 1938995
1954111 1954407
1954916 1955139
1958917 1959178
1959851 1960093
1965616 1965951
1971543 1971666
1978717 1979165
1993248 1993474
1996977 1997218
2009695 2009916
2017935 2018311
2025383 2025738
2028782 2029011
2062171 2062284
2066338 2067245
2069075 2070071
2077214 2078275
2079063 2079361
2101409 2101737
2110031 2110259
2116357 2116594
2118369 2118709
2121718 2121988
2136327 2136616
2145616 2146700
2159400 2159620
2163810 2164094
2165580 2165802
2170599 2170935
2171291 2171373
2175074 2175346
2176156 2176518
2177740 2178013
2180848 2181103
2204247 2204537
2214826 2215107
2227960 2228298
2241430 2241814
2244720 2245750
2250830 2251061
2262429 2262653
2269109 2269407
2275128 2275372
2281925 2282217
2288974 2290058
2296826 2297082
2304576 2304688
2319437 2319714
2321206 2321526
2333813 2334914
2339086 2339152
2343268 2343515
2353864 2354130
2366090 2366312
2370058 2370410
2372900 2373162
2385670 2385893
2398692 2398989
2400208 2400485
2402983 2403268
2419236 2419486
2421583 2421821
2422870 2423034
2427900 2428157
2434172 2434408
2438234 2438497
2457994 2458170
2464622 2464882
2467347 2467627
2470113 2470378
2477593 2477847
2484271 2484504
2493893 2494133
2500223 2500466
2502761 2503086
2507279 2507588
2514328 2515724
2518692 2518986
2521308 2521459
2523080 2523405
2527541 2528489
2543323 2543686
2546036 2546153
2556430 2556665
2558016 2558279
2568766 2568833
2583711 2583964
2591040 2591330
2593125 2593345
2597698 2597945
2603238 2603473
2608351 2608601
2610132 2610392
2613574 2613865
2662219 2662389
2665507 2665814
2675303 2675613
2681001 2681266
2683839 2683888
2685617 2685852
2697054 2702367
2706475 2706750
2707793 2708075
2719931 2720274
2720872 2721153
2724536 2724831
2731731 2731969
2738611 2738845
2740308 2740562
2757778 2758129
2759417 2760031
2762697 2762933
2764820 2765100
2769011 2769298
2776022 2776249
2784049 2784297
2791103 2791342
2802049 2802328
2804957 2805576
2818137 2818551
2823240 2823577
2827541 2827771
2831388 2831641
2839467 2839521
2855138 2855442
2857607 2857875
2863901 2864010
2870304 2870630
2875880 2876183
2879927 2880240
2881344 2881592
2882589 2882810
2886121 2886361
2887150 2887521
2893827 2894060
2901186 2901462
2903038 2903325
2904822 2905632
2915491 2915711
2933171 2933394
2938173 2938462
2941939 2942234
2952861 2953143
2957301 2957550
2961947 2962195
2963373 2963611
2965534 2965777
2967454 2967813
2971702 2971938
2974536 2974866
2984836 2985164
2990650 2990924
2996495 2998046
3004987 3005283
3009383 3009613
3029240 3029483
3033076 3033457
3039942 3040221
3050842 3051067
3052879 3053223
3055089 3055346
3057274 3057494
3062330 3062593
3080696 3080919
3085669 3085928
3098514 3098782
3100294 3100593
3111866 3112102
3118735 3118784
3125151 3125397
3130041 3130343
3137203 3137445
3145379 3145700
3149809 3150122
3156121 3156378
3167648 3168732
3171586 3171824
3172684 3172933
3182555 3182849
3198049 3198313
3199713 3199940
3204818 3205083
3212376 3212601
3213267 3213531
3214303 3214548
3222406 3222711
3230949 3232304
3246461 3246701
3251056 3251353
3253990 3254242
3258582 3258932
3267570 3267821
3274523 3274637
3281677 3281917
3285861 3286187
3290457 3290605
3294778 3295093
3298448 3299536
3324985 3325334
3334077 3334244
3339019 3339250
3344009 3344135
3361817 3362163
3363598 3363936
3364893 3365152
3365889 3366202
3389521 3389795
3392210 3392323
3396265 3396485
3423314 3427351
3428689 3428930
3430081 3430429
3441492 3441780
3442814 3443094
3446018 3446253
3456368 3456539
3461321 3461594
3464868 3465243
3471094 3471349
3479544 3480242
3497678 3499179
3503475 3503703
3508139 3508483
3511146 3511504
3512850 3513070
3531108 3531269
3531775 3532036
3533540 3533792
3543261 3543484
3544569 3544813
3558211 3559135
3583533 3584140
3589204 3589428
3598670 3598923
3609720 3609952
3612352 3612576
3617321 3617653
3619400 3622844
3624652 3625305
3652091 3653175
3666260 3667381
3682129 3682424
3687916 3688170
3692597 3692749
3694672 3695239
3698888 3699204
3702920 3703144
3706617 3706919
3710187 3710441
3716354 3716574
3717379 3717607
3723076 3723309
3731617 3731884
3736860 3736917
3737875 3738096
3739426 3739683
3762593 3762971
3769260 3769511
3775023 3775311
3778664 3778898
3783687 3783970
3797527 3797761
3805930 3807338
3811300 3811534
3813738 3813882
3822306 3822632
3823533 3823780
3829741 3830106
3838733 3838983
3854897 3855221
3856745 3856984
3881559 3881829
3895844 3896173
3912596 3912836
3913996 3914259
3920983 3921234
3924166 3924431
3927771 3928110
3937354 3937668
3941031 3946889
3962166 3962393
3965198 3965574
3970961 3971239
3985916 3986177
4004350 4004669
4009075 4009309
4012019 4012249
4020877 4021243
4032036 4032261
4035226 4037396
4041485 4041722
4049358 4050383
4052858 4053095
4058358 4058691
4072061 4072381
4073929 4074237
4076742 4077035
4081455 4081786
4084966 4085325
4088507 4088819
4094014 4094559
4102256 4102504
4112330 4117550
4122691 4122977
4123969 4124261
4127465 4128091
4129962 4130449
4134343 4134600
4135178 4135410
4137396 4137630
4141681 4141773
4157910 4158820
4167741 4167865
4178177 4178442
4184115 4184370
4188400 4188667
4190345 4190668
4217458 4217712
4220821 4221113
4227101 4227446
4236747 4237045
4248561 4248914
4257201 4257468
4260185 4260479
4261298 4261568
4264854 4265075
4306743 4311798
4314153 4314460
4316308 4316807
4338527 4338840
4346915 4347135
4353289 4353416
4367244 4367566
4374087 4374885
4379329 4379617
4386528 4386788
4388112 4388344
4392063 4392359
4407526 4407785
4411108 4411379
4423593 4423820
4426781 4427140
4427703 4427971
4431936 4432216
4437787 4438013
4438517 4438776
4444599 4444833
4446696 4446954
4457020 4457177
4462991 4464132
4473270 4473637
4474872 4475098
4476172 4476416
4477719 4477951
4481741 4481997
4485763 4485983
4488942 4489179
4492803 4493161
4500056 4500372
4502746 4502919
4503696 4503759
4515724 4515804
4520205 4520450
4524740 4524981
4525937 4526315
4528629 4528899
4537240 4537319
4563371 4563650
4573448 4573816
4582184 4582496
4587294 4587583
4589408 4590510
4598425 4598685
4626744 4627006
4629197 4629423
4631690 4631936
4632988 4633243
4639524 4639822
Ecoli_0920_Taxon005_
1 253670
254135 4589431
4590217 4641652
