Buchnera_aphidicola_Baizongia_pistaciae_ancestor
9826 9986
17301 17362
18054 18151
19943 20216
22129 22404
25773 26244
27082 27920
30864 30940
34383 34559
36327 36627
38675 38933
51508 51915
53729 53977
59567 59742
60508 61956
66014 66581
69450 70102
71147 71202
76352 77065
80398 80662
83977 84233
85140 85817
91435 91587
96486 97225
97906 98296
100486 100565
106307 106817
112752 113021
116025 116329
120335 120421
124817 125039
126610 126699
129695 129759
136371 136702
138052 138377
140101 140310
149312 150436
152778 152910
153760 155098
155995 156160
161020 161466
163355 163498
171306 171584
181128 181461
184287 184871
189543 189812
192248 192526
195958 196192
198708 199002
200344 200577
201627 201764
203148 203410
207679 207936
210566 211511
212584 213040
213962 214518
216185 216401
222212 222814
224276 224574
230823 231169
233262 234587
239781 240284
240806 241495
243344 243566
244947 245233
245735 245936
248079 248451
254132 254391
256453 256750
258205 258763
260119 260728
261665 261944
264916 265938
268962 269181
269789 269966
272169 272805
278509 278866
280756 281562
282683 282812
283316 283479
288733 289081
291904 292048
292648 293007
294637 294701
297232 297756
298480 298796
304970 305203
307315 307649
309982 310106
314609 315304
319152 320014
321165 321392
323551 324055
326222 327628
330857 330954
333677 335576
337006 338245
338915 339041
341415 341613
342737 343338
345141 345404
345957 346049
347324 347424
357105 357324
359209 359421
371182 371477
373102 373821
374759 375042
376517 376784
386627 386783
389605 389941
392959 393239
397426 397632
398487 398849
417532 418061
418624 419276
422622 422708
423371 423421
425508 425765
426312 426520
429570 429746
430828 431587
432695 432932
434751 434800
437113 437268
438391 438591
439241 439781
440343 440471
449462 449535
455256 455343
459072 459149
469194 469744
479446 480166
481986 483068
488050 488678
489751 490409
499818 500468
501625 501938
502997 503408
504566 505049
505920 506036
509762 510305
512920 513301
514929 515816
522599 522911
523814 524107
536412 536494
537769 537856
538557 538927
542839 543469
544474 545757
562920 563363
565848 565934
567531 567584
568508 569771
576295 576978
578637 578846
580921 581258
583716 583947
584653 584810
588869 588978
597258 598235
600483 601054
603469 603924
605543 605793
608003 608174
610472 610762
611285 611402
612954 613506
615102 615377
Buchnera_aphidicola_Baizongia_pistaciae_0960
1 241
2141 2547
9826 9986
17301 17362
18054 18151
19943 20216
20807 20932
22129 22609
25201 25878
26785 27084
30356 30620
33953 34666
37208 37926
44437 45004
45598 45814
46345 47148
57041 57289
58153 58892
63791 63943
65554 65946
71442 71609
80687 80987
83035 83221
87424 87500
93897 94458
95400 96274
100486 100565
101856 102042
105881 105969
113187 113274
114617 115025
116060 116399
117196 117474
119873 120016
121905 122864
127211 127376
129333 129611
130461 130587
132935 133542
134781 135156
138261 138809
139544 139664
143061 143270
144994 145319
154799 154885
156023 156687
159281 159503
161074 161163
164159 164985
167050 167346
169651 169929
172365 172634
174522 174720
177094 177287
177890 179129
180559 181534
189651 189803
191650 191911
194080 194281
196424 196796
202477 202736
204086 205095
206550 207108
208464 209015
210010 210723
213750 214283
217307 217526
218134 218311
220514 221150
228284 228447
228951 229080
230216 231007
232897 233254
237078 237426
238829 239308
240249 240393
240993 241352
246566 247261
251772 251888
253635 254121
256667 256900
263082 263447
264114 264638
267497 268359
269510 269737
274567 274775
277710 277815
279202 279299
281853 282690
284966 285312
291137 291859
293195 293504
295507 295939
299234 299909
304040 304274
306790 307084
308426 308659
309709 309846
311230 311492
315761 316018
324267 324483
329497 329653
335086 335419
338245 338829
342737 343338
345141 345404
345957 346049
350755 351061
351722 351874
355520 355922
357105 357324
359209 359918
369016 369240
378989 379488
381052 381123
386106 386193
387468 387550
393127 394331
396442 396814
399855 400148
403547 403634
407314 407489
420014 420504
422758 423465
424287 424482
430302 431359
432205 432834
436341 436969
438042 438700
439657 439854
448109 448759
449916 450229
454211 454327
458053 458163
461211 461592
474427 474500
480573 480836
483491 483555
484181 484721
485371 485571
486362 486849
489162 489211
491030 491267
494216 494392
497442 497650
498197 498454
500541 500591
501254 501340
505109 505338
507021 507189
514998 515154
517976 518312
519981 520060
526858 527220
531784 531856
540057 540794
541333 541432
548920 549203
550141 550860
552485 552780
559445 560051
562898 563363
565848 565934
569641 569771
574404 574501
576295 577914
578637 578846
580921 581258
582623 582994
583716 583947
584653 585260
586060 586424
588869 588978
591949 592270
593319 593948
597258 597668
598335 598446
603469 603924
605543 605793
609731 611402
612954 613506
615102 615377
