Escherichia_coli_O157_H7_EDL933_0930
1 291
15006 15068
257369 257667
334458 337032
348441 348595
402875 403067
417970 418255
543209 543501
682866 683163
733247 733453
909127 909337
1007920 1007997
1020368 1020566
1100575 1100717
1385397 1385580
1580708 1580887
1647164 1647518
1701262 1701555
1759277 1759464
1888486 1888543
2161486 2161734
2174401 2174579
2195112 2195419
2221029 2223426
2394485 2394581
2435424 2435606
2474197 2474458
2686049 2686554
2710953 2711066
2793137 2793459
2855851 2856110
3158459 3158737
3163993 3164104
3490833 3491000
3590510 3590718
3739156 3739315
3790619 3790920
3809045 3809204
3831588 3831839
3869053 3869107
3973747 3973824
4009280 4009370
4014434 4020907
4331678 4331753
4610459 4610727
4866446 4866691
5004329 5009097
5212148 5212365
5212925 5212981
5237124 5237912
5383883 5383947
5408668 5408920
Escherichia_coli_O157_H7_EDL933_ancestor
1 291
127647 127899
226977 232189
269545 269759
273045 274221
324202 324419
345584 347703
374669 376767
391397 391582
484123 484454
518300 518481
616915 617957
618785 619590
660154 660399
664415 665163
670165 670429
808909 811357
814422 815187
896237 897407
900118 900832
919573 919903
920756 921221
1056788 1057020
1058290 1059983
1062837 1062978
1067208 1073517
1075529 1079684
1081232 1081530
1084931 1085003
1086488 1089344
1098547 1103250
1106409 1109638
1111277 1113146
1113777 1120491
1121601 1123037
1123820 1125171
1131781 1137396
1139502 1144269
1245641 1245787
1250102 1252171
1259657 1259763
1262358 1263741
1267396 1271678
1274817 1277861
1280874 1280996
1281609 1282049
1283834 1283925
1285202 1286379
1286894 1287554
1288131 1292373
1294068 1297247
1338141 1338682
1340032 1341876
1347297 1347488
1348023 1350724
1353167 1353301
1357354 1358298
1359379 1361358
1372966 1373237
1393465 1394028
1451604 1451694
1456939 1458444
1459388 1467258
1468168 1470967
1471785 1471856
1473753 1475127
1479753 1481127
1481753 1486560
1489588 1498632
1503483 1506553
1509872 1511348
1512710 1513821
1518427 1519935
1520712 1521472
1522037 1523869
1525400 1531897
1537512 1539552
1541292 1542908
1607708 1607867
1630931 1631442
1634187 1634989
1637998 1640717
1642279 1642795
1645613 1648247
1649130 1654212
1655387 1655577
1656106 1661875
1663424 1664419
1705879 1706391
1715278 1715387
1716872 1716990
1717550 1723080
1729353 1730231
1733233 1735239
1742254 1744720
1748618 1749989
1763547 1768405
1770749 1770971
1771540 1771792
1805301 1805522
1844296 1844368
1845113 1847133
1848317 1848618
1856049 1856400
1859973 1864725
1865620 1878971
1880186 1881437
1882510 1882637
1883242 1885421
1888234 1890480
1891295 1891565
1894144 1894313
1897244 1897330
1901808 1902113
1903527 1903857
1904576 1904800
1906114 1913417
1918415 1918514
1923106 1923461
1924608 1935943
1936506 1936647
2034494 2034661
2043396 2044686
2048398 2048940
2124079 2124220
2126132 2127685
2128784 2128911
2129864 2130366
2130962 2131722
2132996 2133447
2134722 2135686
2136243 2137328
2137999 2138547
2139062 2140137
2140691 2141001
2141341 2141502
2142604 2144225
2144733 2147870
2218608 2219655
2249631 2253268
2253770 2254228
2286972 2289129
2293992 2294270
2295929 2296526
2297800 2299196
2300414 2301268
2302361 2302848
2303447 2305546
2307681 2308475
2309035 2316003
2316759 2335006
2336182 2339111
2339732 2339838
2344382 2345220
2345932 2345988
2346654 2347340
2348025 2348157
2512321 2512374
2548800 2549855
2624913 2624963
2680457 2680716
2698253 2698975
2707102 2707420
2729004 2729300
2764407 2768153
2769156 2774523
2775662 2778858
2779909 2783256
2783793 2784486
2785548 2785781
2787166 2790459
2791085 2794007
2799574 2800147
2825501 2825614
2830064 2832311
2836451 2837494
2979193 2980306
2985143 2987178
2988407 2990228
2990952 2991818
2992493 2992762
2993292 2994279
2994972 2995841
2996653 2997600
3000619 3001731
3007721 3011607
3012471 3012740
3017770 3018222
3019665 3020076
3024314 3024395
3026099 3027831
3230766 3230901
3233516 3233637
3259431 3259679
3341635 3341813
3362346 3362653
3550254 3555209
3566964 3574208
3576087 3576923
3578254 3578680
3588292 3588437
3614885 3614947
3799359 3799546
3881229 3881966
3889049 3889403
3941300 3941933
3957057 3960281
4099313 4099500
4121093 4121963
4246393 4251436
4296379 4296521
4329844 4329928
4421329 4421416
4476617 4478137
4510570 4510727
4511626 4513447
4543286 4543496
4554221 4554419
4612408 4612478
4673789 4675955
4677265 4677405
4760603 4760809
4822692 4827872
4853404 4853701
4863691 4863981
4919181 4924364
4973546 4973838
5016600 5020074
5063476 5068474
5073007 5073656
5104453 5109571
5149848 5149994
5171798 5172083
5217524 5217678
5229820 5229934
5280109 5280278
5282852 5283150
5293153 5293222
5332024 5332105
5352969 5353301
5398251 5399290
5441270 5441453
5520616 5520782
