Ecoli_0920_Ancestor_
3255 3544
11239 11299
13033 13373
25085 25410
28489 28711
41848 42169
43762 44037
46004 46054
54859 55112
65184 65341
65940 66085
66834 67263
67957 68481
70297 70415
71409 71749
75287 76263
82236 83247
86440 86556
91391 92426
103661 103923
105012 105249
119168 119479
122559 122686
126207 126442
134976 135134
147087 147390
152618 152691
153291 153606
155489 155770
167320 167393
170168 170454
171230 171380
182623 182746
194728 195040
199567 199977
208442 208510
210468 210678
213141 213293
221527 221616
235359 235724
239629 240074
245040 245176
246350 246597
257223 257444
265348 265600
271941 272264
281998 282190
285615 286059
289673 289862
293433 293636
294522 294870
311136 311208
328602 328977
339416 339685
347155 347291
354174 354351
359164 359641
362138 362454
366100 366176
369056 369978
377224 383739
389185 389370
394973 395285
413884 414752
418974 424406
433457 433634
434604 434801
437837 438426
444305 444417
460530 460827
462892 463203
463997 464219
467217 467466
477080 477372
485181 485675
500557 500665
503541 503761
507793 508079
518843 518972
524247 524625
525360 525584
533695 533806
535329 535487
549809 555506
557312 557500
563370 563721
565115 565481
579036 579345
582312 582389
588083 588245
596121 596206
619105 619175
630948 631277
640697 640899
644010 649257
656908 657041
664103 664374
674008 674134
682711 682852
686768 687096
696056 696181
698824 699077
704672 704969
708216 708875
748246 748374
752177 752244
761175 761380
768598 769002
773052 773140
774507 774783
784378 785040
795017 795266
803219 803458
809033 809094
817648 817800
822384 822693
824050 824168
825085 826273
827768 828300
831755 832315
839291 839377
845877 846141
853191 853569
855971 856221
860950 861139
869004 869430
876569 876669
883313 883437
889623 889808
904915 905042
914613 915015
920151 920242
923566 924471
937667 938675
942798 943054
952050 952176
952939 953103
955840 956350
965426 966111
968041 971289
975918 976069
979011 979110
982247 982815
1003104 1003167
1006386 1007562
1008834 1009214
1015810 1016055
1022089 1022418
1027833 1027908
1029221 1029917
1040841 1041574
1049731 1050010
1051835 1051947
1063401 1064132
1066242 1066324
1086806 1086982
1087578 1087719
1092464 1092650
1096696 1097070
1097574 1097868
1102651 1102817
1107818 1108586
1111956 1112071
1114098 1114156
1119719 1120351
1123843 1124400
1130900 1131001
1135199 1135450
1147289 1147383
1152114 1152184
1155787 1155892
1160191 1160588
1161912 1167478
1178496 1178724
1185798 1185924
1198723 1198964
1208605 1208693
1209483 1209887
1212780 1213894
1218537 1218831
1224148 1225153
1226454 1226795
1228715 1229116
1242971 1243160
1246419 1246502
1252969 1253086
1257356 1257986
1269919 1269971
1287646 1288012
1303861 1304215
1305507 1305985
1306998 1307117
1320035 1320180
1322738 1322878
1323897 1324331
1327846 1327951
1332995 1333050
1341308 1341827
1351040 1351241
1359399 1359449
1364984 1365057
1403105 1404591
1405806 1406097
1412976 1413149
1414779 1414968
1422620 1422679
1440904 1441033
1459557 1460496
1462196 1462362
1469845 1470064
1475663 1475789
1484711 1484882
1505987 1506388
1517944 1518429
1528211 1528957
1533014 1533192
1538832 1538940
1544683 1544955
1555682 1556137
1557842 1558042
1562865 1562995
1589288 1589536
1593209 1594334
1597711 1597894
1608254 1608655
1614253 1614512
1616472 1616703
1634942 1635389
1645229 1645812
1658080 1658362
1692571 1692891
1697096 1697554
1710598 1711703
1713878 1714241
1723514 1723820
1727675 1727949
1730178 1730257
1752035 1752258
1763710 1764141
1765496 1765658
1783160 1783424
1787349 1787590
1789672 1789911
1792835 1792992
1793605 1793748
1798339 1798526
1820757 1821089
1824895 1825250
1831594 1831832
1835920 1836211
1852616 1852763
1859225 1864643
1865605 1865685
1875258 1875493
1891137 1891277
1899633 1899778
1913929 1914123
1934233 1934534
1937549 1938321
1944639 1944742
1946672 1946881
1950058 1950292
1957328 1957415
1969924 1970087
1974472 1974626
1975609 1975965
1993540 1993722
1997513 1997591
2011578 2011651
2028676 2028822
2046343 2046609
2052223 2052296
2066780 2066857
2075285 2076562
2086799 2087149
2088829 2089000
2089505 2089874
2094631 2094866
2097835 2097894
2109217 2109581
2149299 2149590
2171158 2171261
2175728 2175965
2177665 2178052
2178854 2179417
2187249 2187364
2192635 2192729
2193409 2193669
2197527 2197834
2212670 2212951
2217325 2217379
2232132 2232539
2238407 2238488
2256403 2256532
2259696 2260161
2264763 2264936
2285876 2286305
2291859 2292194
2294876 2295145
2300446 2301786
2326502 2327864
2328485 2328673
2338778 2338990
2345499 2345622
2355862 2356324
2366999 2367325
2368788 2369266
2377209 2377477
2401915 2402324
2405123 2405383
2412599 2412691
2413204 2413682
2419475 2420536
2438703 2439002
2440053 2440414
2445650 2445972
2474000 2474560
2487957 2488899
2492315 2492559
2504309 2504958
2507541 2507648
2515426 2515476
2519263 2519705
2520680 2521685
2523601 2524529
2525471 2525646
2532121 2532261
2549938 2550180
2556077 2556161
2558364 2558541
2561297 2561604
2592175 2592496
2595262 2595582
2601727 2601856
2605456 2605900
2608043 2608168
2615365 2615508
2628734 2629102
2637307 2637788
2646733 2647067
2650985 2651144
2653306 2653577
2654685 2654824
2670221 2670390
2678858 2679059
2679794 2680483
2696983 2697195
2721086 2721430
2739099 2739459
2749270 2749667
2750252 2750314
2753932 2754283
2757972 2758030
2773161 2773400
2799690 2799999
2806471 2807029
2823492 2823579
2836237 2836446
2842234 2842523
2847717 2848002
2870936 2871053
2873683 2873813
2876906 2877210
2883995 2884358
2896256 2896383
2906351 2906412
2911390 2911813
2922561 2922796
2923993 2924169
2935919 2936275
2939354 2939775
2942841 2942890
2944424 2945030
2954011 2954434
2956055 2957321
2958612 2958860
2961479 2961661
2967936 2968300
2973353 2973690
2987117 2987305
2997657 2997928
3003590 3003760
3005833 3006340
3019101 3020093
3027457 3027868
3038536 3039010
3045408 3045661
3049200 3049471
3057988 3058673
3061820 3062713
3065722 3065980
3076970 3077165
3098870 3099210
3104828 3104944
3111019 3111130
3122403 3122623
3124478 3124804
3129457 3130822
3136256 3136366
3147109 3147496
3154712 3155038
3163103 3163645
3164224 3167332
3168338 3168391
3176373 3176624
3181086 3181747
3184148 3184211
3186873 3186927
3193661 3194666
3202494 3202815
3203316 3203976
3205975 3206266
3209464 3209729
3215854 3216216
3220543 3220801
3261786 3262009
3276493 3276850
3279079 3279326
3290204 3291211
3305496 3305768
3313744 3314118
3322058 3322391
3322947 3323021
3333981 3334281
3344710 3344970
3346542 3346671
3353507 3353621
3364748 3365101
3365637 3365885
3368587 3369159
3385562 3385848
3401602 3401871
3413958 3414101
3421010 3421219
3436579 3436631
3439389 3439714
3442119 3442488
3465753 3465996
3467250 3467498
3474503 3474635
3481509 3481771
3493153 3493744
3495400 3496461
3515483 3515610
3517253 3517536
3519537 3519646
3520997 3521187
3528868 3529429
3540496 3540877
3544792 3545097
3550415 3550512
3560894 3561193
3562738 3562976
3570136 3570228
3584032 3584189
3587220 3587735
3596354 3596568
3597371 3597492
3599992 3600133
3602471 3602593
3621019 3621231
3621960 3622093
3625991 3626169
3637471 3637574
3644641 3644960
3653271 3653671
3655072 3655170
3659791 3659939
3677629 3677798
3683669 3683750
3684564 3684645
3693551 3693740
3702613 3702783
3717648 3718144
3722077 3722177
3723975 3724130
3724812 3725032
3735162 3735466
3738898 3739190
3751646 3752159
3763085 3763191
3770197 3770340
3792856 3793184
3794435 3794726
3804387 3804620
3820756 3821043
3830156 3830605
3840389 3840563
3855805 3856413
3857650 3858657
3860368 3861193
3862237 3862481
3870292 3870720
3871331 3871565
3874481 3874669
3876675 3876826
3895024 3895291
3899852 3900065
3901852 3903175
3919153 3919388
3928357 3928947
3929664 3930526
3935597 3935808
3939102 3939165
3940470 3940676
3948331 3948987
3960427 3960803
3961370 3961491
3965002 3965181
3966971 3967118
3981195 3983189
3988422 3988693
3992959 3993199
4002142 4002678
4009371 4010396
4015113 4016119
4017581 4017725
4022868 4023934
4032362 4032444
4042656 4042761
4045624 4046200
4048600 4048681
4050197 4050387
4054367 4054471
4080734 4081041
4089560 4089686
4103186 4103816
4112847 4112984
4116927 4117029
4119312 4119428
4121425 4121632
4124690 4125174
4134503 4134789
4157266 4157492
4160983 4161317
4176525 4176729
4188504 4188703
4197931 4198997
4203924 4203977
4208306 4209445
4214040 4214323
4217243 4217300
4223988 4224192
4233044 4233387
4239094 4239394
4244400 4244550
4245785 4246202
4247387 4247454
4250444 4250507
4263616 4263758
4273511 4273692
4274380 4275476
4281688 4281810
4294480 4294554
4299500 4300264
4310791 4311867
4315850 4316779
4317652 4317833
4318708 4320159
4329965 4330190
4330890 4331672
4332227 4332797
4361954 4367240
4369649 4369768
4378287 4378426
4379962 4380214
4381006 4381250
4384257 4384440
4385253 4385361
4390346 4390542
4397780 4397991
4404940 4405017
4411016 4411788
4423037 4423167
4436302 4436368
4450620 4450676
4456668 4456861
4468814 4469018
4482685 4482801
4490735 4491634
4494818 4494950
4505510 4505623
4513973 4514646
4524734 4525137
4526812 4527162
4534295 4534525
4536341 4538068
4540415 4541320
4547618 4547686
4552501 4552800
4557237 4557969
4561967 4562185
4570672 4570750
4580739 4580915
4589684 4590045
4591201 4591388
4596332 4596505
4598021 4598312
4601414 4601532
4608245 4608756
4614864 4615179
4619172 4619368
4639138 4639391
