gi_556503834_ref_NC_000913.3_
1 16015
16744 19336
19957 26336
26917 28723
29262 36450
37034 50840
52036 107664
108174 174700
175256 196785
197331 210868
211405 220952
221573 227336
228549 277234
277933 301674
302191 351870
352529 381488
382159 389196
389760 418918
419424 433304
433963 440763
441347 453488
454225 454492
455096 489435
489973 564714
565218 567589
568102 602531
603114 611925
612578 619522
620034 638499
639059 705056
705578 735545
736096 752905
753415 757644
758189 770177
770748 821938
822455 871251
871794 889114
889704 897348
897855 905308
905853 909675
910182 911569
912098 921269
921927 1006396
1006908 1018075
1018623 1025371
1025888 1067280
1067992 1094590
1095623 1098105
1098659 1160596
1161424 1201570
1202153 1212557
1213241 1296004
1296572 1313019
1313568 1354754
1355363 1413903
1414446 1421516
1422105 1437360
1437884 1444357
1444927 1455778
1456351 1533851
1534417 1570104
1571102 1578441
1578961 1633977
1634744 1699044
1699660 1729057
1729577 1738929
1739496 1742498
1743084 1746514
1746813 1753054
1753732 1760574
1761084 1812377
1812882 1839775
1840297 1863084
1863690 1872497
1873147 1885467
1886041 1894403
1894910 1895224
1895735 1946016
1946517 1963278
1963792 2068745
2069342 2074227
2074808 2081656
2082159 2098682
2099188 2101893
2103019 2139233
2139740 2155835
2156376 2220291
2220814 2252048
2252575 2257738
2258438 2301512
2302183 2308638
2309296 2310246
2310758 2339620
2340225 2359056
2359587 2392328
2392998 2474642
2475196 2522696
2523241 2611774
2612298 2667784
2668374 2673418
2674064 2766696
2767326 2796346
2796916 2816927
2817572 2830004
2830618 2854045
2854691 2860387
2861026 2887314
2887833 2941421
2942044 2946634
2947174 3007809
3008324 3012299
3012818 3098024
3098598 3099849
3100386 3160875
3161405 3212147
3212738 3235157
3235837 3260829
3261441 3311819
3312530 3358799
3359432 3423511
3424111 3430168
3430783 3433689
3434239 3458684
3459375 3485113
3485627 3489437
3490038 3506464
3507441 3523789
3524428 3562909
3563419 3568303
3568806 3572478
3572989 3600193
3600760 3602054
3602614 3656691
3657241 3705112
3705760 3711914
3712416 3714435
3714991 3717037
3717585 3725165
3725695 3780294
3780817 3797096
3797807 3804209
3804732 3844429
3844995 3884430
3884933 3914453
3914959 3990949
3991542 4054683
4055188 4108966
4109468 4131269
4131769 4135885
4136453 4150163
4150827 4152516
4153066 4154054
4154833 4184747
4185346 4302233
4302786 4319416
4319941 4409685
4410196 4428541
4429497 4446467
4446987 4560392
4560915 4584390
4584899 4619793
4620398 4634680
4635223 4641652
