Ecoli_0975_Taxon016_
15442 20124
165306 173370
223520 260852
270608 273276
273830 275040
276086 281233
281920 284966
290496 291296
331672 336462
380280 387402
391764 393728
439099 443020
451025 469059
566835 567979
574646 581586
592743 595661
671758 709254
710090 722073
734345 739722
829314 874542
1030588 1039711
1049883 1050490
1088522 1095444
1096568 1101564
1110792 1113898
1159901 1170283
1182147 1215890
1236237 1244179
1255636 1284359
1289486 1324496
1333380 1338204
1347730 1351565
1390896 1405848
1430317 1434658
1468201 1470424
1529720 1531445
1537715 1541051
1549025 1570627
1574894 1588002
1599484 1608365
1610962 1622009
1631729 1632582
1633325 1659474
1803640 1810620
1818581 1818936
1821127 1831122
1968643 1969763
1978717 1979015
2066338 2086162
2089160 2098301
2115055 2123928
2125356 2135794
2136455 2146700
2153396 2170371
2171345 2184458
2200022 2203152
2213740 2214900
2230833 2239234
2289066 2307768
2312205 2313331
2514328 2523024
2691864 2706412
2720047 2721166
2729783 2743617
2814576 2819417
2823633 2824048
2836980 2842397
2928269 2935682
2970284 2991268
2991824 3000395
3050528 3052106
3058165 3069010
3073560 3077974
3080880 3082021
3177482 3182209
3196436 3197466
3203047 3203862
3204368 3205651
3206157 3209475
3220032 3221205
3358256 3366641
3387772 3389343
3423765 3451621
3452217 3456555
3479564 3487686
3490169 3495119
3495649 3507960
3508539 3511051
3535894 3555931
3583533 3584387
3619328 3622781
3652091 3653119
3666260 3668421
3682463 3695007
3764487 3765772
3772592 3776118
3776808 3779656
3836817 3838380
3841813 3851258
3868126 3890225
3921290 3921416
3922075 3950248
3952375 3954152
3968072 3979822
3980334 3988078
4029933 4041202
4102684 4117736
4128144 4129504
4130008 4141244
4141829 4147009
4152242 4154091
4223792 4224015
4303233 4311956
4406113 4427140
4434607 4439997
4446623 4459892
4462991 4473214
4476172 4485983
4488942 4503759
4515725 4517405
4520190 4525814
4526337 4528573
4529141 4532711
4536212 4541862
4573872 4589527
4637026 4641652
