Ecoli_0920_Ancestor_
1 218
21758 21894
25501 25568
35728 35844
38366 38525
41871 42169
65184 65313
65987 66085
68581 68975
82064 83247
91391 92711
102173 102353
105012 105212
127391 127663
134777 135080
147087 147433
151354 151407
153291 153602
179054 179325
195090 195181
198191 198296
205133 205194
208442 208510
235359 236003
239869 240092
246290 246590
269606 269732
272345 272575
281969 282190
294605 294852
302370 302427
304662 304856
328602 328862
355051 355212
376346 376409
377743 383072
389957 390823
410439 410547
418881 424199
433457 433634
444305 444417
462431 462876
467908 468023
477542 478137
485181 485432
486198 486325
496312 496527
507937 508079
535329 535487
548756 548926
550045 555327
561096 561346
563226 563293
596016 596206
598039 598273
609857 610013
619275 619384
626268 626364
644010 649248
662521 662711
704728 704969
724647 724810
744435 744507
803219 803429
807965 808073
809033 809094
817246 817739
822769 822886
824050 824185
825100 826844
827768 828215
839287 839377
853147 853569
855971 856283
883313 883437
896828 897086
908803 908886
918790 918973
923566 924471
937667 938903
947325 947513
954297 954464
955840 956128
965436 966024
968002 969264
969820 971307
982213 982269
1006428 1007907
1008864 1008959
1027459 1027908
1030177 1030547
1036699 1036952
1040841 1041379
1096427 1096629
1119719 1120506
1152108 1152210
1162115 1167503
1179430 1179584
1198697 1198919
1213123 1213218
1223140 1223283
1224149 1225153
1228672 1228988
1258072 1258252
1266222 1266271
1281354 1281489
1320035 1320180
1332985 1333049
1392233 1392361
1402794 1404591
1405771 1405938
1417413 1417735
1459657 1460496
1498840 1499028
1506094 1506388
1518332 1518429
1525298 1525599
1558936 1561036
1589432 1589536
1593209 1594334
1608132 1608219
1627291 1627589
1634942 1635166
1638061 1638159
1639132 1639638
1643201 1644152
1690445 1690842
1727669 1727949
1730178 1730254
1772472 1772874
1783160 1783391
1789672 1789911
1793644 1793913
1800698 1800955
1835920 1836581
1841688 1841748
1850616 1850700
1859283 1864679
1878898 1879109
1883977 1884471
1892026 1892242
1923203 1923282
1934178 1934534
1936173 1936313
1956948 1957604
1972674 1972867
1974472 1974626
2052223 2052296
2057906 2058121
2068830 2068980
2075286 2076562
2101427 2101665
2122207 2122322
2129561 2129755
2137932 2138030
2152608 2152670
2164866 2164920
2167470 2167900
2179240 2179304
2206328 2206445
2212670 2212968
2221385 2221610
2226416 2226734
2232357 2232539
2259940 2260161
2277830 2278301
2282904 2283088
2285874 2286279
2291665 2291797
2300446 2301786
2313137 2313276
2328492 2328673
2344784 2344866
2355816 2355994
2366999 2367435
2397320 2397460
2400927 2401256
2402146 2402323
2410695 2411088
2422103 2422159
2440053 2440414
2443358 2443608
2449083 2451494
2474379 2474547
2484342 2484722
2487984 2488897
2492467 2492559
2504662 2504952
2519263 2519755
2520680 2521685
2523606 2524529
2529981 2530084
2533385 2533444
2538180 2538421
2547278 2549277
2549938 2550161
2552872 2553108
2556077 2556266
2561297 2561616
2599349 2599551
2605456 2605900
2610905 2611025
2615367 2615454
2637307 2637422
2638784 2638937
2639715 2639793
2653323 2653640
2654665 2654966
2656595 2656705
2666969 2667106
2670221 2670442
2693870 2694157
2706621 2706678
2735064 2735183
2753932 2754188
2810933 2811209
2812857 2812983
2841294 2841360
2868988 2869291
2879011 2879138
2880657 2880929
2884091 2884378
2908879 2909032
2939354 2939792
2944424 2945213
2954011 2954434
2954966 2955164
2956049 2956400
2957574 2957755
2961479 2961581
2967936 2968300
2973353 2973963
2976699 2976901
2987190 2987305
3019101 3020018
3027781 3027868
3037554 3037644
3038536 3039010
3058077 3058178
3062090 3062727
3065584 3065678
3076970 3077279
3082050 3082259
3092861 3093074
3094267 3094497
3095186 3095420
3122403 3122623
3129222 3131429
3136348 3136402
3147109 3147211
3152440 3152573
3162942 3163645
3164574 3166945
3168548 3168629
3174928 3175142
3193661 3194666
3206026 3206266
3227028 3227208
3231398 3231834
3276904 3277415
3279033 3279326
3287246 3287455
3288651 3289296
3290238 3291322
3305477 3305762
3320409 3321290
3322203 3322391
3368113 3368496
3400880 3402843
3411598 3412995
3442284 3442334
3454658 3454931
3493156 3493821
3495391 3496734
3504499 3504600
3515532 3515581
3517258 3517490
3528797 3528881
3540496 3540911
3564635 3565013
3570136 3570228
3571460 3571618
3580338 3580589
3603416 3603723
3621019 3621231
3626011 3626068
3637408 3637574
3640719 3640925
3653421 3653661
3659832 3659939
3663613 3663813
3674690 3674791
3706587 3706984
3717648 3717749
3735184 3735410
3756054 3756365
3762078 3762230
3763087 3763242
3792868 3793184
3794435 3794726
3817660 3818097
3830636 3830690
3837657 3838031
3853026 3853960
3855796 3856005
3857650 3858657
3859337 3859444
3860368 3861167
3874481 3874652
3876682 3876826
3881067 3881644
3901852 3902681
3921364 3921540
3923420 3924270
3930583 3930753
3938703 3939013
3940403 3941501
3960790 3961266
3965002 3965181
3967118 3967229
3967837 3967895
3982146 3982813
3992959 3993199
4009145 4010820
4015111 4016417
4022868 4023934
4041272 4041459
4050193 4050365
4053294 4053452
4060798 4060883
4064137 4064795
4095458 4095639
4098471 4098542
4103186 4103555
4110487 4110615
4161172 4161317
4174114 4174376
4197931 4198997
4203930 4204261
4208313 4209357
4214040 4214617
4221455 4221691
4233154 4233367
4241118 4241210
4250595 4250951
4270299 4273428
4274358 4275476
4299502 4300264
4310791 4311529
4315312 4316750
4318915 4319874
4332227 4332797
4355408 4355564
4361954 4366941
4378313 4378426
4390367 4390512
4393134 4393296
4404940 4405043
4411497 4411788
4430639 4431141
4442848 4443133
4449546 4449942
4459380 4459695
4468814 4469085
4496963 4497175
4498872 4499087
4509079 4509172
4510234 4510709
4520357 4520556
4524488 4524726
4536893 4537780
4539022 4539150
4540016 4541320
4546913 4547067
4557247 4557550
4584643 4584767
4599495 4599635
4626267 4626401
4631565 4631881
4639043 4639391
Ecoli_0909_Taxon010_
3633 3871
15937 16027
16669 17051
18167 18258
19161 19482
41650 41844
44957 45353
54791 55106
70973 71076
77530 77821
79798 80069
91035 91197
93819 93964
119382 119504
124739 124873
151505 151645
159554 159708
169888 170191
203576 203861
212378 212491
274208 274344
315797 316081
344841 345091
369113 369349
376255 376764
392065 392172
416428 416690
423747 423818
429487 429817
441281 441397
457015 457352
481219 481406
490144 490492
493261 493399
502080 502390
504778 504886
511896 512024
528379 528558
546835 547080
548341 548422
556336 556576
565599 565814
589342 589594
615692 615761
618595 618876
659907 660158
666632 667384
668179 668690
671877 673827
685548 685602
691182 691556
701093 701264
703294 703438
704797 704912
707679 708256
752002 752136
762786 762835
770045 770159
796078 796369
797576 797936
827613 827717
828574 828728
834539 834750
855394 855620
873322 873423
926991 927191
930865 931072
936326 936566
949879 950085
964736 964793
969573 969785
978730 978798
984316 984366
987081 987537
1010215 1010466
1015217 1015405
1019186 1019344
1020576 1020668
1032771 1040401
1083499 1083572
1088629 1088996
1090501 1090828
1102859 1103135
1121348 1121783
1134221 1134514
1188783 1188911
1198256 1198616
1246062 1246133
1252330 1252665
1255235 1255285
1267609 1267975
1328383 1328632
1330209 1330441
1337802 1338157
1353786 1354066
1358156 1358696
1393203 1393443
1394815 1394927
1404918 1405288
1425838 1426058
1431895 1432059
1434502 1434864
1444503 1444618
1450544 1450681
1452190 1452662
1470240 1470506
1478564 1478751
1505583 1505717
1506365 1506625
1507829 1508049
1536236 1536363
1552270 1552451
1565875 1565965
1576461 1576786
1580269 1580356
1596705 1597788
1613903 1614105
1616954 1617037
1629192 1629325
1645584 1646380
1666284 1668020
1699688 1701519
1703343 1703599
1733142 1733198
1733749 1733936
1748258 1748417
1756032 1756335
1760819 1760883
1775882 1776230
1800717 1800870
1833765 1834041
1835689 1835815
1882275 1882477
1888863 1889065
1899424 1899501
1901795 1901910
1918958 1919259
1955267 1955404
1970914 1970971
1979883 1979957
1997144 1997242
2003708 2003876
2044446 2044627
2046849 2047107
2085060 2085379
2090410 2090599
2093568 2093804
2096515 2096738
2111410 2111610
2114483 2115022
2127261 2127413
2130364 2130476
2137871 2138033
2140643 2141489
2153625 2153986
2197572 2197874
2220244 2220421
2248331 2248417
2255311 2255568
2265046 2265120
2266228 2266473
2317776 2318306
2320856 2320910
2330334 2330555
2335904 2336123
2341249 2341369
2375186 2375424
2395966 2396081
2400740 2400899
2414990 2415645
2421688 2422086
2437392 2437493
2439206 2439317
2463847 2464145
2467794 2467976
2473599 2473917
2478823 2478948
2489540 2489727
2493986 2494276
2509933 2510096
2516227 2516293
2542371 2542542
2550727 2550828
2553908 2553979
2556118 2556272
2557877 2558070
2594894 2595753
2613126 2613199
2619422 2619705
2631712 2631838
2656270 2656626
2667520 2667601
2684212 2684423
2717703 2717885
2721908 2722556
2736601 2736688
2745648 2745864
2788082 2788313
2794594 2794833
2798566 2798695
2805620 2805877
2815206 2815412
2818656 2818712
2826542 2826596
2847815 2848179
2855532 2855761
2858651 2858749
2880379 2880430
2936768 2937099
2978428 2978585
2985894 2985945
3004855 3005156
3031856 3032171
3095455 3095519
3108324 3108469
3164361 3164465
3232621 3232695
3247365 3247493
3252859 3253079
3257926 3258167
3259305 3259523
3261012 3261070
3280066 3280240
3292100 3292233
3310980 3311183
3315622 3315700
3317927 3318207
3326592 3326803
3345987 3346097
3364684 3365433
3374701 3374844
3380055 3380549
3391885 3392107
3431953 3432356
3433666 3433988
3549425 3549963
3553852 3554105
3562896 3563357
3581908 3581977
3582897 3583143
3634676 3634964
3643291 3643479
3647825 3649024
3666702 3667059
3671831 3672014
3722174 3722486
3746147 3746234
3757183 3757307
3763031 3763289
3766619 3766754
3767918 3768035
3773240 3773558
3781710 3781771
3787432 3787585
3805847 3806059
3849853 3850176
3868392 3868633
3883479 3883742
3944326 3944436
4017703 4017893
4019726 4019960
4030535 4030634
4031544 4031700
4039823 4039964
4041878 4041970
4055317 4055475
4073838 4073937
4120314 4120565
4125657 4125815
4142359 4142428
4169752 4169889
4180600 4180712
4200171 4200394
4219349 4219570
4228151 4228239
4232785 4233079
4235318 4235371
4265982 4266409
4284101 4284340
4321491 4322188
4349197 4349323
4351936 4352164
4354801 4355445
4369071 4369367
4382294 4382362
4398004 4398118
4411479 4411845
4417082 4417706
4435007 4435455
4437202 4437513
4443389 4443717
4473737 4474262
4475225 4475651
4476576 4476776
4512764 4512857
4513882 4514075
4528527 4528624
4537891 4538074
4538740 4538869
4542697 4542959
4546208 4546344
4553801 4554385
4561620 4561761
4571391 4571575
4574921 4575219
4591103 4591295
4597013 4597072
4601048 4601649
4602498 4602692
4620965 4621026
4629102 4629287
4640464 4640724
