gi_556503834_ref_NC_000913.3_
1 192
1256 1883
2681 4107
5004 5594
7633 8975
9645 9860
11264 11592
12133 12558
13680 14416
15207 15284
15376 18355
19508 20751
21528 21629
23010 23156
24007 24300
25284 26372
27109 28299
29967 30161
31313 31404
32158 32445
35656 41046
41692 41958
42768 44926
46843 47224
48321 49928
52180 52368
53700 53992
54540 55044
55644 55918
57278 57750
58473 58766
59394 59832
60502 62012
62620 65022
65900 66134
66564 66648
67967 68641
69362 70015
71837 72633
73942 75087
76952 77763
79230 79433
80128 80431
81517 81720
83559 84427
85376 86631
88010 88652
89205 89266
89997 90613
91981 92936
93443 94791
96117 96245
96879 96958
97769 99421
100415 103452
104650 104759
107508 108918
109623 109913
110463 111675
113477 113788
115009 115968
117029 118943
120603 122692
123275 125959
128157 129675
130968 132305
133358 134102
136011 136206
139807 141672
142207 143382
144203 144621
145356 145960
146462 146583
149494 149624
150147 151335
152517 153554
154999 156484
157654 158041
160837 161004
162504 162596
163161 165052
167710 168274
168992 169638
170165 170239
171227 171836
172667 175346
176834 177538
178107 178208
180426 180857
182110 182474
183283 183588
184398 184454
185405 185964
186562 186778
187324 187720
189248 189839
190581 191187
192153 192645
194099 194211
195131 195755
196670 197597
198120 200561
201066 201157
203351 203579
205618 205687
206547 207837
210321 211504
212464 213412
213970 215414
216773 217681
218265 218832
219744 221097
221954 222252
223073 229464
230982 231121
231677 232801
233460 233721
234778 235212
236964 237345
239261 239325
239971 240100
243323 243545
244299 245641
247825 249210
250588 251321
251918 252162
252673 253688
255734 256734
257922 258602
259382 259640
260322 262874
265170 265755
266782 268206
269786 269886
270393 270526
272642 276016
279933 280753
281511 283986
286716 287282
287786 289129
290711 291403
292017 293437
294385 294451
297668 299870
300501 301069
302414 302985
303915 304007
304805 305914
306499 306739
307280 307461
309401 310404
312594 313187
314360 318792
320746 320897
321518 322977
325240 325914
328426 328480
329580 331931
332916 333966
334559 335281
336130 336220
337474 337987
339808 339965
340852 341575
342435 343015
343698 343758
344445 344541
345701 346102
346851 347229
348687 350650
351585 351925
354261 354341
354873 355132
355958 356462
357326 358330
359442 362184
363492 364670
365202 365748
366346 366500
367690 367890
369624 370827
371617 371731
372337 372435
373513 376118
378045 378252
379113 379687
380869 382817
383607 384686
386593 387064
388163 388317
388958 390310
391089 391185
391701 396278
396909 396998
400894 402438
403458 404200
404802 406336
406887 407810
410700 412477
413097 413527
414289 415332
417006 418009
420335 421105
421817 421957
423271 425087
425807 427173
428020 428127
429150 429649
430635 431434
432324 432757
433947 434105
434608 436828
437510 440204
441121 442998
444102 445009
446425 447400
448245 448966
449571 450195
450976 452432
453309 453552
454628 455124
456101 457209
458390 458539
460292 460406
460917 461004
461646 463932
464481 465643
467140 468054
468562 468969
471864 471926
473515 473664
474270 474436
475527 476276
477048 477763
478356 478434
482068 483374
486776 488897
489930 490659
492050 492342
494746 494867
495756 495810
497891 498801
499307 500165
502076 502333
503128 503363
504077 505279
505857 506125
507206 507685
509892 509956
511304 512080
516143 516539
518212 518802
519571 519657
521205 521322
522271 523026
523946 526751
527595 528259
528957 530268
530897 531975
534353 534485
535913 536341
537191 537520
538430 539744
542747 543256
544065 544116
545171 546582
547684 548242
549223 552276
553521 554161
554953 555736
556255 556404
557682 559388
561654 561804
562885 563435
564350 564402
565622 565845
566852 568116
568634 568789
569546 569795
570859 571418
572837 573363
573963 574046
574619 576502
578576 579371
579958 580050
580283 583291
583969 584430
585250 585504
586090 587789
589323 590414
592032 592221
592823 593095
594373 594627
596123 596380
596904 597653
599951 604234
604806 605598
607271 607995
609573 610793
611356 611553
612788 614332
614849 615017
616838 617277
618324 619749
620557 622391
624293 624552
626008 626093
627108 627624
630367 630523
631469 632118
632835 632896
634051 634638
635319 635409
635912 638242
638760 640725
641662 641823
642398 642646
643441 644015
645006 645320
646129 646827
647978 649582
650085 650214
650857 652392
654036 655240
656385 656587
659446 659508
660682 661151
661891 662799
663988 669764
670456 671029
671886 672740
674142 674547
675271 675516
677419 677488
678278 679944
680984 681632
682171 686461
687166 689836
690335 691113
692260 692591
693344 693835
694591 694651
695453 695697
696252 699748
700745 700972
701515 702741
703460 703604
705374 706040
707741 708901
709506 710158
711075 712029
712646 712801
713681 713787
714990 715290
716062 716322
718722 720501
722102 722194
723353 723960
725013 725640
726369 727490
728241 728966
729583 735825
736327 739553
740402 742980
743999 744695
745408 746748
748618 750976
751494 751897
752811 753249
754097 754183
754824 755825
756386 756566
757751 757843
759392 760189
760723 761405
762810 763117
763915 764029
764873 765246
765821 766040
766569 766859
768098 768441
771139 771202
773394 775076
779013 779123
779927 781815
783368 783812
784632 785444
786675 786892
787999 788173
789243 790444
791119 793028
794855 797434
798574 799200
799708 801224
802548 803017
803322 804155
805623 805924
806468 806999
808020 808485
809049 809247
809854 809953
810826 811491
813685 813809
815230 815776
817201 818017
822185 822446
823341 824202
825369 826444
827040 827164
828059 828647
829236 829578
830184 832744
833688 834094
835170 836511
837666 840769
841696 842320
844532 845119
846039 846517
847887 848209
850859 851734
852440 853442
854668 854844
857043 857668
858572 859341
860514 860969
861521 861623
862494 862715
863305 863640
864199 864626
865877 866361
866952 867096
867969 868410
869028 869546
870622 872289
872832 874385
875069 875447
876450 876716
877989 878615
879421 884464
885704 888136
889592 889944
893583 893812
895875 897598
898900 900074
900781 901299
903290 904205
905282 905348
906183 906325
908085 908276
908876 909153
909751 909870
911013 912429
913754 914253
915289 915662
916169 916292
918047 919458
920293 920947
922077 922282
923249 923576
925896 926672
927298 928362
928898 931621
933691 934554
935837 936587
937807 937910
938416 938465
939188 939951
940756 942824
943599 944992
945879 946259
946859 948124
948795 948877
950905 951637
952458 952622
955298 955447
956223 956390
957034 957803
958568 958874
960346 960512
961090 961912
962835 963915
964911 965613
966520 966609
967967 968330
968943 970486
971390 971793
973297 974515
975488 975974
977097 977300
977810 977894
978425 979330
982590 982860
983812 984016
985035 985987
986628 986975
988717 990312
990941 991610
992856 993513
994155 995172
996739 997243
997996 998315
999863 1000180
1001542 1001852
1002555 1002883
1003507 1003772
1005320 1005616
1006837 1006937
1007595 1007781
1008379 1009719
1010705 1010962
1011979 1012400
1012905 1012970
1014952 1015943
1017422 1017586
1018192 1018255
1018912 1019469
1020187 1020323
1021589 1022561
1023591 1024291
1025036 1025440
1026542 1026888
1027913 1028692
1029660 1030525
1031051 1031175
1032638 1033297
1035808 1036343
1036942 1037164
1037789 1039190
1040212 1040556
1041537 1041929
1043588 1044434
1045213 1045353
1046481 1046700
1047434 1051106
1052676 1053718
1054854 1056342
1057195 1058035
1058544 1058697
1059266 1060127
1060760 1061236
1061811 1061992
1062563 1062642
1063332 1064290
1065985 1068572
1069718 1070635
1072998 1073879
1074515 1074874
1076073 1076595
1079828 1080709
1081572 1082309
1083191 1083657
1084825 1085774
1086494 1087924
1088989 1090199
1090978 1091774
1092527 1093218
1093859 1097679
1098533 1098779
1099610 1101553
1103578 1103684
1105373 1105943
1106882 1107825
1108719 1108907
1111912 1112094
1112603 1112687
1113213 1113758
1116737 1116957
1119603 1120313
1124122 1125772
1126453 1126919
1128213 1128698
1129957 1130051
1131593 1131665
1132274 1134594
1135185 1136198
1136893 1137000
1137948 1138726
1139285 1139914
1140657 1141275
1143951 1144077
1144771 1144865
1145732 1146209
1147661 1148870
1149705 1150589
1151289 1151950
1152510 1153620
1154445 1154585
1157284 1158170
1158838 1160548
1161092 1162496
1164794 1165352
1166232 1167145
1168415 1168893
1169759 1170367
1171980 1173309
1176281 1176822
1177897 1178132
1179086 1179243
1179795 1180513
1181082 1181829
1182361 1182584
1183093 1183281
1183612 1183764
1184409 1184676
1185239 1186047
1189111 1190322
1191676 1191844
1193362 1195708
1197207 1198147
1198731 1198818
1202501 1202710
1203589 1205603
1205851 1206391
1209506 1212526
1214026 1214103
1216578 1216916
1218257 1218347
1221243 1221383
1222620 1222736
1223507 1224260
1224987 1225188
1225847 1228738
1229879 1230117
1230749 1231042
1231660 1232244
1233964 1234838
1236043 1236103
1238181 1239864
1240456 1240790
1241472 1241668
1243058 1243543
1244214 1244507
1245858 1247094
1248595 1251759
1253003 1253077
1254676 1255200
1255918 1256274
1257883 1258002
1258714 1258860
1259927 1260054
1261585 1262916
1263430 1264846
1266199 1266621
1268315 1270947
1272896 1273907
1274459 1275036
1275903 1276544
1277779 1278442
1279067 1279352
1280799 1281368
1282400 1283308
1284179 1284670
1286541 1287546
1288771 1288828
1291044 1291483
1291990 1293792
1294499 1295505
1298319 1298444
1299176 1300697
1303186 1303306
1303951 1304009
1306753 1307500
1308052 1308442
1310645 1310788
1312172 1312557
1313142 1314031
1314534 1316104
1317035 1317159
1317837 1317901
1318747 1319007
1319937 1320101
1321416 1321766
1322417 1322970
1323740 1324893
1326064 1326344
1327108 1329854
1330363 1330484
1331611 1332691
1333526 1334338
1334960 1336237
1337079 1337162
1338511 1340127
1341318 1341449
1341961 1342396
1343327 1344743
1345276 1346261
1347202 1347536
1348459 1348894
1349585 1350484
1352157 1353022
1353632 1354594
1355284 1355937
1359444 1359873
1360995 1363971
1364838 1365041
1366009 1366202
1367099 1367543
1368159 1368617
1369530 1370462
1373052 1373593
1374824 1375122
1376508 1377592
1378381 1378878
1379570 1380105
1382154 1382422
1383529 1384168
1385272 1386101
1386694 1386965
1388617 1390052
1391016 1391943
1393097 1394156
1394826 1395124
1395783 1397957
1399811 1400094
1401700 1402565
1403594 1405003
1405540 1406031
1407908 1407958
1408479 1408953
1409664 1409959
1411386 1411993
1412817 1413474
1414168 1414756
1416637 1417351
1418171 1418377
1419356 1421414
1422084 1423690
1424736 1424843
1426978 1429782
1430972 1431895
1433605 1435716
1436341 1437122
1438115 1438670
1439578 1440105
1440906 1441793
1442325 1442758
1443919 1444710
1445665 1445752
1447023 1448159
1450593 1451023
1453861 1453976
1454517 1454650
1455614 1456802
1457462 1457667
1459026 1459219
1460318 1460567
1461072 1461319
1461836 1463501
1464785 1466625
1467550 1470439
1471369 1472627
1473156 1474269
1476576 1477403
1479219 1479388
1481818 1482490
1483784 1484243
1485317 1487400
1488287 1488966
1489504 1489869
1491517 1491678
1492627 1495744
1496297 1496463
1497127 1497696
1498497 1499771
1502124 1502470
1503623 1503959
1506829 1507870
1508436 1508993
1509767 1510073
1510807 1510889
1513322 1513405
1514172 1514544
1515619 1515711
1516367 1517286
1518770 1520950
1522040 1522514
1523097 1523948
1524460 1525073
1525881 1526105
1527589 1528285
1529317 1529746
1530869 1531004
1531537 1531696
1533431 1533692
1534376 1534498
1535664 1535934
1537091 1537237
1538041 1538210
1540043 1541957
1542990 1544953
1546171 1546467
1547530 1548446
1550168 1550649
1551900 1552602
1553717 1554146
1556731 1556805
1557378 1557563
1558630 1559465
1560504 1560739
1561963 1563347
1563888 1564137
1565567 1566042
1566708 1569481
1570641 1573427
1574321 1575076
1577194 1577353
1577970 1578429
1580406 1582069
1583690 1584254
1585063 1585194
1585952 1587218
1587749 1588298
1589898 1590401
1592684 1592832
1593724 1594142
1594746 1594963
1596034 1597794
1599190 1599672
1600184 1600413
1602887 1603327
1604033 1604220
1605178 1607250
1608199 1608932
1612115 1612264
1613251 1614360
1615056 1615729
1616234 1616296
1617238 1617385
1617928 1618103
1618646 1619508
1621821 1621894
1622463 1623056
1624599 1625299
1626745 1627940
1628495 1629099
1630063 1630249
1631379 1631556
1633658 1635236
1636919 1637718
1638572 1638643
1639952 1640042
1642834 1644275
1644808 1646211
1648086 1648542
1649116 1649259
1649952 1652487
1653867 1654264
1654796 1655947
1656911 1657517
1661637 1662433
1666805 1666920
1667543 1668246
1670303 1671085
1671594 1672322
1673367 1673582
1675016 1675153
1675741 1676238
1676865 1677453
1678664 1679116
1679744 1679826
1680695 1680837
1682905 1683341
1684282 1686293
1687944 1688719
1689322 1690116
1690827 1691464
1694435 1694594
1696808 1697041
1698921 1700497
1701151 1701247
1701773 1702067
1703222 1703742
1704752 1705186
1705875 1706446
1708844 1709264
1710333 1711831
1712562 1713455
1713985 1714100
1714841 1718020
1718894 1719653
1720566 1720619
1721801 1722091
1722898 1724099
1725659 1726111
1728504 1730894
1732099 1732326
1733112 1734774
1736288 1738355
1739347 1739761
1740569 1741380
1741968 1742171
1743166 1744275
1744820 1745185
1745777 1748772
1749353 1749454
1750079 1750401
1750942 1752819
1753492 1754793
1755646 1757005
1759608 1759973
1763275 1764210
1765357 1766099
1767220 1767550
1769681 1769782
1771515 1772877
1773460 1773942
1775552 1775739
1776337 1776425
1777271 1777430
1778188 1778480
1779195 1779964
1780667 1781575
1782376 1782565
1783794 1785762
1786504 1787955
1789842 1795686
1797281 1797480
1798378 1799827
1801163 1801836
1803041 1804034
1805182 1806435
1807654 1808266
1809380 1809453
1810899 1810975
1812017 1812266
1812866 1813174
1813735 1813820
1814364 1814611
1815212 1815344
1817452 1819198
1821151 1821343
1822053 1822804
1824162 1825057
1825642 1826581
1827085 1828329
1829097 1830875
1832467 1832588
1833154 1833211
1833757 1833860
1836349 1836815
1837465 1837608
1838202 1839841
1841143 1841193
1842394 1843116
1843635 1843853
1845855 1847384
1848770 1851388
1851958 1852258
1852891 1853058
1854552 1855051
1859904 1860231
1861050 1861477
1862202 1862788
1864067 1864770
1866421 1866553
1867855 1869023
1870884 1871376
1872535 1874252
1875809 1875926
1877612 1878191
1879930 1880439
1881355 1882051
1882832 1883247
1884846 1886736
1887420 1889600
1893376 1894116
1895306 1895568
1896269 1897100
1897758 1898307
1898904 1900872
1901397 1902156
1902937 1903098
1903840 1904106
1905564 1905697
1906544 1906777
1907553 1909303
1911297 1911963
1912550 1913100
1913669 1913833
1915483 1915653
1916410 1917853
1918434 1918495
1919402 1919937
1920562 1921020
1922063 1923413
1924017 1925461
1928906 1930087
1930865 1931403
1933997 1935709
1936235 1937201
1940015 1940213
1941019 1941468
1941988 1942180
1942786 1943084
1943735 1945244
1945755 1946116
1948222 1948352
1949539 1951787
1952344 1952580
1953673 1953736
1954285 1956696
1957383 1958514
1959197 1960614
1962153 1962255
1962784 1963430
1963958 1964220
1964880 1965151
1966299 1966718
1967485 1967770
1968567 1972095
1972770 1973327
1973953 1974582
1975228 1976232
1976850 1977313
1977992 1979919
1980837 1984986
1986306 1986938
1987927 1988029
1988608 1989174
1990114 1990743
1991279 1991376
1997398 1998010
2000103 2000791
2001704 2002726
2003332 2004281
2005138 2005266
2005843 2006507
2007659 2010393
2012195 2012259
2013169 2013508
2015159 2015250
2016386 2018778
2019403 2021026
2021860 2021917
2023744 2025318
2027382 2027651
2028183 2028326
2029560 2029728
2030512 2031368
2032050 2032459
2033417 2034057
2037457 2038208
2038772 2040020
2040857 2041129
2041883 2042085
2042660 2042759
2044060 2044595
2046994 2047889
2049966 2050105
2050742 2050914
2051463 2052343
2052848 2054386
2054948 2055300
2055925 2056060
2056580 2058022
2058755 2059034
2059615 2059930
2060235 2061317
2061941 2062313
2063004 2063236
2064896 2064983
2065655 2068163
2068996 2071139
2072402 2072806
2073988 2074146
2075966 2076022
2076710 2076897
2077811 2079018
2079663 2079934
2080744 2081028
2081276 2082091
2082877 2083133
2084401 2084785
2087097 2087525
2089826 2089912
2090449 2091810
2092593 2094297
2095248 2095305
2096083 2096246
2096844 2097838
2098531 2100284
2101512 2101744
2104670 2104783
2105385 2105608
2106495 2108561
2109354 2109885
2111090 2111515
2112250 2114570
2115690 2117611
2118556 2118652
2118766 2119269
2120586 2121416
2123127 2123777
2126334 2127925
2130166 2130343
2133172 2134115
2135529 2135978
2136960 2137874
2138493 2140210
2140958 2141017
2141588 2143357
2144814 2145806
2146609 2147603
2149037 2150280
2151815 2152066
2154228 2154375
2155577 2156317
2156844 2158225
2159730 2161682
2162585 2162921
2164809 2164861
2165530 2165934
2167834 2168452
2168960 2169213
2172393 2172568
2174118 2175395
2176025 2176104
2176707 2176917
2177717 2177920
2178503 2179620
2180405 2181728
2182300 2183059
2183730 2186504
2187003 2187805
2188954 2190315
2191535 2191859
2192681 2193184
2195412 2196255
2197993 2200014
2200787 2202450
2204196 2205279
2206184 2206263
2207311 2207671
2209346 2209693
2210619 2212009
2212897 2213726
2215295 2216533
2217226 2217322
2218119 2218326
2218936 2219543
2222312 2222923
2223433 2224455
2225080 2225248
2226052 2227003
2228033 2229838
2230423 2231209
2232300 2232421
2233279 2233597
2234727 2234814
2235384 2238231
2238869 2238926
2239493 2239578
2240670 2241196
2242228 2242411
2242928 2243139
2244952 2245276
2246164 2247250
2248404 2248594
2249175 2250678
2252280 2252856
2253413 2253697
2254216 2254527
2255336 2255401
2256453 2257614
2258209 2259990
2260575 2260847
2262248 2263139
2264256 2265230
2265980 2266222
2266864 2267396
2268605 2270094
2270826 2270978
2271757 2273142
2274013 2276833
2278550 2279733
2281476 2282225
2282988 2283166
2284953 2287526
2288984 2290038
2290781 2294434
2295283 2296683
2297521 2297902
2298683 2300336
2302851 2303185
2304421 2305854
2306449 2306692
2307974 2308846
2309599 2309734
2312917 2313711
2314654 2314713
2315384 2315908
2316466 2317028
2317861 2318465
2319781 2320613
2323140 2323488
2324043 2325757
2326499 2326822
2327578 2327630
2328695 2330191
2330766 2331497
2332020 2332508
2333263 2333437
2334994 2335498
2336929 2337091
2337685 2337884
2338557 2339415
2340434 2341361
2341877 2342097
2342672 2345178
2345852 2346554
2347233 2347474
2348086 2348216
2348844 2349666
2350479 2350551
2351126 2351821
2352411 2352768
2353803 2353988
2355019 2355861
2356730 2357108
2357685 2358325
2359500 2359767
2360399 2362567
2363124 2364221
2364915 2365792
2366326 2366603
2367139 2367716
2368888 2369186
2369842 2370294
2371346 2371599
2372539 2372821
2373680 2373968
2374502 2375023
2378011 2378151
2378826 2379448
2380217 2381102
2382610 2382789
2384184 2386929
2388427 2388527
2389495 2390927
2391815 2392595
2393134 2393240
2394631 2394708
2395807 2395889
2396463 2396702
2397246 2397369
2400400 2401082
2401804 2402120
2402947 2403065
2403792 2405905
2406563 2406680
2407625 2408986
2409720 2410343
2411766 2412476
2413442 2413722
2414706 2414951
2415699 2416124
2416977 2417634
2418164 2419944
2420737 2420887
2421518 2422231
2423135 2423636
2425126 2425256
2426485 2426985
2427486 2427730
2429267 2429324
2430179 2432089
2432708 2434148
2435088 2436211
2437484 2438522
2439048 2439310
2439817 2441463
2442048 2442677
2443392 2443775
2444297 2444669
2445248 2445572
2446703 2447249
2448349 2448542
2449329 2450055
2450931 2451459
2452317 2452404
2453689 2454363
2455485 2456661
2459312 2459904
2460750 2461767
2462363 2462472
2463381 2464091
2464834 2465917
2467252 2467387
2467914 2468496
2469487 2473527
2474091 2475266
2475781 2475868
2478266 2479809
2480841 2480940
2481595 2482409
2483723 2484907
2485497 2487813
2490540 2491573
2492342 2492448
2495020 2495741
2496907 2497020
2497721 2497871
2498566 2499030
2500298 2500446
2502892 2506760
2508723 2509755
2510355 2511107
2511891 2512201
2513408 2516438
2517484 2518184
2519279 2521793
2522625 2523287
2524436 2524604
2525130 2525589
2528782 2528989
2530554 2533987
2535591 2536006
2536661 2536930
2537800 2538002
2540222 2540797
2541538 2542425
2543106 2543213
2544788 2546230
2547168 2547235
2547951 2548184
2548713 2548926
2549593 2550435
2551386 2551540
2552647 2553300
2554151 2554744
2556395 2556690
2557561 2557740
2560641 2561031
2561969 2562100
2562930 2563145
2565921 2567232
2569141 2569805
2570717 2571098
2571825 2571976
2573446 2574478
2575202 2575493
2576550 2578927
2579499 2580551
2581467 2581630
2582812 2583274
2585114 2585521
2587456 2588366
2589079 2589403
2591978 2593886
2595496 2595647
2596868 2597123
2597679 2597755
2598640 2599184
2600910 2601427
2603180 2603374
2604013 2604416
2605960 2606080
2607622 2608105
2608655 2608915
2609450 2609545
2610117 2610211
2612210 2613364
2613917 2614006
2614510 2616677
2617463 2617572
2618669 2619379
2620349 2620490
2621864 2622743
2623704 2624423
2625007 2625338
2626383 2626552
2627767 2627817
2628950 2631024
2632266 2632563
2634793 2635775
2637136 2638107
2639368 2640939
2643634 2644086
2645361 2647861
2649736 2650294
2651599 2652045
2652879 2653124
2653776 2655172
2656483 2656619
2657195 2657440
2659686 2659936
2660481 2661402
2662429 2664975
2666294 2666464
2667404 2667480
2668052 2668156
2668658 2669475
2669998 2672426
2673488 2673568
2674144 2675248
2676064 2676635
2677510 2677946
2678630 2678750
2679562 2680157
2680910 2681068
2683214 2684481
2685079 2685356
2686396 2687452
2688289 2688453
2689939 2690847
2691640 2692731
2693495 2693726
2694806 2695023
2695564 2695713
2696938 2697019
2697707 2698180
2700303 2700781
2701433 2701752
2702945 2703085
2703718 2703783
2705183 2706988
2707511 2707917
2709516 2711363
2712553 2713208
2713944 2714301
2715216 2715723
2716741 2717317
2717884 2718131
2718870 2719709
2720205 2720527
2722169 2722686
2723937 2724393
2725238 2732090
2734916 2738368
2738939 2740325
2741342 2742097
2743245 2743501
2744191 2745066
2747292 2748383
2748977 2749297
2749944 2750964
2752056 2754239
2754819 2756425
2757233 2757892
2758683 2760331
2761658 2761724
2763133 2763374
2764039 2764457
2765278 2765848
2767155 2768518
2769896 2769989
2770556 2771415
2772414 2772507
2774018 2774120
2774749 2777784
2778692 2780232
2781060 2781810
2782587 2783466
2785100 2785837
2786899 2788662
2789416 2791190
2792665 2792727
2793640 2793751
2794754 2797806
2798609 2798938
2799592 2800439
2801137 2801584
2802797 2804056
2804668 2805211
2806217 2806513
2807177 2807853
2808488 2811001
2814606 2814881
2815562 2815729
2817943 2818810
2821207 2822733
2824122 2825274
2825966 2827456
2828096 2828177
2829031 2830877
2832155 2832902
2834637 2835113
2836658 2837223
2839003 2839410
2840492 2840660
2845745 2847052
2847683 2850848
2851535 2851687
2854533 2854794
2855898 2857102
2857731 2858022
2859773 2860218
2861341 2861608
2862614 2863604
2865895 2866019
2866757 2867263
2868168 2868635
2871580 2872285
2873212 2873628
2874929 2875676
2877375 2877485
2880818 2881398
2882272 2882545
2883122 2883512
2884636 2885797
2887025 2887259
2888130 2888900
2891220 2891948
2892532 2893018
2894789 2894875
2895200 2895761
2897261 2897735
2899139 2899375
2900086 2900397
2901803 2902543
2903846 2904361
2904869 2905101
2906572 2906716
2908825 2908934
2909701 2909962
2910476 2910912
2911700 2911889
2912575 2912675
2912967 2914518
2915137 2915196
2915877 2916125
2917111 2917197
2919267 2919327
2919948 2920091
2920778 2921462
2922619 2923088
2924957 2925268
2926435 2927040
2928966 2929130
2931277 2933746
2935107 2937559
2938537 2938771
2939470 2942691
2943357 2944717
2945433 2946672
2947189 2949496
2950602 2951267
2953392 2954079
2954323 2954727
2958670 2958967
2960488 2961006
2962657 2964649
2965168 2966453
2967135 2967187
2969235 2970402
2971794 2971858
2973149 2973671
2975055 2975486
2976086 2976541
2977400 2979454
2979971 2980450
2983601 2984208
2984873 2985506
2986063 2987381
2988550 2988626
2989337 2989445
2990118 2992071
2993181 2994821
2995893 2996282
2997695 2997796
2998396 2998566
2999075 2999264
2999994 3000301
3000954 3001610
3002418 3002493
3003422 3003484
3004103 3004772
3005563 3005854
3006591 3006743
3010065 3010321
3010914 3011743
3012625 3012867
3014104 3015724
3017097 3017219
3017825 3018347
3019148 3021542
3022189 3022686
3023722 3023857
3025686 3026212
3026915 3027160
3028393 3030734
3031507 3031953
3033220 3033697
3034458 3034531
3035076 3035472
3037252 3037911
3038521 3038883
3039794 3041253
3042770 3043685
3044236 3044831
3045903 3046107
3047569 3048046
3050596 3050944
3051480 3051551
3052329 3053732
3054481 3055088
3055988 3057037
3057635 3059224
3060047 3060441
3061266 3062948
3063468 3063766
3065754 3065868
3067657 3068326
3069302 3069414
3070076 3071270
3072310 3073101
3074120 3075535
3076955 3077475
3078393 3079247
3080386 3080518
3081693 3081897
3083303 3085298
3085949 3086343
3086872 3087301
3088122 3088656
3089510 3091745
3093045 3095280
3097451 3098433
3101267 3101698
3102338 3102920
3103861 3105906
3106529 3107867
3108520 3110466
3111670 3112208
3112727 3112820
3113374 3113543
3114313 3114522
3115554 3116749
3117534 3117625
3118531 3118642
3121257 3123589
3124222 3125660
3126298 3127757
3128597 3131806
3132326 3132909
3135439 3135711
3137494 3137634
3138286 3139065
3139772 3139904
3142873 3143091
3143658 3145017
3147231 3148147
3148900 3149044
3151238 3151335
3152204 3153054
3154979 3155578
3156689 3157094
3160954 3161131
3162865 3163269
3164815 3164899
3165901 3166880
3168184 3169438
3170158 3172033
3172735 3173098
3174302 3176979
3177912 3178109
3179023 3179175
3179887 3180526
3182538 3182674
3183903 3184932
3185784 3187372
3188407 3189505
3190304 3192746
3193812 3194047
3194908 3195289
3196110 3198824
3201758 3202661
3204649 3205516
3206177 3207748
3208412 3209500
3210015 3212143
3212817 3212923
3213793 3215597
3216258 3217470
3218038 3222398
3223146 3223624
3224610 3224797
3226085 3226287
3227123 3227660
3228176 3228356
3229194 3229888
3230674 3233854
3234440 3234687
3236037 3237676
3238425 3238645
3240094 3240347
3243575 3243731
3245562 3246193
3247530 3247738
3248290 3249314
3250200 3253772
3255088 3255219
3257521 3258627
3260413 3261884
3262501 3263437
3264177 3264348
3265159 3266287
3267244 3267324
3268110 3268645
3269854 3273486
3274056 3274222
3275387 3275956
3276555 3276660
3278833 3280015
3280635 3281010
3282469 3283667
3284614 3284673
3286288 3286780
3287285 3287615
3290024 3290450
3291783 3292145
3293446 3294677
3295401 3295688
3296640 3297080
3297920 3298706
3299420 3300133
3300835 3300928
3301948 3302041
3304233 3304283
3305759 3307264
3308444 3308496
3309043 3309687
3311244 3312771
3313835 3314708
3315424 3315473
3316224 3316459
3317352 3317435
3320260 3320364
3321920 3322606
3323118 3323356
3324489 3325115
3325742 3326023
3326642 3326890
3327792 3328450
3329540 3329789
3332282 3332520
3333147 3334697
3335498 3335671
3336689 3337502
3338441 3338760
3340558 3340760
3342181 3343833
3344651 3345065
3345634 3345816
3347548 3348649
3349444 3350954
3351539 3351790
3352932 3353227
3353803 3354820
3356527 3356961
3358516 3358657
3359407 3360730
3361413 3361580
3362491 3362775
3364341 3367454
3368125 3368812
3369443 3369622
3370304 3370781
3371461 3371602
3373075 3373805
3374801 3375983
3377205 3377322
3378045 3378212
3379107 3379307
3380165 3380468
3380984 3381828
3382346 3382568
3383432 3386242
3386806 3386938
3388040 3388954
3390987 3392182
3393605 3393895
3394911 3395351
3395883 3396726
3397685 3397941
3398612 3398688
3399261 3400452
3401673 3402312
3403576 3403650
3404257 3404532
3405276 3406099
3407320 3409115
3409684 3409856
3410689 3410972
3411783 3411943
3413127 3413290
3414913 3415845
3417250 3417615
3418465 3419246
3421599 3421651
3422364 3430389
3430912 3431067
3432553 3436144
3437566 3438073
3439249 3439545
3440932 3441533
3442543 3443084
3444095 3444570
3445640 3446244
3447468 3448317
3449546 3449903
3450581 3452408
3453089 3453683
3455604 3457694
3458567 3459256
3460153 3460280
3462114 3462643
3463214 3464174
3465338 3465526
3466688 3467644
3468426 3470142
3472090 3473274
3475041 3477917
3478486 3478791
3479392 3479652
3480404 3481062
3482709 3482887
3483502 3483559
3486602 3487186
3488952 3489054
3490175 3491963
3492675 3492788
3493441 3496480
3497274 3498999
3500072 3500296
3500811 3501566
3503582 3504205
3505387 3505783
3506764 3507827
3511216 3512570
3513328 3513575
3514091 3514708
3515835 3516133
3516916 3517114
3517832 3518429
3520016 3520142
3521278 3521639
3524437 3524574
3525241 3525465
3527454 3527506
3529613 3530578
3532347 3533109
3533996 3534760
3535278 3535499
3537168 3537884
3538689 3539195
3540431 3541593
3542976 3543150
3543663 3544819
3545336 3545995
3546663 3546902
3548079 3548648
3549777 3549844
3550665 3551080
3551694 3552014
3553128 3553314
3555005 3555298
3560090 3561291
3562498 3562929
3563622 3564342
3565320 3565545
3566588 3566892
3568006 3568132
3568720 3569867
3571899 3572458
3572980 3573394
3574439 3574586
3576715 3576788
3578511 3580012
3581416 3582316
3583051 3585358
3586194 3586750
3587545 3588971
3589787 3590342
3591993 3593710
3594264 3595003
3597772 3597844
3599124 3599277
3601116 3601855
3602498 3603945
3604453 3604739
3605768 3606816
3607884 3608257
3610460 3611439
3612773 3613199
3614045 3614496
3615879 3616202
3616965 3617113
3617914 3619191
3624257 3625893
3626560 3626627
3627776 3630114
3630668 3630784
3632324 3633287
3636738 3636798
3638477 3639624
3641220 3641393
3641894 3642016
3642855 3644039
3646229 3646852
3647469 3649462
3650753 3653873
3655544 3655612
3656813 3657745
3658928 3659306
3660162 3660477
3661518 3661949
3662491 3662870
3662994 3665041
3665993 3666175
3668022 3668220
3669280 3669361
3670048 3670410
3672362 3675231
3676620 3677230
3678614 3679098
3679863 3681575
3682196 3682262
3683910 3684649
3685176 3685379
3686492 3688319
3690724 3691633
3693561 3695115
3697466 3697876
3698664 3699567
3701002 3701851
3702774 3703323
3703468 3704939
3705973 3709576
3710913 3716719
3721133 3721441
3722137 3722341
3723099 3723189
3724787 3726650
3727454 3729302
3729937 3730477
3731573 3732852
3733457 3735320
3739146 3740257
3741054 3741215
3742417 3742705
3743303 3745165
3746568 3747193
3748139 3748799
3749461 3749601
3750479 3752195
3752791 3753595
3754462 3754857
3755541 3755642
3756339 3757014
3758573 3759758
3760453 3768345
3771020 3771561
3772556 3772636
3773821 3774131
3776392 3776468
3777736 3778230
3779707 3780951
3781494 3782587
3784609 3785906
3786477 3786620
3788547 3790176
3790723 3792956
3793975 3794988
3795643 3796363
3799194 3799494
3800072 3800196
3800851 3801533
3802119 3803240
3804260 3806029
3807126 3807640
3808963 3809352
3809997 3810447
3815093 3815321
3815869 3816094
3816909 3817127
3819190 3822743
3823695 3823814
3824577 3824791
3828796 3829964
3830782 3831923
3833068 3833257
3836982 3837579
3838203 3838455
3839457 3839718
3840245 3840677
3841404 3841854
3842826 3843112
3845152 3845558
3846223 3846842
3848031 3848195
3848990 3850909
3851635 3854294
3855027 3855078
3855730 3856131
3857293 3857575
3858106 3858445
3859333 3859397
3860861 3861573
3863666 3865076
3869056 3869214
3870370 3870967
3872117 3873322
3874319 3874693
3875202 3875321
3877118 3877872
3878759 3879079
3880065 3881320
3882274 3882431
3884408 3884950
3885727 3887209
3889452 3890440
3891392 3891741
3893109 3893704
3894874 3895685
3896502 3896771
3898256 3898504
3900054 3903124
3905791 3906091
3906962 3908420
3909111 3909219
3909871 3909978
3910753 3910899
3913298 3913577
3914338 3915536
3918671 3919522
3920053 3920282
3921035 3921415
3922678 3922956
3924347 3924406
3927531 3928082
3928659 3928872
3931536 3933230
3933932 3934755
3935318 3935672
3936956 3937196
3938132 3938242
3940860 3947046
3948828 3951044
3951765 3953586
3955470 3955734
3956664 3956746
3957607 3959089
3959920 3960643
3961328 3961390
3961996 3962285
3962968 3963827
3964458 3964562
3965500 3965950
3967079 3968954
3971512 3972983
3973242 3973726
3975220 3977301
3977718 3978201
3979172 3979247
3981568 3981766
3982682 3983081
3987226 3987457
3988216 3988968
3989652 3990586
3991164 3991229
3992602 3993040
3994042 3995095
3995671 3998109
3998880 4000598
4002294 4003695
4005198 4005381
4006184 4006404
4007065 4007152
4009169 4009373
4009904 4010065
4010999 4011728
4012834 4012932
4013550 4013863
4017166 4018337
4020628 4021327
4021883 4022014
4022744 4022885
4023436 4023625
4024668 4025324
4026515 4027487
4029145 4030061
4031038 4031218
4031829 4032174
4032789 4033429
4034263 4041338
4042082 4042845
4043959 4044184
4044959 4045066
4046541 4046673
4047281 4047682
4049137 4049350
4050536 4052294
4054702 4055240
4056971 4059926
4060717 4061517
4062045 4062651
4064106 4064359
4066475 4067533
4068046 4069761
4070727 4071967
4074117 4074204
4074985 4075398
4076955 4078266
4079393 4081215
4082091 4082871
4083983 4084137
4085463 4085562
4086411 4086545
4087526 4090794
4091353 4091843
4092452 4094804
4095924 4099146
4099670 4100073
4100766 4101125
4102383 4103774
4104429 4105938
4107028 4107397
4109148 4109283
4111097 4112441
4113082 4113536
4114846 4115426
4116078 4116538
4118241 4118315
4120594 4121550
4122206 4122366
4124209 4124510
4125191 4125585
4126235 4126379
4126921 4127151
4128014 4129791
4131076 4131156
4132154 4132686
4133491 4134486
4135100 4135274
4135932 4136323
4137113 4138187
4138773 4138912
4140840 4142561
4143380 4143435
4143998 4144791
4145960 4146591
4147099 4147616
4149541 4149892
4150922 4151418
4152190 4152564
4153447 4153692
4154212 4154273
4155034 4155954
4157247 4157775
4160692 4161097
4162428 4162835
4163602 4163749
4164342 4165230
4165935 4166065
4168254 4171877
4172518 4173016
4173518 4177130
4177432 4178540
4178960 4179328
4180094 4180332
4181088 4183264
4184136 4184349
4185168 4187837
4188861 4189445
4190405 4190870
4191880 4192484
4193092 4193230
4194570 4195488
4196005 4196503
4197686 4198061
4199092 4200612
4201179 4201371
4202686 4202848
4203656 4204708
4205727 4205958
4206724 4206965
4207481 4209920
4215054 4215343
4216307 4217757
4218315 4218889
4219548 4219992
4220735 4221022
4221737 4223100
4225854 4226203
4226829 4227551
4228456 4228519
4229168 4229374
4230151 4230337
4231979 4232127
4233507 4234351
4235925 4236023
4237448 4237925
4240265 4240885
4242028 4242325
4243822 4244241
4245757 4246396
4246914 4247201
4247884 4250480
4250988 4252896
4253788 4254300
4254944 4255182
4256669 4256905
4257983 4259398
4260105 4260426
4261763 4262447
4263142 4263597
4266577 4266854
4267398 4268205
4268972 4269202
4271204 4271443
4273421 4274078
4275205 4275349
4275973 4276158
4276875 4277046
4278575 4280104
4281199 4281355
4281933 4282068
4283289 4283888
4285484 4285803
4286442 4286640
4288558 4289010
4289618 4290293
4291052 4291155
4292657 4293519
4295371 4297125
4297995 4298098
4299452 4299923
4302088 4303021
4303669 4303825
4305742 4305944
4307555 4308897
4309791 4311920
4312426 4312554
4313622 4313841
4314670 4315492
4316656 4316839
4318005 4318371
4319861 4320843
4321422 4321851
4322644 4322940
4324052 4324503
4326110 4326546
4327100 4327341
4329066 4329519
4330318 4331187
4331806 4332575
4334531 4336171
4337267 4338677
4339603 4340251
4341500 4341765
4342496 4342723
4343376 4343632
4344511 4345267
4346606 4346667
4347662 4347714
4348716 4349788
4350481 4352613
4353691 4355201
4355829 4356029
4357072 4357865
4358624 4359130
4359710 4359760
4360420 4360666
4361923 4363936
4364527 4364689
4365389 4365663
4367037 4367600
4369788 4370878
4373040 4374740
4375467 4375681
4376533 4376706
4377238 4377473
4379335 4380651
4381241 4382543
4383165 4384000
4384797 4385796
4386302 4386857
4388909 4389012
4389857 4390226
4390854 4391511
4392438 4392660
4393435 4394311
4395587 4395897
4396406 4398618
4399888 4399978
4401882 4401968
4403175 4405413
4406255 4406541
4407098 4407435
4408955 4409667
4410200 4410893
4413225 4413341
4415139 4416531
4417461 4418801
4420699 4421670
4422000 4424116
4425131 4425463
4426359 4427210
4427848 4428348
4429235 4429441
4429982 4430164
4430684 4431519
4432324 4432500
4433234 4434467
4435252 4438140
4439068 4439277
4440371 4440586
4441516 4441572
4443001 4443667
4444213 4445051
4445766 4446183
4446841 4448923
4449610 4452585
4453382 4455004
4455922 4456125
4456991 4457556
4458699 4461959
4463385 4464756
4465636 4467766
4468294 4468612
4470248 4470317
4471136 4471743
4473694 4474922
4475558 4476554
4477467 4478661
4479728 4479800
4480316 4480498
4481080 4481405
4482335 4483642
4484189 4484784
4486681 4490121
4491717 4492301
4493067 4493323
4494034 4494780
4495505 4495612
4497600 4500083
4500640 4501176
4501720 4502120
4502740 4502797
4503422 4503566
4504207 4504391
4504907 4506000
4506632 4509217
4509818 4512675
4513243 4514562
4515252 4516080
4516730 4516797
4518505 4520589
4521636 4523089
4524325 4525888
4527406 4527536
4528563 4530232
4531020 4531219
4533008 4533074
4533638 4533758
4534494 4534753
4535797 4536375
4538056 4538955
4539914 4539999
4540250 4541123
4542527 4542655
4543893 4545178
4545741 4546191
4547885 4549906
4551097 4552748
4554031 4554130
4554701 4554803
4555319 4556434
4558525 4558726
4559590 4560465
4561056 4561341
4562170 4562823
4563891 4564043
4564823 4565834
4566403 4567742
4569626 4569689
4570885 4571063
4571671 4571748
4573244 4574319
4575264 4575403
4578349 4578989
4580669 4580936
4581624 4582037
4582901 4583277
4583959 4584159
4586180 4586684
4588335 4588428
4590389 4591114
4592090 4592212
4593177 4593987
4595904 4597816
4599550 4600453
4601572 4601693
4602884 4602938
4604302 4605086
4605857 4608281
4609736 4610283
4610793 4610865
4612450 4614642
4615432 4616402
4617446 4617635
4619686 4619766
4620778 4621044
4621575 4623606
4624898 4625015
4625992 4626234
4627733 4628125
4631372 4631552
4632609 4633762
4634813 4635308
4637779 4637856
4638880 4639822
4640668 4640753
4641504 4641652
