Salmonella_0915_Taxon016_
1 255
806 2524
3488 3734
4924 5047
7092 7252
7992 8227
8739 9191
11299 11424
12236 12497
13450 13594
14362 14615
15787 18116
22455 23039
26596 27423
30032 30813
32064 32165
34519 35557
36500 36912
37615 37817
39436 39517
40688 40991
41707 41896
42448 42825
43560 43689
45924 46068
48802 50202
51943 52160
52663 53525
54229 54399
56858 57676
58842 59267
59862 60792
64022 64082
65113 65163
65827 66620
67128 67202
69539 69753
70413 70641
71150 71449
74142 74801
75515 75815
76736 76896
78597 79624
81032 81185
84376 84472
85356 86179
86830 88746
89492 89799
90663 91048
92387 93374
93958 94207
94722 94944
96301 97213
97815 99529
100638 101683
103556 104800
105320 105572
111407 112129
114685 114929
119260 119680
125514 126000
130573 130837
132523 133039
134533 134983
137194 137298
139843 140232
143982 144586
145462 146010
146961 148156
149604 150023
150751 150864
151616 153549
154382 155659
159632 160365
162809 163390
164262 164318
164854 165859
167398 168173
168892 169117
174406 174999
177145 177465
178246 178478
179121 179356
181677 181771
183363 183424
183986 184530
185734 186049
188365 188491
189269 189375
190802 191396
194432 194969
198158 199798
200948 201784
202420 203107
208143 208213
210222 210640
211142 212637
213988 215603
217337 217406
218660 219534
220298 220795
223593 223754
224300 224388
225077 225963
227314 227790
229840 229968
231633 233069
233688 234012
234619 235082
239438 239624
240452 240736
241629 241779
243602 244107
245910 246706
247765 248004
251760 252573
253725 254321
256158 256796
257347 257496
259825 260327
261628 262452
264029 264326
265898 266783
268151 268442
270371 270575
271865 273489
275110 275258
276888 277610
278302 278702
281421 281866
284593 285456
286749 287432
288905 290271
291294 292041
293369 293645
294348 294648
296523 296929
299759 300890
301877 302168
302702 303016
304093 304163
305958 306714
307303 307831
308555 309023
309918 310169
315130 315394
317982 318162
319212 319516
325440 326302
329172 329759
331803 332858
334182 334507
335811 336447
337680 337770
338273 340200
341860 342316
343553 343946
344579 344814
345545 346562
347506 347725
349578 349659
351036 351450
353112 353818
354840 354898
355411 357956
359115 359559
362869 363040
364028 365881
367021 367179
368372 368644
370516 371559
372724 375133
376327 376467
378230 378450
381383 381456
383960 384081
388457 388584
390177 390279
391380 392229
392847 393227
398179 398891
400640 400971
403130 403440
404531 405617
408213 408769
409451 410249
412145 413152
414238 414295
415113 415722
418348 418670
420446 421206
425021 425278
427706 428058
428690 430844
431748 431989
433434 433497
438628 439511
440028 441224
443207 445020
446098 446222
446800 446869
450814 451110
455314 455809
458006 458173
460920 461162
461817 462243
463403 463582
464331 464430
468170 470224
470854 471159
471972 472549
473817 474683
475881 476883
477543 477744
480157 480552
482741 482862
484239 484346
484923 485027
487899 489084
491265 493067
493892 494725
495410 495896
496712 496921
497450 497904
499264 499576
500626 501936
502868 503137
507942 508636
512788 513083
513610 513914
514449 514827
515563 515781
516466 517772
520936 521047
521949 522172
522717 523399
528180 530057
531790 532276
533613 535063
536015 536591
540086 540164
542993 543201
544673 545097
546898 548139
548641 548830
550514 550945
551686 552927
554492 554825
556000 556240
556741 556947
560193 560979
562004 562255
563537 563633
564679 564738
565491 565705
566649 566824
568674 569053
569750 569836
574018 575434
576076 576916
578243 578480
579795 579886
582480 582998
587605 587806
589376 589596
591344 592517
594290 595542
596278 597217
598424 598699
599449 599840
600501 600719
602855 603943
604842 606004
606954 607305
608320 608581
609487 610757
614506 614742
615526 615957
618113 618447
619581 621418
625710 625953
627294 627390
628857 629435
638699 640312
643160 644125
647321 647603
648773 649027
650284 650655
651522 651719
652449 653531
654698 654750
656246 656365
659085 659452
660650 662061
662599 663302
666138 666588
668799 668895
671421 674532
676042 677553
678591 678742
689190 689695
690953 691849
692587 693271
693801 695003
695555 697239
697976 698879
700254 701085
702530 704146
707748 708108
710191 710341
711032 711109
711868 712167
714496 714977
715638 715987
719423 720124
720982 721980
724050 724619
725636 725981
727473 727580
731083 731666
732384 732762
737074 738545
739625 740354
741071 741134
741772 743425
745159 746128
746840 747123
748635 748777
750193 750447
753214 753658
757033 757926
758594 758855
762001 762881
766469 768229
769295 771037
772352 772860
776629 776880
777713 779076
780472 780535
781154 782126
782854 783022
784329 784470
788050 788318
789516 790532
792150 793750
794443 794790
795974 796868
800642 801758
803984 804346
804879 804981
805518 806451
811046 812033
812717 813818
816127 816608
817127 817431
818577 818658
819399 819855
820974 821153
821896 823242
824483 824693
827354 827942
831105 831693
835944 836283
837022 837241
839513 840690
842780 842876
843390 843453
844713 845277
845829 846401
848773 848869
849999 851247
852925 853440
854325 854560
855366 855806
856720 857881
860228 860470
863427 864209
865582 865810
867529 868082
870717 871002
873706 874812
876294 877695
879706 880111
881319 882111
882692 882938
883715 883962
887928 888594
898084 898334
899530 899722
900291 900790
901371 901481
903140 903885
909519 909731
910489 911303
911876 912631
913149 915242
916045 916629
918061 918773
921130 921308
922753 922981
923790 924959
926478 926753
928547 929040
933421 934786
935337 935782
936526 936592
938140 938472
939658 939941
940666 940869
942300 942551
943455 944356
946297 946760
947553 947938
948748 948892
950518 950624
951560 952061
953957 954062
954892 955338
960228 960673
962944 963101
971986 972117
973565 973794
976035 976191
976832 977118
978901 979970
980495 981023
982201 982282
984767 985622
986505 986878
987379 988075
988717 989668
990888 991128
992824 993662
997013 997068
998543 999019
1001213 1001421
1002021 1002200
1003537 1005570
1009689 1009851
1010402 1011006
1013235 1013944
1014667 1015084
1019059 1020947
1022542 1023370
1023881 1024069
1025327 1025421
1027074 1027449
1028149 1028426
1033068 1033259
1034655 1036477
1037243 1037907
1039701 1040484
1042423 1042909
1043639 1043855
1044530 1045691
1048120 1048500
1049982 1050130
1050959 1051156
1052065 1052503
1053735 1053933
1054599 1054793
1055309 1055467
1058288 1058438
1059826 1061319
1062518 1062802
1066115 1066322
1067883 1068199
1069055 1069425
1070008 1070825
1071588 1072195
1073524 1073712
1075330 1075824
1078227 1078330
1081866 1082764
1084427 1085081
1086172 1086467
1087904 1088014
1091191 1091692
1092225 1092505
1093137 1093237
1098225 1101427
1102982 1103338
1104962 1105057
1108002 1108269
1108993 1109205
1110336 1112251
1112796 1113194
1115862 1116277
1119284 1120297
1122062 1122523
1124162 1124536
1127554 1127626
1128735 1128865
1129887 1130959
1134623 1135258
1136774 1137577
1140581 1141138
1141926 1142717
1143489 1143756
1145914 1146418
1147022 1148097
1149640 1149964
1151703 1153518
1155265 1157835
1158692 1158765
1160411 1161256
1162393 1162914
1163592 1163657
1166343 1166586
1167107 1167395
1167943 1168679
1169485 1170325
1173386 1173447
1173969 1174806
1175471 1175790
1177915 1179091
1179693 1179929
1180491 1181618
1186601 1187207
1191184 1191307
1196762 1197312
1197932 1198717
1202546 1203884
1204536 1204873
1205427 1205679
1206550 1206817
1207354 1207450
1208143 1208229
1208837 1209543
1210899 1211462
1212766 1212959
1213508 1213693
1219774 1220154
1223593 1224394
1226219 1226611
1228102 1228774
1230000 1230293
1231334 1231745
1232283 1233311
1234246 1234833
1235398 1236029
1237149 1237589
1241653 1241866
1244103 1245255
1246360 1246820
1249016 1249358
1252532 1252772
1254426 1255617
1262235 1262776
1265062 1265679
1267353 1267451
1271939 1272246
1273020 1274054
1274595 1275949
1276762 1277162
1278018 1278261
1279138 1279547
1280159 1280824
1282945 1284237
1285000 1285292
1287462 1287718
1289215 1289480
1290848 1291105
1293432 1293497
1294042 1297521
1298116 1298322
1301331 1301401
1302237 1303234
1304009 1304907
1308392 1308462
1309238 1309558
1311837 1312106
1313305 1314006
1314879 1315410
1317627 1317989
1318676 1319141
1329032 1329651
1334117 1334461
1335330 1335395
1335898 1336485
1337390 1337577
1338844 1339511
1341616 1342379
1343668 1344919
1348333 1348575
1350353 1350494
1351138 1351676
1353557 1354112
1356641 1356991
1358250 1358351
1358996 1359423
1361785 1362236
1363100 1363253
1365145 1365850
1366453 1366725
1368157 1368223
1370098 1370496
1371606 1371811
1373385 1374362
1375411 1375484
1376989 1377268
1382644 1383755
1384808 1385020
1387284 1387454
1388508 1389665
1390167 1390634
1395053 1395315
1396029 1396153
1396710 1396882
1398613 1399055
1399746 1401675
1402607 1403051
1404866 1405191
1406735 1407687
1409082 1409618
1412478 1412750
1416832 1417006
1417927 1419313
1420870 1421245
1424703 1425239
1426952 1427447
1428132 1429202
1430376 1430784
1438566 1438692
1439481 1439786
1440818 1441105
1447383 1447469
1449383 1450354
1451691 1452990
1453792 1454383
1456445 1458318
1461615 1462577
1464747 1464868
1466541 1466896
1468243 1468731
1472340 1473568
1474814 1475085
1477560 1478517
1480616 1480917
1482351 1482740
1483576 1484497
1486845 1487052
1487909 1488948
1491316 1491699
1492669 1492896
1494177 1495470
1498037 1498276
1502335 1502551
1503964 1505535
1507658 1507771
1508327 1508655
1511039 1512232
1513298 1514189
1515779 1515834
1516609 1517188
1518006 1521586
1522478 1522729
1523341 1523690
1526103 1526479
1527559 1527851
1530208 1530507
1531273 1533768
1542130 1542884
1543466 1543641
1544675 1545135
1546399 1546711
1547359 1548087
1550396 1551833
1552393 1553054
1553945 1554102
1554616 1555007
1555722 1555812
1559724 1560040
1561181 1562375
1563360 1563749
1564814 1565545
1567278 1567452
1569637 1570367
1574204 1574372
1575700 1575869
1577618 1578610
1579150 1579856
1580434 1580553
1583490 1583588
1584867 1585130
1586201 1586556
1589770 1589974
1591428 1591618
1595957 1598341
1599554 1600420
1601178 1601229
1604763 1604916
1606255 1606508
1607152 1607316
1607817 1608495
1610066 1610957
1612089 1613207
1616007 1617295
1618448 1618578
1619245 1620187
1621570 1621730
1622237 1622347
1623317 1623561
1624629 1625263
1626025 1626380
1627711 1629072
1630996 1631223
1631915 1632306
1633508 1633559
1634360 1634586
1636139 1636376
1638494 1638815
1640975 1641126
1642002 1642184
1644459 1645042
1648102 1648294
1650471 1650533
1652228 1653206
1655466 1656493
1657013 1657894
1659191 1659657
1660259 1660746
1661879 1662571
1666782 1666881
1667486 1668423
1669886 1670657
1671250 1671450
1673385 1673558
1674717 1674920
1677731 1679240
1684085 1684725
1691840 1692886
1698437 1698534
1699861 1700634
1701529 1702621
1704031 1704517
1705285 1705402
1706000 1706250
1706917 1707181
1707786 1710038
1712194 1713357
1715135 1716342
1717951 1718100
1721146 1721397
1723129 1723221
1723812 1724808
1728525 1728788
1731850 1732110
1732917 1733226
1734110 1734504
1736248 1736525
1738291 1738403
1740383 1740936
1741626 1741697
1743614 1744560
1745133 1745772
1746291 1746616
1748259 1749076
1752834 1754798
1756189 1757456
1758139 1758410
1759237 1759349
1764464 1764622
1765183 1765433
1766631 1767534
1768185 1768544
1773366 1774033
1777273 1777677
1779322 1779600
1782581 1782986
1783503 1783626
1784231 1785299
1786972 1787230
1788289 1788707
1789218 1790148
1790916 1791176
1791982 1792058
1792621 1792755
1793488 1793781
1794676 1795352
1795895 1796323
1799115 1799364
1808341 1809163
1809700 1809990
1814059 1815266
1819029 1819373
1820792 1822771
1826825 1827260
1828406 1828854
1830539 1831068
1832530 1833610
1837682 1837874
1839530 1839650
1841244 1841467
1842144 1842351
1842885 1843710
1844493 1844936
1848215 1848684
1849193 1849392
1849900 1850132
1850677 1851572
1852503 1853224
1854055 1854399
1859526 1860514
1862672 1863232
1864955 1865112
1866608 1867831
1868610 1868843
1870902 1871129
1872000 1872403
1872915 1873760
1876214 1877460
1883170 1883438
1884862 1885514
1890608 1891505
1892130 1892357
1895721 1896033
1896686 1897415
1898846 1899732
1901544 1901687
1902188 1902718
1903292 1905085
1907672 1907936
1914279 1914559
1918127 1918845
1919505 1922573
1923957 1924827
1929069 1929394
1930886 1931319
1932014 1932150
1933255 1933359
1939708 1940953
1942942 1943426
1945476 1946426
1948251 1948785
1952986 1953624
1954392 1954872
1955477 1955761
1957413 1957644
1958388 1958575
1959605 1960593
1961501 1961796
1964290 1964435
1965046 1965810
1966560 1967056
1969165 1969571
1970133 1970360
1971060 1972355
1972452 1972876
1973416 1973949
1977690 1978187
1979799 1979989
1981098 1981268
1986693 1987199
1987776 1989090
1990690 1990964
1994545 1995251
1995826 1996587
1997181 1997969
1998651 1998933
2002460 2002611
2006166 2006312
2006939 2008000
2008722 2008931
2009679 2009729
2010937 2011863
2013152 2014179
2014782 2014921
2016871 2017282
2018210 2018950
2020030 2020141
2022917 2023302
2024698 2024901
2026880 2026980
2027636 2027731
2029474 2030309
2032108 2032279
2034316 2035241
2037961 2038240
2038779 2039517
2040611 2041426
2043552 2043807
2046708 2047376
2047921 2048265
2049142 2050135
2052097 2052911
2053794 2053845
2054416 2055565
2058661 2058932
2059490 2060898
2064023 2064619
2065511 2066691
2068314 2068970
2071536 2071626
2075633 2076981
2080858 2080951
2082461 2082742
2083505 2083997
2086358 2086630
2087226 2087834
2089815 2091219
2091756 2092399
2096716 2097002
2097811 2098200
2099162 2099378
2100285 2101556
2102542 2103062
2104227 2104345
2106052 2106128
2109156 2109235
2111098 2111582
2114354 2114418
2115941 2118003
2118784 2119041
2120550 2120603
2122126 2123214
2124055 2126073
2127150 2127389
2130836 2131098
2133106 2133774
2136387 2136529
2137133 2137832
2139977 2140554
2141169 2141541
2144929 2145128
2145630 2146711
2147277 2147497
2148419 2151225
2154646 2156205
2157104 2157189
2158640 2159928
2160443 2160645
2162415 2162934
2164268 2164978
2165609 2166018
2166636 2167739
2171178 2171837
2172634 2173210
2174455 2174693
2175194 2175536
2176707 2177048
2179159 2180034
2185438 2186016
2186526 2186811
2187384 2188356
2189707 2189990
2190807 2191128
2192725 2192778
2193656 2194721
2195371 2195437
2197092 2197382
2198276 2198376
2199830 2200793
2201618 2202881
2204207 2204607
2206879 2207404
2208052 2208169
2210295 2211192
2211900 2212698
2214399 2214610
2215183 2215447
2215962 2216447
2217851 2217923
2220173 2220715
2221474 2221935
2224314 2224418
2225208 2226424
2227098 2227708
2230612 2230741
2231497 2233129
2233820 2234062
2235354 2235894
2237604 2238270
2239288 2239909
2240948 2241202
2243034 2243690
2246100 2246176
2247636 2247903
2248516 2248598
2249507 2249916
2251554 2252387
2256962 2257583
2258091 2258582
2259217 2259846
2261896 2263490
2264748 2265248
2266531 2267140
2267661 2268300
2269430 2269495
2270388 2270659
2272972 2273476
2280900 2281202
2283659 2284013
2284767 2286130
2286653 2286816
2290935 2291217
2291987 2292077
2293341 2294564
2295356 2295633
2298452 2298575
2300218 2300610
2308485 2308863
2309553 2309671
2310197 2310556
2311954 2312291
2318487 2319211
2320161 2321457
2322068 2322803
2323375 2323551
2327387 2327593
2328240 2328289
2330125 2331056
2331943 2332368
2335662 2335854
2339461 2339703
2340847 2341031
2342440 2343469
2347094 2347817
2351449 2351632
2352518 2353081
2355256 2355382
2357416 2357938
2359329 2360017
2360720 2363011
2366235 2366397
2371998 2372515
2373196 2373629
2375244 2375406
2380586 2380800
2381434 2382068
2384219 2386168
2386880 2387688
2389412 2391512
2392416 2392497
2393217 2393970
2395067 2395406
2399626 2401776
2404544 2405077
2406314 2406709
2407902 2408088
2408718 2409543
2412466 2412741
2416948 2417481
2418717 2419632
2421665 2422050
2425596 2425701
2433400 2433595
2434141 2434534
2435036 2435529
2436225 2436294
2437386 2437567
2447720 2448349
2449173 2449341
2452893 2454491
2455396 2455661
2456247 2457156
2457939 2458605
2459553 2460054
2461399 2462213
2464068 2464191
2465185 2465644
2466292 2466699
2467693 2467815
2469690 2469921
2470481 2471015
2474160 2474959
2475667 2476049
2476752 2477154
2479703 2480447
2481130 2481684
2482376 2482827
2484172 2484272
2488011 2489603
2489739 2489832
2492129 2492247
2494014 2494187
2495943 2496785
2497295 2497684
2498533 2498649
2507570 2508517
2510642 2511102
2513888 2514074
2515808 2515983
2517582 2518705
2519528 2519768
2520970 2521784
2522357 2522949
2528841 2529102
2530289 2532799
2533454 2534480
2537514 2537920
2538463 2538832
2540098 2540679
2542152 2542202
2543185 2544413
2545033 2546555
2547383 2547562
2552681 2552912
2553592 2553837
2554512 2555111
2556871 2556929
2557435 2558234
2559315 2559680
2561759 2562260
2565143 2565765
2567265 2567495
2570024 2570921
2572813 2573182
2574131 2574828
2579156 2579771
2581497 2582027
2582546 2583092
2584028 2584615
2585247 2586109
2587812 2589885
2592366 2593113
2594829 2595193
2596338 2596792
2600039 2600392
2601492 2601696
2602653 2603006
2606048 2606139
2607290 2608297
2611535 2612096
2612646 2613923
2614473 2614592
2615698 2615897
2624521 2624713
2626305 2627841
2628656 2628745
2631869 2632393
2633675 2634556
2636085 2636551
2637474 2638054
2641293 2644378
2645402 2646282
2648725 2648959
2649790 2649864
2650508 2650771
2652152 2652646
2653383 2653659
2654331 2654495
2655277 2655621
2658294 2659621
2660780 2660976
2662673 2662825
2663841 2664086
2668481 2669025
2670186 2670500
2671919 2672205
2673893 2674113
2675227 2675848
2677120 2678179
2682269 2682339
2685484 2685967
2688919 2689141
2693164 2693314
2694240 2695185
2696702 2696849
2699481 2699815
2700553 2700690
2701390 2701714
2702861 2703738
2704351 2704778
2708013 2708452
2709835 2709950
2710591 2710720
2711564 2711819
2715093 2715303
2715951 2716453
2722431 2722727
2724822 2726672
2727712 2728565
2729582 2730119
2730827 2731827
2732578 2732721
2735616 2736284
2736869 2737070
2737779 2738638
2739301 2739448
2741975 2742084
2743441 2744171
2746287 2746637
2748635 2749166
2751131 2751239
2753785 2753965
2755014 2755177
2757482 2757638
2758871 2759491
2760056 2760953
2763224 2763635
2764235 2764377
2765163 2765395
2766265 2770302
2770852 2772521
2773038 2773202
2773785 2774446
2776190 2776672
2777994 2778540
2782369 2783256
2785747 2786928
2787978 2788278
2788809 2788902
2790016 2790880
2791656 2792817
2793361 2794373
2796427 2796848
2797555 2798776
2799441 2800350
2800975 2801698
2803808 2804821
2805383 2806447
2808690 2808969
2809517 2809866
2813545 2815960
2818476 2819563
2822202 2822354
2823312 2823570
2824415 2824582
2826007 2827080
2828023 2828508
2829624 2829704
2832399 2832514
2836617 2836960
2842153 2844086
2844596 2846106
2846649 2848102
2853219 2853343
2858766 2858890
2860468 2860893
2864725 2865122
2866752 2868043
2872004 2872751
2874949 2875108
2876397 2878527
2879239 2879566
2880646 2881523
2882483 2882592
2884117 2884824
2885495 2886095
2886694 2887001
2887893 2892243
2893829 2894686
2896251 2896584
2897843 2898192
2899592 2899805
2900734 2900972
2902933 2903536
2904831 2905728
2906288 2906464
2907221 2907455
2908342 2909148
2909966 2910414
2910948 2911433
2912400 2912864
2916022 2916120
2919354 2921114
2922213 2922381
2924342 2925584
2926521 2928593
2931221 2932122
2932702 2933729
2936093 2936299
2938088 2938175
2938874 2939232
2940513 2940659
2942328 2942903
2945892 2946233
2948927 2949728
2950624 2951810
2952671 2952970
2955146 2955647
2956348 2956511
2957094 2959444
2966636 2967168
2968149 2969952
2971136 2971329
2973148 2973492
2974103 2974711
2975598 2975672
2976717 2977522
2978584 2978758
2981546 2981616
2982154 2984099
2984622 2984700
2986874 2987261
2988554 2989489
2990779 2990923
2991758 2992132
2995388 2995469
2997624 2997763
2998777 2999102
2999748 3000297
3003250 3003733
3004429 3004763
3005361 3005434
3006227 3006293
3007599 3007833
3011171 3011829
3013802 3013890
3015635 3015803
3017171 3017238
3017822 3017897
3019079 3019131
3019959 3020137
3021155 3021395
3021935 3022026
3023226 3024315
3026834 3027381
3028844 3029126
3029665 3030320
3032739 3033235
3038293 3038656
3039419 3040205
3040951 3041325
3042561 3043088
3044164 3045281
3045881 3046366
3047036 3047304
3049776 3050982
3052214 3052373
3053276 3053767
3058108 3058355
3059326 3059862
3061873 3061935
3063447 3063956
3064999 3066345
3070041 3070493
3074604 3074760
3077563 3079008
3080195 3080387
3081431 3081819
3083510 3083563
3088082 3088296
3091472 3092389
3093872 3094052
3098046 3098916
3102791 3103136
3103847 3104275
3105115 3106504
3107878 3108036
3108560 3108874
3110108 3110297
3112415 3113597
3114209 3114476
3116192 3117083
3122827 3123566
3125370 3126037
3126820 3126892
3127727 3128378
3129905 3130992
3132018 3132897
3133542 3133903
3136090 3136419
3137499 3137703
3138948 3139076
3140299 3141004
3142791 3142986
3144403 3144601
3145984 3146280
3147433 3147888
3149614 3149764
3152284 3153623
3154895 3155418
3157200 3157315
3157952 3158574
3159385 3159490
3161611 3161999
3163183 3164011
3164965 3165394
3167488 3167545
3168809 3169965
3171320 3172525
3175204 3175858
3176518 3177261
3188979 3189157
3190933 3191003
3193664 3193735
3194987 3195179
3195804 3196821
3197502 3198002
3198593 3199317
3200044 3200307
3201370 3201546
3202306 3203697
3204208 3204430
3204990 3205942
3211211 3211782
3212313 3212459
3213147 3213376
3214314 3215205
3215823 3215989
3217978 3218475
3218987 3219140
3222169 3222448
3225321 3226147
3229274 3229884
3233544 3233742
3239303 3239959
3240758 3241038
3245324 3245648
3246162 3246421
3248031 3248385
3249272 3249530
3250097 3250480
3251017 3251402
3252013 3252272
3252862 3252912
3254305 3254946
3258344 3258400
3262483 3262728
3264501 3265598
3266713 3266908
3268573 3268819
3270946 3271618
3272742 3272901
3274257 3274565
3275993 3276347
3276971 3277665
3278274 3279604
3280207 3280874
3281838 3283064
3285195 3285646
3289008 3289671
3290489 3290763
3291385 3292350
3296710 3297559
3298286 3299245
3299947 3300065
3301580 3302756
3304277 3305202
3306116 3306966
3309049 3309389
3310876 3311167
3311732 3311928
3312606 3312801
3314384 3316890
3317467 3318191
3318997 3319619
3320963 3321664
3324026 3324371
3325299 3326150
3327523 3328186
3329435 3330187
3331311 3332167
3333515 3334324
3335823 3336788
3337989 3339028
3340699 3341296
3342166 3342497
3343143 3344290
3346351 3347621
3348387 3349242
3350799 3351198
3354091 3354382
3355865 3356003
3356942 3357523
3358245 3358649
3360211 3363801
3369435 3369689
3370329 3371086
3372593 3374341
3379199 3379411
3381909 3382574
3383231 3384357
3384949 3385345
3392531 3393396
3394411 3396462
3397375 3398341
3398979 3400124
3402652 3403274
3407337 3407507
3409368 3410057
3410599 3411641
3412379 3413192
3414125 3414581
3416567 3417246
3418873 3419432
3421165 3421688
3422903 3423040
3424640 3424706
3427998 3428391
3432058 3432725
3435510 3435838
3436805 3436943
3440074 3440590
3441199 3441342
3441996 3442648
3444437 3447125
3448540 3449156
3450499 3450823
3453236 3453781
3456433 3456667
3457321 3457496
3458059 3459014
3461703 3463172
3463841 3464128
3464865 3464951
3468270 3468572
3469302 3469437
3474203 3476207
3480995 3482106
3482825 3483053
3485425 3485640
3486540 3487152
3487748 3488454
3489396 3489494
3490219 3491363
3492021 3492842
3493576 3494560
3496167 3496557
3498315 3498843
3499951 3501023
3502103 3502233
3503311 3503840
3505596 3505929
3506547 3506918
3507539 3508314
3511991 3512085
3514616 3515633
3516650 3516994
3520411 3523916
3526002 3526494
3531135 3531791
3532347 3532643
3533213 3534225
3535452 3536485
3537483 3539356
3540572 3540916
3541455 3542238
3543823 3543997
3544832 3545997
3548309 3548755
3549357 3550202
3550761 3551470
3552594 3553342
3558103 3559515
3560100 3561362
3565227 3566749
3570026 3570380
3571902 3572891
3574498 3575571
3576429 3576877
3577511 3578393
3581358 3582963
3583533 3583623
3584150 3584363
3586345 3587480
3588535 3588610
3589871 3591803
3593265 3594816
3595811 3595989
3597860 3598204
3605469 3606515
3608528 3608615
3610088 3610425
3611060 3611882
3613962 3615294
3617410 3617587
3620424 3620517
3625376 3625582
3626365 3628632
3631446 3631716
3635150 3635532
3636600 3636880
3638412 3638589
3639252 3640533
3642688 3642942
3645704 3646071
3648308 3648362
3649077 3649241
3649771 3650323
3653090 3653318
3654397 3654734
3655311 3655666
3656209 3656707
3658024 3659772
3661110 3661756
3664122 3664390
3665567 3666026
3666685 3667885
3669658 3669929
3671075 3671424
3677726 3677911
3678518 3679255
3680766 3681490
3682022 3682151
3682871 3683152
3684174 3684346
3686227 3688207
3688961 3689309
3690240 3690303
3694970 3695300
3697642 3698395
3699099 3699334
3700115 3701275
3701950 3703590
3706299 3706880
3707800 3710042
3710951 3712003
3714405 3714760
3715464 3716504
3718322 3718976
3723124 3723370
3724203 3724431
3725005 3727144
3728537 3728903
3729737 3730165
3730382 3730462
3731289 3732159
3734295 3734468
3736484 3738340
3739753 3741092
3741639 3741743
3744058 3744847
3746339 3746432
3747112 3748661
3749436 3751699
3757446 3757958
3758640 3759185
3761011 3761087
3762273 3762532
3763046 3765054
3765664 3765923
3767512 3768693
3771017 3771082
3774016 3774067
3775358 3777206
3779317 3779731
3781652 3781877
3784586 3784991
3786152 3787075
3787878 3788170
3789321 3791214
3795365 3795666
3796191 3796553
3800304 3800571
3802401 3803890
3805161 3805426
3806612 3807661
3809424 3809683
3810426 3811381
3813116 3813506
3814158 3815181
3816320 3816610
3817322 3817566
3821643 3821731
3823556 3824155
3825394 3825659
3827334 3828906
3832092 3832159
3835877 3836439
3837629 3837760
3838302 3838389
3839970 3840443
3841235 3841392
3844073 3845120
3846161 3847004
3850619 3850784
3853003 3853431
3854374 3854439
3855667 3856322
3856871 3858157
3862576 3862906
3864746 3864993
3868910 3869059
3870380 3870992
3871605 3872804
3873412 3874003
3876018 3876096
3879239 3879591
3883366 3883571
3886855 3887895
3889516 3891435
3892105 3892465
3893967 3894222
3894898 3895077
3896040 3896183
3896732 3897240
3902442 3902946
3904279 3905128
3906704 3908506
3909061 3909280
3910956 3911356
3912267 3913360
3914266 3914519
3915132 3915310
3916641 3916935
3919665 3919985
3920643 3921517
3928751 3929031
3929984 3930535
3931263 3931737
3932535 3934033
3935095 3935456
3937035 3937466
3938072 3939802
3941380 3945087
3946280 3946806
3947550 3947685
3948511 3949427
3950076 3950281
3950890 3950994
3951668 3951809
3953228 3954030
3954573 3955106
3955783 3956235
3958583 3958715
3960852 3961017
3961627 3962558
3968797 3968858
3973512 3974060
3974564 3975403
3976496 3976674
3977290 3977524
3979019 3979219
3979972 3981476
3982062 3983059
3983583 3984507
3987116 3988532
3990977 3993381
3997097 3997444
3998892 4000136
4000830 4000900
4001985 4002157
4004730 4005105
4006327 4006733
4010341 4011320
4015724 4016118
4016621 4018158
4018845 4019252
4020077 4020354
4022362 4023309
4024737 4024795
4025758 4026154
4027532 4030512
4031838 4032133
4035227 4036060
4038011 4038266
4039515 4039577
4045759 4046037
4046687 4048502
4049037 4049186
4051411 4051776
4053664 4053960
4054863 4055166
4055859 4056062
4057514 4057764
4060257 4060547
4062267 4062472
4063597 4064474
4065239 4065408
4067550 4067782
4069418 4070221
4071406 4071934
4076194 4077114
4078741 4079181
4079743 4079946
4080937 4081170
4082391 4082851
4084343 4085001
4085625 4085766
4088377 4088976
4090006 4090241
4092614 4092730
4094817 4094968
4095538 4096876
4100645 4100991
4101660 4103798
4104557 4105115
4106295 4106368
4107494 4107877
4110128 4111187
4113459 4114931
4116008 4116292
4118327 4118556
4119375 4120307
4121348 4121617
4123468 4123637
4124568 4124639
4126878 4127028
4127666 4128703
4130265 4131354
4134964 4135104
4136138 4136385
4141312 4142078
4142698 4143411
4144389 4144605
4145187 4146616
4147661 4147844
4148987 4149673
4153174 4154333
4155330 4155728
4159734 4160343
4162284 4163335
4164416 4164911
4167618 4167669
4168638 4168791
4174212 4174480
4175698 4176431
4177066 4178402
4181067 4181360
4182183 4182873
4183401 4184556
4185173 4186233
4188041 4188244
4189435 4189873
4198262 4199831
4200606 4200709
4201497 4203077
4204943 4206984
4209905 4210019
4212278 4212719
4213323 4213500
4214133 4214978
4217106 4217189
4218137 4218291
4219117 4219940
4220512 4221857
4225229 4225828
4226454 4226613
4227624 4228467
4229041 4229728
4231636 4233211
4236346 4237332
4238968 4241319
4242360 4242486
4243347 4245400
4249343 4251742
4252519 4253719
4254515 4255705
4256374 4256690
4257616 4257884
4258622 4259003
4260342 4261705
4263448 4263696
4264396 4266026
4267480 4268369
4269446 4269517
4270931 4271531
4273560 4274180
4275032 4275676
4276333 4277724
4280010 4280387
4281715 4281953
4282825 4283855
4284886 4285146
4286682 4287454
4292950 4293052
4293613 4293782
4296311 4296878
4297513 4298207
4299364 4299529
4300432 4300587
4301418 4302244
4303445 4303866
4306058 4306632
4307244 4307351
4310858 4312828
4313574 4313845
4315770 4316866
4317515 4318123
4318639 4318907
4321461 4321754
4323805 4325737
4327185 4327817
4328395 4328664
4329578 4329672
4331432 4331948
4334040 4334523
4335343 4335729
4337524 4337959
4340951 4341215
4342126 4342601
4343970 4344963
4346828 4347204
4347887 4348500
4351923 4351984
4364969 4365141
4367113 4367321
4369815 4369907
4370709 4371509
4372555 4372980
4375354 4376793
4380334 4380553
4382912 4383357
4384032 4386228
4391216 4391782
4394276 4394895
4395489 4396013
4397032 4398610
4399427 4399548
4401152 4401428
4401978 4402336
4403053 4403862
4404437 4404747
4405376 4405707
4408300 4408739
4412444 4412526
4413339 4414009
4418996 4419190
4422384 4422683
4424655 4426997
4428470 4428776
4429583 4429796
4431553 4432106
4434498 4436691
4438162 4438709
4439545 4440086
4442849 4443101
4447477 4447776
4449184 4449986
4451953 4452384
4453392 4454658
4456219 4456677
4459589 4459807
4461398 4461503
4464597 4464882
4466994 4467506
4469196 4470034
4471351 4472145
4473383 4473571
4476395 4476834
4478540 4478687
4480794 4481071
4484233 4484497
4485484 4486213
4486970 4487970
4489560 4491257
4491897 4492431
4493083 4493604
4496542 4497880
4498986 4499296
4502331 4502741
4507983 4508554
4511983 4512853
4513444 4513758
4514893 4515243
4516608 4517337
4521578 4521877
4522412 4522596
4523349 4525484
4532708 4533197
4534726 4535025
4535992 4536305
4537793 4537929
4539079 4540118
4541989 4542275
4546806 4547427
4549812 4550633
4551964 4553062
4557610 4558543
4559566 4560451
4561774 4562536
4563268 4563497
4564228 4566879
4567835 4568441
4570884 4570934
4571655 4571775
4572282 4572517
4574646 4575805
4579300 4580977
4583316 4584654
4586239 4586474
4587124 4588931
4590032 4590363
4590915 4591102
4591723 4592714
4593362 4594615
4595664 4596121
4597451 4597579
4598898 4599016
4601919 4602090
4605720 4606196
4606701 4606868
4611754 4612395
4616886 4618145
4620697 4623511
4624471 4625354
4625881 4626443
4630529 4631722
4634423 4637110
4639239 4639697
4640461 4640725
4641613 4641808
4642637 4643715
4646596 4647550
4650178 4651053
4652656 4653461
4656812 4656969
4657642 4657935
4660363 4662071
4668200 4668661
4669795 4670002
4670597 4671533
4672655 4672770
4675214 4676456
4677093 4678222
4679461 4679562
4680099 4681281
4682548 4683142
4685336 4686127
4688230 4690991
4692052 4692166
4695057 4695301
4696683 4697263
4697797 4697990
4698606 4699548
4700726 4702318
4702892 4705349
4705919 4706177
4706776 4707936
4708589 4708894
4709895 4710571
4711110 4711397
4711920 4712227
4714100 4714852
4717227 4717481
4718369 4719067
4719644 4720057
4721135 4722298
4724211 4724592
4727544 4728262
4728926 4729123
4729667 4731133
4732068 4732184
4733537 4733846
4734398 4735788
4737906 4738394
4739035 4739516
4740055 4740205
4742622 4743952
4744592 4745427
4745979 4746187
4749691 4750075
4751930 4752150
4752894 4753458
4754163 4754973
4757350 4757402
4757959 4758516
4759036 4760016
4761948 4762208
4763469 4763562
4764865 4765051
4765571 4765659
4767165 4767419
4767946 4768289
4771039 4772413
4773491 4773927
4774822 4775628
4778919 4779563
4780960 4782142
4782671 4782727
4786087 4786346
4790615 4790902
4794841 4795117
4795776 4796416
4797706 4798408
4800432 4800537
4801428 4801973
4804111 4807053
4812542 4812792
4815049 4815558
4816958 4818268
4818815 4819196
4820556 4820725
4822681 4822840
4823365 4824166
4826449 4827044
4828006 4828212
4829020 4829314
4833535 4834321
4834913 4835627
4836234 4836683
4837563 4839434
4842326 4842850
4843519 4843841
4847693 4847850
4848970 4851018
4853306 4856250
Salmonella_0920_Ancestor_
1 255
1192 1757
4426 4966
6049 7252
7992 8227
8819 9995
13155 13391
15547 15751
16861 17488
18176 18565
19707 19815
21827 21880
23300 24036
25809 26088
27320 27650
28264 28886
30548 30799
33293 33628
34165 35519
36038 36159
36678 37233
38119 38339
39054 39106
40778 40979
42155 42788
45573 46314
48281 48555
50427 50488
51043 51751
57144 57939
59139 59823
60713 60891
62004 62231
63398 64225
64872 66837
67747 68976
69752 70337
71933 72422
75761 76657
77188 77463
79903 80175
81508 81752
88531 89195
89812 89882
92472 92881
96528 97370
100108 100990
101493 101715
102230 102963
105389 105774
109419 109607
110823 111081
113633 114082
115252 115405
116813 117429
119541 120119
120622 120969
121534 122317
123203 123347
125796 126024
126684 126898
129235 129309
132049 132927
133521 133904
134683 135545
136513 136575
138335 139061
139679 140938
142061 142891
143636 143774
144295 145116
148398 148548
149245 149718
155849 156294
158760 158822
159511 159614
161283 161360
164272 164373
166288 167493
169018 169071
169686 169830
170783 171905
173545 174999
175807 177465
178236 178921
179922 180359
183363 183424
185581 186049
188365 188491
189102 190802
193015 193509
195595 195742
197103 197335
197926 198156
199596 200237
202807 204080
204753 205214
206185 207698
209021 209525
210631 210766
213199 213324
213836 214115
215325 216141
217172 217589
218610 218787
223657 223709
224562 224632
226606 226779
227916 228425
230132 230355
230991 231138
238257 238859
240452 240736
241437 241779
242640 243071
244207 244469
246516 246706
247895 248851
254111 254321
255071 255355
256348 257975
260427 260672
261213 261286
263234 264326
265173 266783
268151 268442
268948 269260
269941 270080
274017 274290
275110 275258
276888 278702
279226 279814
281421 281866
286749 287011
289310 292710
293248 294588
296181 296717
297496 297569
299015 299444
300125 300240
301295 301738
302274 302493
303437 303905
305185 305460
307969 308139
309153 309296
311431 311726
312229 313452
315366 315817
316512 317499
318243 318842
320240 320827
321456 321792
323603 323870
328147 329424
330002 330383
330887 331941
335900 336113
337105 337318
338303 338735
339241 340081
340976 341115
342240 342570
343285 344041
344682 344829
347831 348122
350876 351526
354822 356630
359115 359915
360443 361516
362869 363040
364474 366068
369353 370586
372544 373886
374497 374714
375881 376065
378116 379105
379750 379996
381131 381504
386651 386982
388300 389443
390780 391162
394395 394550
395475 396242
397343 397445
399038 399165
406166 406239
408789 409392
411809 411909
413579 413746
414337 414594
415257 415527
416357 416509
418409 418819
420850 421429
426232 426544
427047 427493
429366 429428
429968 430105
430743 431402
433310 434153
436072 436137
437399 437779
439205 439511
440028 440556
443029 443147
443666 444278
445336 445686
446872 447280
448144 448261
449451 449558
451949 452071
453339 453916
454891 455000
455855 456065
457376 457667
460635 461586
462306 463889
467715 467882
468563 468931
470079 470574
471549 474031
474778 475373
476141 476677
477289 480209
480868 481734
484170 484346
484923 485027
488184 488959
490979 492241
495410 495896
498882 499164
502670 503137
507532 507891
511703 512122
514015 514765
515298 515980
516525 516748
517650 517761
519741 520397
520925 522231
522916 523134
525614 525909
526555 527376
529095 529459
532806 533943
536015 537192
537708 538926
539462 539570
541244 541717
542993 543201
544660 545097
546007 546333
547911 548139
548641 549864
551037 551963
552518 552927
553696 553757
556000 556198
556741 556947
559195 560419
562025 562420
565073 565410
566401 567002
570970 571221
573112 574152
576698 576916
578280 578480
581900 582683
584193 584278
586649 587806
590895 591410
592353 592417
594736 594926
596331 596390
596905 598699
599449 599940
600501 600719
602913 603488
604656 605088
607863 608581
610857 612322
616634 616986
622947 623052
623635 624738
628373 628648
631884 631971
633861 635652
636537 636802
638497 641185
643823 643940
644744 645607
649069 649494
650004 650548
651241 651986
652872 653755
654728 654835
655404 655596
657625 659155
659807 660136
662038 663592
664656 664716
666532 666756
668831 669158
671164 671411
672188 672434
673015 673229
674794 675568
679531 679666
683031 683324
684061 684409
688412 688761
689316 689643
691331 693228
694998 696256
697380 697892
699417 699760
700612 700817
701686 703372
703879 705127
706157 706764
708725 709297
712250 712346
714003 714599
715331 715474
717885 718121
720378 720664
721170 721294
721803 722849
723789 724021
725429 727321
730433 730643
731884 732170
736468 736549
737648 737999
741308 742409
744408 745074
747702 748575
750145 750247
751242 753268
754131 754771
755781 756519
757272 757644
760336 760681
761559 761727
763032 763175
768221 768478
769337 769800
770335 772012
773000 773972
776055 776927
778246 778497
781482 781536
782651 783989
784493 785190
787894 788141
790855 791378
792245 792714
793665 793756
797115 797234
799466 800133
800728 800849
805935 806441
807271 808231
814997 815401
817627 817894
819561 819716
821292 822999
823700 823849
829677 830526
831136 831231
831781 832544
835647 835872
837720 838108
838845 840283
841123 841984
843399 844447
846937 848977
851060 851210
851901 851978
852737 853736
854397 854878
855747 856069
858337 859472
873731 874170
878710 879970
883465 884294
885681 885732
886824 887804
889138 889485
890437 890751
897234 897659
901869 902175
904256 904722
906326 907077
908334 911554
912064 912852
914381 915274
916538 917556
919978 920171
920998 921338
921868 922114
922919 923672
924599 924688
925251 925498
926179 927148
927736 927858
929173 930994
931579 931697
934431 935545
936377 936579
937113 937840
938964 939121
939658 939941
940666 941021
942300 942489
944067 944356
945042 945608
949787 950582
951560 952061
954892 955338
958334 958765
959757 960128
962191 963671
964352 964604
965817 965977
966992 968877
969382 969733
973565 974124
976047 979046
979787 979890
982201 982749
984767 986405
987863 988075
989768 989959
990888 991128
992824 993662
994901 995265
996767 997874
998543 999975
1000478 1000859
1002021 1002200
1006980 1007749
1010051 1011006
1012906 1013896
1014667 1015084
1016092 1017317
1023183 1023370
1023881 1025538
1026487 1026563
1028162 1028523
1029398 1030613
1032184 1032498
1034655 1036049
1036561 1038973
1040444 1040523
1041228 1041536
1043562 1043855
1045058 1045691
1047601 1048500
1049982 1050130
1054599 1055193
1058562 1058826
1063719 1063893
1069096 1069199
1071467 1072096
1073714 1073902
1075231 1075928
1076601 1076855
1082512 1083242
1083936 1084649
1086107 1086247
1086809 1087270
1088988 1089138
1089804 1090140
1091959 1092444
1093137 1093282
1098225 1098367
1100014 1101448
1102491 1106006
1106709 1108506
1109012 1109907
1110711 1112110
1112918 1113306
1114308 1116121
1116832 1117099
1119284 1120115
1122240 1123180
1124162 1124447
1126986 1129381
1129887 1130218
1132367 1132591
1134469 1134523
1135028 1135794
1136556 1137144
1138080 1138291
1139482 1139827
1141925 1142667
1143356 1143756
1147672 1148678
1149631 1149964
1150648 1151603
1152669 1154727
1155635 1156127
1158692 1159052
1162059 1162914
1163592 1163657
1164424 1164591
1166343 1167395
1173386 1173447
1173969 1174735
1175522 1175790
1178343 1178402
1178995 1179935
1181532 1181618
1182133 1182934
1184986 1185201
1186601 1186853
1187789 1188938
1189445 1190584
1191184 1191307
1192406 1192886
1193628 1193910
1195703 1195793
1196762 1197056
1198491 1199166
1202546 1202759
1203431 1203884
1205427 1205679
1207354 1207450
1208143 1208232
1210421 1210844
1213587 1213735
1215637 1216691
1219774 1220154
1221758 1221962
1223593 1224149
1225540 1226243
1227094 1228759
1229411 1229951
1230508 1230850
1232750 1232946
1234587 1234884
1235492 1235763
1237576 1238622
1239557 1239892
1240612 1240987
1242277 1242717
1244479 1245118
1248121 1249029
1249573 1249866
1250490 1251309
1255472 1255702
1257772 1258665
1259431 1259766
1265062 1265679
1266824 1267540
1268872 1269941
1273035 1274054
1274744 1274947
1275699 1275949
1276762 1277397
1282305 1282414
1282945 1284237
1285000 1285292
1286492 1286822
1287462 1287600
1288736 1289480
1290848 1291217
1292425 1292496
1293432 1293497
1294042 1294458
1296163 1296376
1298116 1298322
1299596 1299847
1305281 1305550
1306217 1306925
1307829 1308273
1313305 1313798
1314879 1315410
1316451 1317859
1318676 1319141
1322301 1322726
1323987 1325368
1326311 1326451
1327010 1327732
1329085 1329651
1335330 1336485
1337437 1338302
1338844 1339511
1340124 1340988
1344771 1344919
1348352 1348562
1350353 1350494
1356352 1356438
1357146 1358646
1359423 1360451
1361722 1361959
1362761 1363773
1366512 1366690
1369647 1369996
1370584 1370681
1373716 1373837
1375510 1375900
1376560 1377759
1381309 1381785
1383278 1384108
1387309 1387486
1388426 1389076
1389585 1390068
1391320 1391710
1392994 1393480
1395812 1396095
1398765 1398872
1399529 1399865
1400912 1401385
1402912 1403713
1404408 1404737
1406021 1406557
1407749 1407995
1408888 1409098
1415285 1415859
1416867 1417638
1418510 1418735
1419397 1420187
1421987 1422783
1423573 1423797
1424299 1424530
1427761 1428653
1429585 1430153
1432285 1432516
1434378 1434550
1435107 1435231
1435945 1436614
1441446 1441495
1442560 1442752
1443806 1443976
1446240 1446452
1447844 1448616
1450609 1451849
1452382 1452802
1455772 1456798
1457975 1458118
1462865 1463178
1463688 1463959
1464826 1465431
1466192 1466400
1469276 1469693
1472597 1472724
1473639 1474219
1474922 1475082
1478484 1478589
1479377 1479732
1483552 1483625
1487712 1487855
1492167 1493050
1494327 1494478
1500989 1501544
1503407 1503699
1507248 1507490
1508095 1508273
1509655 1510013
1510768 1510830
1512909 1514098
1515231 1515398
1522766 1523670
1526165 1526923
1531142 1531721
1533080 1534037
1535055 1535153
1536895 1537117
1538985 1539562
1540250 1540365
1541335 1541539
1544315 1544507
1547167 1548334
1548982 1549906
1551119 1551244
1552743 1552794
1554670 1554879
1556038 1557306
1559028 1559600
1560421 1561149
1561717 1562031
1564459 1564518
1565602 1565837
1566443 1567597
1568146 1568479
1569006 1569834
1571098 1571428
1572065 1572492
1574203 1574306
1575077 1575550
1577776 1578133
1579701 1580350
1582414 1582664
1584465 1584960
1585726 1586695
1588282 1589654
1591165 1591636
1592543 1592892
1593574 1593933
1594647 1595426
1595991 1596456
1597399 1597648
1600399 1600454
1602044 1605212
1605918 1606355
1607157 1607478
1608173 1609729
1611759 1612269
1614423 1615086
1615788 1616698
1617313 1617401
1617957 1618196
1619110 1620193
1623337 1623564
1630851 1631155
1632090 1634016
1637444 1637724
1639225 1639326
1640823 1640935
1641580 1642495
1644053 1645049
1645746 1646121
1648831 1648970
1649674 1649939
1650485 1650615
1651390 1652099
1652915 1653602
1655565 1657320
1657965 1659981
1661573 1661962
1663725 1664145
1665669 1666417
1668187 1668517
1669412 1670300
1671914 1672400
1673077 1674133
1674800 1675064
1675669 1676268
1680935 1681240
1687250 1687523
1688614 1689280
1691012 1691104
1691746 1693558
1694073 1694292
1694817 1695460
1696408 1697113
1697937 1699633
1700800 1701109
1704131 1704408
1705342 1706074
1707639 1708707
1709509 1709815
1711497 1711691
1713136 1713947
1718396 1718518
1719093 1721331
1721880 1723249
1726045 1726756
1727263 1728064
1729043 1729312
1730939 1731631
1732428 1733304
1736966 1737439
1739800 1740801
1741462 1742549
1743723 1743920
1744524 1745194
1745872 1746191
1747244 1747465
1748259 1748450
1751448 1751851
1753566 1753727
1755465 1755658
1756188 1756457
1758139 1758410
1759237 1759349
1760624 1760812
1763156 1763506
1765186 1765433
1766631 1767534
1768185 1768960
1771351 1771633
1772692 1773453
1775560 1775819
1778689 1779600
1782581 1782986
1783503 1783626
1784231 1784466
1786252 1786313
1786972 1787230
1788289 1788707
1789675 1790148
1790916 1791176
1791982 1792058
1793488 1793781
1794676 1794975
1795895 1796206
1797018 1797295
1798533 1799364
1800170 1800745
1801571 1802027
1805314 1806206
1809700 1809990
1810514 1810752
1811288 1812433
1813051 1813364
1814059 1814698
1817281 1818311
1819029 1819373
1821230 1821497
1822210 1822771
1823425 1823508
1825925 1826297
1826825 1827260
1828406 1828854
1830013 1831115
1832971 1833265
1836354 1837187
1840230 1840392
1841244 1841467
1842144 1842348
1842885 1843263
1844493 1844899
1846333 1846566
1847345 1847795
1850064 1850221
1850895 1851194
1851944 1853954
1854662 1854884
1857810 1859122
1859839 1862055
1864128 1865983
1866492 1868456
1869627 1870140
1873435 1874155
1875058 1875475
1876214 1877460
1878883 1880162
1881328 1882151
1882879 1883504
1886075 1886347
1886938 1887212
1892130 1892335
1896686 1900769
1903292 1904117
1904686 1904974
1905792 1906458
1907672 1908805
1912873 1913719
1914279 1914559
1916742 1916873
1918127 1918660
1919505 1919798
1921730 1922573
1925653 1927057
1930886 1931319
1932014 1932372
1933255 1933359
1935067 1935713
1937647 1938233
1939017 1939121
1942942 1943426
1944582 1944709
1945476 1946426
1948251 1948785
1949335 1950266
1950822 1951146
1953386 1954085
1957105 1957257
1958284 1961067
1961633 1962421
1963643 1963858
1964819 1964939
1967957 1968280
1970003 1970762
1971299 1973071
1973920 1974065
1975055 1975490
1976559 1977183
1977762 1979967
1982318 1983106
1984020 1984383
1985842 1986702
1989323 1989597
1991197 1991936
1997409 1997693
1998617 1998806
1999345 2001863
2003833 2004671
2005560 2006312
2008722 2008931
2010252 2011145
2011753 2012580
2013210 2013458
2014232 2014984
2016427 2016754
2017674 2018148
2018763 2019016
2020663 2021014
2022862 2023218
2023925 2024128
2024746 2024972
2027087 2027677
2028685 2028796
2029885 2030616
2031544 2031936
2032459 2033160
2033905 2035194
2039431 2040912
2043222 2044221
2045473 2046265
2047694 2049939
2050601 2050821
2052225 2052468
2052970 2053169
2059536 2059738
2063040 2063765
2068225 2068974
2069676 2069770
2070709 2070948
2074143 2075347
2077924 2078265
2078874 2079237
2081606 2083139
2085024 2085215
2085759 2087904
2089860 2090350
2091500 2091973
2093787 2094604
2095240 2095986
2096876 2097020
2099137 2099409
2100447 2102033
2103812 2103998
2104960 2105802
2106938 2107097
2109517 2111440
2113241 2115273
2117188 2119540
2120398 2120700
2122300 2122376
2124720 2124934
2125568 2126202
2126883 2126969
2127951 2128095
2131014 2131354
2135131 2135646
2137351 2137687
2139308 2140404
2141496 2141548
2142123 2143586
2144266 2144787
2146080 2146905
2150597 2151191
2152083 2152262
2154886 2156095
2158108 2158198
2159057 2159390
2162019 2162190
2163407 2163715
2167028 2167276
2168337 2169193
2174079 2174393
2174978 2175190
2176067 2176411
2177492 2177624
2181322 2181375
2182884 2183141
2185741 2185866
2187507 2187945
2189170 2189531
2192690 2192769
2193296 2193917
2197580 2197698
2198863 2199383
2202547 2202763
2203725 2204347
2207477 2209850
2210972 2212728
2214429 2215314
2217489 2218052
2221591 2221988
2223253 2224448
2225927 2226475
2227101 2228687
2229539 2231917
2232827 2233523
2235390 2235472
2236596 2237151
2238202 2238627
2242281 2242330
2242977 2243912
2244835 2244895
2245899 2246187
2249113 2253339
2254172 2255676
2260473 2262183
2264931 2265379
2267544 2268636
2269960 2270395
2273843 2277229
2280251 2280349
2282584 2282769
2286557 2287746
2289368 2289670
2290905 2291230
2291952 2292149
2294876 2295532
2297942 2298018
2299478 2299754
2302312 2302741
2303298 2303556
2305686 2306354
2307530 2308156
2308804 2309833
2312311 2312536
2315230 2315332
2316590 2316796
2318045 2319665
2320541 2321337
2322230 2322483
2326403 2328362
2329368 2329623
2330446 2331010
2332300 2332966
2334676 2335270
2336508 2336864
2341139 2341223
2343147 2343472
2344146 2344360
2344932 2345488
2346904 2349236
2349845 2351716
2352260 2353488
2354079 2355387
2355960 2356171
2356930 2358039
2361679 2361846
2362436 2362518
2363166 2363691
2364940 2366363
2367689 2370740
2372194 2372394
2376467 2376914
2377792 2377845
2379542 2379763
2380580 2380863
2381710 2383186
2383759 2384086
2386974 2387069
2391171 2391583
2392622 2393422
2394907 2396115
2397614 2398177
2399927 2400459
2404034 2404961
2405592 2406302
2408690 2409046
2409925 2410127
2413381 2413466
2415794 2416277
2417009 2417508
2419402 2419657
2422829 2424194
2424894 2425698
2429063 2429252
2430514 2430939
2433391 2433595
2435038 2435529
2436225 2436297
2437386 2437567
2438559 2441338
2442840 2443704
2444345 2445475
2448208 2448345
2450097 2451908
2452893 2453565
2454216 2454491
2455396 2455661
2456207 2457056
2458325 2458605
2459553 2460054
2461399 2461617
2462313 2462740
2463487 2464627
2465185 2465644
2466510 2466950
2469690 2470381
2471620 2471897
2474160 2476049
2476752 2477154
2479688 2479889
2481130 2481592
2482444 2485134
2486771 2487599
2490111 2490283
2491058 2491527
2492714 2492975
2494212 2494887
2496274 2496373
2498332 2498767
2500527 2500846
2502048 2502288
2503313 2506008
2507742 2507928
2508503 2508844
2511049 2511713
2512421 2514249
2514789 2515120
2516897 2517174
2523167 2523283
2524621 2525973
2527629 2528726
2529569 2529687
2531060 2532551
2533466 2533564
2534496 2535450
2536490 2537215
2540779 2540981
2543185 2543603
2545625 2546544
2550589 2551571
2554512 2555111
2555814 2555999
2556871 2556929
2557435 2557796
2558334 2558576
2559780 2560636
2561759 2561979
2564731 2564943
2565453 2566584
2567265 2567520
2568993 2569080
2571021 2571242
2571994 2572713
2575170 2575593
2576207 2577279
2579156 2579840
2580910 2582027
2582546 2582655
2584028 2584615
2588464 2588693
2589287 2589885
2591543 2591692
2593583 2594709
2595515 2596023
2597624 2598011
2598968 2599087
2599806 2600199
2602395 2602716
2606532 2608298
2610379 2610950
2614733 2616242
2617194 2617657
2618161 2618479
2623709 2623798
2624396 2624634
2625999 2627857
2628592 2628751
2630940 2631890
2632536 2633107
2633690 2635017
2635555 2636473
2637417 2638000
2638835 2640355
2642174 2642661
2643778 2644012
2644843 2644917
2647205 2648864
2649384 2649548
2650226 2650398
2651172 2651503
2658010 2658101
2658884 2659578
2660780 2660976
2661785 2661961
2662661 2662825
2663768 2664019
2666202 2667509
2670229 2670500
2672329 2672547
2673398 2673793
2674719 2675345
2677120 2677424
2681380 2683396
2684391 2684767
2687282 2687578
2688919 2690045
2690981 2691333
2693164 2693314
2694240 2694690
2696782 2696849
2697437 2698031
2699915 2700657
2701390 2702761
2703314 2703738
2704351 2706156
2707825 2707913
2709471 2709821
2710517 2710769
2711451 2711819
2713946 2714041
2715093 2715303
2715951 2716173
2721040 2721284
2722827 2723868
2724822 2725054
2726772 2727950
2729582 2730186
2731339 2731407
2731927 2732058
2732578 2732721
2734846 2738652
2744378 2747015
2747549 2749675
2762711 2763670
2765798 2765922
2768391 2768862
2771225 2771785
2773893 2774721
2775894 2776237
2778069 2778571
2780900 2781691
2782972 2785629
2787495 2788090
2790316 2791405
2792051 2792407
2793058 2793240
2793851 2794087
2794687 2794826
2795615 2797614
2798296 2799611
2800401 2805624
2806641 2807124
2808899 2808960
2815909 2816786
2818430 2818730
2819261 2819787
2822108 2822315
2823001 2823269
2824088 2824388
2826827 2832484
2834260 2834544
2835835 2838352
2839142 2839219
2841972 2843060
2845856 2846412
2847778 2848265
2849545 2850485
2853764 2854022
2854734 2855034
2856026 2856559
2860076 2860793
2865366 2865508
2866033 2866969
2867963 2868171
2869656 2871007
2871774 2871904
2873897 2874344
2874949 2875739
2878265 2878527
2880631 2881523
2882483 2882592
2884117 2884825
2885495 2885950
2887893 2887954
2888581 2889188
2890641 2891089
2892268 2893834
2894591 2894767
2895327 2895800
2898093 2898867
2900766 2901463
2902863 2903212
2904471 2904804
2905388 2905821
2906455 2906730
2907795 2907878
2908411 2908777
2910484 2911577
2913841 2914430
2916858 2918061
2920408 2921114
2922167 2922381
2922965 2923405
2924564 2924718
2925684 2926010
2926521 2928170
2934622 2935476
2936093 2936299
2939857 2940659
2941688 2942839
2944814 2945065
2947612 2948829
2951573 2951810
2952671 2953778
2956348 2956511
2959295 2960049
2962411 2962581
2964730 2965573
2966894 2967168
2969440 2969562
2970066 2970618
2971136 2971326
2974103 2974711
2976717 2976836
2978584 2978758
2984622 2984700
2985418 2985513
2988048 2989240
2990076 2990923
2991758 2992091
2992806 2994132
2995994 2996508
2997220 2997763
2998777 3000297
3004859 3005261
3006393 3007041
3007599 3007833
3012179 3013177
3015416 3015575
3017509 3018052
3018828 3019289
3021310 3021557
3024618 3025535
3028482 3029934
3031446 3031508
3032634 3033407
3033978 3034769
3038768 3038835
3040183 3040728
3041556 3042992
3043532 3043623
3044823 3045497
3048270 3048331
3049685 3050723
3054336 3054832
3058923 3058982
3059898 3060403
3062548 3063625
3065803 3066878
3068027 3069860
3072052 3072299
3072990 3075492
3076700 3077140
3077941 3078199
3078766 3079149
3080437 3080889
3082302 3082958
3085606 3085989
3086647 3086895
3088519 3088717
3089970 3090723
3092751 3092987
3095176 3095588
3097930 3098835
3099813 3101533
3103132 3103274
3104383 3105100
3106086 3106438
3107156 3107947
3109860 3109948
3110529 3111703
3114049 3115123
3116864 3118053
3121733 3122849
3124259 3124759
3125340 3125460
3126139 3126475
3127082 3127274
3127978 3128439
3131258 3131328
3132290 3133282
3134565 3135111
3137591 3137821
3140774 3141550
3143272 3143785
3145000 3145743
3146403 3147125
3150616 3151057
3151581 3151647
3154716 3154773
3155405 3155458
3158250 3159078
3160262 3161118
3162007 3162080
3162771 3162876
3164136 3164309
3164946 3165769
3169369 3169977
3171608 3171897
3172407 3172647
3174373 3174828
3175981 3176277
3176836 3178553
3179275 3181549
3182570 3183313
3184558 3185335
3186019 3186171
3188668 3188719
3191266 3191373
3191938 3192356
3194568 3194827
3195468 3197208
3197891 3197963
3199665 3200541
3201586 3201979
3203105 3204591
3209161 3209237
3213012 3213535
3214750 3214887
3215835 3216581
3217909 3218204
3219845 3220187
3222445 3223304
3223905 3224112
3224672 3225248
3226305 3226744
3228652 3228790
3232391 3233519
3234853 3235542
3236270 3236329
3236861 3237573
3238117 3239002
3241636 3241937
3246976 3247946
3249036 3249928
3251940 3252379
3253371 3255554
3258362 3259961
3261036 3261276
3262182 3262597
3265499 3266211
3269292 3270050
3271350 3272317
3273824 3274054
3275221 3276269
3277640 3279137
3284397 3284699
3286209 3286665
3288907 3289048
3290528 3290819
3291363 3291521
3292744 3293105
3293869 3294618
3295668 3296523
3300520 3301250
3302413 3302548
3305106 3305330
3307905 3308445
3310095 3310486
3312049 3312226
3312743 3312999
3315386 3315475
3316851 3317408
3319448 3319611
3323246 3324002
3324609 3325913
3326719 3327443
3329092 3329632
3331102 3331407
3334654 3335240
3335918 3336258
3337745 3338011
3339814 3341074
3341947 3342763
3343430 3343847
3344845 3345565
3346166 3346624
3348300 3349168
3349764 3351706
3352560 3353525
3354147 3354696
3355239 3355902
3356442 3357386
3358918 3359564
3361427 3361746
3364036 3364723
3366864 3367482
3368563 3368846
3370345 3370653
3372009 3372168
3373563 3375561
3376091 3376337
3378002 3378197
3379754 3379888
3381618 3382427
3383674 3384234
3384927 3385658
3386510 3386566
3387225 3387557
3391068 3391898
3392638 3392897
3393508 3393757
3397253 3397409
3398023 3398468
3399229 3400787
3404080 3404153
3407380 3408023
3408806 3410168
3410731 3410945
3412801 3415038
3415633 3416701
3421293 3421634
3425983 3426181
3426965 3427387
3428710 3430014
3430588 3430685
3436010 3437125
3438195 3440167
3441148 3441342
3443513 3443856
3446921 3447048
3448150 3448440
3449711 3449894
3451737 3452309
3453169 3453281
3455400 3455592
3456433 3456610
3457321 3457496
3458661 3458986
3459570 3459700
3461703 3461915
3462875 3463172
3463841 3464128
3464865 3464917
3465730 3466695
3468270 3469202
3474278 3475340
3476206 3476307
3477099 3478288
3479820 3480223
3482809 3483053
3487748 3488454
3489396 3489494
3489999 3491392
3496167 3496557
3497204 3497738
3499092 3500106
3500645 3500989
3503513 3504976
3505705 3506498
3507749 3508348
3509910 3510426
3512870 3513200
3514637 3515559
3516753 3517545
3519115 3521948
3524688 3525366
3525928 3526346
3529476 3529570
3530120 3530485
3531077 3532368
3533247 3534133
3534636 3534696
3535632 3536758
3537721 3538250
3539328 3539458
3542382 3542618
3543840 3544187
3546094 3547200
3549357 3550202
3550761 3551901
3555535 3555952
3557910 3558003
3558882 3559928
3562295 3563353
3563876 3564232
3565994 3566338
3566964 3567020
3567678 3572851
3573711 3574291
3576787 3576862
3577397 3579538
3582434 3582868
3585859 3586197
3587041 3587886
3594015 3597163
3598409 3599372
3602656 3603027
3604035 3604229
3605026 3605526
3606155 3607181
3607872 3610425
3613962 3614285
3616146 3616875
3617410 3617587
3619454 3619905
3621831 3622012
3623826 3624442
3625921 3627029
3629955 3630522
3631446 3631716
3633137 3633592
3635202 3635706
3636600 3636880
3638412 3639708
3643042 3643750
3644394 3644882
3645704 3646071
3649771 3651134
3651665 3652487
3653090 3653318
3654397 3654654
3655347 3655666
3656427 3656707
3658669 3659772
3660638 3661756
3664122 3664390
3665567 3666080
3666685 3666853
3668894 3669929
3672002 3672055
3672588 3673720
3675104 3675544
3677285 3677911
3678518 3679752
3681271 3682218
3682871 3684676
3689097 3689309
3690240 3690959
3695841 3698395
3699099 3699334
3700115 3700344
3702463 3703002
3704763 3704914
3705439 3705582
3707800 3708549
3709662 3710042
3710951 3711554
3713959 3714682
3715464 3717200
3719938 3720278
3723123 3723370
3724203 3724431
3725034 3725509
3727000 3727560
3728676 3728903
3729737 3730001
3730731 3733001
3734420 3734561
3735159 3736092
3738338 3739065
3740808 3741357
3744899 3745282
3745947 3746214
3747595 3749386
3750852 3751685
3752943 3753634
3755304 3756204
3757297 3758640
3760283 3760366
3761527 3762026
3763512 3765426
3770354 3771160
3772451 3772502
3773588 3774603
3777825 3778129
3778713 3779006
3782021 3782360
3783986 3784245
3787333 3787939
3791920 3792135
3792704 3793025
3796420 3797082
3798570 3799406
3801671 3801935
3803567 3803932
3804549 3807150
3807871 3808373
3809693 3810034
3812050 3812223
3812777 3813487
3815791 3816610
3817322 3817566
3818286 3820087
3821643 3821731
3823556 3824155
3825813 3826460
3829404 3830313
3831292 3831370
3833385 3833670
3834584 3835783
3836396 3836526
3840345 3840432
3840939 3841466
3843712 3844812
3846292 3846649
3847594 3848351
3851066 3851721
3852949 3853014
3856604 3857772
3864873 3866153
3869599 3869744
3875934 3876013
3876636 3877457
3881729 3881994
3883366 3883571
3884865 3885246
3886902 3887493
3891068 3891435
3892105 3892465
3893961 3894222
3896040 3896183
3896996 3897240
3900500 3900878
3902442 3903399
3905042 3905951
3906704 3907211
3908150 3909953
3910956 3911246
3912271 3913360
3914619 3915310
3916986 3918862
3923356 3925413
3926076 3926931
3928736 3929031
3929958 3930535
3933667 3934033
3935556 3936041
3937035 3937466
3939270 3940138
3943287 3943445
3943983 3944191
3946280 3946806
3950076 3950281
3950890 3951998
3953228 3954030
3956023 3956578
3957509 3958715
3960060 3960174
3962462 3962558
3963555 3964360
3964909 3965045
3965621 3966663
3968797 3968858
3970571 3971013
3972321 3972924
3973895 3974464
3976496 3976674
3978660 3979872
3980849 3981476
3984213 3984507
3987308 3988070
3991475 3991549
3992180 3992431
3993135 3993381
3994276 3995439
3996127 3997444
3999425 3999663
4001985 4002157
4003495 4003942
4004872 4005023
4005593 4006496
4008604 4009991
4010700 4010811
4013627 4015170
4015798 4017744
4019198 4020083
4020858 4021344
4023219 4023498
4025467 4030759
4031412 4033305
4035846 4036295
4041136 4042266
4045139 4045569
4046124 4046261
4048117 4048466
4049790 4050240
4051909 4052136
4053567 4054062
4055143 4056089
4057107 4057542
4058945 4059135
4061062 4061405
4066833 4067139
4068264 4068843
4069589 4070479
4071995 4072333
4072972 4073222
4074252 4074329
4076837 4076966
4078304 4078368
4080447 4081699
4082234 4082463
4085908 4086358
4087927 4088634
4089361 4089481
4090556 4090833
4092841 4093088
4094798 4095506
4096349 4097397
4099440 4100779
4101407 4101687
4102317 4103686
4106480 4106539
4107156 4109436
4110666 4110732
4111991 4114062
4114724 4117173
4117973 4118566
4121277 4121850
4123213 4124409
4127651 4128467
4136156 4136338
4137912 4138226
4138740 4138928
4140735 4140938
4142040 4142910
4143667 4144487
4145151 4145593
4150003 4151482
4154090 4154285
4156404 4156544
4157127 4157825
4158984 4161546
4162752 4162883
4167410 4168045
4169683 4170327
4172028 4172366
4172908 4173222
4174127 4174204
4177559 4177682
4178258 4178777
4181395 4181545
4182518 4182866
4183784 4183855
4185626 4186298
4186806 4187075
4189867 4192629
4193492 4194964
4195913 4201622
4203890 4203961
4206233 4206490
4208386 4208493
4209373 4209560
4210314 4211825
4213487 4214201
4216016 4217660
4219528 4220476
4222451 4224288
4225066 4225355
4230518 4231121
4231693 4231947
4233276 4233496
4235168 4235740
4238127 4239402
4240025 4240308
4241614 4241728
4242513 4243037
4243646 4243826
4244649 4245447
4248556 4248903
4250924 4251027
4252448 4253058
4256136 4258066
4259157 4259237
4261760 4262028
4262823 4265712
4266889 4267226
4267951 4268454
4269618 4269754
4271119 4271187
4272481 4272598
4273472 4274475
4276329 4276461
4277036 4277864
4278562 4278759
4279513 4280114
4281347 4281646
4282147 4282701
4284619 4285183
4286346 4286635
4289395 4290070
4290665 4291294
4296001 4296620
4300222 4300975
4302851 4303068
4307939 4308192
4309238 4309447
4312037 4313035
4314340 4314889
4317029 4317236
4317768 4317964
4318710 4319495
4322774 4322911
4334100 4334721
4338297 4339901
4341001 4341073
4345083 4345555
4346375 4346879
4348862 4349466
4350975 4356186
4360160 4360768
4361301 4362259
4364341 4365140
4368070 4368847
4371872 4372545
4373084 4373654
4377106 4377463
4378081 4379480
4380311 4381466
4382277 4383178
4386652 4386855
4388040 4388354
4391775 4392404
4393271 4393397
4395507 4395999
4397136 4397421
4398920 4399135
4400520 4401188
4402003 4402981
4403782 4404443
4405863 4406020
4406726 4408747
4410855 4413022
4414797 4419999
4421149 4421264
4423185 4423256
4424974 4426085
4427481 4427684
4429006 4430358
4431104 4431662
4432791 4432961
4433657 4434006
4435824 4435992
4436782 4437270
4437870 4438746
4440805 4441115
4442221 4442354
4447679 4448204
4450145 4450541
4451530 4453374
4453888 4454154
4455533 4455645
4457114 4457682
4459030 4459307
4465418 4466718
4467927 4468253
4469387 4469567
4470347 4470905
4472595 4473107
4474006 4474628
4475295 4475504
4476873 4477080
4478598 4478703
4479666 4480232
4483424 4483882
4485444 4486709
4487712 4488148
4489737 4491374
4492325 4493835
4494873 4495117
4497000 4497252
4498464 4499230
4500015 4501536
4502039 4503310
4503915 4504509
4505036 4505357
4507995 4508548
4510300 4510518
4511325 4514144
4514720 4515446
4517418 4517834
4518763 4518993
4519969 4520097
4521578 4521877
4522412 4523392
4525479 4525569
4526439 4528671
4529306 4529668
4532708 4533197
4534169 4534221
4535804 4536993
4537793 4537929
4541446 4542275
4544726 4545110
4545805 4546706
4550480 4550633
4556430 4556659
4557322 4558153
4559476 4559913
4567714 4568441
4570884 4570934
4572617 4572976
4574539 4574639
4575631 4576744
4581077 4581797
4583310 4583497
4584361 4584736
4586239 4586474
4589536 4590363
4590918 4591102
4591723 4592714
4594091 4594289
4595706 4596830
4599653 4600350
4601919 4602090
4602801 4603496
4605435 4606236
4607454 4607732
4612464 4612876
4613692 4613900
4614917 4615433
4616214 4616786
4617659 4618145
4619688 4620190
4620697 4621590
4622137 4622385
4625781 4629009
4630963 4631722
4633498 4633822
4635484 4635946
4636955 4637888
4638720 4639139
4640389 4642216
4642746 4642858
4643453 4645107
4645927 4646001
4646613 4646701
4647221 4647407
4648710 4648803
4649573 4649964
4650913 4651119
4651805 4652156
4653756 4655132
4656414 4656467
4657299 4657559
4658774 4658823
4660122 4660342
4661460 4661572
4662127 4662722
4664527 4665488
4666222 4666734
4670553 4670907
4671571 4671967
4672677 4674272
4678606 4679312
4680198 4680654
4681748 4682083
4682832 4684318
4684880 4685243
4686376 4686959
4690241 4691805
4692816 4693405
4694874 4695454
4696281 4697034
4697839 4697993
4702500 4702704
4704110 4704368
4704967 4706127
4708599 4708762
4709301 4709588
4710518 4711162
4712685 4713043
4715385 4715672
4716351 4717258
4720589 4721748
4723405 4724493
4725010 4726385
4726937 4727261
4727822 4728068
4733473 4733526
4735058 4735179
4735816 4736003
4736509 4737058
4740739 4741298
4743235 4744168
4746410 4746523
4749014 4749231
4752489 4753360
4753907 4754133
4754831 4755544
4760403 4761209
4769630 4769702
4770772 4770964
4772810 4773837
4775637 4777264
4778578 4779018
4780835 4781199
4781872 4782029
4782786 4783373
4784758 4785830
4787275 4788735
4789491 4790004
4790615 4792618
4795776 4796277
4796816 4797112
4797771 4797842
4799341 4799868
4802073 4803143
4805237 4806628
4809226 4811887
4812542 4812792
4817908 4818268
4818815 4819628
4820384 4820725
4822681 4822840
4824011 4824231
4828006 4828212
4829020 4829314
4832545 4832621
4833535 4833789
4834913 4835722
4838663 4839467
4840615 4840835
4841539 4841655
4843519 4843841
4847693 4847860
4854153 4854259
4855072 4855320
4857371 4857432
