Ecoli_ancestor_Ancestor_
1643 3589
7428 8208
8874 9102
13888 13994
15763 15971
16676 17635
21758 22349
25742 26049
29426 29751
30700 30922
32987 33235
34096 34390
39308 39629
43762 44029
45249 45452
46589 46682
52049 52152
58019 58293
59539 59651
60585 60944
64281 64547
65184 65582
66127 66727
68581 69041
70297 70505
75932 76186
78056 78122
80945 81097
81909 83247
86440 86556
87128 87424
87928 88214
90793 93039
94933 95277
96272 96837
103940 104007
105012 105216
110533 110672
115157 115894
129433 129828
132214 133046
134499 135298
137841 138008
140295 140390
141044 141499
142354 142420
145667 146314
148608 148677
155489 155897
158968 159094
160748 161235
165652 165949
169462 169648
171230 171983
174997 175144
175738 176548
177986 178630
180390 180831
183785 184083
186603 187177
194292 195247
198286 198358
199583 199977
202213 202346
205574 205649
206256 206668
208442 208504
210733 211087
213331 214421
221307 221639
222193 222471
230079 230344
230901 231072
234883 236107
238627 238885
239629 239769
244310 244475
246350 247363
249098 249495
252458 252529
253147 253218
254460 254542
265339 265625
268314 268519
269095 269495
271938 273004
278425 278520
280184 280487
281709 282590
285596 286059
287178 287455
288741 288969
289673 289862
290702 290784
291406 291672
294522 294870
297122 297197
301561 302416
303531 303754
305078 305925
311063 311175
313352 313473
318229 318858
326072 326280
328602 328977
330641 331011
337982 338647
339340 339871
348562 348935
354866 354953
355999 356456
357131 357704
360452 360838
364651 364743
366096 366189
367608 368076
368593 369982
370511 370613
372405 372742
377224 382862
386067 386856
388713 389889
392584 392747
395346 395748
399084 399708
400395 401453
406859 406950
407507 407619
411490 412025
413984 414767
418969 425024
425578 425750
428089 428213
428905 429031
433457 433634
434901 435221
440353 440692
442434 442637
443613 443950
445268 445956
456182 456481
457323 457739
462003 463203
463990 464213
467881 468316
473347 473441
474185 474621
478936 479183
484891 485662
488093 488191
490286 490366
491296 491428
493680 494373
497911 497995
503855 504007
508866 508926
509962 510177
515207 515522
516309 516373
518214 518293
518843 518972
521237 521770
526161 526230
529992 530538
533829 533880
534581 535272
535786 536016
539952 540193
541830 541892
542585 542858
546797 547064
548147 548238
549646 555921
557243 557500
558868 559121
560632 560809
563084 563721
564821 565866
567255 567868
568469 568631
570740 571010
575947 576019
577234 577903
581180 581380
582291 582343
583298 583452
585121 585247
586554 586630
588136 588393
589834 589982
598643 599287
602179 602322
603318 603698
605450 605546
606166 606422
608631 608853
609857 611419
612460 612559
614153 614387
619105 619175
620685 621483
626193 626352
630948 631277
633822 633986
636271 636380
638212 638396
644010 649263
651985 652356
653832 654129
655728 656408
656925 657469
660620 660770
661696 661844
662419 662585
663461 663540
667856 668285
670348 671158
674245 674489
677543 677832
680117 680204
682711 682874
686692 686971
690900 691063
692116 692480
697027 697569
698631 699398
702240 702480
707122 707667
708205 708875
714481 715842
717980 718378
721875 722634
723338 723421
724298 724604
729771 729967
731009 731151
732619 732719
734111 734842
736021 736625
741243 741653
744436 745353
748246 748499
756519 756884
758020 758566
768732 769066
770311 770388
771359 771587
773201 773319
773929 775427
776816 777112
779323 780089
785144 785517
789067 789252
795017 795266
796295 796542
802058 802167
803209 803458
807965 808178
809033 809132
809817 810547
811088 811931
814808 815551
816172 816417
821442 821761
823158 823381
824050 824197
825085 828462
831755 832309
835010 835211
835745 835938
837340 838418
839257 840267
841700 842222
843048 843173
844286 844538
845284 845364
849268 849452
853034 853464
857788 858772
860891 861322
866170 866505
872101 872168
873580 874586
876371 876669
877804 878373
880333 881364
888029 888673
889355 889815
890974 891956
893514 893601
896586 896728
901107 901273
902988 903268
905142 905733
911526 912376
913374 913441
914447 914543
915111 915176
917376 917520
919000 919237
920151 920420
921110 921233
921898 922283
923566 924471
924999 925326
927173 927469
928065 928299
929737 929973
930577 930790
935073 935359
937667 938903
940480 940614
960300 960613
961334 961434
964139 964326
965178 966322
968041 971432
975584 976328
978982 979385
982213 982815
986511 986571
993127 995111
996399 997583
1003104 1003227
1006386 1007927
1008834 1009687
1015004 1015087
1015753 1016055
1018257 1018893
1020104 1020723
1022089 1022418
1023196 1023497
1027772 1027908
1029221 1029302
1031826 1032058
1035208 1035489
1036239 1037389
1041500 1041775
1049731 1050718
1051790 1051947
1052543 1053434
1058082 1059028
1060499 1060616
1064004 1064542
1066098 1066377
1066923 1067084
1067831 1067958
1068538 1069024
1072727 1073114
1074051 1074952
1078054 1078297
1078994 1079085
1080425 1080614
1081268 1081978
1086435 1086716
1087578 1088387
1089053 1089518
1090188 1090319
1091574 1091669
1094952 1095089
1096771 1098435
1100548 1100752
1101612 1101795
1106297 1106588
1111938 1112135
1113266 1114156
1116777 1117381
1119719 1120351
1127454 1127655
1130922 1131165
1132475 1132783
1135557 1135636
1137314 1137517
1148840 1148963
1150536 1151233
1153665 1153719
1155734 1155909
1157765 1158224
1161912 1167507
1171909 1172103
1176100 1176793
1177765 1178211
1181283 1181815
1182395 1183217
1185292 1185823
1188789 1189477
1195938 1196150
1199987 1200087
1204527 1205282
1208583 1209887
1211116 1211475
1212762 1213023
1216366 1216542
1217592 1218033
1218537 1218799
1224148 1225153
1225755 1227246
1230104 1231399
1237826 1238207
1240459 1241001
1241756 1241822
1242971 1243114
1244640 1244817
1246053 1246540
1252314 1252364
1252969 1253112
1254197 1255189
1258126 1258274
1260050 1260179
1263935 1264123
1267677 1268073
1268873 1269971
1270928 1271032
1273438 1274135
1279745 1280043
1281386 1281498
1282252 1282409
1284259 1285793
1291835 1292349
1295421 1296529
1298466 1298710
1302340 1302606
1305507 1305695
1306215 1306401
1307006 1307236
1309436 1309500
1310169 1310570
1311804 1311988
1312968 1313770
1315199 1315614
1316410 1316521
1317667 1318345
1319160 1319935
1322083 1322632
1326821 1326911
1328051 1328468
1329093 1329203
1332917 1333126
1334303 1334508
1337388 1337754
1340206 1340458
1341768 1341939
1351040 1351241
1351742 1352038
1353902 1353961
1354816 1354920
1364830 1365097
1368525 1368844
1370271 1370574
1372534 1373147
1373841 1373998
1377216 1377365
1380907 1381164
1381757 1382024
1382526 1382963
1385395 1385652
1389759 1389926
1391721 1392777
1393407 1393783
1403487 1405997
1408442 1408579
1409923 1410531
1411293 1411857
1412908 1413158
1414509 1414996
1416535 1417735
1418325 1418522
1419209 1419377
1421486 1421812
1422555 1422675
1424953 1425246
1429716 1429927
1431592 1431774
1433460 1433602
1434902 1435196
1439999 1440063
1441131 1441406
1458520 1459056
1459557 1460817
1463795 1464177
1465805 1465987
1469845 1470064
1471991 1472069
1472830 1472884
1474823 1474988
1475663 1476218
1477093 1478283
1479694 1480470
1481046 1481185
1482025 1482156
1483674 1483810
1484589 1484882
1485635 1485915
1488983 1489172
1495126 1495916
1506347 1506737
1507384 1507733
1513731 1514358
1518514 1518809
1521805 1522234
1522803 1522908
1525152 1525829
1528204 1529666
1532993 1533210
1539007 1539390
1540905 1541681
1543606 1543688
1545984 1546799
1557829 1558085
1560577 1561079
1562145 1562229
1563569 1564544
1565259 1565874
1569670 1570635
1578129 1578513
1580647 1581020
1582800 1583115
1583643 1583914
1586552 1586814
1588366 1588762
1591798 1592243
1593182 1594334
1597593 1597894
1599180 1599259
1599791 1600179
1603257 1604228
1607310 1607692
1608319 1609576
1611565 1611659
1612289 1613151
1614121 1614778
1617491 1617673
1619058 1619145
1620409 1620479
1621025 1621614
1633477 1634176
1634942 1635437
1638061 1638700
1642414 1643004
1643663 1645812
1646766 1646855
1648580 1648820
1649663 1649857
1650996 1651294
1652152 1652424
1653693 1653831
1655693 1656405
1657821 1658362
1661095 1661260
1662670 1662786
1663664 1663745
1664925 1665378
1666205 1666459
1667910 1668274
1669091 1669222
1670630 1670877
1676408 1676492
1677612 1677779
1680089 1680264
1681266 1681604
1685541 1685779
1686496 1687053
1690617 1690860
1692397 1693027
1695712 1695996
1697096 1697554
1698520 1698675
1704200 1704363
1705911 1706000
1707877 1708169
1710489 1711767
1714079 1714372
1716235 1716496
1719852 1720032
1720657 1720899
1722296 1722640
1723468 1723693
1727651 1727949
1730189 1730257
1732769 1733064
1734063 1734594
1736279 1736514
1739796 1740104
1748135 1748473
1750907 1751576
1754175 1754394
1755219 1755295
1757227 1757818
1760710 1760981
1763696 1764097
1765496 1765916
1766998 1767112
1769005 1769977
1770950 1771040
1772208 1772526
1773427 1773733
1775289 1775451
1778705 1778816
1783160 1783409
1784441 1784748
1787941 1788376
1789222 1789925
1794353 1794544
1795643 1795774
1796377 1796835
1800698 1800937
1804821 1805008
1806162 1806377
1807641 1807751
1811724 1812101
1812713 1812904
1820401 1820657
1822097 1822334
1826543 1827265
1828323 1828528
1831525 1831894
1839137 1839464
1840153 1840935
1844150 1844234
1845473 1846418
1849743 1849907
1851107 1851202
1854430 1854493
1857849 1858496
1859225 1864679
1865605 1865854
1867854 1868143
1869960 1870013
1872994 1873221
1878390 1879726
1880905 1880985
1881677 1882205
1884404 1884639
1886003 1886335
1889897 1890249
1891137 1891277
1891796 1892242
1894483 1895016
1899564 1899778
1903869 1904991
1908801 1909339
1913923 1914123
1915780 1915876
1918159 1918333
1919400 1919486
1922078 1922323
1923167 1923318
1925414 1925710
1928320 1929451
1931192 1932711
1934634 1934820
1940294 1940570
1941181 1941433
1943057 1943206
1943779 1944011
1945561 1945775
1946654 1946881
1948971 1949349
1951239 1951339
1952123 1952478
1960187 1960416
1961251 1961321
1969197 1969872
1973136 1973244
1974450 1974626
1975475 1975868
1979442 1979991
1980563 1981531
1984329 1984721
1986969 1987066
1993540 1993666
1997350 1997797
2000277 2000332
2001141 2001431
2002445 2002714
2004465 2004615
2005147 2005903
2006535 2006599
2009112 2009445
2011472 2011682
2015245 2015580
2017901 2017988
2024848 2024951
2030890 2031127
2032378 2033191
2034992 2035279
2040971 2041112
2046063 2046758
2048072 2048142
2051667 2051763
2057072 2057822
2060331 2060405
2062635 2062815
2063765 2064598
2066688 2066754
2069383 2070977
2074709 2076433
2081268 2081506
2083004 2083063
2083965 2084235
2086303 2087305
2088829 2089768
2091966 2092230
2093926 2094410
2095068 2095339
2097835 2097884
2100050 2100385
2101271 2101665
2104680 2104776
2113615 2113894
2115604 2116587
2118147 2119593
2122207 2122394
2123645 2123765
2124421 2124612
2128379 2128870
2129596 2129723
2130304 2130552
2135037 2135125
2138038 2138328
2139591 2139919
2146267 2146786
2147865 2148112
2149237 2149896
2159763 2160748
2164865 2164920
2166049 2166245
2169769 2170337
2171158 2171808
2175728 2176249
2177665 2178314
2180335 2180670
2187239 2187456
2189643 2189930
2191674 2191766
2193398 2193677
2195272 2195453
2198860 2199292
2209373 2209451
2212456 2212582
2213707 2214488
2216615 2216732
2217325 2217379
2217901 2218211
2219462 2220053
2220752 2221318
2228994 2229074
2231316 2231561
2234423 2234589
2236477 2236595
2238407 2238545
2241121 2241434
2244223 2245118
2247449 2247901
2248981 2249131
2254321 2254584
2255879 2256544
2259491 2261254
2264431 2264916
2278655 2278893
2281229 2281632
2283080 2283368
2285976 2286960
2289693 2290061
2290612 2290716
2294491 2294809
2299533 2299902
2300571 2301786
2303783 2304057
2307152 2307209
2309857 2310203
2313506 2313750
2316392 2316751
2318117 2318635
2319667 2319904
2322712 2322903
2323662 2323899
2325473 2325595
2326502 2328673
2329450 2329984
2337447 2337813
2338929 2339474
2342863 2342933
2346280 2346553
2348766 2349045
2352156 2352929
2354772 2354859
2356424 2356706
2357307 2357614
2359113 2359649
2362965 2363031
2365736 2365930
2367353 2367619
2369010 2369266
2372223 2372651
2374500 2375329
2384206 2384288
2390106 2390380
2392762 2392973
2393940 2394055
2397291 2397460
2398902 2399421
2400495 2400990
2401792 2402098
2406817 2407622
2411916 2412114
2413331 2413495
2416162 2416794
2418508 2420555
2423787 2424922
2426962 2427431
2428182 2428418
2429372 2430215
2433375 2433578
2434225 2434330
2434857 2435131
2439185 2439465
2440057 2440397
2441164 2441468
2444500 2444814
2446667 2447533
2456177 2456464
2459126 2459286
2459995 2460256
2462111 2462332
2464615 2464792
2466328 2466380
2467561 2467903
2470242 2470443
2474128 2474949
2476075 2476292
2477725 2478050
2479927 2480270
2482356 2482472
2483405 2483789
2484778 2484847
2486272 2486382
2487957 2489156
2491362 2492395
2493877 2494577
2499332 2500110
2501558 2501619
2502395 2502996
2504326 2504816
2507541 2508002
2508645 2509021
2514569 2515686
2520680 2522194
2523601 2526075
2529129 2529381
2530010 2530093
2532361 2532526
2538097 2538247
2540970 2541224
2541951 2542132
2542781 2543017
2547165 2547390
2549938 2550164
2551859 2551982
2553702 2553765
2554682 2554887
2558364 2558541
2560818 2561197
2565521 2565652
2568350 2568458
2571464 2571547
2573419 2574090
2574898 2575014
2575708 2575932
2577279 2577395
2578433 2578998
2590832 2590920
2591895 2592129
2592736 2592963
2594282 2594483
2596467 2596759
2600084 2600195
2601490 2601649
2604492 2606242
2606760 2606974
2609200 2611002
2611893 2612171
2613267 2613588
2615599 2615682
2617710 2617905
2619046 2619303
2622117 2622302
2623215 2623295
2624786 2625342
2627776 2628142
2628734 2629102
2637402 2637817
2638732 2638782
2639925 2641484
2643398 2643577
2645009 2645072
2650712 2651964
2656113 2656543
2657837 2658527
2669373 2670390
2670984 2671278
2673143 2673361
2676483 2676945
2679061 2679158
2679855 2680982
2683210 2683356
2685519 2686224
2687359 2687546
2689309 2689935
2691046 2691307
2693766 2693943
2696383 2697710
2698639 2699179
2700821 2700993
2703493 2703646
2705207 2705268
2706182 2706723
2707827 2707930
2709503 2709934
2711288 2711535
2714035 2714182
2715563 2715904
2718503 2719216
2721086 2721430
2727378 2727939
2728731 2729276
2730842 2731533
2736595 2736992
2737854 2737967
2741554 2741716
2742591 2742858
2743967 2744207
2745668 2745869
2749426 2749667
2752769 2753241
2754369 2754742
2757402 2757485
2760128 2760635
2761318 2762118
2766388 2767359
2769679 2769869
2772139 2772586
2773161 2773400
2774354 2774881
2775829 2775930
2777840 2777920
2783924 2784196
2784902 2785089
2788015 2788891
2789492 2789662
2792707 2793015
2793854 2794343
2797694 2798169
2801173 2801270
2804401 2804599
2806398 2806628
2811308 2811569
2812186 2812345
2812857 2812940
2814773 2815240
2816109 2816413
2817273 2817530
2818252 2818341
2818868 2819025
2820598 2820911
2821767 2821823
2825747 2825947
2827487 2827765
2828979 2829136
2835155 2835307
2840338 2841352
2842226 2843074
2844710 2844875
2847717 2848361
2849206 2849704
2850287 2850378
2855118 2855388
2856585 2857978
2860784 2860950
2865536 2865811
2868672 2869291
2870671 2870848
2875180 2875320
2879057 2879282
2881281 2881495
2882397 2882919
2885264 2885727
2886526 2886646
2893058 2893491
2894482 2894662
2896066 2896384
2897845 2898073
2904870 2904973
2906354 2906533
2907157 2907473
2910512 2910606
2911390 2911813
2913078 2913263
2913860 2914018
2915011 2915207
2916779 2917072
2921073 2922796
2923993 2924169
2931556 2931675
2935786 2936478
2938325 2938630
2939192 2939775
2940571 2940675
2941202 2941671
2943917 2945220
2947681 2948060
2954172 2954434
2956880 2957755
2958612 2958861
2961507 2961661
2963108 2963252
2965939 2966189
2976680 2977482
2983384 2983607
2984236 2984678
2985632 2985719
2986739 2987658
2988582 2988712
2990359 2990467
2991081 2991512
2992683 2992739
2994994 2995120
2996593 2996870
2997657 2997928
2999154 3000327
3001014 3001493
3002576 3003012
3004464 3004971
3005938 3006317
3010475 3011153
3012214 3012660
3014139 3014495
3019101 3020093
3021076 3021496
3022083 3022205
3023638 3024788
3027054 3027859
3031388 3031535
3037608 3037665
3038536 3039042
3039692 3039957
3041120 3041258
3045441 3045661
3047940 3049132
3050039 3050421
3051677 3051840
3053159 3053270
3057988 3058673
3059440 3059685
3060305 3060595
3061820 3062535
3063995 3064273
3065573 3065702
3066528 3066909
3068015 3068121
3068958 3070964
3074636 3075288
3075836 3076057
3076970 3077165
3077793 3078498
3079061 3079212
3081613 3081929
3082431 3082652
3086683 3086807
3093463 3093673
3098631 3099523
3104503 3104753
3105788 3105865
3106593 3107204
3110194 3110341
3110912 3111376
3112602 3112814
3113943 3114221
3114843 3115093
3116997 3117172
3119982 3120405
3122723 3123077
3124488 3124804
3129937 3130993
3132143 3132253
3134692 3134759
3135829 3136361
3139375 3139670
3141896 3142579
3145771 3146355
3147518 3148067
3148687 3150534
3151258 3151579
3153907 3154198
3156340 3156761
3157565 3157841
3162821 3163645
3164224 3167315
3169815 3170037
3170867 3171491
3174040 3174906
3180267 3180385
3181095 3181771
3183918 3184107
3184779 3185051
3186612 3187277
3188470 3188520
3189264 3189634
3193661 3194666
3195346 3195432
3199299 3199700
3202229 3202971
3203734 3204972
3207160 3207355
3207953 3208118
3209032 3209736
3210582 3211251
3213991 3214054
3220543 3220801
3225421 3225640
3227387 3227815
3229580 3229927
3231773 3231978
3233872 3234104
3237846 3238027
3240764 3241353
3242105 3242661
3243180 3243421
3244328 3244650
3245399 3245581
3252222 3253157
3256286 3256801
3257691 3257911
3263251 3263585
3265883 3266595
3267193 3267509
3268442 3268795
3273819 3273899
3274850 3275383
3276162 3276789
3278850 3279304
3282464 3282655
3283256 3284166
3285705 3286007
3288602 3289628
3290204 3291980
3293208 3293405
3294700 3294763
3297112 3298245
3302292 3302374
3304178 3304772
3309964 3310201
3320456 3320557
3322141 3322404
3322947 3323127
3324704 3325725
3328072 3328417
3329019 3329252
3331546 3331649
3335689 3336102
3337032 3337096
3340502 3341889
3344283 3344970
3345478 3345650
3347131 3347470
3355594 3356217
3357762 3358039
3358732 3358859
3360310 3361179
3368458 3369516
3372285 3372372
3373936 3374396
3377035 3377290
3384097 3384601
3385562 3385848
3389006 3389073
3391550 3391632
3395588 3395849
3397693 3397839
3398342 3398783
3399381 3400116
3401565 3401861
3404874 3405059
3406062 3406301
3409957 3410242
3411106 3411957
3418727 3418958
3421017 3422104
3424512 3424751
3425475 3426221
3429539 3429890
3438657 3439301
3442119 3442488
3443036 3443186
3446227 3446651
3450082 3450295
3452515 3452912
3454658 3455984
3456650 3456861
3460734 3460839
3465753 3466359
3467302 3467498
3468531 3468719
3471977 3472073
3478960 3479354
3481116 3482751
3493143 3494074
3494932 3496711
3497230 3497789
3498860 3499388
3501675 3501956
3503594 3504531
3510394 3510533
3516900 3517153
3520409 3520466
3523763 3523993
3531620 3531674
3539541 3539898
3540496 3540888
3544792 3545097
3546306 3547024
3550326 3550397
3553249 3553691
3556607 3556800
3558920 3559137
3560759 3561225
3564254 3564820
3566525 3566603
3571116 3571618
3574922 3575219
3577044 3577344
3581527 3581623
3586352 3586531
3587114 3587735
3588397 3588515
3590379 3590753
3592681 3592756
3595620 3596258
3597119 3598705
3599992 3600557
3603149 3604092
3608677 3608751
3610363 3610976
3611639 3612127
3615336 3615889
3618354 3618643
3621976 3622093
3625728 3626169
3627083 3627163
3635946 3636431
3638069 3638355
3640719 3640927
3641888 3641974
3647009 3647210
3648385 3648650
3649338 3649561
3650400 3650453
3651292 3652069
3656333 3656992
3660984 3661079
3667138 3667364
3670727 3671526
3672158 3672361
3673719 3674709
3679382 3679640
3684564 3684645
3688778 3689243
3690439 3690712
3692392 3692854
3693838 3694107
3694844 3694921
3702613 3702987
3704294 3704599
3713086 3713381
3714013 3714412
3717648 3718504
3721428 3721595
3724812 3725094
3726455 3726583
3727433 3727582
3729535 3729752
3732142 3732378
3735162 3735406
3738897 3739218
3740439 3740532
3741498 3741783
3744208 3744336
3746102 3746480
3748875 3749541
3750166 3750397
3752110 3752784
3759753 3759914
3762852 3763178
3765580 3765906
3769872 3770931
3775046 3775657
3776853 3777065
3778842 3779387
3780727 3780801
3783447 3783687
3791939 3792132
3804350 3805169
3807763 3808176
3808885 3809128
3810606 3810798
3813433 3813931
3819040 3819631
3820694 3821584
3823552 3823687
3830063 3830714
3832205 3832276
3833151 3833324
3834193 3834444
3837456 3837993
3838507 3838960
3840391 3842556
3848622 3848804
3850501 3850618
3851216 3852517
3853749 3853957
3855805 3858657
3859321 3861179
3864722 3864888
3870504 3870652
3871331 3872672
3875869 3876794
3879656 3881644
3885022 3885210
3885805 3885887
3886923 3887068
3889255 3889431
3890299 3890936
3894093 3894165
3895879 3896187
3896833 3897071
3898659 3899028
3899584 3900065
3900594 3900792
3901373 3903175
3905131 3905377
3906174 3906470
3907645 3908413
3909888 3910658
3913623 3913796
3914360 3914559
3915374 3915729
3922461 3922702
3924631 3924849
3926251 3926491
3927714 3928244
3929664 3929786
3930404 3931146
3935560 3935808
3936485 3936780
3938439 3938603
3941387 3941635
3942809 3943311
3951277 3951404
3952238 3952474
3957360 3957528
3959565 3960299
3965555 3965975
3973489 3973579
3974617 3975228
3977287 3977552
3980920 3983189
3984614 3985158
3990124 3990232
3991213 3991494
3992644 3993315
3997952 3998202
3999747 4000181
4001301 4001530
4003203 4003517
4009541 4010751
4012538 4012650
4014861 4016325
4019187 4019367
4020455 4020709
4022481 4023934
4025474 4025964
4027536 4027927
4028850 4030110
4032362 4032484
4033963 4034509
4036722 4037056
4042902 4043091
4045739 4046200
4048287 4048681
4049981 4050600
4052188 4052698
4057168 4057460
4062782 4062924
4064217 4064795
4065589 4065916
4073290 4073547
4079593 4079712
4082855 4082982
4083543 4083783
4089772 4089994
4090891 4091100
4092134 4092623
4093550 4094948
4102437 4102586
4104064 4104288
4105896 4105991
4107360 4107556
4108923 4109200
4111912 4112166
4115014 4115641
4116779 4117015
4119312 4120410
4121421 4121632
4124324 4125174
4127336 4127761
4128544 4128670
4135627 4135713
4137862 4137981
4143340 4143717
4144858 4145018
4148513 4149030
4150074 4150386
4151081 4151477
4152119 4152452
4153478 4153761
4157266 4158128
4163424 4163637
4168957 4169501
4171345 4171680
4174087 4174458
4175481 4176427
4178566 4178829
4185292 4185585
4186287 4186437
4191025 4191156
4193668 4193926
4197931 4198997
4201206 4201681
4202719 4204660
4208306 4209445
4211228 4211901
4216419 4216649
4217243 4217300
4218685 4219786
4222140 4222348
4223988 4224196
4227171 4227228
4227858 4228123
4228855 4228913
4233010 4233396
4234078 4235015
4236604 4236661
4238396 4238468
4245713 4246184
4248156 4248446
4252841 4252903
4254763 4255014
4258236 4258397
4260222 4260346
4263265 4264772
4267834 4267950
4269236 4269364
4274502 4275476
4276019 4276692
4279578 4279793
4283236 4283478
4284257 4284696
4285329 4285409
4287865 4288178
4289378 4289510
4292301 4292913
4294129 4294402
4296098 4296226
4298894 4300264
4302204 4302875
4304370 4305328
4309403 4309993
4310773 4311529
4315850 4316779
4317652 4320301
4321517 4321648
4322403 4322729
4324425 4324486
4327475 4327774
4328501 4328664
4329965 4330341
4330890 4331196
4331749 4332797
4334292 4334560
4338226 4339181
4340754 4340855
4346948 4347210
4349758 4349951
4355503 4355759
4358529 4358768
4359773 4359856
4360649 4360800
4361952 4367240
4369544 4370048
4370732 4370911
4375988 4376616
4378195 4378426
4383086 4383557
4384211 4384500
4385253 4385361
4386707 4386822
4388414 4388663
4390227 4390453
4392118 4392404
4394386 4394446
4397286 4398084
4403131 4403233
4404622 4405043
4406898 4407164
4413379 4413571
4420431 4420644
4421289 4421392
4423848 4424108
4425771 4425953
4426635 4426698
4428821 4428921
4431100 4431423
4433129 4433720
4439006 4439214
4439849 4440134
4442848 4443449
4449525 4449835
4451150 4451385
4456678 4456891
4459924 4460325
4464308 4464526
4466018 4466095
4468765 4469085
4469759 4470060
4471097 4471361
4473120 4473383
4473946 4474190
4474733 4475230
4476150 4477331
4478809 4478928
4480213 4480890
4482685 4482825
4485769 4486034
4486745 4486928
4489233 4489428
4490300 4491492
4492411 4493076
4493705 4493997
4495934 4496212
4498201 4499069
4503067 4503572
4504661 4505099
4506249 4506470
4508856 4509154
4510233 4510503
4513975 4514646
4518197 4518493
4519613 4520558
4521837 4522032
4522634 4523535
4524686 4525786
4528815 4529144
4531605 4531664
4534295 4534958
4535994 4538073
4540537 4542306
4546608 4546981
4548534 4548986
4552213 4552566
4553757 4554236
4555558 4556182
4557236 4558308
4570588 4570797
4572917 4572977
4573755 4574598
4578082 4578284
4580405 4580907
4588056 4588246
4594589 4594655
4596148 4596288
4601045 4601538
4602767 4603376
4611763 4611899
4612630 4612759
4613990 4614514
4615244 4615577
4619037 4620374
4623574 4624171
4626251 4626844
4627859 4628637
4630344 4630550
4631202 4631480
4634624 4635010
4636699 4636857
4638655 4639424
4640046 4640841
4641520 4641652
Ecoli_0970_Taxon015_
1779 2142
3831 4931
5957 6319
7960 8289
10750 10809
12340 12674
13440 14103
15921 16041
16646 17218
17759 18256
19682 20068
21182 21451
25753 27088
27679 28131
31358 31711
32902 33381
34703 35589
36814 36992
42687 43189
45310 45512
46106 46203
49521 49839
50617 50677
52242 53006
55813 56042
60700 61332
62399 62993
67201 67391
73734 73800
80190 80683
81912 82521
84842 84923
89767 89903
91775 91904
94389 94722
98182 98771
105396 105989
107243 107782
108322 108872
109489 109695
110347 111600
113769 114052
115600 115920
116594 116895
117932 118196
119955 120218
120781 121025
127778 128064
129731 129955
131519 131768
132285 132441
139631 139941
142070 142395
146784 146997
150030 150431
159832 160050
161542 161878
162893 163092
165350 165771
166923 167009
167626 167892
174107 174299
181159 181372
182017 182120
184576 184836
186499 186681
187363 187426
189549 189649
191367 192151
193857 194448
195696 195787
199734 199942
200577 201199
203576 204177
205443 205551
206304 206593
207247 207481
210297 210995
212378 212609
214188 214816
218320 218722
219893 220072
220756 221260
223628 223805
224450 224971
230004 230155
230948 231031
232034 232275
235045 235301
241449 242564
246465 246650
249949 250050
251623 251908
256244 256512
258415 259914
260724 260839
262140 262303
263030 263329
264357 264450
266318 266379
268075 268573
269156 269598
270503 271025
274025 274637
275202 275494
279451 280031
280811 281401
285066 285763
286316 286434
287929 288600
291658 291910
294578 295151
296402 296675
298342 298503
301294 301426
305395 305475
306108 306547
307326 307568
311011 311212
313574 314785
315417 316311
318564 318910
321440 321568
325999 326658
330458 330582
332407 332568
334827 336041
342358 342648
344620 345091
345623 346154
352336 352408
355530 356726
357408 357794
359868 359922
361891 361949
362681 362946
366608 366816
368456 368664
371018 372119
373504 373561
374155 374385
378903 379576
382419 382498
385586 386044
387266 388085
392065 392603
393679 393751
396878 397136
399648 399779
402101 402855
404367 404517
405219 405512
407752 408330
411975 412238
416346 416717
421303 421847
432676 433538
437043 437326
438352 438685
439327 439723
445786 445946
447087 447963
449386 449743
452820 452942
453806 453873
455091 455177
456015 457213
461084 461258
463095 463743
467653 467874
469069 470057
472309 472431
476669 477003
482572 483038
485686 486147
488517 488628
489928 490547
492135 493442
497115 497407
502729 502871
504491 504741
505536 505863
506867 506932
508531 509877
513237 513494
518621 518699
519540 519659
520212 520992
522802 523730
529719 529941
530838 531047
532081 532570
533497 534895
536877 536948
542553 543403
546095 546306
547927 548415
550712 550948
552086 552713
555561 555815
558527 558804
560171 560367
561736 561831
563439 564563
565141 565290
567283 567708
568491 568617
570095 570349
571437 571617
575025 575943
583934 584704
585977 586355
587287 587601
589274 589503
592602 594087
597489 598752
599310 599591
600572 600680
607615 608634
609707 610011
611206 611617
612135 612400
617225 617315
621416 621763
624829 625249
630505 630825
633276 633444
634622 634703
638330 638566
647493 647995
649169 649417
649990 650468
651049 652365
654024 654319
654996 655244
656652 657304
661018 661140
662560 663090
664313 664553
665955 666173
666715 667174
673801 674216
675075 675430
676099 676444
677008 677181
678382 678771
680146 681172
682955 683159
684334 684630
685427 685673
686243 686297
687629 687681
689859 690025
693568 694269
694798 694938
696135 696935
697543 698032
700476 700998
702639 702781
704129 704246
707921 708661
713597 714890
718312 718510
719039 719383
722011 722199
722794 722876
723912 724057
726244 726420
730015 730958
735543 737842
738505 738993
740440 740960
742202 742755
745220 745509
748842 748959
749603 749726
752594 753035
753949 755028
762812 763297
764009 765221
773875 774076
775251 775516
776204 776427
778158 778935
779461 779693
781051 781500
787850 787945
794004 794230
798111 798392
799024 799227
800585 801575
806276 806506
811430 811511
815644 816109
817305 817578
819258 819720
820704 820973
821710 821787
824716 824934
827187 827555
831160 831465
832517 832902
839952 840247
840879 841278
844514 845370
848294 849143
851678 851960
853321 854448
856401 856618
859008 859244
862028 862272
865763 866084
867305 867398
868364 868649
871074 871202
872968 873346
875741 876407
878976 879650
884264 884698
885876 886780
889718 890044
893580 894183
897599 897787
901912 902182
903719 903931
906089 906253
907593 907667
908712 909093
910313 910553
918805 918998
925018 925176
930950 931769
935751 935886
937472 937664
944501 944928
945906 946497
948234 948450
950418 950553
956929 957580
958531 958971
959627 960776
962207 963711
969897 970165
970876 971136
973100 973358
973995 974621
976212 976722
979069 980210
980894 981097
981734 982022
983610 983848
984494 984802
986516 986588
990710 990812
993056 993212
998048 998123
1000051 1000239
1001817 1001996
1002872 1003200
1003862 1003980
1005686 1005744
1009181 1009277
1010233 1010796
1013460 1013760
1015585 1015882
1019186 1019688
1024201 1024279
1025984 1026550
1029579 1030045
1030908 1031164
1031667 1031884
1034004 1034197
1034993 1035141
1040407 1040478
1043780 1044498
1047561 1048101
1049916 1050204
1050906 1051263
1052350 1052468
1054106 1054943
1056891 1057781
1059130 1059184
1061252 1062325
1066371 1067041
1070338 1070395
1073651 1073904
1080271 1080410
1086273 1086954
1088848 1089129
1091416 1091944
1093015 1093574
1094093 1094406
1095041 1095872
1096759 1097661
1101028 1101388
1102569 1102818
1108053 1108173
1109395 1109688
1111450 1111844
1118731 1118827
1122085 1122273
1123306 1123502
1124445 1125051
1128853 1128923
1129965 1130070
1133943 1134154
1135393 1136146
1137683 1137990
1138842 1139330
1140509 1140722
1144153 1144577
1147618 1147768
1148316 1148685
1151090 1152147
1153745 1154299
1161095 1161265
1164583 1165329
1166053 1166292
1168700 1169787
1171846 1172526
1179421 1179698
1180562 1180847
1184503 1184902
1187014 1187160
1187663 1188104
1190886 1191182
1191860 1192174
1194195 1194380
1194955 1195216
1197399 1197706
1199172 1199254
1205461 1206519
1214038 1214293
1218213 1218571
1222565 1222851
1226009 1226076
1230265 1230494
1231945 1232072
1232765 1233042
1234587 1235210
1245154 1245326
1245834 1246521
1248915 1249123
1254702 1255115
1259155 1259258
1260239 1260434
1261552 1261785
1262387 1262732
1265079 1265802
1270382 1270460
1274513 1274937
1275977 1276293
1277226 1277579
1282603 1282683
1283634 1284167
1284946 1286201
1289215 1289771
1290678 1291000
1291749 1291931
1298572 1299507
1301351 1301520
1303805 1304261
1305243 1305423
1305966 1306229
1306817 1307172
1314407 1314676
1318169 1318406
1319063 1319113
1319692 1320162
1321112 1321641
1325135 1325188
1330125 1331258
1334965 1335162
1338742 1339768
1340454 1341551
1342363 1342665
1344204 1344448
1347301 1347559
1348546 1348716
1352179 1352398
1353641 1354045
1356338 1356685
1358064 1358736
1360630 1360862
1361810 1361978
1367522 1368763
1371656 1371847
1379578 1379696
1380406 1381082
1384090 1384362
1387102 1388041
1388575 1388945
1391351 1392309
1394497 1394966
1396498 1397240
1398309 1398764
1399769 1400404
1404888 1405431
1408343 1409047
1409893 1410562
1413302 1413365
1415622 1416764
1419313 1419937
1420767 1420989
1423417 1424209
1426158 1426512
1427923 1428239
1429120 1429545
1433424 1434428
1439264 1439796
1442810 1443105
1445331 1445581
1449206 1449790
1450544 1451502
1452122 1452327
1452868 1453969
1457342 1457633
1458446 1458946
1461000 1461786
1467659 1467722
1469394 1470750
1473632 1473807
1475711 1475961
1476583 1476861
1479428 1479892
1481847 1482236
1483600 1484211
1484939 1485016
1486051 1486527
1491281 1492173
1496624 1497341
1498644 1498748
1501973 1502553
1503997 1504121
1508152 1508373
1508875 1509191
1510997 1511743
1512306 1513011
1513639 1513834
1514747 1514968
1519110 1521311
1525102 1525231
1526531 1526809
1528839 1529172
1533363 1533419
1538337 1538608
1540690 1541007
1541694 1542173
1543256 1543692
1545320 1545651
1546618 1547832
1548452 1548697
1554867 1554978
1556297 1556460
1557716 1558098
1559802 1560197
1562476 1562696
1566879 1567017
1568180 1568445
1570472 1570529
1573251 1573614
1576602 1576749
1583349 1583599
1584213 1584499
1585932 1586054
1586641 1587061
1588044 1588839
1596984 1597662
1600337 1600445
1602092 1602222
1603146 1604065
1605773 1606343
1607197 1607420
1613322 1614124
1624615 1624865
1627552 1627696
1629143 1629297
1631943 1632192
1638793 1638853
1641530 1641746
1642744 1643123
1646696 1646887
1650129 1650233
1651513 1651612
1652174 1652479
1658655 1660474
1663963 1664216
1664734 1664913
1665537 1665853
1669235 1669393
1669990 1670175
1671440 1671863
1673391 1673590
1674353 1674551
1675159 1675879
1679453 1680069
1680941 1681176
1682373 1682752
1689936 1690055
1691973 1692115
1700348 1700631
1704158 1704278
1706413 1706809
1710466 1710562
1712437 1712707
1713904 1715297
1718103 1718269
1725026 1726610
1727990 1728167
1730899 1731346
1732499 1732639
1736376 1736601
1742817 1743087
1745927 1746094
1747730 1748578
1749452 1750466
1751467 1751897
1755497 1755649
1756638 1757026
1759427 1759824
1760686 1760799
1761923 1762331
1764386 1764548
1765423 1765690
1766799 1767039
1768500 1768701
1775755 1776073
1776764 1777574
1778698 1778852
1780234 1780317
1782960 1783467
1784150 1784950
1787091 1787411
1789220 1790191
1792005 1792701
1794971 1795418
1799054 1799326
1805330 1805410
1807320 1807421
1808369 1808896
1809850 1810089
1810847 1811300
1812324 1812494
1815539 1815847
1819366 1819490
1824005 1824102
1827233 1827431
1829230 1829460
1830463 1830798
1832411 1832545
1834140 1834401
1835018 1835177
1835689 1836517
1838941 1839245
1840105 1840362
1841084 1841173
1841700 1841857
1844599 1844655
1848579 1848779
1850697 1851075
1851811 1851968
1859271 1859962
1861528 1862073
1862865 1863426
1871588 1872354
1874658 1875241
1876622 1876769
1880870 1881301
1882874 1882977
1884081 1884622
1889811 1889983
1891625 1892165
1893094 1894421
1895012 1895481
1896861 1897038
1899497 1899758
1903258 1903565
1910357 1910949
1912588 1912928
1916215 1916377
1917370 1917499
1918981 1919275
1921140 1921521
1924480 1924942
1927377 1927508
1928698 1928775
1932277 1932967
1934261 1934691
1937997 1938182
1939861 1941222
1953282 1953697
1954612 1954662
1956802 1956902
1958312 1958529
1959962 1960287
1963356 1963646
1964909 1965237
1969942 1970221
1971853 1971945
1976163 1976380
1982949 1983284
1985305 1985731
1992648 1993900
1999703 2000029
2001035 2001214
2002990 2004127
2010352 2010694
2011875 2011927
2012734 2013640
2015923 2016144
2017999 2018260
2018969 2019129
2021667 2022078
2030722 2031588
2034629 2035559
2036787 2037091
2037858 2039663
2044677 2044880
2048040 2048883
2049837 2050073
2050824 2051293
2053333 2054248
2055335 2055696
2059720 2060837
2067221 2067348
2068752 2071226
2074280 2074532
2075161 2075244
2077512 2077677
2083248 2083398
2086121 2086375
2087102 2087283
2087932 2088168
2095089 2095315
2097010 2097133
2098853 2098916
2099833 2101417
2103515 2103692
2105969 2106348
2106887 2106944
2110672 2110803
2113501 2113609
2116615 2116698
2120049 2120165
2120859 2121083
2122430 2122546
2123584 2124149
2137046 2137280
2137887 2138114
2139433 2140553
2141618 2142347
2143528 2143638
2144779 2144974
2147002 2147085
2150513 2150791
2151682 2151982
2152888 2153484
2155710 2155924
2160346 2160445
2160995 2161417
2162833 2163354
2167274 2167924
2168745 2169313
2171633 2172062
2172837 2173033
2174162 2174217
2174984 2175058
2178021 2178284
2180100 2180244
2184710 2184954
2188131 2188616
2202355 2202593
2204929 2205332
2206780 2207068
2210075 2210660
2214312 2214416
2215523 2215947
2217736 2218509
2221957 2222324
2223233 2223602
2224969 2225149
2227483 2227757
2230852 2230909
2236731 2237450
2243367 2243604
2246412 2246603
2247362 2247599
2249173 2249295
2250787 2251122
2251851 2252373
2253150 2253684
2259262 2259423
2261147 2261513
2264471 2264929
2266563 2266633
2269980 2270253
2272466 2272745
2274608 2274754
2275856 2276629
2280124 2280406
2281007 2281314
2286665 2286731
2289436 2290522
2291053 2291319
2292710 2292966
2298038 2299029
2303161 2303487
2307906 2307988
2316462 2316673
2317640 2317755
2319334 2319737
2322602 2323150
2324195 2324690
2328589 2329083
2330517 2331322
2333279 2333561
2334524 2334662
2339375 2339537
2340241 2340503
2341773 2341923
2345449 2345834
2347426 2348411
2353522 2354590
2355369 2355701
2358278 2358478
2360062 2360309
2361803 2361907
2365145 2365326
2367400 2367707
2368733 2369165
2375030 2375424
2378439 2378535
2384932 2385575
2387374 2387653
2391906 2392401
2394498 2394840
2395966 2396153
2398180 2398371
2402729 2404311
2408796 2408884
2410605 2410948
2414083 2414467
2415456 2415525
2416950 2417060
2418810 2419310
2422040 2422398
2423173 2423529
2425016 2425255
2426873 2427258
2430010 2430788
2433073 2433674
2434799 2436510
2438219 2438680
2439323 2439699
2440568 2441555
2450287 2450451
2451668 2451866
2460101 2460267
2462149 2462266
2462859 2462913
2464996 2465587
2466286 2466852
2471446 2471850
2474528 2474608
2476726 2477095
2479086 2479387
2480202 2480983
2482108 2482234
2482836 2482947
2484707 2485317
2492920 2492969
2495465 2496878
2498574 2498838
2501036 2502730
2506462 2506733
2507657 2508629
2513021 2513259
2514757 2514816
2515718 2515988
2518056 2518444
2520086 2521854
2524050 2524116
2524919 2524986
2526206 2526726
2527989 2528169
2530399 2530473
2532982 2533203
2537868 2538212
2542662 2542732
2550247 2551122
2552923 2554160
2554987 2555224
2555731 2555834
2557990 2558960
2561163 2561266
2565023 2565164
2571559 2571898
2572816 2572903
2575230 2575559
2579072 2579194
2583532 2583924
2586172 2586269
2589692 2589766
2590928 2591448
2596026 2596202
2597212 2597444
2598059 2598413
2601495 2601705
2603732 2604065
2606578 2606642
2607843 2608711
2610463 2610732
2611746 2612036
2615380 2615827
2617820 2618496
2619511 2619637
2626505 2626694
2628857 2629383
2630388 2630617
2632357 2633160
2638326 2638681
2641455 2641833
2643923 2644150
2645029 2645243
2646793 2647025
2647598 2647747
2649371 2649623
2650234 2650510
2651588 2651932
2652483 2652792
2658093 2658823
2662205 2662456
2665094 2665390
2667486 2667637
2668481 2668726
2672471 2672645
2674928 2675024
2676681 2676881
2681825 2682003
2683992 2685517
2686219 2686299
2689291 2689953
2691317 2692497
2693473 2693818
2695529 2696176
2696905 2696998
2697698 2698162
2698782 2698852
2701842 2702359
2703285 2703534
2704975 2705823
2707640 2707693
2710674 2710901
2712714 2713090
2718678 2719301
2723392 2723606
2728154 2728222
2731893 2732033
2733926 2734178
2737455 2738188
2739602 2740188
2740897 2741061
2741595 2742099
2745056 2745331
2747613 2747929
2749869 2750651
2757787 2758106
2762276 2762481
2763539 2763656
2768470 2768707
2769398 2770403
2777900 2778091
2783053 2783163
2783681 2783899
2784427 2784642
2785796 2785983
2789867 2790106
2792051 2792457
2793969 2794427
2795030 2795161
2796260 2796451
2800879 2801582
2802428 2802863
2806056 2806363
2807395 2807644
2810886 2811142
2811988 2812099
2819764 2819854
2820827 2821799
2823692 2823806
2824888 2825308
2829823 2830269
2832986 2833085
2835509 2835585
2836214 2836629
2839228 2839735
2840999 2841069
2841615 2842204
2854067 2854766
2855532 2856027
2858651 2859290
2863004 2863594
2864253 2866402
2867356 2867445
2869170 2869410
2870253 2870447
2871586 2871884
2872742 2873014
2874283 2874421
2876283 2876995
2878411 2878952
2881685 2881850
2883260 2883376
2886795 2887049
2889681 2889812
2891220 2891467
2896998 2897082
2898202 2898369
2900679 2900854
2901998 2902194
2903976 2904074
2905732 2906016
2908701 2909331
2910868 2912597
2914675 2915232
2923698 2923810
2924790 2924953
2928467 2928856
2931710 2931918
2933552 2933636
2936825 2937391
2940442 2940622
2941247 2941489
2942886 2943230
2944058 2944283
2947489 2947723
2949074 2949324
2950375 2950509
2951725 2951811
2952387 2952441
2954380 2954545
2955220 2955775
2956650 2957840
2960603 2960742
2961582 2961713
2963231 2963367
2964146 2964439
2965192 2965472
2968540 2968729
2971016 2971403
2972301 2972354
2974301 2974846
2978428 2979321
2985904 2986294
2986941 2987290
2990015 2990119
2993288 2993915
2995856 2996219
3002360 3002465
3003283 3004108
3005256 3005386
3007761 3008068
3009132 3009223
3012550 3012767
3018564 3018947
3020462 3021238
3021961 3022544
3023753 3024677
3025541 3026356
3027440 3027729
3031144 3031688
3037386 3037642
3040134 3040636
3041702 3041786
3043126 3043365
3044816 3045431
3049227 3049678
3053110 3053448
3057516 3057698
3058209 3058565
3060411 3061068
3062038 3063624
3065613 3067879
3071712 3072259
3073548 3073967
3075010 3075398
3075930 3076009
3080875 3081469
3086427 3086619
3088375 3088637
3091275 3091546
3092074 3092389
3096676 3097060
3113257 3113492
3115177 3115708
3116707 3117002
3119514 3119582
3121822 3122120
3122892 3123125
3124664 3125864
3127338 3127506
3130684 3130804
3131623 3131742
3133082 3133375
3137845 3138056
3139721 3139903
3141589 3141731
3147273 3148308
3149421 3149821
3151526 3151675
3155217 3155474
3156067 3156334
3159705 3159962
3164069 3165085
3166031 3167087
3167717 3168093
3176009 3176391
3178019 3178201
3182059 3182278
3184205 3184258
3184836 3185237
3186310 3186447
3188892 3190571
3196168 3196240
3197929 3198465
3203090 3203234
3207281 3208302
3210502 3210566
3211235 3211636
3212870 3213054
3219585 3219886
3222182 3222286
3223141 3223200
3225064 3225360
3225861 3226062
3227134 3227563
3235163 3235334
3236644 3236896
3239348 3239714
3241661 3242084
3242594 3242799
3243976 3244185
3247899 3248009
3248634 3249464
3250191 3250281
3254470 3255019
3256822 3257942
3258757 3259435
3260581 3260692
3263232 3264074
3265031 3265135
3266009 3266156
3272075 3272571
3273848 3274276
3276355 3276512
3278362 3279896
3281682 3282558
3286491 3286757
3288012 3288325
3289658 3289846
3297839 3297981
3298664 3298939
3300007 3300071
3304243 3304308
3304874 3305364
3308792 3309059
3310833 3311215
3312779 3312955
3316729 3316917
3320673 3320802
3323101 3323803
3329920 3330164
3332530 3332678
3335752 3335985
3337692 3337835
3338440 3338490
3340626 3340737
3344264 3344616
3345987 3346164
3347690 3347833
3348982 3349048
3352597 3352978
3359405 3360140
3362677 3363036
3364323 3365380
3367927 3368103
3369153 3369594
3370098 3370360
3373769 3374111
3377652 3378807
3380358 3380697
3381267 3382221
3385522 3386277
3390717 3390817
3394654 3394866
3404981 3405512
3408989 3409521
3412593 3413039
3414548 3414704
3416157 3416584
3418701 3419400
3423297 3423962
3425481 3425657
3426315 3427396
3428013 3428480
3430679 3430816
3432498 3432670
3433343 3434162
3436275 3436479
3437339 3437522
3442024 3442315
3443545 3444313
3444988 3445814
3447665 3447862
3448993 3449449
3452504 3452625
3453208 3453384
3456020 3456493
3463181 3463382
3466649 3466892
3469519 3469794
3477672 3478958
3479675 3479878
3481146 3481635
3484409 3484690
3486263 3486960
3489392 3489446
3491461 3491636
3493492 3493951
3497658 3498220
3498726 3499230
3500485 3500616
3501286 3501751
3504088 3504369
3507477 3507916
3508826 3509536
3510190 3510379
3511719 3511810
3512507 3512750
3515852 3516753
3517278 3518077
3518852 3519289
3521780 3522266
3523720 3523881
3524427 3524706
3526262 3526543
3527318 3527812
3530188 3530305
3531776 3532722
3535995 3536097
3538857 3539014
3540086 3541073
3544655 3545453
3549029 3549304
3551566 3552313
3553415 3554565
3555315 3555596
3558746 3558978
3560197 3560627
3561502 3561583
3562896 3563032
3570081 3572087
3574749 3575051
3575717 3575800
3581117 3581970
3582647 3584004
3593221 3594405
3596823 3597101
3604233 3604293
3604851 3605068
3611419 3611822
3614959 3615220
3619650 3620930
3622066 3622505
3624627 3624729
3625426 3625626
3626478 3626665
3628547 3628821
3629370 3629470
3637684 3639334
3646391 3646899
3647541 3647825
3655445 3655731
3660014 3660227
3660831 3661067
3662505 3662739
3663335 3663631
3665478 3665805
3666700 3667090
3668521 3668906
3669571 3669694
3670387 3670653
3671567 3671804
3676261 3676357
3677363 3677430
3685071 3685662
3687536 3687816
3688795 3689697
3694160 3694644
3697958 3699026
3701213 3701414
3701948 3702141
3703543 3703834
3705460 3706470
3709251 3709376
3710489 3710741
3715471 3715655
3717532 3717783
3724202 3724501
3727094 3727525
3732373 3732708
3738304 3738371
3739783 3740789
3742574 3742872
3744007 3744576
3749297 3749640
3750173 3750663
3751827 3752190
3754232 3754876
3759717 3759804
3762789 3764549
3767463 3767646
3769043 3769362
3774389 3774632
3775253 3775996
3778123 3778350
3786095 3786388
3787346 3787595
3788637 3788746
3789802 3789863
3794262 3794509
3795538 3795787
3801552 3801737
3805287 3805660
3809604 3809921
3810715 3810978
3815377 3816234
3820416 3820493
3821738 3823188
3833920 3834285
3842305 3842558
3845451 3845600
3847991 3848550
3849151 3849450
3854179 3854783
3855962 3856693
3859218 3859795
3860570 3861033
3866200 3866506
3868170 3868929
3870020 3870343
3874962 3876168
3877598 3878094
3881929 3882599
3883137 3883682
3888324 3888564
3893235 3893427
3898324 3898688
3899741 3899904
3907930 3908093
3910600 3910687
3916315 3917091
3919646 3920456
3921922 3922948
3927264 3927343
3928219 3928385
3928960 3929108
3930034 3930184
3934696 3935076
3936675 3936972
3944338 3944659
3945638 3945806
3952408 3952592
3954424 3954533
3956818 3956982
3959527 3959856
3961053 3961243
3963732 3963887
3964452 3964611
3965692 3966334
3969321 3969505
3971629 3971699
3973781 3974106
3974930 3975194
3976351 3976494
3977302 3977608
3978930 3979187
3980555 3980808
3982319 3982496
3984771 3985408
3985966 3986849
3988942 3989555
3990156 3990318
3993358 3993811
3995616 3995771
3997634 3997706
4002867 4003067
4003978 4004030
4006808 4006934
4008241 4008317
4011521 4011669
4017573 4018764
4020330 4020476
4023866 4024009
4025005 4025385
4027137 4027233
4027853 4028109
4028854 4029228
4030318 4030540
4031544 4032047
4032828 4033106
4035840 4036074
4038149 4038337
4039161 4041158
4041889 4041971
4042566 4042657
4043740 4044007
4046664 4046900
4047946 4048219
4048912 4049569
4050386 4050516
4056115 4056166
4058072 4058302
4062238 4062479
4064574 4064643
4065189 4065501
4071832 4071961
4072511 4072590
4075282 4076213
4079960 4080091
4080627 4080842
4086797 4086949
4092809 4092893
4096431 4097124
4099376 4099508
4100438 4100518
4104298 4105543
4107500 4108726
4109571 4111539
4113215 4113339
4116404 4116899
4118007 4118382
4119568 4120721
4121245 4121746
4122874 4123121
4124262 4124562
4130052 4130505
4131468 4132265
4136842 4137005
4143496 4143937
4145186 4145253
4148961 4149484
4152989 4154047
4157277 4157371
4164951 4165063
4165620 4165711
4169752 4169929
4170669 4171516
4172531 4173173
4176648 4176987
4178729 4178932
4179908 4180245
4182026 4182251
4185721 4185803
4187734 4187805
4188947 4189531
4190768 4191165
4192900 4193619
4195788 4195953
4200494 4200634
4201378 4201636
4207798 4208173
4223302 4223423
4225455 4225712
4230850 4231697
4233021 4233246
4234359 4235214
4239578 4239653
4245991 4246073
4246913 4247102
4249320 4249597
4256288 4256591
4258255 4258350
4259988 4260061
4265361 4265938
4267032 4267697
4268390 4268921
4284103 4284422
4285049 4285506
4286181 4286754
4289502 4289888
4295146 4295239
4297643 4298034
4298759 4299032
4305396 4305715
4306274 4306336
4307703 4308531
4309486 4310076
4316006 4316085
4319346 4319569
4321217 4321556
4327078 4327377
4328296 4328626
4344930 4345216
4347905 4348110
4349186 4349318
4350621 4350692
4351529 4352595
4354697 4354980
4359732 4360725
4368333 4368611
4371166 4371757
4376383 4376595
4379717 4380071
4382300 4382362
4384136 4384548
4386916 4387598
4388976 4390091
4393411 4393523
4397206 4398161
4401200 4401272
4403852 4404329
4405127 4405260
4408488 4408932
4411749 4412818
4414256 4415066
4415660 4415807
4418821 4419574
4424855 4425152
4429569 4430056
4431710 4431836
4442127 4442196
4444490 4445137
4449305 4449464
4450414 4450702
4452796 4452963
4453837 4454029
4458004 4458120
4458692 4458988
4459492 4459778
4462357 4463404
4464341 4464603
4466497 4466841
4467836 4468401
4475504 4475571
4476576 4476780
4478990 4479691
4482097 4482236
4486721 4487458
4490577 4491677
4494123 4494700
4499483 4500389
4502681 4502955
4505849 4506423
4508822 4508925
4514292 4514385
4515522 4516693
4519857 4520689
4525931 4525997
4527690 4528121
4530613 4530703
4534525 4535472
4537326 4537926
4538471 4539772
4542460 4543954
4545753 4546344
4547580 4548240
4550002 4550755
4552131 4552339
4554108 4554377
4555427 4555599
4556681 4557076
4560055 4560383
4563750 4563972
4564856 4565296
4566037 4566285
4572358 4573294
4577288 4580023
4581702 4581930
4582596 4583376
4587215 4589822
4591101 4591302
4593166 4593462
4595832 4596029
4597516 4598198
4600200 4600286
4601156 4601426
4602505 4602803
4605189 4605410
4606560 4606998
4608087 4608592
4612590 4613458
4615447 4616380
4617662 4617954
4618583 4619248
4620167 4621359
4622231 4622426
4623721 4623794
4624731 4624914
4625625 4625890
4628834 4628974
4630769 4631446
4634328 4635509
4636429 4637281
4638203 4639424
4640562 4640841
4641520 4641652
