e_coli_k12_gi_556503834_ref_NC_
19895 20465
223633 228964
258007 258577
270638 271662
274054 275050
279400 280013
290540 291304
315919 315978
357472 357670
375166 375365
381359 382493
391807 392873
566870 567936
574685 575691
580408 581263
608106 609252
687945 688952
696430 696541
729901 730436
731097 731260
732089 733154
734247 734999
736695 737492
738174 738514
781433 781745
1050004 1050450
1094343 1095404
1097042 1097560
1286950 1287043
1299593 1300600
1396138 1397144
1466407 1466756
1467992 1470417
1528412 1529075
1532031 1532816
1552096 1552248
1632870 1634923
1636370 1636793
1978602 1979171
2066337 2067200
2069030 2070099
2101943 2102849
2170356 2171329
2289018 2290014
2304638 2304923
2514372 2515444
2520995 2521421
2662493 2662583
2726653 2731273
2818120 2818196
2947468 2947687
2996458 2997593
3130240 3131247
3186194 3187327
3365651 3366656
3392070 3392161
3423358 3428742
3583526 3584100
3620706 3620991
3621698 3621885
3624460 3625378
3652129 3653137
3666304 3667238
3708458 3708535
3762363 3765728
3941541 3946727
4027511 4027609
4035264 4040746
4094489 4094608
4153571 4153693
4166398 4171866
4176178 4176943
4208100 4213067
4295917 4296182
4326072 4326274
4498280 4499413
4614561 4614661
