Ecoli_ancestor_Ancestor_
82214 84029
90009 93083
380448 380828
384724 384829
388662 390029
390597 391363
421850 425799
426528 427866
549824 550162
552970 555550
646787 647167
649831 650244
650903 651005
651589 652039
652573 653080
822570 828660
937683 938097
967997 971404
1006418 1009899
1161951 1164334
1167142 1167652
1224163 1224577
1403443 1404576
1460135 1461422
1593186 1594378
1859374 1861933
1864741 1864948
2075258 2077702
2285805 2287207
2300402 2301214
2419166 2420900
2487970 2488384
2489044 2489151
2520171 2522117
2522635 2522717
2523483 2523974
2604332 2607088
2939390 2940010
3122359 3125101
3128233 3132529
3164609 3169024
3194237 3194651
3290782 3292016
3492834 3493771
3495356 3496834
3539953 3541842
3855761 3861211
3901811 3902282
3980299 3983747
4015074 4015542
4018857 4020514
4021138 4021903
4022426 4023969
4025645 4025751
4026609 4026728
4063932 4064839
4197007 4199865
4208348 4209409
4273107 4275963
4299187 4302864
4310929 4311586
4313914 4314718
4315764 4316178
4316838 4317954
4318693 4320174
4332234 4332841
4364732 4367124
4535935 4538182
4539971 4542350
Ecoli_0940_Taxon009_
193641 194659
210085 210641
239287 245003
314841 316428
380930 382410
462373 463916
575704 576408
692423 694404
1065076 1066147
1308364 1309785
1335098 1335643
1406663 1406989
2007941 2008379
2124559 2125764
2526489 2527170
2814470 2818934
2820522 2821562
3201333 3202550
3215398 3215978
3217805 3218644
3219208 3221909
3381734 3383197
3423152 3426414
3497678 3498952
3653425 3656832
3700598 3701584
3941717 3946771
3949865 3950516
3974369 3976373
4038028 4040980
4041834 4042014
4042530 4042701
4147878 4152806
4243032 4243110
4357701 4358224
4418392 4426606
4640202 4641652
