Ecoli_0920_Ancestor_
1 84
30802 30908
65987 66042
67207 67263
68184 68481
78068 78121
82236 82550
83116 83247
91392 92526
102171 102225
119359 119479
134976 135080
179054 179325
239869 240110
246290 246590
257388 257656
272328 272624
294519 294852
311110 311208
377737 382862
389185 389883
391418 391528
413907 414616
418969 424407
433458 433634
496312 496383
516122 516325
532713 532762
550034 555327
596147 596206
602190 602322
605444 605531
644010 649222
690900 691037
697339 697527
803219 803458
824050 824183
825085 826844
827428 828298
845799 845867
900225 900292
919087 919300
924363 924527
937667 938903
955840 956113
965387 966075
968002 968267
968980 969835
970419 971289
990930 991299
996399 997633
1006719 1007278
1009093 1009215
1063125 1065584
1097785 1097868
1112020 1112087
1119719 1120351
1161871 1167278
1224149 1225153
1228649 1228970
1242971 1243160
1304063 1304215
1403487 1404591
1459557 1460496
1471998 1472086
1525297 1525599
1588454 1588888
1589478 1589536
1593212 1594334
1645390 1645812
1704171 1704239
1727669 1727949
1765496 1765658
1783160 1783391
1831592 1831774
1844135 1844252
1846338 1846440
1859411 1864643
1928362 1928469
2069565 2069897
2075866 2076243
2086799 2087149
2094631 2094748
2128969 2129035
2179240 2179417
2197527 2198017
2212670 2212968
2217901 2217975
2226429 2226732
2259696 2259856
2278138 2278293
2285849 2286257
2300853 2301790
2392007 2392306
2419475 2420538
2433373 2433429
2438703 2438976
2440053 2440379
2488021 2488897
2504662 2504924
2520680 2521639
2523604 2524529
2525471 2525646
2605340 2605900
2653213 2653586
2670221 2670374
2691015 2691307
2696983 2697176
2711362 2711435
2774840 2774925
2841800 2842079
2868989 2869291
2908879 2909014
2939419 2939792
3022120 3022337
3038536 3039194
3041872 3042164
3058091 3058743
3062441 3062727
3065584 3065678
3098575 3098805
3122403 3122621
3162914 3163319
3164574 3166286
3166852 3167332
3193660 3194666
3231390 3231673
3290238 3291322
3320657 3321290
3333981 3334112
3368113 3368496
3443244 3443705
3465753 3465996
3493156 3493821
3495400 3496461
3517258 3517490
3528719 3529157
3536398 3536543
3540496 3540877
3603360 3603703
3621019 3621210
3734394 3734628
3783779 3785086
3794435 3794726
3830260 3830547
3837657 3838031
3854002 3854303
3855814 3856422
3857589 3858657
3859228 3859645
3860368 3861144
3876729 3876826
3901852 3902817
3923420 3923777
3961328 3961510
4009014 4010769
4015101 4016122
4022868 4023934
4103346 4103555
4131122 4131256
4197931 4198997
4208313 4209458
4218708 4219031
4233100 4233367
4250565 4250736
4274424 4275789
4299502 4300264
4310791 4311529
4315312 4316750
4319142 4319272
4319838 4320152
4332227 4332797
4358013 4358277
4361954 4367240
4449591 4449942
4463562 4463636
4468814 4469085
4540750 4541320
4546913 4547052
4580754 4580899
4631605 4631749
Ecoli_0907_Taxon008_
1 56
65029 65148
70592 70731
110750 110903
115649 115920
147802 148014
152465 152751
227781 228083
232627 232791
235129 235432
305395 305461
315713 315888
317373 317575
371773 372096
392065 392172
437043 437277
503871 503933
524705 524887
564945 565348
576005 576183
608558 608608
667111 667384
685172 685459
691182 691556
703314 703438
796078 796369
956214 956501
973817 974008
1063312 1064420
1198256 1198616
1278704 1278947
1308581 1308839
1330209 1330441
1358148 1358431
1373147 1373246
1381357 1381412
1409223 1409331
1425838 1426056
1478657 1478751
1540896 1541152
1570293 1570472
1657879 1658012
1742595 1742699
1756032 1756334
1800717 1800852
1894136 1894509
1901156 1901333
1929661 1931364
1936726 1936879
1955308 1955600
1975655 1975728
2040536 2040695
2091263 2091438
2143444 2143564
2146945 2147001
2153625 2153951
2197574 2197735
2290253 2290353
2330090 2330250
2358492 2358675
2367400 2367713
2462291 2462777
2463847 2464145
2473601 2473904
2553510 2553867
2562301 2562563
2573602 2574087
2580422 2580656
2633418 2633768
2689093 2689200
2717580 2717762
2730138 2730252
2757017 2757075
2761589 2761647
2788082 2788313
2820406 2820620
2825146 2825318
2866102 2866402
2904504 2904581
2923156 2923224
3004854 3005156
3030951 3031103
3056459 3056777
3057367 3057425
3276614 3276894
3321377 3321503
3332071 3332128
3347644 3347833
3380021 3380531
3426227 3426370
3455867 3456155
3459492 3459627
3581589 3581785
3617875 3618321
3690512 3690579
3766558 3766754
3778539 3778838
3787346 3787585
3817382 3817641
3831509 3831765
3849732 3849869
3875762 3876022
3943887 3944648
3978999 3979296
4017805 4017893
4023941 4024009
4026894 4027136
4104988 4105173
4120511 4120565
4139495 4139736
4169960 4170136
4197361 4197517
4200785 4201014
4333292 4333460
4346767 4347038
4348866 4349049
4379426 4379722
4394394 4394662
4421745 4422133
4455724 4455828
4500019 4500317
4512801 4512857
4610778 4610894
4611697 4611752
4625032 4625237
4635254 4635356
