e_coli_k12_gi_556503834_ref_NC_
223680 228825
257963 258570
270596 271706
279218 279825
290496 291296
391764 392908
566835 567979
574646 575730
608062 609296
687906 688990
729791 733167
737736 738641
1049883 1050490
1094300 1097141
1299554 1300638
1396099 1397183
1427838 1428316
1432329 1432687
1467965 1469295
1470391 1470461
1528239 1529119
1531767 1532851
1570725 1571846
1632615 1634967
1650921 1651493
1978558 1979165
2066230 2067245
2068996 2070216
2101804 2102888
2170229 2171373
2288974 2290058
2514328 2515562
2726119 2729149
2729657 2731430
2817782 2818196
2996416 2997636
3130201 3131285
3186151 3187371
3365611 3366695
3423314 3428853
3583533 3584140
3621941 3622776
3624514 3625413
3652091 3653175
3762391 3765767
3767275 3767520
3941503 3941661
3943364 3946769
4035226 4040745
4094393 4094615
4166354 4171706
4176134 4177054
4208056 4210022
4296210 4296433
4325805 4326104
4498236 4499456
4507514 4508624
