Salmonella_0955_Taxon012_
1857 2327
8139 8216
30579 30779
36594 36721
40654 41015
52515 52578
55468 55761
56840 57076
60321 60597
74225 74331
84769 84997
86850 87046
88358 88632
90779 91048
96429 97450
100281 100401
101242 101647
103568 103784
104840 104893
112052 112180
116362 116534
119201 119353
155323 155659
160213 160351
174522 174834
183249 183495
196785 197242
207284 207578
208220 208301
211442 211679
224572 225039
250336 250488
263689 263844
272999 273439
274578 274638
294213 294327
295677 295868
301293 301452
303696 303848
307423 307562
321001 321852
329396 329746
336561 336653
337504 337742
340914 341121
342639 342896
356824 356980
360620 360855
394256 394462
411199 411497
414240 414341
415247 415314
416849 416996
418342 418534
425021 425253
425944 426209
439193 439508
448476 448678
455366 455452
456984 457157
464181 464430
499032 499447
518206 518318
526414 526656
529921 530157
531026 531746
541595 541945
551214 551291
557770 557881
562219 562681
574297 574411
604816 604943
607102 607224
608881 609348
620364 620685
627141 627489
629796 629952
637423 637657
638979 639070
647622 647869
661938 662465
666061 666182
670392 670652
680113 680265
681915 682149
688185 688274
694886 694970
696723 696964
704814 705135
706621 706705
714531 714869
715830 715899
723131 723285
727139 727323
732043 732238
737569 737704
783552 783603
791812 792389
798652 798978
804839 804981
811385 811733
813100 813426
818577 818658
835985 836283
842780 842997
843943 844013
850033 850149
850669 850938
852086 852362
869117 869379
876052 876231
878594 878859
879648 879846
899304 899588
910300 910698
916045 916405
919931 921312
933711 933960
960528 960645
967869 968122
972458 972617
977495 977555
979897 980198
984275 984440
1010619 1010931
1022168 1022358
1027555 1027751
1032539 1033071
1038240 1038314
1053482 1053569
1055083 1055315
1062365 1062490
1066087 1066327
1069810 1070125
1071321 1071593
1084708 1085056
1085604 1086284
1099051 1100077
1104990 1105050
1119284 1119721
1122250 1122518
1154747 1155098
1155643 1155701
1157163 1157367
1166986 1167049
1176623 1176674
1192650 1193015
1198677 1198937
1205116 1205332
1212392 1212678
1223993 1224287
1237679 1237786
1253893 1254351
1258374 1258532
1262205 1262496
1269723 1270151
1275635 1275799
1296439 1296931
1299561 1300147
1327085 1327429
1336408 1336485
1340452 1340543
1344632 1344919
1355133 1355576
1363097 1363224
1364257 1364494
1384243 1384357
1390744 1390924
1394095 1394660
1396369 1396474
1398617 1398844
1402416 1402600
1403205 1403499
1405324 1405640
1406329 1406659
1407279 1407363
1424703 1425239
1426676 1426852
1438137 1438422
1443515 1443682
1456622 1456751
1462301 1462523
1468594 1468796
1483558 1483678
1498599 1498964
1508428 1508897
1511750 1511895
1523482 1523690
1540077 1540126
1552539 1552636
1555722 1555812
1559344 1559624
1566170 1566325
1576353 1576566
1592216 1592273
1603434 1603502
1604481 1604827
1605770 1606235
1628614 1628740
1659667 1659975
1664252 1664377
1666636 1667199
1669875 1670223
1683783 1683862
1686463 1686816
1703092 1703314
1704709 1704925
1706292 1706780
1717178 1717493
1731411 1731654
1733343 1733709
1742409 1742575
1744773 1745541
1754644 1754702
1761355 1761582
1774316 1774635
1789030 1789570
1807217 1807551
1829031 1829433
1830256 1830439
1832548 1832932
1844346 1844632
1854989 1855108
1860292 1860510
1893809 1893952
1894454 1894630
1895798 1895977
1903470 1903737
1912517 1912776
1916750 1916978
1923284 1923428
1933646 1933738
1937244 1937543
1946884 1946944
1947933 1947989
1974100 1974410
2006196 2006261
2007115 2007201
2021455 2021703
2039108 2039251
2048036 2048086
2050474 2051186
2052159 2052223
2060075 2060517
2066612 2066691
2069001 2069521
2076419 2076653
2087658 2088276
2099267 2099669
2116614 2116911
2139896 2140207
2148365 2148710
2151384 2151993
2158553 2158793
2160666 2160990
2164746 2165155
2172711 2173299
2178355 2178541
2181414 2181813
2184319 2184385
2189938 2190027
2197936 2197999
2205407 2205576
2219207 2219272
2221763 2221944
2224884 2225006
2247064 2247158
2249225 2249459
2250502 2250749
2251307 2251404
2261691 2261777
2269973 2270276
2272258 2272562
2276333 2276610
2285596 2285706
2287011 2287394
2302467 2302966
2304139 2304304
2307031 2307182
2322658 2322934
2330602 2330775
2348892 2349242
2350210 2350422
2351653 2351716
2365633 2365759
2367157 2367590
2368425 2368719
2375786 2375961
2378560 2378696
2379273 2379797
2382937 2383060
2393304 2393422
2411054 2411123
2411751 2411938
2437321 2437555
2444412 2444618
2449116 2449306
2450097 2450967
2477127 2477193
2481461 2482500
2484867 2485247
2492086 2492265
2497025 2497127
2509167 2509629
2515508 2515767
2517661 2518343
2537049 2537135
2539274 2539620
2543132 2543278
2551632 2551820
2553392 2553687
2555900 2556026
2563412 2563699
2580691 2580863
2589281 2591126
2593741 2593926
2596080 2596143
2604780 2604948
2625158 2625409
2627756 2627830
2641141 2641473
2651158 2651301
2664440 2664838
2678335 2678758
2681527 2682307
2687304 2687381
2691413 2691606
2695340 2695444
2708597 2708907
2714930 2715094
2723791 2723976
2732369 2732549
2734447 2734670
2750758 2750961
2753444 2753734
2759129 2759920
2762332 2762937
2765906 2766063
2767552 2767726
2777159 2777661
2781641 2781884
2782466 2782630
2786675 2786926
2787958 2788210
2794999 2795057
2805540 2805690
2833060 2833322
2847118 2847452
2848911 2849424
2864228 2865148
2867818 2867904
2870432 2870736
2876899 2877108
2883226 2883411
2895277 2895595
2896251 2896505
2964479 2965027
2980886 2981030
2983744 2983978
2988669 2988823
2990751 2990923
3010258 3010444
3017034 3017230
3020964 3021224
3021750 3021959
3041862 3042102
3050940 3051844
3058835 3058923
3063484 3063605
3068049 3068319
3087499 3087844
3092780 3092936
3096162 3096663
3098762 3098968
3106482 3107183
3110928 3111084
3121991 3122320
3133658 3133722
3138300 3138443
3143259 3143574
3163411 3163589
3178611 3178859
3180892 3181164
3187709 3188105
3207830 3208144
3217021 3217319
3225897 3226122
3228714 3228791
3230014 3230286
3237072 3237266
3244768 3245075
3251141 3251361
3265244 3265485
3269995 3270238
3277372 3277687
3293196 3293313
3294106 3294353
3301207 3301319
3301924 3302056
3319553 3319609
3320860 3320971
3338882 3338998
3342179 3342316
3364202 3364531
3377440 3377880
3383723 3384157
3385086 3385752
3404336 3404611
3412981 3414205
3418235 3418534
3422324 3422686
3444040 3444724
3458449 3458579
3465269 3465390
3470079 3470190
3477442 3477724
3479997 3480095
3489837 3489951
3490781 3491071
3491927 3492227
3503398 3503526
3509406 3509692
3516683 3516936
3520411 3520604
3525643 3525932
3529917 3530113
3561746 3561835
3564579 3564842
3565420 3565710
3568463 3568740
3572256 3572809
3574332 3574665
3586419 3586654
3605119 3605278
3606622 3606765
3609943 3610075
3614788 3615070
3616855 3617075
3621257 3621352
3622330 3622545
3643789 3643969
3644907 3644975
3645806 3646025
3655507 3656133
3662078 3662296
3665827 3666051
3685206 3685538
3691378 3691686
3701916 3702147
3707028 3707158
3725460 3725529
3731950 3732159
3737933 3738530
3759611 3759885
3761591 3761641
3770597 3770887
3775340 3775481
3787292 3787526
3803423 3803524
3806374 3806516
3814349 3814448
3816471 3816621
3827495 3827658
3850035 3850536
3857184 3857382
3860531 3860893
3863292 3863342
3877775 3877984
3890129 3890968
3902422 3903039
3904969 3905137
3933661 3933832
3938422 3938967
3944294 3944551
3949501 3949553
3954573 3955052
3956463 3956635
3958400 3958464
3961837 3961926
3964008 3964353
3965917 3966070
3983714 3983879
4002174 4002426
4007181 4007297
4021755 4021967
4032993 4033194
4036006 4036060
4038622 4039032
4041082 4041375
4048273 4048490
4057629 4057881
4090495 4090556
4095332 4095424
4105561 4106093
4117928 4118148
4130017 4130214
4132443 4132817
4149258 4149339
4161060 4161368
4163060 4163605
4165558 4165849
4167867 4168205
4169997 4170310
4171944 4172214
4175049 4175162
4184003 4184199
4187635 4187883
4189920 4190153
4196801 4196982
4198333 4198622
4199802 4199937
4208036 4208200
4214466 4214628
4223915 4224036
4227784 4227852
4262453 4262592
4277950 4278115
4285032 4285733
4295095 4295370
4311523 4311905
4327620 4327826
4345758 4345966
4347447 4347725
4365691 4366230
4375589 4375733
4398382 4398585
4400182 4400246
4416864 4417118
4420973 4421026
4422539 4422644
4424710 4425133
4426342 4426599
4431903 4432757
4447503 4447776
4450067 4450357
4459061 4459840
4461398 4461503
4466674 4466987
4485046 4485465
4493348 4493851
4523669 4523938
4535849 4535915
4539129 4539235
4551566 4551678
4556494 4556639
4564878 4564987
4574663 4574976
4576578 4576735
4580726 4580790
4593439 4594074
4601890 4602007
4611751 4611805
4615628 4615876
4625415 4626147
4641593 4641881
4660338 4660641
4668685 4668964
4678721 4679252
4682193 4683103
4687467 4687885
4697183 4697263
4706639 4707252
4710242 4710336
4713033 4713157
4714131 4714418
4718171 4718420
4723212 4723728
4741865 4741976
4744453 4744745
4757913 4758479
4783629 4783812
4797325 4797390
4798950 4799241
4804782 4805068
4824936 4825054
4839181 4839434
4843915 4844128
4850477 4851011
4856067 4856237
