Salmonella_0916_Taxon017_
1 255
1504 2524
3461 5296
5986 7252
7992 10313
12853 14792
15447 15969
16882 19007
19547 19930
22649 23036
23840 24505
27410 30149
30727 31251
32064 32583
34508 34679
37577 37754
44454 46144
47516 47570
49133 49283
51292 51843
52515 59611
61470 61836
62729 63416
65148 67654
68408 69005
69539 69753
70413 72295
73090 73355
75951 76209
77805 77918
80507 81185
81949 82023
85356 85614
88101 88746
94290 95649
96233 96329
98349 101635
102371 103613
104222 105572
108473 108694
111998 112195
113438 115003
115779 117209
117749 117821
118402 118614
119780 121257
121826 122013
122852 123889
130861 131689
132240 132732
134100 135234
139393 139615
143658 146745
149571 149935
150751 151248
155458 156326
157005 157502
158284 158621
162798 164138
165889 166628
167356 167476
168764 169636
170349 170628
171242 171419
172075 173260
173928 174139
174728 174999
175568 177682
179065 180660
186081 186753
187676 188491
189063 189208
190009 190923
194558 194830
195838 197258
197926 198156
200218 201142
202607 206085
207542 210326
211470 211909
213047 214232
214988 215438
217172 219651
220383 220943
224754 224807
226032 226143
226854 228442
229147 230054
231269 232217
232977 235082
237520 237826
239437 240736
241256 241803
245189 245388
249601 249871
250553 250928
251760 254202
254963 255310
259886 260211
262552 263115
263689 264322
265089 265798
269327 270548
271189 273436
274081 274568
277160 279947
283339 285854
286820 287323
287956 288198
288978 289839
291087 292795
296465 297726
298274 298470
299806 299913
300988 303630
304210 304661
305165 306005
309780 310169
311404 311696
312765 312878
313713 313773
316180 316381
317091 317306
318023 318162
320575 321852
324298 324611
326119 326577
328387 328543
329172 331173
331810 336448
339548 344856
349291 349912
354998 355128
355698 357856
359659 361068
361861 362389
364028 365018
368382 368950
370341 371559
372275 374385
374992 375781
376337 376716
377535 378417
379974 380632
381576 382121
387358 387554
390177 392298
393979 395309
395851 396076
397990 398844
400640 400819
403130 403498
405080 405230
406220 406451
407896 408805
410349 410562
411689 412036
413071 413443
414240 414405
415023 415603
417611 418840
419342 419476
420045 420292
422982 423258
423989 424373
425014 426209
427686 428058
428690 430167
434093 434882
437349 438482
439211 439699
440223 440495
442339 442434
443455 444682
445738 449123
450512 451110
451813 451926
453635 454339
457965 458187
460345 461660
463032 463174
464181 465261
466086 466144
467788 468288
469850 470991
472025 472783
473349 473474
474254 475149
476171 476437
477627 477860
479997 480325
481610 483466
484094 484380
488538 489820
490981 492714
494303 494694
497155 498135
500692 501088
506161 506653
507347 507450
512077 512294
513591 513753
515457 515980
516827 518868
522553 523161
525598 527376
530061 531571
532935 535042
536704 536954
538487 538786
539560 540164
541244 541411
542925 543212
545915 547143
547828 548139
548923 550000
550684 551085
557944 558548
559384 560094
561683 562255
563733 564390
565544 565964
567556 568184
568820 569126
570639 571200
572695 574152
577482 577671
581856 581952
582511 582728
583309 584069
586226 587120
587785 588175
592041 592252
593227 594313
595062 595360
597889 598699
599449 599821
600501 601080
603237 603469
604628 604758
605316 606089
607944 608581
609214 609505
610730 612457
613192 613945
614554 614611
616005 616451
617310 617505
618113 618447
619625 620337
621513 621738
625710 625952
627294 628118
628683 629228
630198 630576
631107 631316
631886 632872
635403 635944
638592 640160
643141 644829
648189 649027
650284 650497
652290 652452
655590 655663
656331 657579
658747 659591
660174 660499
661680 662038
662948 664067
666910 667108
668984 669098
670460 671422
672253 672533
673151 674419
675456 675596
676243 677183
678841 678934
679799 681174
684508 684872
685929 686862
687704 689043
689802 689912
690697 690987
691903 693298
699904 700729
701635 701840
703916 704185
705872 705988
707572 708927
710534 711727
712779 713229
713815 714003
714839 715125
716035 716281
717506 717795
719243 720964
722348 722760
723656 723890
724716 725067
727012 727068
727689 727880
728812 729081
731299 731429
732044 733859
736739 736923
743536 743595
746830 746895
747476 748108
748728 749191
751276 751575
753196 753576
757887 759559
760140 760647
761556 763247
766057 768229
769382 769721
770902 771544
772330 774287
778199 778685
779657 779808
780635 781837
782854 784470
786192 788871
791694 792373
792990 793635
797024 797728
798652 799988
800642 800949
805818 808432
810152 812116
812687 813082
814550 815461
816045 816808
817325 817837
820927 823246
827008 829374
830085 830496
831105 832444
833019 834187
835577 837241
839895 840427
840986 841123
842327 842734
843908 844162
844713 846401
847181 847482
849923 850149
850650 851247
853246 853509
854696 855885
856673 860128
865523 865982
869003 869379
870815 872053
872592 875761
880152 880360
881086 882111
884761 885240
885839 886129
887292 887529
890410 894454
894960 896325
899530 902324
903140 903976
907412 907526
909109 909779
910339 911086
914113 916646
917303 918912
919474 923997
927683 928034
930224 930545
931524 933629
937276 937804
938377 938512
939253 941364
942378 942599
943504 943589
944203 944734
946164 946358
947964 951171
952631 953259
954659 954735
960786 960879
962734 963688
964412 965541
966226 968406
969014 971473
973943 974844
975733 976520
977418 978641
979477 980164
982633 982792
984688 990352
991897 992761
995824 995889
997652 997820
998516 999092
999671 999921
1000799 1002200
1002773 1003791
1005185 1005306
1006975 1008192
1010033 1010248
1011100 1011408
1012014 1012876
1014312 1014545
1020468 1020742
1025370 1025971
1033068 1033568
1034154 1034513
1035066 1035197
1037250 1039512
1042429 1042987
1043524 1043833
1044595 1045662
1046515 1046925
1048740 1049620
1050958 1051151
1054700 1054845
1057565 1057786
1059412 1059677
1062429 1063815
1070996 1071359
1072196 1072812
1073579 1074697
1075231 1075752
1076384 1080356
1084056 1084647
1086976 1087706
1091985 1092125
1096245 1096681
1099850 1100123
1100722 1102461
1102977 1103395
1104076 1105057
1106781 1107203
1108376 1109209
1110342 1110970
1113312 1113825
1114880 1115109
1115696 1116152
1116763 1117010
1118890 1119184
1122250 1123205
1123754 1125452
1126074 1126552
1128735 1128855
1129990 1130150
1130741 1131579
1134127 1135299
1135998 1138388
1139462 1139786
1140396 1141138
1144290 1144417
1144977 1145333
1145850 1146418
1147672 1148678
1149613 1150079
1150612 1151807
1152887 1153207
1158692 1158938
1159553 1159734
1161383 1162827
1164254 1165729
1166343 1167395
1172865 1172963
1175864 1176652
1178039 1183493
1184968 1185719
1189492 1191108
1192472 1193081
1193687 1193910
1197813 1199166
1199813 1200142
1201734 1201915
1202503 1202759
1203431 1208101
1209494 1209543
1210827 1211577
1212549 1213800
1215508 1216707
1217308 1217617
1218802 1220113
1220966 1221523
1223668 1224049
1224558 1227348
1228859 1229803
1232186 1233506
1234625 1235392
1244622 1244708
1247838 1248046
1249538 1249771
1250476 1250759
1251849 1252110
1253349 1253607
1255147 1255372
1256151 1256337
1257559 1257944
1266824 1267825
1271728 1271826
1272993 1274508
1275047 1275781
1278018 1278187
1280248 1280883
1282190 1282463
1283926 1284240
1284894 1285193
1287462 1290172
1291201 1291419
1292637 1295323
1298093 1298322
1299732 1299827
1300432 1301524
1304036 1304371
1306863 1307840
1308376 1309558
1310144 1310424
1311097 1311225
1311776 1312225
1314897 1315410
1316451 1317372
1318077 1318589
1322641 1323315
1324432 1325324
1327106 1327732
1331908 1332431
1333009 1333782
1334974 1337125
1338348 1339511
1340124 1340988
1342197 1342425
1343129 1346048
1348322 1348396
1350392 1351746
1353329 1354054
1355081 1355435
1363097 1364461
1365510 1365806
1366310 1367449
1367990 1368223
1368953 1370912
1372628 1373269
1373827 1373953
1381715 1382059
1382644 1382886
1383516 1383805
1384342 1385136
1385755 1385848
1387284 1387562
1388508 1389913
1393283 1393460
1394047 1397765
1398714 1401595
1402239 1405607
1408375 1409382
1412312 1412701
1417274 1417484
1417986 1418596
1419845 1420172
1420929 1421306
1422599 1423358
1423925 1426068
1426632 1426887
1429655 1430784
1431395 1431731
1432405 1432477
1434104 1434383
1438004 1438071
1439271 1439797
1440305 1440865
1441812 1442339
1443558 1445065
1447276 1448051
1449033 1449301
1449835 1450587
1451540 1451857
1452376 1452990
1453502 1454804
1456138 1458103
1460522 1460600
1461840 1462535
1464893 1465377
1468243 1469483
1470337 1470409
1472748 1474267
1474810 1475085
1476089 1476385
1478285 1478805
1479417 1482644
1483226 1484766
1486755 1489612
1490281 1490346
1490945 1492896
1496040 1497075
1498832 1500502
1503034 1503301
1504438 1505609
1506601 1507263
1509878 1510436
1511914 1514303
1516204 1516545
1519569 1520706
1522260 1522659
1524353 1524536
1527332 1527665
1529990 1530519
1531819 1531944
1534295 1534790
1538063 1538996
1541256 1541435
1541961 1542916
1544613 1545756
1546402 1546786
1547645 1548087
1550387 1551686
1560706 1561495
1566693 1568412
1569249 1569778
1572985 1573086
1573851 1574086
1575944 1576543
1580473 1580876
1585442 1585824
1590986 1591112
1591764 1592985
1596169 1597029
1599666 1599722
1600457 1600772
1602900 1604959
1608134 1608361
1609528 1611063
1613911 1614153
1617669 1618647
1619167 1620867
1621570 1621730
1622666 1623212
1626130 1626662
1627691 1627938
1635669 1636689
1638113 1641126
1641722 1642752
1644865 1645042
1646026 1646892
1647675 1648363
1653065 1654053
1654955 1656112
1657050 1658510
1659191 1660312
1660816 1660982
1661879 1662055
1662911 1663732
1666782 1668423
1674756 1674919
1678191 1679382
1680711 1681013
1682054 1682524
1683143 1683496
1684066 1684780
1689011 1689545
1695028 1695438
1699035 1700109
1700664 1700750
1701520 1701711
1702467 1702974
1704031 1704270
1706638 1707110
1707786 1713357
1717833 1722753
1723979 1724578
1725123 1725702
1728731 1729304
1735828 1736578
1738284 1738797
1740383 1741014
1742587 1742672
1744660 1744962
1745489 1745772
1750410 1750753
1751335 1751851
1752841 1753082
1755394 1756029
1758971 1759339
1760232 1760812
1761465 1761804
1764014 1764211
1765209 1765795
1767936 1769744
1771451 1772277
1772879 1774033
1775564 1775769
1776509 1777808
1779220 1779554
1782733 1783626
1784496 1785401
1788140 1788721
1790009 1790115
1793467 1794033
1797782 1798306
1799115 1800746
1801646 1802027
1803493 1805763
1807425 1807619
1808534 1810343
1811112 1811958
1812502 1813082
1816520 1816683
1817281 1819563
1822210 1822771
1826077 1827734
1829435 1831187
1831932 1832346
1833047 1833170
1833750 1834188
1835049 1835252
1841237 1843048
1846335 1851395
1852358 1853959
1855794 1856065
1858278 1858471
1860199 1860514
1861183 1861268
1862405 1862572
1864955 1865112
1867648 1867708
1868965 1869055
1869558 1870228
1872005 1872831
1874663 1875267
1877010 1877544
1879641 1880548
1881081 1881787
1882369 1883418
1883969 1886549
1887562 1888286
1888933 1889113
1893120 1893358
1894476 1894825
1896695 1901838
1902456 1902945
1903470 1904886
1907135 1907263
1909022 1909131
1911236 1912287
1913374 1914059
1917363 1918168
1918849 1920090
1920728 1921119
1921678 1922503
1925723 1926408
1927049 1927462
1927973 1930611
1931913 1932127
1933625 1934218
1934916 1935055
1935936 1936947
1937661 1938603
1939438 1940120
1941064 1941199
1944594 1944832
1947881 1950311
1951856 1953201
1954790 1955071
1955613 1956479
1961633 1962421
1964349 1967293
1967968 1968221
1969700 1970762
1971299 1971535
1972903 1973829
1978925 1979072
1979756 1981816
1983483 1983903
1988351 1989090
1993891 1996337
1999570 2000728
2001235 2001710
2007902 2008920
2009679 2010345
2013127 2015036
2016009 2016367
2018210 2019188
2019924 2020168
2020740 2020992
2022469 2024097
2024698 2024901
2027010 2027854
2028742 2030759
2032409 2032656
2036030 2036190
2038203 2039099
2043138 2043801
2048688 2049264
2051331 2051471
2052414 2052501
2053881 2054313
2056509 2057641
2058372 2058659
2059340 2059866
2060440 2061055
2064866 2067489
2068223 2069847
2071670 2072807
2078476 2078730
2079779 2080196
2081799 2082691
2085177 2085472
2086287 2086630
2087226 2087871
2089388 2089683
2091808 2093124
2094187 2094599
2096752 2098530
2100521 2100821
2101663 2101883
2104227 2104777
2106283 2106660
2109813 2109917
2111948 2114434
2115654 2118003
2118834 2119569
2120205 2120603
2122126 2122651
2124513 2126024
2126859 2127389
2129124 2130170
2131432 2132147
2133057 2133841
2134406 2135511
2136462 2138996
2143708 2144847
2145630 2146711
2147268 2147739
2148419 2150236
2152047 2152625
2153877 2154546
2157149 2157335
2157930 2159809
2161384 2162871
2163806 2164258
2168906 2169512
2170681 2171670
2172334 2172507
2174444 2175498
2177017 2178290
2179013 2180975
2181980 2182040
2182862 2184268
2187197 2187821
2189765 2189984
2191161 2192139
2194512 2194674
2195187 2195380
2197334 2198219
2198783 2198947
2200178 2200626
2201378 2202192
2203436 2203636
2205128 2205511
2206021 2206971
2207567 2207817
2209948 2211043
2219140 2220852
2223075 2224409
2227266 2228274
2228899 2231942
2235545 2235684
2237685 2237847
2238455 2238524
2241669 2242182
2243769 2244804
2248250 2249274
2250290 2251047
2251917 2253765
2254502 2254807
2255319 2256671
2257480 2257720
2264459 2266235
2266982 2267146
2269268 2271180
2271996 2272136
2273657 2274991
2275660 2276005
2277048 2278103
2279267 2279502
2280085 2281144
2283068 2284638
2285623 2286274
2287701 2287807
2289126 2289289
2290691 2290834
2293842 2293974
2296125 2296231
2296788 2297611
2298545 2299782
2300539 2301549
2302876 2303203
2304327 2306593
2307340 2308000
2309785 2311134
2312714 2313573
2314081 2315813
2316653 2317032
2319357 2319633
2321673 2322372
2322985 2323293
2324814 2325318
2326403 2326668
2327765 2328492
2329368 2329536
2330445 2330997
2334698 2335670
2339173 2340269
2341139 2343269
2343860 2344360
2346082 2346269
2347145 2348853
2349529 2350422
2351691 2355214
2355989 2356496
2357237 2357443
2362100 2362293
2364218 2366363
2367556 2369042
2376982 2377084
2377849 2378535
2379444 2380631
2382493 2382631
2383402 2384049
2387016 2387150
2387689 2387907
2388765 2389752
2393961 2394204
2399917 2400596
2403059 2404759
2406103 2406313
2406957 2407499
2409925 2411938
2413338 2413446
2415496 2415694
2417793 2419570
2420216 2420355
2421300 2422503
2424278 2425746
2426467 2426566
2427719 2428015
2430529 2430939
2431562 2432068
2433391 2434896
2437014 2440226
2441448 2442207
2445575 2446278
2447386 2447620
2450492 2452297
2452893 2455661
2456332 2456734
2458279 2458908
2460682 2460876
2463933 2465658
2467821 2468339
2472517 2472991
2474050 2474176
2476734 2477293
2477802 2478878
2479703 2480489
2481130 2481384
2482579 2485123
2486346 2487478
2488991 2490283
2491058 2491975
2492702 2492975
2496297 2497146
2498289 2498493
2500032 2501851
2502389 2505139
2508503 2508845
2511271 2512358
2513518 2514246
2520736 2521671
2525338 2525524
2527104 2527959
2528462 2528726
2529586 2529687
2532216 2532551
2533428 2533987
2537181 2537311
2542529 2543326
2545030 2546544
2547294 2550398
2552554 2553003
2553752 2553958
2555818 2555896
2556402 2556797
2557321 2557796
2559780 2559967
2561727 2564587
2566557 2566805
2570303 2570408
2571021 2571403
2573282 2576481
2577179 2577231
2579158 2579771
2580385 2581232
2582755 2582854
2584028 2585518
2586770 2590050
2591035 2591240
2591792 2591856
2592837 2593082
2594675 2595111
2601173 2601696
2604837 2605256
2605863 2606407
2608164 2610284
2611129 2611198
2613732 2613923
2614537 2614999
2619890 2620037
2620830 2620885
2622661 2623719
2626900 2627311
2627875 2628570
2630546 2630777
2633653 2635198
2636943 2638204
2639567 2639815
2641078 2642821
2643370 2643692
2644367 2644560
2645499 2647343
2648066 2648174
2648710 2650333
2651901 2652321
2653262 2653398
2660939 2661237
2661785 2661905
2662557 2663187
2666242 2666371
2668167 2668675
2672821 2673175
2673846 2675821
2677046 2678177
2679551 2680369
2688633 2689911
2693055 2693431
2694592 2694882
2697459 2697705
2699907 2702002
2704351 2706572
2707536 2708391
2709835 2710021
2712898 2715072
2715951 2717333
2718040 2718378
2719083 2719838
2720889 2722279
2722827 2725989
2726625 2728490
2730685 2730851
2731931 2733191
2734088 2734642
2735762 2735995
2736531 2738638
2742088 2742153
2743446 2744803
2745544 2746189
2748675 2749923
2750558 2751591
2752111 2752429
2753651 2754914
2755608 2755726
2756832 2757270
2760115 2760331
2760886 2761324
2762607 2765112
2766443 2770064
2770839 2771701
2772615 2773215
2773785 2775537
2776324 2777143
2782362 2783256
2784530 2784603
2785980 2787364
2787978 2788902
2790299 2790918
2791622 2791863
2792504 2793552
2794912 2795116
2796556 2796759
2797710 2798573
2799099 2799679
2800253 2800548
2801052 2801355
2801956 2802694
2803808 2804065
2808646 2809842
2813561 2815358
2818682 2819434
2820272 2821698
2824426 2824678
2826811 2828013
2829272 2831816
2833575 2834315
2834968 2835056
2835622 2837724
2840818 2841257
2841956 2842608
2844601 2844743
2846227 2848389
2851845 2853810
2854894 2856842
2857575 2859804
2860516 2860662
2864956 2865548
2866084 2868935
2870432 2872959
2880263 2881976
2883511 2884008
2884533 2884725
2885495 2887548
2889307 2889625
2891941 2892212
2892760 2893200
2895223 2896593
2897231 2897916
2899162 2899314
2900690 2901113
2902362 2903595
2908320 2908787
2909956 2912461
2915384 2915502
2918148 2921114
2923585 2927597
2931201 2931486
2932034 2934933
2936209 2936270
2937521 2938175
2942321 2942698
2945025 2945429
2949046 2949451
2950435 2951823
2954948 2955129
2955734 2956098
2956743 2957042
2959216 2960049
2960584 2960698
2961678 2962431
2966894 2967186
2969505 2969645
2970421 2971155
2971703 2971978
2973284 2975000
2975598 2975689
2976713 2977257
2979347 2979666
2980379 2980527
2984199 2985513
2986474 2986774
2987916 2991658
2992354 2993587
2995400 2995838
2999865 3000297
3001635 3001898
3002425 3004212
3006095 3006322
3009964 3010285
3012308 3012458
3015614 3016208
3019097 3019311
3020631 3021191
3021790 3022692
3025420 3025488
3026476 3027784
3028949 3029186
3029691 3030861
3031447 3032365
3033378 3033483
3035756 3036204
3036970 3038607
3039115 3039841
3041464 3042660
3043230 3044167
3045765 3045982
3047469 3047680
3048607 3048942
3049589 3050209
3051252 3051903
3053088 3055084
3055864 3056149
3058393 3059520
3060269 3060857
3062035 3062324
3067846 3068763
3069292 3069941
3070725 3071422
3071960 3073207
3075307 3077772
3078474 3079100
3079668 3080527
3082523 3082808
3085421 3085977
3086511 3087844
3089468 3090623
3092377 3092987
3094698 3096552
3097899 3099269
3099883 3101531
3102093 3102167
3105316 3105672
3106250 3106885
3108885 3109338
3109995 3110431
3110953 3111050
3114504 3115148
3116069 3116582
3118896 3119953
3120641 3120891
3126316 3126412
3127968 3128752
3130775 3132461
3133358 3135169
3135833 3136203
3136978 3137228
3138482 3138611
3144999 3145171
3148752 3149877
3151719 3152263
3153183 3154088
3154716 3154786
3158077 3159081
3161668 3163574
3164409 3166263
3167025 3167136
3168648 3169713
3171628 3173055
3173971 3176231
3176836 3177898
3179206 3180991
3181649 3185335
3185854 3186810
3188372 3188568
3189249 3191629
3193669 3194513
3195363 3197242
3198695 3199455
3202079 3202171
3205977 3206792
3207959 3208892
3209918 3210093
3212855 3213711
3217725 3218927
3219592 3219681
3224321 3224520
3226573 3227389
3228489 3230669
3235915 3236104
3240753 3245931
3248110 3248457
3249134 3249717
3251171 3251271
3254475 3254752
3258220 3258511
3260676 3261324
3262973 3264401
3266713 3267418
3267992 3268841
3270944 3271909
3272697 3274286
3274889 3275617
3279033 3281871
3282420 3284014
3285630 3287319
3288729 3289037
3290310 3290552
3291843 3295263
3295842 3296038
3296710 3297673
3299568 3300066
3301312 3302991
3304500 3305202
3307646 3308949
3309534 3309940
3310876 3311322
3312202 3312271
3313316 3317936
3318897 3318979
3319746 3320385
3320944 3321876
3322958 3323084
3323606 3326511
3327068 3327522
3329321 3330037
3331657 3332924
3336316 3336579
3342081 3344504
3350789 3351071
3351631 3352005
3352724 3353991
3357627 3357682
3358245 3358438
3360211 3360836
3363911 3364190
3365773 3367013
3370856 3371426
3373687 3373770
3376099 3376383
3380214 3381195
3381989 3382574
3384949 3385356
3385875 3386076
3387548 3387699
3388838 3389056
3389854 3391539
3392531 3393764
3394982 3395295
3396247 3396771
3397359 3397624
3398226 3398792
3400564 3400751
3401520 3401958
3402548 3403517
3405938 3406722
3407450 3407506
3409503 3409621
3410631 3411041
3415363 3415498
3417225 3418044
3421076 3421261
3421769 3422579
3424296 3425542
3426444 3427264
3428076 3428421
3429791 3430393
3431996 3434596
3437271 3437579
3438186 3441342
3442748 3442984
3444437 3447045
3448979 3449129
3449729 3450213
3450759 3452054
3455026 3455320
3456169 3456692
3458520 3459108
3459751 3460263
3461703 3463165
3463841 3465056
3465730 3467072
3468091 3469538
3470693 3471224
3472579 3473077
3474036 3474103
3474709 3476486
3483591 3484070
3487749 3488454
3489396 3490723
3493849 3494560
3495994 3496151
3497128 3497499
3498915 3503840
3505325 3505929
3507728 3510484
3511009 3512586
3515451 3515633
3516195 3517714
3518694 3519070
3519647 3521495
3522006 3522346
3525643 3525958
3528270 3528551
3531751 3534583
3538114 3539356
3541378 3543148
3543713 3544673
3545548 3548674
3549906 3551901
3555535 3555790
3557377 3561362
3562018 3563585
3564851 3566749
3568469 3573229
3574987 3575717
3576267 3576877
3577432 3577637
3578473 3579613
3580266 3581677
3585017 3585151
3587514 3588610
3589579 3591386
3592546 3593003
3593606 3597322
3597860 3599403
3600011 3600153
3601182 3601482
3603678 3604606
3605458 3606335
3611731 3611966
3614385 3615270
3615786 3616063
3616747 3617714
3620601 3620890
3621871 3621936
3622960 3623683
3624405 3625367
3625971 3626200
3627456 3630428
3632755 3633037
3634676 3635158
3636566 3636880
3638264 3640241
3641014 3641102
3642788 3645129
3645704 3646171
3648972 3649249
3651234 3651926
3653090 3653318
3653909 3654279
3655958 3656939
3658460 3659008
3663094 3663369
3664872 3665791
3666296 3667955
3668595 3669020
3669691 3669913
3670845 3670998
3671542 3673645
3674846 3675684
3677226 3677911
3678500 3679750
3681760 3682310
3683252 3684695
3685233 3685595
3686917 3687717
3688502 3689309
3690006 3690558
3692315 3693787
3694343 3695044
3697846 3698395
3703102 3704542
3707001 3707268
3707800 3708364
3710951 3711830
3712369 3713056
3713652 3714922
3715464 3716083
3716648 3717165
3718295 3719827
3722008 3722582
3728993 3730001
3730572 3732330
3732971 3733458
3734295 3734468
3735777 3735930
3740381 3740433
3744088 3744847
3746335 3747860
3749348 3750098
3751282 3751515
3752340 3752426
3754392 3754611
3757048 3757218
3757785 3757996
3758565 3758760
3760081 3761757
3762531 3764916
3765845 3766247
3767088 3767805
3772014 3773508
3774147 3776105
3776778 3777566
3778161 3778692
3779589 3779895
3781658 3781877
3783388 3784403
3785091 3785318
3786659 3787829
3788378 3789221
3792884 3793595
3794282 3796385
3797133 3799447
3800304 3801619
3802240 3804307
3806433 3808217
3809424 3809566
3812699 3813073
3813688 3815918
3817395 3817566
3818381 3818593
3819558 3820111
3821148 3822730
3823567 3824155
3824686 3824814
3825737 3826391
3828357 3828808
3830852 3831814
3832522 3832604
3833985 3834782
3835417 3836405
3837586 3838406
3841109 3842686
3843640 3845138
3846775 3847588
3848154 3848966
3852511 3852803
3854374 3854498
3855531 3856331
3856839 3858005
3860293 3861175
3862344 3863768
3864949 3865822
3867102 3868014
3871756 3871893
3872664 3872804
3876779 3877691
3879360 3879747
3882120 3882796
3883374 3883510
3885341 3885600
3886914 3887113
3888346 3890051
3890606 3891584
3892105 3892341
3892873 3893101
3894815 3894962
3900520 3900861
3901543 3901734
3902860 3902946
3903525 3904942
3906704 3906836
3913087 3913360
3914235 3914519
3916651 3921610
3922778 3925413
3928755 3928991
3930465 3930535
3932535 3932718
3934892 3935901
3939706 3939999
3945113 3945599
3946280 3946806
3947318 3949385
3950742 3951016
3952549 3953678
3957461 3958933
3959972 3961382
3961917 3962507
3965872 3966936
3967545 3968052
3968797 3968892
3969468 3969883
3971112 3971674
3975841 3976884
3978200 3980959
3984362 3984494
3987581 3988051
3990171 3990320
3990855 3990936
3991458 3993511
3994529 3994979
3995859 3999233
4001261 4002748
4003325 4003927
4007224 4007414
4009057 4011914
4012434 4013103
4014194 4015038
4015976 4016653
4017873 4019280
4020031 4021672
4022269 4022915
4023684 4025016
4026555 4027212
4031934 4033506
4034389 4034655
4038245 4040465
4041305 4042211
4045602 4046265
4046926 4047224
4048320 4048520
4050142 4050197
4056324 4057215
4062784 4062882
4064068 4065027
4068717 4069938
4072567 4074339
4077207 4077503
4081590 4082970
4083816 4085146
4088586 4092019
4094518 4095058
4099035 4099928
4104498 4105204
4105941 4106451
4108674 4108776
4110554 4111206
4111714 4111983
4116452 4116664
4119650 4120317
4120886 4122211
4123800 4125836
4126660 4127568
4129608 4129730
4131795 4132826
4133428 4133927
4136890 4137793
4140601 4141607
4142924 4143552
4144386 4146559
4147462 4147693
4148265 4149057
4149594 4151581
4153347 4153588
4154097 4156105
4156701 4156793
4157421 4158347
4160192 4160507
4161312 4161565
4166577 4166733
4167704 4167991
4168779 4169003
4170570 4171637
4173589 4173694
4174217 4175344
4176157 4176666
4178033 4178263
4178815 4180081
4186684 4187701
4189250 4189359
4190223 4190330
4192019 4192273
4193114 4193616
4194807 4195125
4196219 4196459
4197483 4198145
4199226 4202093
4203248 4203798
4204401 4204993
4206250 4206561
4207587 4209453
4210109 4210299
4212276 4212520
4216387 4216736
4217351 4218602
4226996 4228265
4229251 4229636
4230417 4230547
4231396 4231593
4233174 4233242
4236112 4237500
4238410 4240246
4240862 4241021
4242290 4243769
4244417 4244587
4245266 4245779
4246325 4246666
4247275 4248492
4252222 4253482
4254158 4254561
4255089 4255399
4257266 4257530
4261349 4263190
4265390 4265552
4266691 4267352
4268614 4272221
4273038 4276192
4277205 4277877
4281013 4281655
4282234 4282737
4286465 4286683
4288189 4288545
4289402 4289457
4290543 4294616
4296659 4298585
4300687 4300981
4301737 4302244
4303024 4303768
4304922 4307351
4307980 4308225
4310859 4311130
4314841 4315711
4316310 4318170
4318824 4318907
4319410 4319702
4320501 4322833
4323834 4325051
4325586 4325707
4327293 4327788
4328395 4328702
4329393 4329744
4330295 4330444
4332207 4332288
4332898 4332965
4334019 4334523
4335318 4335471
4336737 4336823
4337460 4339018
4339997 4340425
4342496 4342601
4343678 4344963
4345499 4346296
4350927 4351517
4357628 4359299
4360962 4361909
4363633 4367466
4369812 4370001
4370659 4371193
4376061 4376352
4377471 4377565
4378510 4378600
4380549 4380942
4383024 4385367
4386761 4387714
4391190 4392074
4394276 4395673
4397346 4398038
4399427 4399679
4400182 4401757
4403597 4403862
4404418 4405171
4407526 4409779
4410408 4411280
4413672 4414067
4417680 4417885
4420935 4421229
4422357 4422644
4424462 4425381
4429217 4429843
4434444 4437078
4440852 4441708
4442849 4443101
4443859 4444151
4451972 4452361
4454517 4454911
4457290 4457382
4459335 4460838
4461354 4463228
4463762 4464238
4464956 4465013
4465756 4466653
4467900 4468539
4469977 4470030
4471458 4472516
4473100 4475522
4477451 4477519
4479051 4479135
4480794 4481079
4481889 4483247
4485376 4486164
4486880 4487366
4489398 4490637
4491897 4493543
4494235 4495545
4497980 4498224
4498800 4498886
4499396 4500318
4503398 4504277
4504917 4505089
4506095 4506499
4507095 4507257
4508654 4508994
4509519 4510362
4511999 4512325
4513523 4514145
4514845 4514984
4515794 4516021
4518478 4518878
4520046 4520493
4522891 4523429
4532005 4532608
4533276 4533515
4535522 4535792
4536405 4536993
4538442 4538520
4541149 4541351
4541921 4542995
4544686 4545110
4545805 4548181
4549715 4552261
4555539 4555630
4556624 4556981
4559534 4559894
4563597 4564109
4566063 4566772
4567628 4567952
4568529 4568746
4570691 4570833
4571655 4573031
4574381 4577016
4577907 4578213
4579347 4580037
4582386 4582824
4583374 4584976
4586174 4586229
4587149 4587216
4590192 4590300
4593342 4594597
4595493 4596721
4598633 4598856
4599653 4600350
4601634 4602090
4602700 4603512
4604058 4604293
4605722 4606006
4609428 4610178
4611067 4611231
4618314 4618559
4620544 4620984
4621662 4623511
4624243 4624550
4626252 4626443
4628939 4629837
4632114 4632382
4633910 4634070
4634682 4635052
4635872 4637206
4637728 4637912
4638437 4639669
4640275 4642106
4642734 4643831
4644472 4644994
4647801 4647864
4649145 4650920
4653212 4655349
4655912 4656149
4656963 4658531
4660468 4660563
4661172 4661773
4662390 4663944
4668487 4669138
4670950 4671533
4674180 4674387
4676246 4676953
4679309 4679999
4684641 4684815
4688156 4688388
4689177 4689357
4689992 4691950
4696683 4697995
4699310 4700130
4704171 4704849
4705360 4707678
4709922 4711045
4711920 4713001
4713748 4713804
4714440 4714737
4716234 4716547
4719535 4720086
4720655 4722298
4723793 4724592
4725135 4725369
4726063 4726247
4727751 4731316
4732908 4735731
4736441 4738289
4739012 4739643
4740305 4741840
4742541 4744030
4744592 4745620
4746236 4746796
4753275 4756609
4758333 4760418
4761858 4762699
4764885 4765721
4766271 4767419
4767946 4768801
4769311 4769545
4771814 4772247
4774822 4776164
4777070 4777258
4781300 4782147
4785081 4785602
4786710 4787585
4791229 4793203
4795776 4796407
4797020 4797099
4799326 4799868
4802063 4802477
4805251 4810264
4812542 4812821
4816719 4816972
4819017 4819509
4820495 4821009
4824011 4824178
4827712 4828237
4831230 4831374
4832721 4832815
4833693 4834321
4834924 4836534
4837919 4838066
4839311 4840563
4841382 4841655
4842354 4842846
4844035 4844338
4846166 4846393
4846927 4852167
4853556 4856725
