gi_556503834_ref_NC_000913.3_
19872 20437
223702 227027
228161 228269
228818 228928
257985 258599
266257 266899
270294 271684
274032 274196
274746 275072
279881 280035
290518 291324
349795 349895
375100 375248
381335 381884
391785 392886
566848 567958
574663 575713
578289 578419
608084 609274
687924 688972
729741 733136
734225 735081
736460 738436
1049905 1050468
1094322 1095426
1097038 1097325
1208518 1208712
1223507 1223840
1269170 1270545
1286785 1286893
1299572 1300620
1396116 1397166
1427919 1428316
1434526 1434659
1466219 1466354
1467986 1469295
1528030 1529323
1531854 1532879
1570747 1571875
1632848 1636815
1650920 1651471
1978645 1979193
2066253 2067276
2069017 2070194
2101823 2102871
2170246 2171351
2256171 2256327
2288996 2289632
2470910 2471104
2514373 2515540
2521128 2521443
2568137 2568222
2726141 2727338
2727846 2728390
2729026 2731408
2768582 2769018
2770530 2770977
2778213 2778391
2818402 2818473
2996438 2997614
3130223 3131269
3186172 3187349
3194620 3194779
3365875 3366676
3423291 3428917
3470241 3471117
3583504 3584122
3619268 3622823
3623912 3625447
3652107 3653159
3765544 3765598
3767403 3767529
3941739 3946872
4035242 4040564
4166376 4166443
4166962 4168137
4169085 4171854
4207920 4208000
4209703 4210022
4296210 4296433
4498883 4499435
4507536 4508602
