Ecoli_0970_Taxon015_
15442 16660
19851 20113
223678 228950
257963 258570
270815 271706
274010 274912
279218 279875
290496 290633
315296 316428
381999 382456
391764 392896
569291 569459
574980 575673
608062 609280
611865 612012
693510 697141
964457 965100
1049883 1050490
1094298 1094392
1097019 1097837
1337177 1338204
1390841 1390979
1404821 1405848
1429884 1430261
1432626 1434681
1468138 1470424
1529468 1529623
1640618 1640680
2057526 2057656
2058356 2058741
2063433 2063656
2065787 2066880
2068714 2069617
2156740 2157238
2160802 2160895
2209743 2209855
2418651 2419446
2691753 2692010
2697054 2702298
2817783 2818196
3080880 3081337
3190284 3191377
3196439 3197466
3375727 3376754
3381035 3381121
3423785 3427351
3497678 3499179
3583483 3584140
3621267 3622781
3652091 3653118
3664796 3665150
3666289 3667513
3692597 3694839
3764411 3765772
3943321 3946702
3974660 3977271
4037832 4040519
4116978 4122412
4242181 4242404
4309934 4311798
4401247 4401316
4457175 4457231
4462991 4464132
4468168 4468416
4515919 4516006
4606231 4606314
