gi_556503834_ref_NC_000913.3_
1 57
20366 20465
223564 223760
223963 225587
225836 226869
228675 228783
258007 258577
270638 271662
279262 279669
279881 280013
290540 291304
391807 392873
566870 567936
574685 575691
608106 609252
687945 688952
732440 732862
736682 737147
737392 737492
738068 738207
1049927 1050450
1094343 1095404
1097403 1097560
1299593 1300600
1396138 1397144
1468008 1469144
1470341 1470417
1528426 1529075
1632654 1634923
1635938 1636270
1636732 1636793
1650942 1651450
1978602 1979171
2066275 2067200
2069039 2070174
2101845 2102849
2170268 2171329
2289015 2290014
2304499 2304572
2514372 2515519
2521352 2521421
2726161 2727350
2727562 2728014
2730885 2731273
2996458 2997595
3130240 3131247
3186194 3187328
3365651 3366656
3423761 3424135
3424337 3426811
3427200 3428390
3428784 3428895
3583526 3584100
3619372 3620045
3621698 3621980
3622520 3622624
3624552 3625107
3652129 3653137
3666304 3667238
3762363 3765190
3767319 3767368
3941754 3943435
3943681 3946520
3946789 3946850
4035264 4038589
4038828 4039286
4039491 4040336
4166398 4168121
4168671 4171662
4176178 4177010
4208091 4209609
4209873 4213067
4296160 4296282
4498280 4499413
4507557 4508582
