Salmonella_ancestor_Ancestor_
1 249
63993 64225
65611 66512
209392 209584
289304 294506
335900 336113
337105 337318
369553 369744
403308 403455
470436 470522
574502 574780
635052 635195
819573 819638
829980 830557
887014 887285
980537 980681
999478 999808
1000766 1000859
1025116 1025636
1075231 1075532
1099905 1099974
1102064 1102175
1104399 1104932
1105911 1106403
1135535 1135822
1136884 1137535
1198486 1198721
1224285 1224581
1259269 1259408
1295420 1295572
1318714 1319033
1363468 1363662
1423605 1423899
1424615 1424921
1466227 1466400
1515717 1515923
1605967 1606324
1742369 1742582
1763293 1763513
1843360 1843656
1949908 1950000
2045802 2046243
2094244 2094585
2130955 2131007
2215037 2215203
2250509 2250749
2287425 2287746
2348928 2349237
2351548 2351733
2361836 2361999
2579319 2579840
2630885 2631029
2735309 2735402
2736039 2737069
2737751 2738038
2789941 2791333
2792336 2792616
2794655 2794786
2799136 2799628
2800607 2801191
2803412 2803526
2805616 2805685
2826959 2828785
2829303 2832216
2837730 2837785
2844040 2844100
2870432 2870736
2911233 2911442
2950548 2950663
2991788 2992012
3181257 3181411
3194306 3194827
3204481 3204591
3248645 3248801
3281627 3281874
3316938 3317368
3425773 3425961
3427857 3427931
3435407 3435591
3519177 3519410
3520795 3521293
3566963 3572111
3587024 3587168
3631721 3631853
3635150 3635668
3814349 3814447
3871546 3871686
3879645 3879864
3890905 3890968
3958478 3958677
3992179 3992409
4011526 4011646
4015270 4015534
4025621 4030759
4055540 4055779
4114075 4114260
4116571 4116880
4195913 4201356
4302743 4303350
4345421 4345504
4350975 4356406
4415289 4419981
4430683 4431007
4435834 4436366
4560041 4560510
4596673 4596841
4617283 4617460
4641624 4641845
4695374 4695454
4856079 4856237
Salmonella_0935_Taxon008_
1 249
145790 145870
201208 201429
315184 315361
322252 322784
476386 476993
542117 542354
550045 550165
553503 554053
681787 681870
736932 737171
840627 840857
867426 867477
884376 884575
966300 966363
1007211 1007351
1015310 1015529
1117778 1117876
1232978 1233110
1286458 1286602
1445470 1445696
1478522 1478678
1642772 1642882
1647610 1647794
1655270 1655344
1664194 1664382
1727617 1727771
1794182 1794406
1882889 1883004
1972317 1972621
2020724 2020784
2065231 2065670
2072208 2072488
2399897 2399957
2424927 2425090
2437689 2437998
2592304 2592544
2627850 2628016
2691060 2691112
2823494 2823586
2906952 2907023
2999397 2999693
3081991 3082204
3106330 3106536
3190634 3190854
3344089 3344446
3388360 3388554
3435398 3435692
3436408 3436714
3524020 3524339
3547481 3547633
3618967 3619202
3650038 3650177
3771498 3771642
3829572 3830494
3862855 3863156
3922979 3923122
4171469 4171747
4233705 4233976
4387601 4387687
4458739 4458886
4509771 4509884
4637959 4638151
4856079 4856237
