gi_556503834_ref_NC_000913.3_
1 83
19965 20439
223658 224043
224772 228759
258108 258561
270595 271841
279327 279889
290428 291302
315336 316361
525472 526665
566870 567943
574684 575691
581363 581596
608146 609252
688074 688952
729732 730477
731207 732430
734247 734954
736432 737693
738248 738860
741050 741130
1049920 1050450
1094288 1095301
1097118 1097560
1269190 1269278
1286974 1287456
1299710 1300618
1315770 1315845
1396139 1397143
1467990 1469295
1532585 1532801
1552226 1552403
1570769 1570867
1632720 1635088
1635938 1636229
1650942 1651505
1746434 1746514
1753266 1753329
1915821 1916124
1978602 1979171
2066275 2067200
2069040 2070145
2101845 2102847
2170268 2171252
2229315 2229378
2289015 2290014
2304654 2304845
2514412 2515518
2521051 2521437
2662433 2662484
2726163 2729595
2730256 2731229
2734000 2734086
2817784 2818196
2939435 2939619
2947523 2947581
2996507 2997593
3130326 3131245
3186194 3187301
3365651 3366656
3423508 3426659
3427300 3428875
3470242 3471057
3583519 3584100
3619485 3622515
3649984 3650324
3652125 3653137
3666187 3667252
3708458 3708535
3763811 3763860
3764689 3765901
3767435 3767514
3941547 3943434
3943959 3946771
4027511 4027609
4035292 4037674
4038826 4040542
4094448 4094504
4166398 4168306
4168896 4171881
4208057 4211103
4295934 4296282
4326018 4326218
4498277 4499445
4507598 4508679
