Ecoli_0920_Ancestor_
1 240
759 1002
23764 23909
26330 49054
63438 70086
82136 95390
127436 135945
158669 184395
194215 203956
225226 251481
256440 273752
280262 294883
296367 296537
307029 323960
331435 343983
344663 358281
358991 362815
369251 383333
405937 408522
413706 414739
418278 429480
431331 477832
478475 483097
484320 484652
488213 497130
503838 512558
513140 513260
516567 518743
520597 528456
534832 563379
579638 580225
580808 581770
582379 594241
596463 600531
601072 639928
643863 672533
690906 703488
705785 747219
749239 757669
766389 781811
806198 815193
820071 820243
823275 823445
824551 846715
851177 858257
868159 888695
889235 895817
898161 905217
908946 932189
932737 945910
950140 973051
975307 977998
998514 1014116
1020015 1036864
1048986 1071386
1073125 1091641
1095602 1095817
1101895 1138920
1144294 1158644
1161912 1179699
1185945 1194340
1208615 1208910
1224148 1225539
1238307 1243504
1245354 1245900
1269323 1277872
1280615 1280855
1281422 1304896
1311781 1322884
1323431 1326699
1332833 1334918
1355391 1370574
1371132 1424966
1445921 1455460
1459557 1472049
1475882 1483922
1484565 1530724
1534399 1535418
1542132 1549005
1551127 1575126
1579006 1581573
1590914 1594474
1602064 1645667
1649054 1649122
1653882 1661249
1664961 1666070
1667474 1680223
1689451 1689503
1690638 1693376
1698171 1701615
1702598 1702682
1709599 1716971
1720876 1743895
1759346 1759606
1766757 1778187
1781639 1781830
1782894 1783086
1822434 1822544
1828834 1830823
1832527 1833994
1835671 1836172
1859531 1869035
1878529 1912363
1916708 1918498
1925123 1928353
1950848 1954849
1967479 1969405
1970978 1977188
1978938 1980296
1999899 2003430
2012978 2021983
2037831 2038591
2040136 2041339
2066688 2069452
2075285 2081501
2082045 2087586
2093062 2121534
2138753 2163730
2175803 2175934
2182222 2182903
2188146 2203674
2205589 2236321
2243615 2246308
2251703 2251781
2258165 2269810
2270620 2271317
2282246 2282560
2285876 2287592
2300590 2308599
2311378 2311490
2323110 2344879
2353541 2387396
2401489 2433641
2448227 2460412
2476368 2482935
2487878 2506010
2513623 2514089
2517273 2522061
2523604 2548765
2549271 2551278
2565521 2576950
2586551 2590741
2605282 2620985
2643077 2643294
2653939 2654446
2658631 2680112
2682526 2682628
2693188 2742923
2744630 2744871
2771145 2774244
2796984 2797066
2808728 2812687
2837268 2837536
2839437 2839588
2840338 2860109
2860816 2864691
2865393 2875612
2881354 2881516
2902363 2906836
2914305 2943125
2948663 2948777
2954011 2954866
2955816 2957755
2965778 3005266
3018959 3020057
3023728 3023919
3038536 3038771
3051098 3097986
3099310 3099459
3113744 3118770
3122242 3122293
3124701 3139104
3142376 3149825
3159585 3163503
3164573 3168294
3193484 3194666
3200072 3200353
3210228 3210450
3217585 3221658
3233209 3247580
3254271 3254386
3256090 3267625
3268204 3280059
3283953 3284138
3284845 3284950
3290098 3291211
3297944 3299931
3320418 3320557
3321178 3321282
3327632 3330990
3333222 3333725
3338477 3347614
3351481 3365854
3383183 3391282
3398574 3405146
3405689 3408128
3409094 3417946
3432637 3436280
3454353 3478230
3483937 3484164
3493391 3496621
3502366 3503769
3504365 3510987
3512061 3513364
3537924 3538330
3539912 3542482
3561915 3565038
3565668 3580792
3584505 3590774
3591406 3613474
3625534 3630387
3646679 3646806
3652825 3653173
3655279 3655427
3664855 3671165
3678064 3702193
3702760 3705382
3717884 3718073
3722881 3732383
3752604 3756965
3760639 3778447
3781229 3788989
3789523 3799526
3807024 3807261
3808326 3809187
3815519 3819964
3820467 3827451
3827962 3830873
3831406 3839625
3843064 3850837
3853296 3854640
3855805 3856557
3857650 3858657
3859218 3859650
3860270 3860955
3866461 3866548
3868918 3886581
3896598 3903222
3926385 3931783
3952664 3952814
3957293 3974108
3978792 3982698
4008171 4010396
4015101 4035393
4038438 4038699
4053014 4060177
4062170 4062408
4063989 4064795
4104412 4113572
4118455 4118732
4121024 4130980
4141404 4141703
4150804 4150950
4153951 4167707
4170971 4184215
4185192 4185294
4197931 4201631
4207276 4209451
4211688 4213891
4216721 4216842
4233059 4233350
4238197 4240987
4252857 4293013
4299500 4300264
4303248 4304517
4310791 4311634
4314006 4316750
4317813 4320259
4322858 4322985
4324622 4327904
4332253 4349988
4350778 4367298
4370440 4371095
4386127 4386917
4425881 4426275
4443951 4453180
4456926 4476593
4494579 4516269
4522231 4524388
4525986 4532150
4536341 4537488
4540750 4541474
4542576 4544678
4549811 4549990
4550787 4551016
4558778 4573112
4573721 4575824
4583513 4584998
4585546 4589237
4606183 4617317
4617832 4622171
4625287 4638634
