gi_556503834_ref_NC_000913.3_
66564 66648
223702 228928
258050 258471
270618 271684
274032 275072
279305 279804
290518 291197
339757 339848
375267 375365
381337 381884
391786 392886
566857 567957
574664 575708
580909 581285
608084 609274
687924 688968
696507 696862
729879 730458
731135 733152
737203 737730
1049982 1050403
1094322 1097141
1269170 1269907
1299576 1300620
1396121 1397165
1432641 1434269
1467987 1469295
1528404 1529097
1532549 1532721
1634733 1634945
1650920 1651471
1978645 1979066
2066253 2067222
2069018 2070194
2101826 2102866
2170251 2171351
2288996 2289512
2304390 2304728
2514350 2515540
2521250 2521443
2662493 2662583
2726255 2731226
2818135 2818206
2996438 2997614
3130223 3131267
3186173 3187349
3366131 3366673
3392070 3392161
3423336 3428831
3583632 3584053
3619350 3619410
3621963 3622761
3624343 3625400
3652109 3653153
3666282 3667260
3762479 3765752
3941739 3943581
4027511 4027609
4035242 4040450
4094310 4094493
4166376 4171888
4176156 4177032
4209703 4212973
4296097 4296433
4325805 4326104
4498883 4499434
4507536 4508602
