Salmonella_0905_Taxon006_
101120 101203
340156 341475
389456 392068
461825 462046
476386 476693
884376 884470
940039 940213
1014579 1014804
1135770 1136013
1258223 1258320
1275737 1276210
1341827 1342055
1658770 1658881
1720733 1721001
1756982 1757048
1867967 1868221
1891917 1891982
1915732 1915983
1947567 1947776
2178666 2178737
2335408 2335518
2691212 2691394
2728794 2729094
2941431 2941494
3003520 3003592
3149328 3149446
3251766 3251870
3344089 3344438
3618967 3619227
3741194 3741275
3857376 3857605
3860680 3861052
3882513 3882777
3922979 3923091
4147072 4149432
4171469 4171747
4324760 4324840
4427739 4427806
4595939 4596175
4723812 4723895
4856079 4856237
Salmonella_0920_Ancestor_
65635 66375
118243 118443
126716 126864
199450 200803
244487 244592
289074 294527
335629 336113
337105 337318
348449 348643
355809 355926
424301 424368
517697 517873
520404 520484
526690 526841
574502 574780
618430 618497
630167 630390
635052 635185
822848 822972
832015 832545
897983 898165
906744 906838
999478 999808
1000777 1001190
1025116 1025636
1067872 1067976
1099822 1108665
1110052 1110653
1114308 1114403
1135535 1135822
1136884 1137144
1138547 1138731
1198561 1198721
1224313 1224597
1232690 1232808
1357739 1357791
1363468 1363653
1565254 1565320
1605975 1606324
1839341 1839533
1853164 1853490
1875057 1875158
2013261 2013345
2045783 2046265
2048346 2048734
2069563 2069706
2130673 2130855
2187666 2187966
2214963 2215199
2287432 2287746
2347775 2348893
2351204 2351646
2366003 2366196
2451010 2451069
2462306 2462554
2532062 2532266
2579319 2579840
2610117 2610170
2735264 2735358
2736118 2736543
2737751 2738038
2774781 2775117
2790075 2791307
2795587 2796851
2800505 2800721
2803107 2803412
2805201 2805685
2826980 2832216
2911363 2911593
3050493 3050663
3174367 3174641
3194306 3194827
3519140 3519409
3520037 3521293
3566963 3572129
3593383 3593489
3598409 3599372
3611570 3612043
3635150 3635668
3667613 3667787
3690403 3690517
3723107 3723350
3902921 3902978
3956392 3956525
3958583 3958677
4025621 4030759
4112320 4114062
4114701 4116871
4141804 4141934
4195913 4201366
4303043 4303350
4306680 4306925
4350975 4356406
4361541 4361680
4414874 4418131
4418663 4420062
4450134 4450336
4560018 4560510
4596437 4596841
4639115 4639165
4778184 4778236
4856079 4856237
