gi_556503834_ref_NC_000913.3_
1 62024
62626 72809
73327 80242
81229 138271
138900 186599
187194 192377
193017 196838
197903 236930
237888 254923
255612 270642
271289 279162
279931 284960
285464 294544
295208 315745
316402 320910
321451 345963
346625 376751
377407 395734
396480 401561
402090 415812
416397 424641
425242 499240
499852 504100
504882 536550
537167 574585
574695 593755
594462 601741
602342 607849
609326 644059
644730 648758
649415 674373
674889 676075
677088 683517
684043 689347
689885 728864
729643 751947
752471 753018
753767 757083
757584 776202
776935 786080
786771 801935
802446 811032
811600 841923
842493 905788
906458 917050
917744 976821
977418 986077
986598 994275
994988 1008376
1008915 1041466
1042208 1053724
1054410 1063865
1064790 1083542
1084724 1090571
1091151 1105067
1105629 1115823
1116435 1135971
1136477 1215545
1216455 1221358
1222488 1235718
1236255 1253999
1255014 1257202
1257743 1299346
1300693 1305021
1305865 1306270
1306829 1320491
1320997 1332432
1333091 1364819
1365331 1375360
1376297 1388307
1388917 1400921
1401543 1418054
1418632 1424496
1425109 1427209
1427731 1475000
1475669 1489254
1490046 1495364
1496060 1504794
1505763 1524383
1525189 1535222
1535738 1565308
1565906 1566719
1567267 1590524
1591277 1597241
1597924 1608465
1609094 1610228
1610989 1611096
1611713 1613782
1614313 1632599
1633225 1637354
1638160 1651548
1651705 1652517
1653253 1660315
1660870 1690142
1690673 1696659
1697793 1708997
1709525 1713166
1713696 1714198
1714975 1779711
1780242 1792270
1792881 1817305
1817916 1866652
1867201 1867623
1868135 1875988
1876643 1885170
1885993 1895053
1895767 1916611
1917318 1918012
1918517 1925738
1926348 1928616
1929141 1950304
1951071 1963344
1963882 1969700
1970564 1972085
1972655 1973250
1973825 2006197
2007194 2051085
2052191 2061905
2062683 2070253
2071033 2094480
2094988 2096807
2097449 2132732
2133247 2148742
2149287 2158367
2158914 2167310
2167904 2172145
2172733 2234375
2235019 2235120
2236013 2258033
2258673 2285230
2285743 2295514
2296074 2303499
2304075 2330201
2330843 2366595
2367795 2372074
2372609 2375433
2376213 2377999
2378571 2383329
2383935 2438483
2439013 2445858
2446427 2480282
2480922 2488213
2488921 2512029
2512611 2535384
2535949 2544080
2544997 2568278
2568846 2577389
2578251 2597982
2598507 2598763
2599305 2618336
2619157 2629770
2630371 2634855
2635708 2644622
2645277 2646001
2646816 2658733
2659307 2663607
2664232 2699562
2700191 2714135
2714786 2735124
2735627 2753380
2753974 2781098
2781605 2797829
2798535 2829221
2829766 2839377
2839927 2852087
2852929 2854568
2855510 2865585
2866106 2869806
2870586 2874555
2875142 2879658
2880182 2883345
2883942 2888965
2889639 2907507
2908019 2910553
2911176 2926896
2927840 2936248
2936793 2963327
2963876 2996360
2997899 3017165
3017747 3025828
3026396 3091850
3092435 3092707
3093267 3127610
3128357 3157301
3158246 3179411
3180096 3235820
3236328 3316154
3316755 3341040
3341690 3432297
3432934 3434649
3435161 3443906
3444438 3450629
3451377 3453490
3454066 3462313
3462994 3463783
3464338 3465956
3466608 3490665
3491231 3499725
3500347 3524161
3524701 3575192
3575753 3599686
3600320 3603204
3604071 3611488
3612039 3612982
3613735 3625763
3626317 3662058
3662559 3690882
3691648 3695414
3695930 3697544
3698082 3721957
3723011 3770693
3771571 3800504
3801218 3801334
3802096 3802686
3803869 3809944
3810445 3815080
3815907 3818849
3819497 3828661
3829202 3831190
3831703 3844093
3844803 3856584
3857265 3888990
3889629 3906793
3907304 3924239
3924774 3931948
3932451 3962015
3962775 3976245
3976901 4005847
4006405 4026688
4027516 4035164
4035274 4045244
4045805 4051767
4052384 4059662
4060262 4067332
4067880 4081992
4082668 4088424
4089109 4107811
4108463 4140522
4141252 4159398
4159908 4183328
4183853 4186846
4187464 4207880
4213014 4215290
4215793 4221838
4222618 4259038
4259757 4269614
4270201 4270394
4271674 4272728
4273329 4283768
4284484 4288124
4288643 4339895
4340519 4353871
4354394 4361746
4362480 4373531
4374139 4380236
4380783 4409559
4410170 4433715
4434402 4449606
4450117 4453294
4453828 4469362
4469979 4491379
4491911 4517845
4518392 4531871
4532485 4535664
4536343 4538482
4539516 4547808
4548456 4548929
4549488 4563679
4564324 4571016
4571663 4575114
4575618 4597761
4598291 4599420
4599973 4611560
4612091 4620096
4620613 4626019
4626661 4639943
4640497 4641652
