gi_556503834_ref_NC_000913.3_
223606 225185
227272 227771
228598 228864
258049 258535
270693 271620
274095 274719
290582 291188
315370 315553
357675 357873
381399 381471
391849 392831
566880 567894
574727 574778
608148 609210
687987 688910
729936 733090
734826 734957
737973 738144
1050046 1050408
1094385 1095362
1097085 1097442
1299635 1300558
1396180 1397102
1432415 1432837
1468050 1468978
1469613 1470399
1528393 1529033
1552014 1552191
1632910 1634317
1635980 1636158
1650984 1651408
1978644 1979129
2066316 2067159
2069081 2070132
2101887 2102806
2170310 2171287
2289057 2289973
2304390 2304728
2514414 2514993
2518036 2518150
2726533 2726764
2728828 2728984
2730384 2731162
2996556 2997551
3130375 3131025
3186236 3187286
3269846 3269958
3365854 3366263
3423446 3424499
3425202 3428382
3583568 3584058
3622093 3622582
3624567 3625336
3652171 3653095
3666481 3667156
3762543 3765247
3941583 3946808
4027511 4027609
4035578 4037594
4038313 4040429
4094310 4094493
4153571 4153693
4166440 4171846
4176220 4176968
4208561 4213023
4295962 4296173
4326068 4326177
4498321 4499371
