Escherichia_coli_O157_H7_ancestor
13400 13680
35260 35818
38412 41537
56929 57393
146371 146708
277725 277805
290262 290351
329997 330052
373210 373416
377097 382892
385279 386190
387344 387927
410538 410728
459867 464872
567805 567888
572991 573254
621863 622080
663676 664265
664777 665008
670101 670194
725573 726564
727314 727391
727935 729114
734471 735368
739535 739671
741095 741313
743394 743643
745413 746578
747221 747469
748609 749115
755967 756900
762398 763013
879613 879924
884067 885279
904237 904514
907795 907869
996738 997014
1030621 1030809
1032555 1034849
1035355 1035680
1036329 1036923
1041564 1041837
1042414 1043894
1045141 1046153
1051299 1051620
1052226 1053516
1054161 1056135
1065601 1066811
1068136 1073518
1074162 1077010
1153360 1153777
1218089 1218184
1228546 1228706
1241242 1241460
1253619 1253686
1254207 1255073
1255616 1256566
1257427 1257620
1264094 1264380
1267571 1267890
1268751 1269743
1271518 1271696
1273718 1276475
1278310 1278554
1283687 1283760
1285077 1287744
1288713 1289206
1290985 1292665
1293237 1293485
1295602 1296275
1297052 1299295
1300145 1302516
1304361 1304678
1315035 1315611
1321029 1322482
1323077 1325231
1328063 1328310
1334755 1334806
1355356 1356218
1356814 1356918
1361697 1361930
1362710 1368309
1369673 1370015
1370537 1371009
1375498 1376273
1377589 1377792
1378321 1378581
1380688 1384006
1385240 1386774
1388554 1391254
1426235 1426739
1442560 1442733
1448550 1449029
1456205 1456330
1457055 1457148
1457714 1457826
1462892 1463273
1549400 1549540
1606144 1607169
1652285 1652473
1700623 1700749
1785876 1786485
1808653 1810469
1812049 1812971
1819167 1821129
1821909 1822092
1822664 1828845
1833979 1834052
1835369 1838195
1839262 1839514
1841294 1843537
1844114 1845573
1846703 1846840
1847358 1849245
1850818 1851147
1852250 1854496
1855351 1855748
1858276 1858329
1861267 1861575
1867405 1867873
1870578 1874081
1876900 1878468
1879437 1879930
1881709 1882125
1882763 1883389
1883961 1884068
1884967 1885477
1886212 1889043
1889893 1892664
1893212 1894968
1903387 1903453
1912327 1912493
1960715 1961197
1982931 1983147
2001264 2001905
2005243 2005301
2005943 2007239
2085920 2086089
2191317 2193512
2200362 2201586
2203097 2203844
2204808 2205631
2206266 2208052
2208611 2209252
2211708 2211787
2221813 2221930
2222540 2225959
2226668 2227000
2229336 2229751
2231035 2231377
2240049 2241002
2270461 2272457
2277039 2278271
2297182 2297520
2310502 2310796
2336053 2336373
2355905 2356328
2364674 2366163
2400963 2401268
2402520 2402803
2406015 2406641
2407279 2407695
2409475 2409727
2410794 2413620
2414937 2415010
2421463 2423631
2425825 2427653
2432044 2432911
2433971 2434132
2451491 2451618
2468390 2468659
2478541 2478702
2501314 2501440
2526019 2527478
2544835 2545411
2547422 2547625
2548913 2549217
2564866 2565042
2594166 2597011
2600733 2601722
2707837 2710839
2711689 2717870
2719977 2720237
2720766 2720969
2722285 2723060
2725624 2729454
2729995 2730520
2731708 2731824
2732543 2732729
2733332 2736808
2740692 2742298
2877807 2877886
2930805 2930896
2934491 2934659
2992756 2992819
2995618 2996066
3016146 3016780
3019478 3020389
3021125 3022287
3022972 3023201
3055325 3055526
3101799 3102506
3105447 3105755
3106324 3109118
3129732 3130006
3134754 3134874
3206546 3206739
3251681 3251978
3297998 3298056
3298698 3299994
3356366 3356419
3425064 3425127
3451392 3451719
3460094 3460247
3510077 3510181
3525351 3525464
3569272 3571350
3606818 3607878
3612447 3612861
3644512 3645077
3647634 3648184
3688486 3693732
3700622 3700860
3717069 3717385
3812912 3812990
4067065 4067302
4080226 4080357
4135089 4135678
4290424 4290501
4305519 4305756
4306603 4306878
4307651 4309483
4362251 4362436
4367754 4372857
4408847 4413907
4432257 4432510
4457284 4457442
4458011 4460674
4523067 4523271
4552959 4558178
4574777 4574948
4613473 4613632
4649444 4654843
4684868 4684959
4709968 4710057
4736223 4736288
4855479 4855597
4856845 4857140
4859182 4861391
4862524 4862845
4865564 4865719
4881202 4881465
4882034 4884697
4951177 4952839
4980299 4980439
4981010 4981287
5044239 5044444
5105555 5105712
5198947 5199404
5225993 5230987
5232465 5233578
5318825 5319119
5455196 5455491
Escherichia_coli_O157_H7_0930
13400 13680
149482 150112
363857 366055
410831 410988
562331 562422
674698 674853
829781 829872
853403 853468
894040 894129
1114638 1114891
1209354 1209521
1225835 1225912
1303385 1303565
1386527 1386764
1389839 1390034
1396011 1396142
1491020 1492500
1784808 1785046
1922978 1923408
1965934 1966038
1986687 1986750
2034403 2034730
2037816 2037871
2114014 2114131
2146232 2146285
2231679 2231803
2259120 2259313
2334719 2334839
2338931 2339205
2353670 2353796
2427879 2427958
2586436 2586527
2590122 2590290
2595015 2595074
2689092 2689378
2770516 2770728
2846556 2846732
2897603 2897908
2914075 2914366
2960764 2960931
3061930 3062057
3088980 3089141
3166771 3166866
3187489 3192664
3303145 3303424
3351620 3352195
3451916 3456085
3485790 3486006
3573019 3573185
3949102 3949483
4094143 4094281
4110612 4110850
4134131 4134182
4140627 4140874
4155669 4155940
4191753 4191848
4198223 4198341
4325822 4325919
4397183 4397371
4422307 4422602
4436961 4437272
4479304 4479581
4490571 4490645
4521874 4522150
4530233 4530467
4658651 4658751
4798743 4798836
4882554 4882637
4887740 4888003
4935179 4935396
5025122 5025312
5184643 5184723
5273682 5273743
5284371 5284708
5285242 5285330
5331044 5331133
