e_coli_k12_gi_556503834_ref_NC_
19851 20458
223680 225738
257963 258570
270596 271706
274027 274350
279218 279825
290496 291296
391815 392908
566835 567928
574663 575676
580418 581307
608062 609296
687923 688936
729791 733167
734793 735038
737043 738641
781424 781789
1049883 1050490
1094351 1097141
1299608 1300621
1396153 1397166
1428051 1428216
1432329 1432687
1467965 1469295
1470391 1470461
1528239 1529119
1532727 1532860
1570725 1571846
1632615 1634967
1650898 1651493
1978558 1979165
2066231 2067244
2068996 2070218
2101821 2102834
2170229 2171322
2288991 2290004
2514328 2515562
2726119 2731430
2817783 2818196
2996416 2997637
3130255 3131268
3186151 3187371
3365628 3366641
3423314 3428853
3621941 3622776
3624321 3625422
3652108 3653121
3762391 3765767
3941503 3946769
4035226 4040745
4166354 4168159
4168676 4171706
4176134 4177054
4209703 4213109
4295837 4296060
4498236 4499456
4507514 4508624
