Ecoli_0920_Ancestor_
1 50
82236 83247
91391 92426
246357 246557
294523 294852
377737 382862
413440 414616
419016 424384
550037 553134
553642 555327
563195 563293
644010 649112
825085 826844
923566 924471
937667 938675
965426 966211
968002 969098
969808 971289
1006708 1007278
1162115 1167278
1224148 1225153
1403487 1404591
1459557 1460496
1593209 1594334
1727695 1727949
1772606 1772704
1850761 1850822
1859531 1864643
1928406 1928496
2069447 2069587
2075285 2076354
2285874 2286199
2300789 2301790
2419532 2420538
2487959 2488915
2520595 2521685
2523604 2524529
2605456 2605900
2939354 2939792
2954011 2954434
2956142 2956880
2957491 2957755
3019898 3020016
3038536 3038619
3057988 3058159
3062441 3062626
3129937 3130812
3163103 3163319
3164574 3166945
3193661 3194666
3290238 3291211
3493232 3493821
3495400 3496461
3520898 3520997
3540496 3540877
3620983 3621052
3794456 3794698
3855814 3856422
3857650 3857876
3859304 3859444
3860358 3861167
3901852 3902858
3982591 3982698
4009541 4010396
4015113 4016344
4022868 4023934
4064274 4064795
4132333 4132544
4197931 4198997
4208313 4209445
4233167 4233367
4240832 4240924
4274502 4275476
4299502 4300264
4310791 4311529
4315698 4316750
4332227 4332797
4361954 4367240
4536341 4537488
4540750 4541320
