Ecoli_0918_Taxon019_
1313 1514
4614 5077
8876 9024
10748 11102
11809 13275
15473 16535
18534 18736
20222 20420
21756 22024
23911 24363
31653 31761
34050 34307
36043 36254
40883 43083
45989 46065
47999 48247
55053 55305
57997 58187
60538 61274
61868 62067
63145 63209
66415 66731
68951 69255
77827 78227
79544 79635
81254 81539
83850 84080
89832 89937
95311 95501
98543 98666
101633 102892
104008 104188
107574 107988
110206 110434
113247 113441
117377 117593
122847 122896
126195 126306
127457 128014
135220 135392
138936 139322
143412 144557
148820 149358
151601 152264
155228 155375
157652 157849
158660 159377
163709 164070
165928 166038
166568 167973
175014 175111
179392 179628
181341 181521
182204 183273
183807 185632
196722 197493
198021 199001
207131 208066
209860 210243
213030 213766
215155 215310
216476 216566
223569 223770
226074 226603
229745 231397
231914 232700
240458 240611
247953 248294
249057 252667
262201 262467
267339 267535
269840 270032
271124 272166
273000 273703
283283 283388
285785 286540
287216 287494
288479 288978
289885 290026
292230 292847
301011 302509
308884 309029
310245 310351
312282 312683
322826 323171
324655 325324
325913 326249
328816 329087
332107 332531
335271 335435
336931 337010
338784 338845
339979 341120
345432 345592
346840 348762
351434 351521
362335 364724
365684 366200
371805 371904
387051 387128
388220 388532
389889 395018
400282 400697
404145 404306
408301 408561
421186 421727
428308 430158
442235 442382
457003 457375
458215 458484
462801 462908
463623 464655
468142 468722
469386 469539
488208 489993
496534 496970
500012 500088
502616 505555
506088 506823
507370 507681
510538 510786
512413 512642
513301 515126
519328 520100
521176 521243
522697 523248
526008 526272
527369 527603
536458 536509
538690 539601
543934 544328
549052 549750
558742 558913
565332 565643
571686 571740
574215 574450
577539 577792
579944 580062
583895 584220
590961 591118
592829 593084
596979 597048
597925 602916
604201 604453
607755 607925
612614 613367
617564 617683
618586 618806
624915 625346
630857 630916
637580 638247
653768 654331
656635 658320
659258 659911
661319 662765
666811 667032
670593 672388
672974 673289
674266 680498
681015 681225
688206 688269
696356 696564
701516 701902
704307 706095
706648 706792
711552 712173
715845 715992
717141 717504
719726 720221
725597 725827
727903 728232
729253 729321
735800 737962
739535 739745
740985 741236
744378 744634
748111 748641
750488 750912
753977 754419
755322 756471
759798 759976
766306 767109
768729 769985
770496 774171
777775 778111
779624 780269
786162 786243
789619 790070
798129 798310
799207 799399
804169 804351
806487 806677
813906 814111
814639 814909
824912 825175
827289 828296
838778 839664
842387 842616
849764 849972
853300 853542
856477 856755
858269 858345
860040 860245
862304 862442
865096 865226
868573 868720
875564 875690
876944 877740
878429 878496
879356 879679
887983 888138
901151 901445
909292 909426
911502 911614
913143 913355
914171 914407
915667 916043
918162 919336
923844 924869
926310 926770
930711 932230
934184 934371
943171 944775
945400 946091
948094 948250
949882 950008
950617 951259
954208 954373
957058 957719
963484 963618
966951 967521
969038 969116
974661 974765
979403 979594
980366 981046
984770 985020
985799 986026
986973 987188
992345 992477
993535 993682
994574 994626
997311 997553
998343 998877
1009700 1009899
1012372 1012532
1018962 1019018
1021037 1023026
1027865 1028058
1032923 1033116
1039877 1040496
1041214 1041355
1044790 1045044
1046432 1046659
1048385 1049319
1049892 1050074
1051230 1051418
1053071 1053920
1054656 1055092
1057535 1057763
1062228 1063425
1064586 1064743
1073645 1073899
1074413 1075537
1076178 1076228
1076860 1076990
1080627 1080919
1082713 1082765
1084577 1084869
1088074 1088943
1090610 1090894
1092571 1095310
1095912 1096374
1097302 1097843
1101349 1101574
1102321 1102798
1103597 1104620
1125256 1125321
1128218 1128506
1131664 1132097
1132686 1132778
1135090 1137597
1138736 1138860
1140645 1140921
1142669 1142841
1148957 1149671
1156192 1156431
1157001 1157112
1158524 1158666
1159761 1159906
1161804 1162120
1163410 1163811
1166727 1166980
1172579 1172802
1175477 1175673
1180517 1180843
1185490 1186046
1187906 1189649
1195493 1195566
1201073 1201146
1204359 1204922
1205526 1205785
1207472 1208299
1216399 1220991
1225364 1225535
1226952 1227168
1229470 1229702
1246700 1247182
1249563 1250161
1250855 1250909
1258688 1259900
1267724 1267832
1280416 1280616
1282057 1282303
1285683 1287320
1288171 1292097
1293764 1296813
1304944 1305574
1308109 1309044
1318163 1318720
1334651 1334704
1337632 1337806
1344119 1344757
1346723 1346812
1348810 1349860
1353490 1354670
1359182 1359473
1367467 1367696
1369886 1370719
1371459 1372632
1373201 1374290
1375277 1375577
1376959 1377183
1384554 1386281
1389363 1389499
1392309 1392799
1393614 1393767
1398753 1398937
1404681 1404862
1410212 1410403
1421310 1421547
1423248 1423431
1424244 1424355
1429436 1430151
1433485 1434364
1435377 1435516
1439343 1440224
1440986 1441100
1445551 1445920
1448817 1449730
1451211 1451267
1463381 1463440
1467165 1467507
1475327 1475536
1476097 1476156
1477737 1478403
1481893 1482540
1484675 1485301
1488793 1489183
1490694 1491050
1491667 1491885
1496594 1497085
1498034 1498311
1501843 1501914
1506060 1506221
1507030 1507245
1508001 1510466
1517508 1517911
1519314 1520533
1526548 1526688
1532639 1532896
1541959 1542086
1545913 1546016
1546849 1547937
1554002 1554630
1556830 1557497
1564012 1564162
1566556 1566695
1567959 1568268
1573932 1575291
1580068 1580137
1582426 1582702
1586249 1586487
1591763 1591837
1597659 1597790
1601975 1603721
1604359 1604963
1608157 1608215
1609231 1609300
1614320 1615255
1616200 1619267
1622851 1622910
1637377 1637456
1648548 1649218
1650160 1650218
1655643 1656181
1658518 1659437
1660337 1660497
1664315 1664365
1669174 1669548
1675136 1675407
1676053 1676306
1677189 1677915
1679928 1680145
1685558 1685720
1688849 1689011
1689625 1689854
1690394 1690639
1691151 1691594
1694057 1694201
1706342 1706489
1707700 1707749
1710261 1710631
1714115 1715207
1716837 1717039
1718031 1719339
1721351 1721596
1725989 1726785
1736578 1736691
1737485 1737671
1738313 1738762
1742120 1742399
1744794 1744949
1746112 1746190
1771631 1771749
1780178 1780422
1785358 1785447
1790312 1790501
1793050 1794219
1801199 1801426
1803137 1806927
1810203 1810283
1817036 1817359
1822677 1822996
1823715 1823853
1829145 1829197
1829701 1830130
1831487 1832278
1834055 1834279
1835297 1836054
1842076 1842255
1848208 1848825
1851613 1851823
1854672 1855134
1858362 1859124
1860909 1861788
1865158 1865546
1870180 1872804
1873459 1873780
1876102 1876494
1881405 1881481
1885900 1886266
1887152 1887583
1888316 1888454
1889463 1889727
1890435 1891307
1891817 1891946
1897281 1897446
1907200 1907420
1909087 1909184
1910047 1910575
1913760 1914032
1919127 1919355
1929540 1930013
1931461 1931844
1932977 1933057
1935035 1936920
1937457 1938049
1940171 1940993
1942486 1944961
1949732 1950805
1953213 1953366
1954781 1955678
1958445 1958977
1959669 1960664
1963417 1963833
1967421 1967506
1969902 1970192
1971989 1973227
1973841 1974536
1977243 1977458
1984333 1989767
1990773 1990990
1993954 1994035
2000780 2002158
2024640 2024803
2028954 2029330
2031171 2031671
2032720 2032823
2038251 2038443
2043076 2043200
2051361 2052827
2053040 2053130
2056782 2057299
2061838 2062105
2063257 2064050
2073495 2073595
2074264 2074513
2077836 2078167
2079461 2079668
2082047 2083223
2084334 2085191
2087568 2088200
2089598 2090136
2092516 2093203
2094311 2094453
2094961 2095362
2096521 2096741
2098677 2099506
2101410 2101512
2102998 2103734
2105974 2106024
2110075 2111293
2123642 2124479
2126385 2126454
2128138 2128528
2130419 2131044
2134828 2136301
2137829 2139074
2144911 2144980
2145930 2151786
2152636 2153404
2157944 2158023
2159531 2160673
2164080 2164153
2164978 2165629
2167830 2169838
2170422 2170847
2175263 2176209
2190836 2191407
2198353 2198812
2199899 2200061
2200564 2201252
2203199 2203557
2208035 2208285
2210869 2211022
2217278 2217403
2223722 2223887
2227373 2227826
2233840 2234247
2235720 2236006
2242438 2242567
2246115 2246181
2248124 2248200
2250460 2250660
2252223 2252478
2253327 2256260
2259273 2261630
2262824 2263143
2264410 2264480
2267202 2267534
2269706 2273096
2274820 2275311
2275813 2275940
2280812 2280929
2283788 2284160
2293456 2293583
2294303 2294453
2295176 2296901
2299633 2300491
2303869 2304820
2306230 2307245
2318242 2318416
2324077 2324271
2329553 2331035
2332068 2332525
2333071 2333672
2334778 2334828
2338659 2338883
2340367 2341679
2343439 2343532
2344301 2344454
2346064 2346162
2346711 2346900
2354578 2354951
2355972 2357893
2359511 2359870
2366290 2366434
2367198 2367455
2373299 2374152
2375448 2375640
2381379 2382970
2387884 2388279
2388947 2389145
2392182 2392260
2392934 2393154
2395909 2396187
2397678 2397771
2401886 2402680
2403229 2403317
2406069 2406344
2407132 2407311
2408845 2409127
2410254 2411419
2412276 2412438
2421228 2421703
2422625 2423120
2425526 2426970
2438668 2438966
2445244 2445351
2449435 2450434
2451906 2452064
2461900 2462079
2466401 2466722
2468248 2468415
2469002 2469223
2473409 2474151
2476003 2476469
2479813 2480048
2482149 2482454
2483057 2483188
2495560 2495631
2496986 2497062
2503455 2503852
2506626 2506755
2515602 2515825
2520843 2521336
2526308 2526783
2534890 2535042
2537590 2537883
2542940 2543349
2544904 2547492
2549966 2550231
2552058 2552258
2562283 2562494
2564521 2564659
2565566 2565642
2568988 2570312
2571447 2572074
2573676 2573796
2575405 2576759
2579738 2579979
2585950 2586006
2586718 2586959
2588381 2588555
2591695 2591972
2597493 2598110
2601008 2601301
2601984 2605317
2608449 2609290
2610471 2610653
2615043 2615108
2616468 2616584
2619665 2620607
2629251 2629582
2636765 2641562
2642664 2643217
2645675 2646583
2648388 2649532
2656428 2656551
2661853 2662032
2668689 2669090
2669765 2671108
2674054 2674176
2674787 2675592
2679329 2679409
2680464 2680516
2692219 2692429
2696208 2697690
2701417 2702485
2706166 2706464
2712532 2712723
2722727 2723545
2730056 2730107
2736359 2736896
2740333 2740603
2744174 2744667
2745904 2746273
2750107 2750643
2754275 2754554
2755250 2756155
2756997 2757186
2758154 2758502
2760484 2760648
2762789 2763502
2773501 2778921
2780078 2780218
2783093 2783346
2785719 2786338
2786865 2788310
2789557 2790940
2791633 2792148
2794568 2795156
2797951 2798224
2802343 2803890
2807193 2807436
2816451 2816598
2821753 2822232
2825273 2825607
2826736 2826815
2828726 2828826
2831669 2832321
2840382 2841708
2850544 2851056
2853625 2853879
2854476 2855550
2858953 2860090
2865774 2866402
2872293 2872496
2874250 2875135
2877258 2877344
2880034 2880237
2881613 2882708
2886612 2887067
2893301 2893374
2895267 2895424
2901053 2901145
2907000 2907305
2915508 2915657
2921746 2921994
2932189 2932370
2936154 2936665
2948903 2950626
2953493 2954216
2955854 2956140
2957647 2957911
2961609 2961987
2964256 2964531
2971485 2972524
2974668 2974833
2978258 2978654
2985802 2986529
2988958 2989232
2991641 2991798
2998195 2998429
3002510 3003138
3005034 3005457
3006234 3007205
3010607 3010687
3014191 3014264
3016186 3016487
3024114 3024290
3026612 3026745
3030788 3031355
3034805 3034901
3037367 3037903
3038926 3039278
3043192 3043370
3047380 3047845
3051014 3051404
3052049 3052382
3056045 3056621
3057979 3058107
3063260 3063688
3064202 3064611
3068044 3068228
3071717 3071865
3072514 3072708
3073447 3075623
3076273 3076669
3077676 3077898
3081345 3083413
3087024 3087303
3090299 3090433
3098316 3098807
3100537 3100753
3102321 3102681
3105262 3105800
3111029 3111227
3114979 3115495
3118750 3119151
3119975 3120274
3121100 3121213
3125048 3125146
3127435 3128447
3129502 3130167
3140085 3140282
3142898 3143005
3143594 3145041
3147566 3148333
3148859 3149077
3160948 3161751
3163360 3163438
3164518 3164815
3171519 3172182
3179679 3179871
3181000 3181096
3185116 3185249
3186376 3187147
3191874 3192155
3194133 3195428
3199699 3199961
3200923 3201124
3203136 3203266
3205176 3205450
3207633 3208037
3211524 3211594
3212405 3212902
3219152 3219444
3222305 3222415
3223123 3224722
3228720 3228807
3237755 3238438
3238990 3239074
3240100 3240269
3240903 3241504
3242929 3243155
3245253 3248981
3250240 3250404
3252154 3252456
3255076 3255283
3258650 3258981
3260359 3260865
3267771 3267837
3268415 3269102
3278560 3283369
3283995 3284143
3291600 3292084
3293502 3294081
3297048 3297713
3298310 3298606
3300331 3300592
3305862 3306089
3308896 3309147
3316340 3317082
3321665 3322877
3325504 3325560
3329134 3329612
3337584 3337708
3349746 3349900
3355518 3355752
3356971 3357028
3358061 3358117
3371311 3371454
3371960 3372870
3374446 3374650
3375780 3376105
3378955 3379200
3386180 3387166
3388661 3388916
3391806 3392923
3394249 3394436
3407071 3409120
3414023 3414078
3415023 3416029
3417419 3417547
3419484 3419711
3424567 3424730
3427832 3428205
3433395 3433763
3445997 3446431
3450699 3450998
3452148 3452390
3453356 3453508
3455434 3455809
3457748 3457880
3458431 3458657
3459654 3459952
3464599 3464685
3466820 3467065
3467579 3468422
3469065 3469416
3476492 3477062
3481818 3481881
3487544 3487705
3492373 3492637
3497570 3497652
3499920 3501108
3506910 3507155
3512235 3512418
3516018 3516122
3519830 3519901
3530508 3531180
3532720 3533132
3534596 3535605
3542324 3542469
3555912 3555990
3560170 3560361
3569206 3569470
3579416 3579743
3587660 3588317
3590337 3590499
3594269 3594890
3603519 3603716
3607378 3607575
3614093 3614769
3615293 3616003
3618517 3618643
3620235 3621943
3623900 3624651
3625808 3626227
3632234 3632368
3634303 3634470
3635947 3636509
3637083 3637792
3638737 3638844
3642049 3642220
3646936 3647186
3650363 3650685
3651282 3651582
3654494 3654594
3661953 3662920
3663526 3663766
3665137 3665752
3666504 3666658
3669622 3669716
3682423 3682894
3683676 3685065
3690399 3691001
3693958 3695537
3700572 3700905
3705661 3705936
3707796 3708144
3712379 3713048
3718998 3719226
3730217 3730357
3734217 3734574
3735147 3735296
3738993 3739182
3742222 3743071
3748429 3748526
3749199 3749467
3750547 3752113
3753260 3753688
3754852 3755110
3758929 3759422
3764232 3764654
3774182 3777801
3780371 3780503
3784026 3784510
3787840 3788033
3795731 3795823
3804090 3804209
3805869 3806373
3815776 3815855
3817566 3817668
3823171 3823417
3825282 3825352
3827145 3827332
3828028 3828192
3829912 3830370
3834094 3834218
3840399 3840527
3842632 3842768
3847734 3848240
3849923 3850956
3853243 3853389
3857891 3858161
3859025 3859154
3865785 3865983
3866571 3866940
3869902 3870024
3870771 3872006
3876933 3877170
3881240 3882068
3890006 3890110
3903123 3903279
3904042 3904279
3906913 3907046
3910972 3911216
3927007 3927619
3929539 3929689
3932188 3933455
3934039 3934966
3938514 3938726
3939544 3939962
3955681 3955852
3967486 3967783
3969792 3970225
3975432 3975941
3978124 3981434
3982495 3984263
3985297 3986018
3993511 3993784
3998936 3999142
4001863 4002012
4003663 4004201
4008073 4008564
4012854 4012980
4026473 4026723
4027336 4027602
4030444 4030920
4031849 4032346
4039671 4039948
4041487 4041569
4048054 4048279
4050008 4050331
4052507 4053076
4056192 4056512
4058572 4058637
4059229 4059329
4061342 4061541
4063258 4063456
4064558 4064775
4069523 4069714
4077252 4077633
4079284 4080340
4081399 4083366
4084972 4085539
4098301 4103406
4103969 4107667
4119785 4120356
4124055 4124205
4125473 4125719
4127591 4127789
4133728 4134388
4135004 4137697
4139166 4141661
4143051 4143426
4144748 4144975
4147687 4148753
4149466 4149704
4150357 4151372
4153481 4154269
4158200 4158445
4159116 4160179
4163226 4163518
4166943 4167046
4168080 4168331
4169261 4169985
4179016 4179246
4185275 4185702
4188491 4189600
4193302 4193748
4197728 4198624
4199822 4199968
4200792 4201481
4206258 4206327
4209449 4209504
4213476 4213641
4220289 4223299
4225507 4226109
4236161 4236316
4237871 4238654
4244547 4244742
4245339 4245450
4251049 4251494
4255899 4256088
4257745 4258328
4261001 4261081
4262061 4262507
4263038 4263450
4264188 4264376
4265117 4265632
4268266 4268345
4278724 4279017
4282538 4283239
4283770 4283857
4284703 4284969
4286639 4287286
4292963 4293039
4295848 4296339
4297121 4297192
4311490 4311842
4313619 4313761
4314743 4314868
4315528 4315965
4319376 4319708
4321367 4323872
4325719 4325914
4329109 4329281
4331100 4333173
4334092 4334307
4340980 4341468
4356827 4356919
4357869 4358577
4359670 4360091
4360987 4361239
4363123 4364223
4366303 4366466
4368914 4372856
4377870 4378664
4382480 4382666
4383316 4383568
4387906 4387984
4391087 4391462
4399241 4400273
4403050 4403577
4407661 4407908
4409704 4409929
4412412 4413919
4424704 4425207
4428067 4428655
4429171 4429307
4431649 4432594
4435693 4436348
4437791 4437973
4440488 4441913
4443857 4445111
4448630 4448988
4451705 4452461
4453976 4454221
4457046 4457616
4460369 4460596
4462367 4462494
4464185 4465324
4466192 4466998
4468709 4468849
4474792 4474921
4475611 4476394
4477206 4477830
4479328 4481765
4483123 4483339
4486773 4493496
4494351 4495139
4496228 4496489
4497403 4497459
4498470 4499961
4505963 4506046
4508194 4509660
4510620 4511193
4516392 4516565
4521096 4521508
4528198 4528481
4532099 4532268
4533706 4534409
4538960 4539636
4542061 4543971
4551814 4552644
4553913 4554174
4556197 4556368
4567499 4567549
4568770 4570434
4577832 4578210
4584930 4584982
4586433 4587011
4587609 4589699
4590729 4590971
4595075 4595535
4598286 4601400
4603398 4603648
4609883 4610227
4610848 4611098
4612655 4613448
4615362 4615564
4617406 4618054
4618746 4618989
4619936 4620026
4623077 4623345
4628485 4628664
4629741 4629926
4633372 4633513
4636667 4637590
