Buchnera_aphidicola_Acyrthosiphon_pisum_ancestor
1 152
3243 3346
4643 5275
5915 6022
9455 10129
10990 11142
16381 16564
17185 17410
18376 18649
19265 19533
24237 24890
26835 27538
30595 30963
31538 32724
36738 36812
38243 38503
39954 40068
44006 44138
53771 54059
60362 60799
61701 61856
62377 63138
69256 69356
69912 70824
71506 72190
72898 73221
74486 74886
83907 84532
85760 86113
86972 87135
89085 89257
90388 91125
92482 92562
95455 95765
102249 102377
110998 111103
112165 112338
113032 113125
114817 114917
115550 115863
117983 118033
122058 122230
123764 124028
127222 127291
130723 130972
134502 134551
149414 149568
154654 154961
163786 164641
168347 168445
170967 171651
176772 176999
177978 178481
179204 180379
181673 182040
183311 183515
184231 184300
186176 186616
187983 189253
190268 190375
191079 191567
193262 193529
194068 194144
195953 196832
201377 201504
204280 204580
205084 205289
207537 207740
208472 208791
209712 209941
212913 213393
214899 215563
216346 216623
218662 219666
223128 223323
234623 234894
238406 238542
240638 241494
258530 258783
259647 259705
265094 265342
268519 269070
271324 271450
277408 277508
278161 280047
281278 281450
282236 282460
283594 283804
284392 284547
289503 289650
291027 291271
295548 295627
300253 300750
303376 303435
303987 304236
306839 307091
307849 308038
308579 308797
310260 310842
318858 318963
319564 320417
320983 321530
326397 326604
327598 327732
329423 329969
331698 332200
332959 333563
339009 339068
342831 343074
345433 345648
346576 346807
349805 350265
351810 352012
353383 353514
356408 356666
361459 361638
363325 363568
364344 364521
366011 366303
374711 375407
376529 376764
377485 377690
378792 378934
379557 379781
381128 381256
381892 382077
382878 383040
383791 383906
388098 388495
389246 389434
392115 392225
396879 397380
402928 403551
410226 411374
417360 417566
418449 418846
423105 423317
424363 424603
425761 425974
438271 439293
451154 451467
456432 456584
457560 457840
464459 464693
466702 467346
469542 469664
470388 470698
472098 473207
485372 485543
493724 494289
495008 495644
496378 496574
497880 497934
501492 501752
506142 507040
508759 508917
509880 509929
511119 511416
515621 515862
516373 516495
517924 518277
524887 525195
527767 528343
539730 540920
543297 543528
545131 545584
546148 546218
547111 547208
552534 552593
557669 557932
561839 562361
564847 564979
570888 571192
571703 571820
572443 572982
575196 575329
577390 577606
578604 578932
579712 579860
582578 582865
584686 585389
586970 587387
587956 588380
589487 589638
590865 591004
593614 593798
594494 595077
600223 600458
602410 602706
604451 605348
608410 609234
615901 616172
618881 618959
625946 626060
634757 634911
640104 640871
