Escherichia_coli_O157_H7_EDL933_0915
211288 211379
354907 354999
1008097 1008349
1668388 1668680
2499312 2499406
2918409 2918490
3655446 3655721
5384949 5385000
Escherichia_coli_O157_H7_EDL933_ancestor
226977 232189
269471 269759
273045 274009
345584 347703
391354 391467
617680 618172
618785 619690
664415 665145
809227 809705
811144 811357
814422 815187
917011 917062
919573 919903
920756 921221
1056788 1057008
1059237 1059471
1068023 1071013
1085974 1086092
1112566 1112947
1115335 1115430
1118142 1119294
1122682 1123037
1127495 1127766
1133637 1135819
1141145 1144515
1259657 1259763
1262909 1263741
1267396 1271678
1274266 1277157
1285202 1285340
1286894 1287554
1288131 1289792
1290533 1292373
1294068 1297247
1338141 1339906
1341795 1341876
1348023 1348445
1353167 1353566
1357354 1358298
1359379 1361358
1372966 1373237
1391702 1392007
1393465 1394028
1456939 1457159
1459388 1459622
1468168 1471157
1475091 1475425
1486118 1486236
1512710 1513091
1515479 1515574
1518286 1519438
1522826 1523181
1527639 1527910
1533778 1534304
1541292 1542484
1607785 1607867
1633514 1634087
1637964 1638241
1639061 1639183
1639801 1640717
1642279 1642795
1645613 1647837
1649701 1654212
1655387 1655577
1656106 1656324
1657103 1661875
1664007 1664419
1705879 1706391
1715327 1715387
1716872 1723168
1729464 1729515
1733233 1735239
1742595 1744720
1748618 1750028
1770749 1770971
1771540 1771792
1844296 1844368
1845113 1845202
1848317 1848618
1856049 1856400
1859973 1865057
1865620 1878971
1879557 1881437
1882510 1882637
1883242 1885421
1888234 1890480
1891295 1891465
1894144 1894313
1897244 1897330
1901808 1902113
1903435 1903857
1904576 1904659
1906114 1911591
1912092 1912956
1923134 1923461
1925844 1927630
1928305 1931041
1932948 1935462
2043683 2044439
2048448 2048940
2126132 2127685
2128784 2128911
2129887 2130366
2130962 2131722
2132953 2133447
2134722 2135124
2135626 2135686
2136404 2136898
2137999 2138547
2139062 2140137
2140691 2141001
2142604 2144225
2144733 2147870
2170499 2170603
2218608 2219950
2249631 2251394
2251925 2253268
2253770 2254228
2286972 2289129
2295929 2296526
2300414 2301268
2302361 2302848
2303447 2305214
2305745 2305963
2306486 2307155
2307685 2308475
2309035 2316003
2316759 2318430
2318989 2327835
2328398 2335006
2336182 2337227
2337845 2337967
2339732 2339838
2344382 2345220
2347251 2347340
2348025 2348157
2548800 2549856
2698253 2698975
2707102 2707446
2731101 2731258
2764407 2767249
2769156 2771891
2772566 2774523
2775662 2775800
2784377 2785005
2785548 2785781
2787166 2790554
2791085 2792280
2793456 2794007
2799574 2800147
2802874 2803133
2830064 2832311
2836451 2837494
2979193 2980306
2985143 2986952
2989532 2990228
2991153 2991818
2992493 2992762
2993292 2994279
2996653 2996980
3000619 3001731
3007721 3009605
3010663 3011607
3015636 3015830
3019365 3020076
3024314 3024395
3026284 3027831
3075985 3076079
3233516 3233637
3453279 3453353
3550254 3555209
3567193 3574208
3578407 3578680
3629828 3629996
3936799 3937091
3941300 3941933
3957057 3960281
4121093 4121963
4151352 4151686
4246393 4251436
4277793 4277909
4510004 4510187
4511626 4512244
4566438 4566690
4670090 4670169
4673789 4675955
4822692 4827872
4863691 4863968
4919181 4924364
5017804 5018422
5019861 5020074
5063476 5068474
5073540 5073656
5104453 5109571
5398251 5399290
