Ecoli_0917_Taxon018_
1 783
2380 3533
11093 11181
11793 12832
13388 18326
19160 19707
21756 23195
26029 28127
29367 35671
37923 38703
39310 42799
45191 45564
48478 50901
52851 53218
57529 59743
60787 63102
63788 63919
65373 66063
70351 71207
71946 74275
78465 81408
83697 84935
86084 87861
89543 90334
91001 91992
92646 94719
97368 99519
100361 104775
111905 117727
123967 124063
134749 135346
139506 139604
143606 144049
150884 153276
153787 157265
158041 158267
162994 163537
166646 170299
171107 175037
176485 177820
181156 182447
184966 190050
198400 199924
202554 204579
205231 206194
209096 212900
213794 215234
215762 216302
217492 217746
218336 219213
222833 223328
225624 227009
227575 227867
228480 233746
234348 234674
238017 239504
241549 243165
245114 245315
250819 251523
252842 255308
257947 258687
259592 260839
267837 268535
270070 271069
272269 275069
276517 276763
278167 278522
279146 279918
280718 283191
284455 284530
286316 286661
287163 287344
287983 288855
290865 291057
291571 293385
294057 294418
302030 303211
309010 310276
312046 312707
315117 316459
318583 320742
323070 323145
323869 324250
329083 329334
329964 330350
331875 331955
332602 333167
333924 339310
340011 340618
341705 342667
343350 349879
352336 357745
358911 360947
365976 367207
368042 369814
370394 370968
371837 376804
378413 380525
381194 381723
382260 383521
384028 384142
387939 388087
392065 392884
393534 394256
395412 396183
396858 397554
398321 399837
401235 405760
409134 410304
412875 412981
413676 413975
418139 418331
419033 424500
428721 428917
429542 430920
433607 440859
441774 448397
449505 453011
453662 454232
454749 456289
456948 459089
459824 460987
461585 463876
468920 469562
470780 472291
473306 475190
475745 476026
477495 480053
480920 481883
484862 485661
490608 492347
495165 499917
500914 504098
504687 507722
509294 512499
515226 515963
517625 517952
519884 520358
520911 521287
523935 524443
525822 530410
531119 533718
534232 534707
535211 535519
536154 538641
540682 542779
543403 548647
552105 552396
555557 556058
557250 558328
558833 559064
559633 561817
563198 563462
564011 565650
566870 570359
571840 572097
573962 580325
580931 581956
583439 588026
590334 591341
591937 593919
597081 599328
599885 609227
611181 611351
613615 614383
616287 616650
618850 619736
626246 626469
628126 628414
634080 638566
639204 639428
643194 643328
643862 645177
645832 646016
648926 654319
655396 655702
656652 657310
657847 659809
661468 662460
668084 670685
672353 673564
675075 675804
676544 676758
677758 678021
679848 680916
683874 684847
685404 691347
694949 696781
698881 700196
700879 701171
702037 702104
703745 704866
705700 706541
707774 709889
710521 713901
720117 720684
723724 725111
729582 730302
730844 733637
734462 734677
735332 735593
736872 737453
738995 741778
742624 744016
746737 747338
748374 748533
749066 749547
750150 750227
751839 752135
754212 754361
756903 760551
762916 763322
763871 766775
768842 769120
770918 774916
776174 776342
776873 777390
777921 778398
779269 780208
781307 782031
785960 786498
787111 789004
789561 789638
790990 793603
795142 799026
799605 803852
805268 805350
806041 806202
806866 809533
810153 810803
811350 812500
814292 816398
817833 818014
829697 829917
830665 836113
837231 837369
838020 839588
840407 840588
842890 843275
845499 845758
846320 848220
849021 849139
853241 854319
856213 857140
858426 858661
859494 859810
860403 862663
866581 879278
880733 882032
882745 883751
886084 887626
888558 890193
890771 891930
894795 894931
895575 896244
912850 912977
915643 918659
919182 919559
924260 927727
928643 931453
932038 933712
937373 938109
938945 941149
941738 944945
945468 952735
953259 955157
957383 957857
958791 958921
960625 960737
963821 964014
965176 966625
967382 969204
969884 973981
974899 975171
976655 978095
983772 984064
986304 987684
991027 991316
991975 993839
994402 996527
1000030 1000311
1001786 1001931
1003563 1004691
1005713 1005905
1008514 1009205
1012355 1012741
1016397 1019121
1022339 1022416
1024523 1024764
1025324 1025508
1027645 1027842
1028573 1030021
1032729 1032805
1033632 1035427
1042640 1043041
1045210 1047959
1049675 1050486
1051355 1051629
1053776 1059595
1063054 1063521
1064803 1068278
1069903 1070395
1071094 1071270
1079296 1080218
1082922 1085313
1085912 1086570
1087098 1087396
1089915 1096229
1097060 1097232
1099386 1100163
1100854 1103601
1104735 1105347
1106739 1107515
1110989 1111363
1114536 1115322
1116093 1118690
1119957 1120136
1123700 1123749
1126061 1128968
1137699 1140688
1141399 1142798
1144292 1144507
1145541 1145886
1147099 1149398
1150658 1151164
1155231 1155624
1157579 1159611
1164301 1167720
1168358 1169868
1170516 1177912
1180638 1180787
1183453 1183997
1184533 1192281
1193471 1194382
1194913 1199605
1201083 1202693
1203671 1203771
1204293 1204851
1205901 1206142
1207818 1208773
1210354 1212743
1215235 1215703
1218639 1218904
1220283 1224605
1227986 1233462
1235919 1236474
1237276 1239465
1240071 1242952
1247742 1247866
1249808 1249900
1252301 1252577
1253202 1257012
1257747 1259029
1259542 1260722
1261315 1261371
1261882 1262827
1263747 1266843
1268730 1269670
1271285 1271495
1272442 1273544
1274334 1275810
1276484 1276884
1277573 1279631
1280434 1281550
1285278 1286195
1286698 1286752
1289051 1292513
1294037 1297678
1300200 1300854
1301372 1304429
1305719 1305866
1306758 1307504
1311398 1313203
1315523 1315911
1319692 1324440
1324984 1325954
1330943 1332926
1335640 1336319
1337159 1338341
1342363 1342898
1346211 1347868
1352318 1359746
1360881 1369122
1370003 1370659
1372522 1375107
1376088 1378509
1379574 1379696
1382141 1382343
1382972 1383129
1384406 1384727
1386084 1387445
1387999 1388316
1389065 1389977
1390608 1393184
1395698 1398489
1399388 1400727
1401412 1401758
1402557 1402918
1403443 1405305
1407876 1408272
1409275 1410470
1411333 1412798
1413491 1415047
1415719 1418311
1421261 1421723
1426316 1426424
1426934 1427098
1427636 1428402
1429075 1429206
1433395 1435522
1440763 1441219
1441744 1441955
1442692 1443087
1443940 1446128
1446911 1447208
1448381 1453140
1461016 1462439
1463139 1466095
1466642 1467080
1468283 1470344
1474048 1474387
1474918 1477080
1477955 1478202
1478902 1480160
1481545 1482419
1486231 1486409
1489031 1489474
1491263 1492254
1495478 1495879
1496575 1499615
1505542 1505839
1506733 1508301
1508844 1509050
1509557 1509619
1510964 1515081
1515626 1516811
1517707 1518446
1519110 1521872
1525712 1525841
1528269 1531976
1532631 1532819
1534529 1535702
1536939 1537520
1538047 1538170
1538700 1539127
1540315 1541572
1542413 1543061
1546725 1550090
1552085 1552295
1553898 1554866
1555644 1558429
1559516 1567576
1570018 1571549
1572082 1572825
1575096 1575503
1577783 1578034
1579582 1581336
1582110 1582363
1584674 1584757
1588564 1593760
1601733 1602014
1603527 1604132
1605305 1605939
1606644 1609719
1610326 1610453
1610964 1611350
1616816 1617696
1618882 1619046
1620872 1621600
1622195 1623612
1625879 1626138
1628375 1629780
1631092 1633788
1638047 1641136
1641844 1642203
1642744 1643434
1644058 1644999
1646996 1648274
1650640 1652479
1653108 1653250
1653922 1658389
1660825 1661767
1663498 1667854
1669372 1669669
1670306 1671373
1672531 1672646
1673305 1675137
1675753 1676245
1677283 1677457
1678122 1679414
1680041 1681938
1686555 1687336
1691221 1693430
1697044 1700568
1701455 1702102
1702637 1702890
1704511 1706911
1709327 1710589
1711099 1711824
1714193 1714337
1717194 1717284
1720165 1721883
1723803 1726665
1730461 1733047
1733642 1734873
1736957 1738547
1741880 1742070
1745170 1745305
1746505 1746581
1748797 1752467
1754201 1757267
1759928 1761346
1767171 1771977
1775465 1776031
1776724 1778570
1780206 1783572
1785434 1785554
1788540 1791129
1798991 1802541
1803963 1804992
1806255 1807058
1812630 1813230
1821127 1821355
1825732 1831105
1831795 1832940
1833528 1834170
1835386 1835589
1838425 1840716
1841262 1842309
1843441 1845599
1846277 1846867
1853619 1855029
1855712 1855841
1857561 1858580
1860073 1860372
1861043 1862194
1863152 1864467
1866208 1870302
1873145 1874609
1877443 1879468
1880641 1882942
1884059 1884828
1886579 1886629
1887161 1890206
1892434 1892994
1893740 1895603
1896243 1897344
1902830 1904498
1908188 1908770
1909505 1911147
1912339 1915783
1917399 1920590
1921176 1921824
1926474 1929577
1931907 1932194
1932767 1934718
1937052 1937388
1937997 1938536
1939095 1941738
1943656 1947701
1950345 1950519
1954612 1954679
1959278 1960187
1960774 1961187
1963538 1963718
1967124 1967236
1969730 1969866
1971097 1974920
1975510 1976565
1978922 1979390
1980685 1981214
1989896 1990067
1993039 1998821
1999895 1999967
2001142 2002321
2004075 2004689
2007743 2009256
2010704 2015401
2019440 2021694
2023084 2023386
2026065 2028252
2029168 2029785
2030352 2030857
2031471 2032540
2033504 2034389
2035897 2036110
2036993 2037974
2043277 2043845
2044476 2044652
2047493 2048567
2052117 2057435
2058278 2058474
2059510 2061704
2066091 2068059
2069087 2070967
2073954 2077114
2077754 2078859
2079744 2080835
2082338 2082610
2095016 2099300
2100952 2101326
2102614 2104809
2108593 2109232
2112770 2112999
2113670 2116169
2121658 2123556
2128243 2128888
2129424 2129669
2137141 2137273
2138705 2139216
2139764 2142930
2145832 2145890
2146405 2146699
2149221 2151181
2152817 2152883
2153440 2154676
2155862 2156534
2158735 2160852
2161773 2163632
2165448 2170656
2171468 2175214
2177740 2178013
2180848 2183044
2184598 2184857
2185421 2189675
2191707 2192765
2193355 2194000
2194641 2203010
2205220 2205737
2212268 2214681
2215337 2216946
2217478 2219653
2220747 2222511
2225931 2226087
2228398 2228990
2229852 2230617
2231909 2233116
2233857 2234066
2239367 2241221
2243922 2244624
2245161 2245359
2246856 2250648
2253138 2254209
2263817 2269009
2270479 2271305
2272020 2275802
2278555 2279312
2286430 2287500
2288239 2291395
2293920 2294400
2296098 2298994
2300048 2300545
2303242 2306514
2307388 2308512
2309279 2309575
2310124 2310254
2310944 2311116
2313878 2314457
2314981 2315301
2317557 2319305
2319928 2320996
2321681 2322069
2323955 2325459
2327077 2327204
2327819 2328232
2329573 2330986
2332410 2333561
2334317 2335763
2338316 2339152
2341471 2341749
2343827 2344426
2349810 2349859
2351526 2352499
2353087 2357630
2359004 2359509
2361511 2362088
2370037 2370598
2372473 2373725
2377726 2378405
2379375 2380670
2381265 2383716
2384352 2392763
2393275 2394782
2395410 2395475
2396035 2396286
2396898 2397170
2398985 2399296
2400660 2402174
2405878 2407226
2409851 2411660
2414683 2414890
2415746 2415990
2417820 2421252
2421835 2425740
2426693 2426905
2428980 2431652
2432466 2433689
2434275 2436268
2437067 2442234
2444384 2445462
2447468 2448828
2455099 2455288
2457886 2463682
2464196 2465414
2466009 2468020
2468792 2472576
2478329 2479812
2481224 2481276
2485734 2486549
2487305 2497558
2498200 2502266
2504886 2507179
2508402 2508676
2509298 2512850
2513626 2513823
2514371 2516087
2521062 2521895
2522681 2522980
2524887 2526529
2530786 2531047
2539584 2540968
2544949 2547213
2547893 2548436
2550390 2558257
2561207 2561562
2563837 2564168
2566193 2567697
2570549 2571059
2572871 2574264
2574895 2575927
2576804 2577537
2578207 2578579
2579104 2579204
2583197 2583924
2584443 2587938
2589358 2589938
2592117 2594421
2595147 2595445
2598758 2599111
2601422 2605798
2606389 2610032
2614986 2615146
2616454 2616974
2618096 2619102
2623207 2623513
2624182 2629742
2631331 2632779
2633404 2635131
2635648 2639784
2640422 2643013
2646313 2646532
2648883 2649110
2650989 2653306
2654342 2657367
2662219 2662456
2668326 2669841
2671543 2672206
2672817 2674179
2674897 2675613
2678393 2679847
2680420 2680763
2681366 2683408
2684974 2685683
2688252 2689938
2691317 2692073
2692872 2697210
2697819 2698905
2699910 2700388
2701021 2703809
2706996 2709064
2710135 2710550
2711747 2713173
2715389 2715929
2717189 2719583
2720207 2720704
2721925 2722596
2724293 2725473
2729607 2736043
2738769 2742935
2743452 2743634
2748253 2748459
2750407 2751993
2752744 2754440
2754959 2755099
2755659 2759398
2763324 2765584
2766672 2768694
2769398 2770505
2771268 2771533
2772180 2772631
2773237 2774530
2776906 2778120
2778749 2780363
2781641 2784876
2785631 2785702
2786712 2787340
2791442 2793169
2794138 2800035
2805340 2805576
2808467 2808775
2812199 2812499
2813754 2816782
2823722 2824876
2825429 2827263
2828220 2829257
2829817 2830828
2832183 2832442
2833887 2833985
2840389 2841404
2843578 2843728
2844549 2845002
2848123 2852197
2854815 2857416
2857963 2858079
2860920 2866691
2869200 2869392
2869895 2870429
2873103 2873304
2874137 2874444
2875525 2877301
2877861 2882524
2883141 2884154
2885132 2885384
2886439 2887420
2891762 2892379
2896572 2897042
2897744 2898247
2899065 2902938
2905510 2908175
2914496 2918807
2923053 2923122
2927790 2927927
2928467 2929108
2929862 2933636
2936389 2939899
2942334 2944944
2950311 2950615
2951895 2952492
2953359 2953654
2954944 2959173
2962733 2963271
2965190 2965435
2968202 2971389
2973556 2973724
2977591 2978146
2980149 2980284
2981594 2982389
2988449 2989635
2990245 2990501
2991009 2991468
2992044 2993450
2994113 2995010
2995524 2997084
2999275 2999839
3000449 3000658
3001256 3002535
3003038 3008407
3009031 3009283
3013707 3014175
3014902 3015469
3017734 3019246
3029725 3031466
3032381 3032439
3034175 3034559
3037708 3038026
3038552 3040221
3042033 3043045
3045408 3045584
3048800 3048983
3049717 3050574
3055602 3055902
3059753 3059980
3060911 3063761
3066239 3068999
3073577 3074537
3075563 3075789
3077641 3077874
3079302 3079457
3082465 3085379
3085976 3090026
3090827 3091832
3092453 3092541
3093173 3094801
3096635 3098782
3100086 3100194
3100744 3102454
3111787 3118636
3127591 3127812
3130443 3131420
3133106 3136859
3140715 3143098
3143863 3146333
3148292 3148567
3149184 3149686
3151609 3152239
3152963 3153119
3154050 3155062
3155627 3156738
3158064 3158450
3159507 3160731
3162721 3163178
3166995 3168280
3169465 3170245
3171736 3175192
3180021 3182362
3183132 3187632
3189167 3189408
3190069 3190177
3195817 3196339
3196867 3197929
3198610 3198914
3200040 3204548
3205291 3206213
3208780 3209047
3210732 3211861
3212662 3212774
3215144 3218438
3219097 3219227
3220120 3221158
3221943 3223979
3224573 3226046
3231855 3237999
3238665 3239395
3241567 3244449
3244977 3245199
3245838 3248201
3249786 3250931
3252062 3254948
3257414 3257628
3261298 3261506
3265539 3266954
3268285 3270400
3274459 3274637
3276398 3279000
3280234 3280452
3282238 3283798
3285801 3286187
3291933 3295620
3296405 3298146
3299354 3299430
3302004 3303106
3304057 3305683
3308412 3309006
3312779 3313836
3315295 3315822
3316626 3317785
3318330 3320802
3322320 3325612
3326235 3326342
3326887 3328817
3329396 3330828
3331682 3331832
3332832 3332920
3334191 3335074
3338475 3343725
3344888 3347200
3348590 3349530
3351183 3352804
3354006 3354148
3355671 3355922
3356500 3357217
3359401 3360700
3361830 3365015
3366737 3368529
3370866 3371904
3372472 3372668
3374221 3374844
3375909 3377991
3380287 3381365
3382289 3388485
3390368 3390730
3391927 3392543
3396681 3397977
3398485 3398793
3399444 3399730
3400393 3400690
3401252 3403228
3408511 3408633
3409733 3410299
3411174 3416966
3418517 3419464
3420144 3420227
3423707 3433553
3434221 3435207
3437390 3438310
3440060 3442621
3443485 3445814
3448611 3449254
3450367 3450446
3454143 3455227
3455867 3456070
3458756 3460416
3461151 3461268
3466048 3468145
3468657 3468923
3469514 3473875
3474876 3475913
3476415 3477160
3477674 3478973
3480184 3484164
3484667 3484790
3492008 3494532
3495134 3499927
3500485 3500638
3501140 3503058
3504907 3505174
3509020 3509536
3511667 3514479
3518025 3519257
3522046 3522245
3526080 3529868
3530994 3532356
3533039 3534952
3539758 3540310
3541062 3547083
3547626 3549963
3551490 3552534
3554248 3554430
3558017 3558978
3560184 3560595
3563927 3564136
3564828 3567597
3570050 3571888
3572726 3573205
3573918 3576397
3577103 3577391
3578360 3578487
3579172 3580012
3580547 3581248
3583526 3584163
3587117 3588061
3588814 3590538
3592081 3592304
3593053 3593363
3598148 3599645
3602024 3602566
3604476 3605660
3606961 3610437
3611213 3612061
3612825 3616847
3619372 3620071
3620711 3622564
3623685 3625069
3626075 3631028
3634041 3634996
3637426 3639517
3640162 3640344
3642396 3642511
3647172 3647373
3652485 3653074
3654371 3655698
3656872 3657055
3657863 3658088
3658742 3658913
3660327 3663667
3664855 3665160
3666584 3667140
3668037 3669694
3670276 3672183
3677949 3679921
3680426 3680713
3682994 3685662
3687620 3690054
3692530 3694965
3695485 3696679
3697484 3699145
3701347 3707198
3709251 3711256
3713270 3714097
3715450 3715668
3717380 3718542
3719228 3719296
3727094 3727557
3728084 3729721
3730672 3734025
3734674 3736220
3739445 3740811
3745285 3748501
3749221 3749372
3750965 3751261
3752698 3754876
3758392 3758470
3759117 3759913
3760885 3761415
3762477 3763867
3764531 3765070
3767629 3769523
3770273 3774245
3776043 3776096
3783143 3783342
3784064 3790882
3794262 3796309
3800679 3804211
3804723 3807952
3808567 3809521
3811394 3812436
3814280 3817032
3820224 3820375
3821255 3822327
3822831 3823370
3823880 3824107
3824908 3825346
3825928 3827385
3828283 3829033
3829741 3831377
3832837 3833127
3836033 3837928
3838560 3838633
3839276 3840223
3843932 3846219
3847792 3850137
3851358 3853319
3859265 3859557
3862081 3863865
3868464 3870711
3873555 3873789
3874618 3874926
3877496 3881023
3885202 3885732
3888635 3890061
3892434 3893135
3895247 3897119
3903708 3904346
3906151 3907972
3909207 3913497
3915894 3917446
3918390 3918984
3920038 3920289
3921334 3922895
3923512 3923740
3926051 3927600
3930034 3935271
3940349 3940420
3941448 3941889
3942938 3943619
3944131 3945956
3946490 3946894
3949933 3950098
3955613 3955857
3958902 3959106
3959664 3961496
3962602 3962874
3964700 3965121
3965742 3968419
3968991 3970889
3972596 3972992
3978947 3980485
3984342 3986195
3992925 3993096
3994093 3994937
3995675 3996569
4002316 4002825
4006291 4006387
4007737 4008008
4010316 4010479
4014386 4015167
4018072 4019133
4024507 4025542
4027100 4027574
4034344 4034427
4035792 4037705
4038429 4038864
4039426 4040431
4041079 4041401
4046025 4046508
4047134 4047193
4048912 4049173
4049687 4052386
4053169 4061787
4066749 4067106
4069431 4069583
4071814 4071959
4073831 4076794
4077539 4079284
4079960 4080100
4080627 4081470
4085389 4085672
4086778 4086943
4088458 4090713
4091462 4091700
4093099 4094989
4095570 4097103
4098811 4102156
4102728 4102847
4106664 4108783
4112287 4116735
4117359 4117743
4119789 4122479
4123058 4124261
4125719 4125783
4126564 4128240
4129085 4130944
4132029 4138022
4142171 4144228
4149201 4153134
4154647 4155678
4156189 4157625
4159230 4159530
4160778 4162046
4164278 4166636
4167367 4167794
4170003 4171491
4174132 4178091
4178729 4179872
4180593 4181092
4182985 4184054
4186377 4187087
4192949 4194707
4195478 4195575
4196086 4198584
4201708 4202021
4202832 4202946
4203646 4204545
4206019 4206432
4206997 4212151
4212904 4213508
4214013 4214795
4220445 4220706
4222275 4223274
4223831 4223901
4228712 4231813
4246084 4246241
4248035 4248216
4251250 4252615
4253660 4255382
4258325 4262673
4264241 4266323
4268563 4269400
4270664 4271317
4272860 4273432
4279489 4280783
4281562 4282596
4284708 4288434
4289014 4289526
4292340 4294578
4295153 4295836
4296689 4297890
4301835 4307029
4309579 4310591
4313116 4313941
4316444 4316705
4318559 4319080
4320707 4324650
4325730 4326188
4328722 4329084
4331554 4335443
4336154 4336467
4340722 4340861
4342305 4345764
4346518 4347175
4349796 4349939
4353256 4353562
4354211 4355075
4356302 4356510
4359739 4362561
4363422 4363950
4364711 4365563
4366781 4367018
4370693 4371351
4371856 4372878
4373640 4373929
4378288 4378738
4382450 4382992
4383940 4384363
4387653 4388591
4389174 4390310
4397238 4397327
4402045 4405378
4407830 4408027
4409853 4413013
4417898 4420281
4422493 4423346
4424823 4426595
4428559 4430718
4432316 4434264
4434782 4438417
4445598 4445783
4447054 4447213
4447750 4448284
4452924 4459786
4460675 4460776
4462955 4463124
4463928 4464241
4467836 4468401
4468998 4471393
4473856 4476401
4479154 4481566
4482097 4485562
4487504 4488586
4489552 4491385
4492237 4493175
4494307 4496501
4497097 4498018
4498886 4499265
4499860 4501902
4503151 4503786
4511525 4511677
4512758 4515883
4518301 4519050
4519702 4520702
4525384 4526238
4526854 4528030
4528606 4530427
4531272 4532062
4536374 4536473
4536995 4537858
4539544 4539927
4540431 4540692
4542557 4542765
4543942 4545174
4545704 4547777
4548340 4549906
4550704 4553820
4556063 4556936
4558475 4559178
4560859 4562971
4563702 4565126
4567515 4567652
4569476 4570212
4572348 4572646
4573555 4574181
4575861 4575932
4576572 4580398
4581119 4581930
4582596 4585236
4586164 4586640
4588303 4589719
4590470 4590673
4592349 4593799
4601519 4602607
4603600 4605525
4606198 4608615
4611687 4613458
4616957 4617244
4625990 4626278
4627229 4627752
4628391 4628852
4629645 4630879
4632121 4632241
4634162 4637229
4639228 4639424
