e_coli_k12_gi_556503834_ref_NC_
223564 228906
257972 258577
279327 280013
290540 291302
339931 340115
349880 349972
357575 357675
375077 375162
391807 392873
566870 567936
574685 575687
580537 581263
608106 609252
687945 688952
696430 696864
729901 731565
732089 732340
734311 734999
736482 738392
780841 781745
805840 805932
1050004 1050446
1094343 1095404
1097041 1097560
1269228 1270395
1286784 1286899
1299593 1300600
1396138 1397144
1466538 1466756
1468008 1470417
1528415 1529075
1531990 1532816
1552226 1552403
1632659 1634860
1650942 1651450
1708575 1708670
1978602 1979154
2066275 2067200
2069039 2070174
2101845 2102849
2170268 2171278
2289015 2289968
2304390 2304841
2514372 2515519
2518036 2518150
2520984 2521421
2662493 2662583
2726143 2731273
2818145 2818196
2947468 2947687
2996458 2997593
3130240 3131247
3186194 3187328
3269872 3270071
3365651 3366655
3423526 3428818
3583526 3584057
3621698 3622763
3624432 3624957
3652129 3653137
3666304 3667238
3708458 3708535
3762363 3765730
3941541 3943581
4027511 4027609
4035264 4036993
4037496 4040758
4094399 4094610
4153346 4153468
4166398 4166512
4168221 4171781
4176178 4177010
4207942 4213067
4296097 4296433
4326015 4326274
4392413 4392488
4498280 4499413
4507557 4508582
4606141 4606196
4614321 4614521
