Ecoli_0970_Taxon015_
1 1412
15442 16660
19851 20113
162436 167936
223678 228950
257963 258620
270815 271706
274010 274912
279218 284966
290496 306729
315296 316428
343154 346728
350137 380224
381999 382733
383264 383738
391764 392896
462772 463904
566832 569459
574980 581245
605546 609280
611865 612444
688206 690179
693510 697141
964457 967071
1049883 1050490
1094298 1095432
1097019 1097837
1217817 1219099
1222242 1222955
1335965 1341595
1342319 1351961
1381908 1390979
1404821 1405848
1429884 1434034
1468138 1470424
1564042 1568438
1585576 1589016
1632615 1633269
1640618 1641971
1989005 1990673
1996648 2000231
2034585 2042720
2044130 2045910
2057526 2057656
2058356 2066880
2068714 2069617
2156740 2157238
2160802 2163542
2193709 2198510
2199159 2201224
2209547 2209876
2224502 2225438
2243119 2248816
2265787 2269347
2269936 2284848
2327868 2336434
2416773 2425801
2507011 2508229
2520112 2524160
2688557 2692010
2697054 2702298
2706974 2720748
2808974 2812143
2812680 2819086
2839467 2852329
3080880 3082012
3089280 3092849
3094052 3103863
3190236 3194746
3196439 3197466
3262918 3283066
3375727 3376754
3381035 3381365
3423785 3447906
3452217 3456537
3479544 3480545
3484479 3487686
3497678 3503270
3583483 3585641
3619132 3622807
3637469 3638394
3644269 3653118
3664796 3665150
3666289 3667513
3686514 3689741
3690346 3696175
3715755 3716298
3760605 3762503
3764236 3765772
3943321 3946702
3972561 3977271
4031500 4041202
4116978 4125861
4241810 4242033
4306812 4311798
4378194 4391523
4401247 4405929
4406507 4411422
4418464 4426139
4452752 4457231
4462991 4464132
4466453 4489787
4515478 4517688
4573872 4577034
4582184 4590511
4593857 4606175
