gi_556503834_ref_NC_000913.3_
16419 16744
20365 20485
30731 30781
38549 38873
49738 49798
52804 53533
57643 58003
65304 65619
67706 67777
68369 68465
103014 103187
112106 112498
113318 113513
114842 115168
116331 116864
145433 145485
149184 150307
157825 158006
159818 160175
174562 174881
177476 177561
180556 180605
192042 192098
195976 196325
229342 229428
237153 237250
247718 247775
248309 248565
249582 249706
252909 253232
262810 263104
285247 285533
294121 294173
304718 304909
317063 317194
342121 342460
343824 344223
345656 345734
374991 375257
385107 385559
398563 398678
406078 406127
413258 414010
418047 418403
420654 420887
433732 434461
438525 439042
444509 444580
445393 445585
459269 459333
465427 465670
468182 468558
475821 475881
478569 478737
485838 485936
501509 501564
509234 509506
510241 510827
539882 539968
540984 541066
549999 550057
551313 551370
562326 562411
563465 563745
577537 577812
585544 585611
589320 589563
600923 600983
619215 619568
634909 635867
637678 637736
646772 646866
656610 656902
661301 661458
669638 669810
686112 687004
693014 693260
700841 701421
716612 716892
730381 730929
740486 740549
747593 747848
751109 751473
760853 761423
764569 764856
777960 778227
783711 784248
792564 792900
797295 797356
806884 807076
808940 809004
815328 815378
821603 821830
837591 837936
843062 843805
845944 846351
848118 848167
854023 854105
863327 863714
869853 870091
884572 884871
897934 899347
902995 903256
908844 908940
915239 915551
918168 918416
921064 921147
922225 922345
930888 930987
935331 935886
941795 942282
946539 946590
949679 949990
966677 967107
973934 974989
982511 982892
989649 989702
1010396 1010745
1012205 1012354
1013801 1014415
1017435 1017755
1021707 1021762
1029225 1029524
1035338 1035666
1038270 1038703
1070415 1070894
1071735 1072070
1083146 1083828
1095436 1095496
1102813 1103233
1105461 1105779
1124771 1124841
1131733 1131785
1134758 1135061
1135564 1135737
1138857 1139226
1140194 1141104
1149271 1149702
1151712 1151765
1154485 1154843
1156122 1156428
1158530 1158806
1170262 1170329
1182309 1183119
1186727 1187291
1205483 1205744
1211973 1212326
1213402 1213497
1223286 1223359
1225465 1225795
1242667 1242723
1248750 1249165
1250451 1250543
1266657 1266750
1273515 1273580
1295132 1295625
1302206 1302584
1316397 1317042
1344457 1344522
1357482 1357533
1359591 1359664
1363359 1364094
1396004 1396673
1404083 1404680
1436179 1436282
1440380 1440442
1463374 1463690
1464344 1464588
1465389 1465658
1476200 1476888
1484670 1485021
1486280 1486546
1493111 1493464
1496596 1496648
1507563 1507679
1512458 1512936
1518498 1519346
1529910 1530447
1541473 1541844
1572987 1573876
1575477 1575854
1607529 1607796
1622224 1622277
1641097 1641533
1644621 1644675
1649285 1649785
1663377 1663442
1673187 1673284
1690848 1691173
1693027 1693307
1695050 1695104
1704269 1704337
1704999 1705285
1711338 1711425
1716410 1717210
1723428 1723640
1736849 1737361
1756255 1756585
1758300 1758657
1760715 1760783
1775126 1775764
1804556 1805006
1812955 1813006
1830375 1830626
1834413 1834477
1840792 1841051
1843972 1844202
1850245 1850572
1874480 1874771
1884230 1884541
1885644 1885774
1899766 1900100
1901332 1901384
1904029 1904083
1913204 1914412
1926252 1926313
1927044 1927439
1935319 1936121
1943450 1943513
1947261 1948051
1958545 1958629
1964584 1964928
1967529 1967883
1972685 1973008
1973836 1973888
1976887 1977170
1983591 1983809
1987754 1987864
1988769 1989082
1993141 1993839
2023071 2023894
2027688 2027788
2031889 2032273
2039091 2039397
2047344 2047663
2104320 2104707
2113898 2114221
2118254 2118625
2119304 2119613
2123790 2124203
2127256 2127512
2129015 2129290
2157463 2157534
2161167 2161254
2166389 2166649
2168851 2169167
2178157 2178262
2183357 2183585
2186604 2186796
2194669 2194770
2200969 2201258
2211955 2212285
2225401 2225490
2244125 2244428
2255917 2256235
2258029 2258084
2262802 2263248
2279441 2280030
2287400 2287770
2296902 2296972
2306220 2306377
2308678 2308886
2319519 2319604
2321402 2321655
2322622 2323094
2329436 2329591
2346736 2346838
2349868 2350256
2352482 2352532
2354857 2354947
2364511 2364579
2365393 2365691
2371776 2372193
2377231 2377306
2379765 2380075
2391841 2391902
2406413 2407287
2416202 2416462
2426174 2426493
2433943 2434375
2450752 2451080
2454125 2454699
2458372 2458437
2467319 2467775
2475387 2475682
2489055 2489572
2522858 2523329
2525911 2526012
2533864 2534629
2551204 2551531
2553324 2554161
2564071 2564130
2566375 2566436
2577719 2578015
2579894 2579944
2598500 2598806
2612691 2612991
2616731 2617073
2620760 2621015
2627657 2627720
2630661 2631208
2638577 2638637
2639838 2639904
2649432 2649644
2652283 2652349
2670713 2671225
2682727 2683040
2691333 2691627
2695264 2695323
2701046 2701287
2702784 2702871
2710042 2710672
2715365 2715874
2732708 2733065
2734880 2735409
2743609 2744321
2759663 2759771
2795624 2795679
2806307 2806534
2812429 2812608
2819812 2820284
2830105 2830809
2836552 2836617
2841181 2841912
2848529 2848953
2860768 2861304
2896660 2896746
2897645 2897936
2910448 2911127
2920326 2920590
2938476 2938526
2947439 2947524
2971272 2971334
2972194 2973253
2988958 2989435
2995868 2995924
2997394 2997715
2998523 2998575
3006025 3006086
3021229 3021482
3033186 3033257
3054651 3054705
3068925 3069654
3072839 3072963
3075426 3075476
3086860 3087156
3089916 3089969
3095860 3096163
3103770 3103822
3107784 3107879
3113702 3114007
3118942 3119524
3124003 3124406
3126338 3127172
3143317 3143402
3144357 3144409
3156694 3157005
3166459 3166531
3169660 3170012
3170845 3171050
3197338 3197477
3202450 3202780
3214450 3214832
3215430 3215743
3225565 3225616
3227390 3227973
3229496 3229552
3235703 3236135
3278670 3279075
3288965 3289218
3290329 3290410
3301708 3301811
3309428 3309683
3315948 3316035
3327329 3327390
3338016 3338939
3351385 3351925
3354953 3355407
3369169 3369455
3375966 3376784
3379306 3379736
3383555 3384198
3393371 3394426
3399639 3399740
3402947 3403299
3414642 3415586
3416637 3417002
3434255 3434331
3435090 3435229
3467981 3468048
3483636 3483695
3490983 3491374
3493816 3494696
3501137 3501350
3507044 3507345
3535571 3535632
3572022 3572293
3575615 3575954
3590904 3591249
3591900 3591963
3592512 3592569
3596861 3596981
3597577 3597803
3605899 3606152
3626494 3627123
3633396 3633802
3634442 3634502
3653425 3654150
3654684 3654794
3671275 3671348
3697032 3697373
3704174 3704868
3707142 3707470
3720513 3720568
3721315 3722004
3726180 3726451
3734194 3734556
3743087 3743401
3746841 3747087
3751955 3752540
3772240 3772525
3775713 3776256
3778431 3778900
3790471 3791355
3800220 3800742
3811872 3812324
3818619 3818919
3823621 3824154
3825686 3826000
3833258 3833344
3845062 3845307
3849238 3849588
3866243 3866323
3869587 3869644
3873752 3874051
3876888 3876991
3881701 3881931
3882466 3883188
3885722 3885972
3905999 3906624
3917907 3918233
3923856 3924497
3930861 3931350
3933028 3933095
3940170 3940648
3944423 3945292
3945905 3946239
3947776 3948135
3959842 3960771
3962578 3962917
3970782 3971063
3974065 3974553
3978683 3979271
3982588 3982897
3992809 3993150
4011469 4011603
4016726 4016775
4026762 4026819
4032050 4032330
4036104 4036167
4039787 4039839
4041811 4042102
4050233 4050948
4056545 4056899
4075741 4075799
4079333 4079402
4089373 4089439
4092989 4093350
4099683 4099934
4102413 4102695
4114321 4114611
4117954 4118039
4127894 4128449
4131585 4131636
4145333 4145450
4159305 4159365
4160863 4161121
4162200 4162443
4181184 4181316
4187617 4187690
4190217 4190278
4192329 4192811
4203102 4203622
4205993 4206080
4231956 4232206
4235080 4235399
4240995 4241078
4259422 4259779
4262065 4262150
4270653 4270939
4273175 4273224
4285715 4286030
4300883 4301255
4304196 4304468
4313765 4313848
4331291 4331400
4338729 4338954
4339974 4340273
4346042 4346094
4356728 4357404
4365502 4365555
4370010 4370118
4377224 4377530
4386099 4386150
4393274 4393353
4394341 4394650
4413375 4413472
4426452 4426515
4430871 4431187
4436209 4436687
4442865 4443292
4453648 4453720
4462592 4462949
4472047 4472096
4494477 4495145
4497272 4497583
4515611 4515983
4521963 4522319
4525191 4525493
4541009 4541071
4541804 4542114
4546388 4546710
4547903 4547968
4550941 4551277
4552693 4552974
4554174 4554483
4556528 4556861
4560104 4560221
4583173 4583384
4594055 4594108
4600820 4601162
4606542 4606621
4614154 4614205
4626159 4626211
4634130 4634822
4635356 4635423
4641580 4641652
