gi_556503834_ref_NC_000913.3_
1 2057
2822 3931
4919 8302
9613 9934
10819 11538
12428 12674
13002 13154
14059 14420
15373 16741
18693 18861
19647 20480
21036 21258
22340 28254
28881 28980
31780 32062
32786 33407
35011 35425
36095 36321
36826 37273
37978 38550
39392 40545
41449 42995
43514 45795
46528 50382
51218 51667
52374 52538
52864 56034
56921 57392
57937 58313
60223 60934
62183 63589
63963 64043
64504 65530
66015 70617
71243 74632
75515 76301
76659 78249
78621 83456
85155 85458
85805 86250
87327 87567
88095 88534
89074 89604
91152 92273
92894 98160
98914 98997
99584 99947
100306 100601
101422 103227
104568 105246
106271 108502
109940 111874
112346 112759
113990 114294
116344 118896
119708 120729
121153 121528
122045 123758
124919 125735
126077 126766
128224 128804
129590 131620
132248 133715
134138 135885
136295 136899
137936 141956
142379 142910
143356 145906
146354 146721
147442 149959
150701 153354
154187 155258
155812 156560
157366 159803
160398 160638
161198 163803
164155 164436
164949 165180
166388 166614
167516 167591
168070 169007
169725 172018
173174 173691
174378 174449
174891 175052
176631 177595
177949 178550
179065 180778
181361 183948
184469 184585
185083 185391
186541 187035
187433 189463
189944 191821
192254 192930
194351 195745
196260 197711
199416 199634
200005 201050
201379 202076
202458 203651
204708 205495
206374 208136
208824 210516
211614 212568
214196 214330
215159 215444
218095 219134
219949 223464
223567 229459
230165 231213
233070 233264
233578 239677
241529 242400
243504 245543
245949 246313
246797 246897
247390 250387
251103 256896
257275 257462
258676 259144
259748 260597
261001 261510
262443 262750
263359 265603
266235 267665
268448 269892
270671 272012
272780 273957
274071 276792
277548 280189
281324 281576
281877 284652
285014 286612
287023 287322
289513 289636
290356 292366
293613 295667
296460 296788
297799 298437
299702 300488
300881 301269
301659 302246
302672 304617
305352 306847
307583 308510
308969 310807
311385 312706
313623 314374
314854 316945
318423 319837
320327 320938
321813 322798
323134 323189
323659 324116
325343 325937
326417 329450
331080 333877
334535 335976
336304 339848
339968 340059
341041 344038
344496 345342
345851 350213
350678 351216
351551 357847
359429 360045
360417 363151
364067 364486
364908 365927
366234 366354
366883 367875
368979 369207
370827 371616
372479 372739
374398 377009
377342 387952
388523 390328
390919 392972
393506 394004
394406 394476
394995 395230
396930 397232
397790 398535
400006 400612
401430 401971
402385 403846
404275 405450
406531 408033
408457 408761
409809 410017
410966 412574
414520 415138
415692 416052
416987 418559
419259 419786
422139 422506
423195 423423
423886 424858
426551 427149
427457 430391
430968 431463
432811 432963
433534 443310
443699 444482
445051 445557
445953 446660
447379 449814
450147 453758
454079 454967
455958 457946
458766 460602
461103 461588
462023 463034
463570 464083
464785 464872
465956 466448
467410 470819
471442 471598
473545 477669
477999 483013
483412 485655
486135 487147
487627 488810
490114 491056
492235 492413
493899 494653
495296 496112
497155 497881
498233 498671
499279 499458
502889 503456
505882 507232
509506 510264
510872 511527
512291 514017
515546 516798
517735 518443
519282 519707
520198 522568
523158 526852
528698 529302
529853 533329
534860 534972
535632 538794
539518 539744
540204 541982
542311 544094
544449 545898
547009 547238
548350 548534
548941 553639
554023 554273
554938 555010
555519 556272
556761 557849
559128 559199
559660 561394
562199 564998
566132 566770
569342 569648
571129 572702
573128 576732
577290 577814
578455 579498
580476 581364
581749 583283
584103 591908
593222 594584
595346 595472
595986 596638
597106 597479
597831 598041
598907 599050
599871 602263
602632 603116
603510 604032
605999 612375
612814 613050
613793 614630
615015 615173
616610 616907
617318 618749
619582 621994
622758 623428
623898 626671
627039 628204
628881 629138
629953 632530
633306 635274
635861 637718
638161 638617
639469 641027
642063 648279
648742 650085
650716 652961
653324 654907
656309 657417
657980 660543
661106 661614
662002 662251
663410 664228
666264 666710
667085 669248
670675 674838
675422 677642
678897 680756
682207 682348
682983 683931
684448 684505
685457 687035
687659 687846
687957 689111
690198 694308
696742 697260
698806 700450
702013 702062
702512 703089
703394 705207
705639 705940
707526 710079
710786 711152
711765 712229
713228 713384
714919 716293
717242 719356
720082 723424
724213 727000
728033 735524
736304 738702
739178 741016
743114 745707
746515 748753
749282 750729
752106 753826
754718 755928
756368 760465
760935 762138
762663 762919
764557 765519
765885 766012
768347 768655
769883 772824
773319 773592
774327 775376
778035 781367
781544 781684
781845 781898
782272 783045
783942 784053
784772 785177
786576 788432
788763 788848
789753 789898
790254 790502
791974 792306
793540 793625
795077 795366
796160 800237
801014 801264
801790 801970
802610 804053
805268 807634
808409 808581
809149 809422
810512 811211
812802 812993
813335 813440
813818 814641
815164 815292
816947 819485
820248 821211
821573 821955
823149 824541
825994 826503
826921 831022
832301 832769
833460 834430
835865 836673
838547 840151
841314 846466
847004 847216
847590 848716
849326 853291
853711 854041
855327 855394
856097 856944
857364 858192
858768 859486
860315 860603
861841 863565
863864 864226
865846 868197
868936 869656
870219 870326
871478 871990
872421 872966
873308 873403
874884 876979
877191 877973
878801 879353
880146 881400
881907 883605
884612 885686
886160 887229
888500 888585
889632 894385
894818 897324
897936 898899
899444 900739
901043 901272
902404 902475
903790 904580
904901 910635
911812 912709
913949 914483
914914 924292
924800 929589
929994 931973
933019 935237
935653 937525
937875 941092
942765 944285
944796 945909
946349 950266
950864 952089
952702 953295
955179 958997
959447 962215
963094 965323
966312 967807
968243 968752
969338 970656
971328 971441
972338 974629
975642 976430
977743 978725
979246 980337
981024 981512
981824 982191
982653 982934
984031 986749
987333 989097
989840 989988
990891 991409
992594 993890
998248 999215
999674 1004346
1005060 1005950
1007118 1008742
1009441 1011595
1013630 1014103
1014434 1014547
1015249 1017822
1018277 1018359
1019051 1019136
1019640 1022684
1023323 1025198
1025623 1027047
1027928 1028003
1028304 1029120
1029564 1029679
1030076 1030169
1030931 1031146
1032037 1035419
1035922 1044302
1045155 1046531
1046931 1047172
1047759 1048161
1048645 1051063
1051609 1051769
1052171 1052471
1053635 1054757
1056532 1057346
1057731 1059546
1060387 1063388
1064590 1064923
1065598 1065962
1066269 1067709
1068048 1068380
1068777 1070111
1070452 1074017
1074422 1074596
1075506 1077085
1079781 1080031
1081395 1082810
1083450 1083849
1084521 1089069
1089476 1090107
1091247 1092378
1092984 1095653
1097240 1100400
1101163 1101974
1102997 1105034
1106441 1108450
1108902 1111812
1113038 1115370
1115774 1116772
1118301 1118830
1119623 1120454
1120911 1122343
1124889 1125751
1128967 1129529
1130302 1132748
1133215 1133393
1135523 1141856
1142178 1142572
1143222 1143353
1143680 1144296
1144870 1144927
1145641 1146881
1147812 1148196
1149028 1149483
1150530 1150884
1151507 1152390
1153001 1158458
1160025 1164249
1164878 1164946
1165731 1167799
1168128 1168237
1168859 1169122
1171573 1172249
1172549 1172769
1173592 1173930
1174885 1175785
1176349 1176977
1178875 1178943
1179392 1179817
1180277 1182819
1183146 1184130
1184679 1185684
1186878 1187418
1188116 1189455
1189986 1192473
1193068 1193301
1194912 1195899
1196545 1199667
1200304 1201225
1202233 1204210
1204573 1205513
1206540 1206747
1207805 1212223
1213349 1213994
1214481 1217923
1218324 1218877
1220250 1221920
1222329 1222406
1222950 1224140
1225114 1225997
1226736 1230116
1230930 1231955
1232335 1232451
1233294 1233456
1234045 1235278
1235690 1237269
1238895 1240474
1241832 1242004
1242815 1243276
1244143 1244536
1245682 1246075
1246818 1247697
1248054 1248440
1248950 1249081
1249409 1253295
1254863 1256728
1257106 1257281
1257646 1259403
1259854 1259957
1262099 1262322
1264137 1271608
1272009 1273364
1273667 1276597
1279976 1281593
1282102 1284344
1285129 1286242
1286673 1287337
1287633 1288353
1288763 1288894
1289626 1290664
1291025 1291936
1292456 1293148
1293721 1294097
1294548 1294817
1296333 1298824
1301033 1301532
1301839 1307371
1308296 1308619
1309037 1309977
1310333 1310548
1310990 1311057
1312306 1313115
1313447 1313560
1315890 1316174
1316687 1325580
1325927 1326190
1326978 1327056
1327910 1330037
1330689 1332475
1333160 1333575
1333893 1336745
1337520 1337709
1338490 1338832
1339887 1340701
1342163 1343103
1343818 1344534
1345312 1347594
1348503 1349605
1349842 1350065
1350798 1350932
1351395 1354363
1354828 1357368
1357796 1357980
1359181 1360546
1361028 1361165
1363953 1365473
1366276 1367180
1367881 1374461
1375294 1375989
1377014 1377074
1377817 1378574
1379071 1379171
1379505 1379899
1380470 1381233
1381771 1381846
1382402 1384995
1385407 1385587
1386424 1387399
1388343 1388449
1389248 1394173
1394822 1397122
1397433 1399402
1399935 1401009
1401312 1402411
1403331 1406950
1408017 1409045
1409750 1411203
1412799 1418801
1419267 1420379
1421075 1421405
1422462 1423541
1424671 1425159
1425598 1426868
1427715 1428496
1429763 1429935
1430622 1430967
1431811 1433181
1434896 1436831
1438080 1438363
1438913 1439188
1439596 1439681
1440313 1440725
1441562 1442241
1442691 1443342
1444167 1444850
1445463 1445898
1447055 1447867
1448994 1449683
1450168 1451535
1452339 1452501
1452834 1454136
1455526 1455619
1456682 1457113
1457619 1458928
1460288 1462441
1462772 1463175
1463854 1463961
1465304 1466719
1467162 1469120
1470809 1470971
1471871 1473722
1474842 1475059
1475590 1479426
1481081 1484987
1485305 1486755
1488004 1488676
1488993 1489336
1489809 1492022
1492604 1492681
1493272 1497748
1498459 1501163
1503749 1504363
1505790 1505888
1506957 1507837
1508653 1509939
1510251 1514091
1515306 1516565
1517469 1521147
1521809 1522848
1523202 1529639
1530235 1530858
1531239 1532932
1533417 1534920
1535324 1539371
1540946 1541065
1541512 1543864
1544688 1545476
1545986 1548866
1549862 1550784
1551255 1551812
1552312 1553679
1554253 1555023
1555446 1555871
1556281 1557677
1560040 1560188
1560576 1560784
1563671 1564914
1565482 1565730
1566781 1568803
1569312 1570142
1570750 1570917
1571597 1572528
1573086 1574513
1575746 1576403
1577337 1577490
1578392 1578462
1579172 1579686
1580086 1584140
1584859 1586610
1588501 1588869
1590363 1590548
1592382 1592542
1593656 1593849
1594766 1596433
1597831 1598123
1598557 1599180
1599588 1600890
1602935 1603540
1603911 1607988
1608576 1609012
1610520 1611049
1612107 1612207
1612723 1614077
1614800 1615798
1616213 1616792
1617473 1617580
1617891 1621416
1621998 1622083
1622911 1622986
1623729 1624466
1625014 1625122
1626033 1626213
1626527 1629827
1630998 1634131
1635124 1638130
1638843 1639394
1640662 1641700
1642321 1643524
1643873 1647796
1648375 1649443
1649927 1652334
1652767 1652974
1653380 1660349
1661097 1661633
1662162 1662778
1664451 1664584
1665000 1670955
1672409 1672532
1673716 1674313
1675694 1678053
1679445 1679910
1680496 1681390
1681860 1682323
1682750 1683414
1685858 1686816
1687198 1690002
1690823 1692856
1695607 1696237
1696741 1697875
1700784 1701123
1702738 1704210
1704670 1705576
1705982 1706809
1708288 1709841
1710868 1711630
1712298 1712882
1713210 1714632
1715776 1717866
1718250 1718306
1719162 1724381
1726881 1728799
1729575 1732199
1732922 1736181
1738545 1738697
1739638 1742282
1743464 1744088
1746364 1746433
1746883 1747444
1748054 1748260
1749115 1750414
1751148 1751861
1752310 1753516
1754755 1755842
1756180 1757389
1758207 1758404
1759287 1759573
1759967 1761600
1762638 1763954
1764516 1764778
1765207 1768824
1769416 1770110
1770678 1770859
1772605 1773938
1775210 1777472
1778498 1781275
1782345 1782899
1783386 1785430
1785828 1786302
1787206 1787746
1788386 1789085
1789732 1790238
1790771 1792837
1793357 1793486
1794024 1794678
1795663 1795905
1796344 1796610
1797288 1800177
1801470 1801522
1802204 1806036
1806542 1806720
1807548 1808069
1809286 1811639
1811967 1812373
1812919 1815656
1816162 1817334
1818321 1818436
1820594 1820702
1822178 1824088
1824857 1826609
1827205 1827728
1828168 1829522
1830063 1832028
1832752 1833522
1834930 1835581
1836159 1837153
1838229 1838398
1838792 1839398
1840352 1842878
1843463 1844498
1844873 1845368
1845773 1845912
1846276 1846349
1847316 1848266
1848759 1851700
1852076 1855761
1856536 1858722
1860324 1860972
1861834 1862263
1862906 1863160
1863748 1865015
1865786 1867180
1868141 1870079
1871271 1871931
1872342 1877066
1877768 1878079
1879461 1879987
1880800 1881115
1881763 1881971
1882476 1883620
1883958 1887298
1887789 1888099
1889144 1889970
1890691 1890851
1891241 1897130
1898239 1899827
1900371 1901779
1902136 1903897
1904308 1904492
1905037 1905105
1906020 1906563
1906915 1908146
1910438 1910744
1911212 1914634
1915510 1916017
1916577 1918454
1918934 1920379
1922668 1922772
1924175 1924693
1926087 1928622
1929610 1929810
1930881 1932458
1933222 1934008
1936566 1936775
1938309 1939152
1940359 1940658
1941061 1941509
1941996 1942980
1943316 1943860
1944963 1945642
1946469 1946550
1947090 1950439
1951077 1952321
1952911 1955123
1956559 1958286
1959669 1962523
1964072 1966734
1967934 1970817
1971697 1973388
1974073 1974371
1974711 1977596
1978151 1979270
1979750 1980182
1980876 1983971
1985103 1988991
1990424 1990926
1991335 1991417
1992406 1992487
1993305 1994061
1994534 1995849
1996240 1997812
1998264 1999728
2000738 2004902
2005359 2006000
2006621 2006713
2007856 2007931
2009327 2009938
2010261 2013016
2013522 2015754
2016865 2017145
2017776 2019453
2021640 2024160
2024521 2024586
2025700 2028786
2030070 2030140
2030966 2033170
2033580 2036779
2037293 2037397
2038256 2038850
2039752 2040554
2041161 2041268
2042429 2043289
2043991 2044531
2044976 2045634
2048095 2049962
2050575 2051649
2052779 2052991
2053959 2059333
2060405 2061115
2061467 2061825
2062763 2062924
2063640 2064432
2064884 2065351
2065650 2067657
2068019 2068082
2072944 2073824
2074401 2074818
2075413 2075950
2076688 2077167
2077800 2080083
2081113 2082543
2083312 2083373
2083798 2084100
2086996 2089085
2089875 2090310
2090996 2091096
2092123 2093970
2094382 2097830
2098826 2099183
2099694 2099950
2100570 2101473
2101777 2102858
2103270 2105562
2105971 2107344
2107661 2108183
2108726 2111372
2111848 2112246
2112624 2112758
2114229 2116234
2117069 2119491
2120015 2120339
2120976 2122417
2122842 2122899
2123843 2127236
2127573 2128399
2130062 2130726
2131117 2131193
2132419 2135089
2135680 2138301
2139400 2139684
2140074 2140454
2140988 2145214
2145678 2146901
2147393 2147926
2148419 2149884
2150276 2154650
2155486 2156239
2156869 2162190
2162941 2163577
2164237 2165948
2167064 2167281
2168731 2172323
2173800 2174082
2174435 2174556
2176453 2177641
2178481 2179398
2179905 2181497
2182335 2184045
2184579 2187760
2188852 2189380
2189875 2191229
2192838 2194467
2194816 2196365
2196723 2197504
2198538 2199291
2199689 2201576
2202244 2202455
2203094 2205014
2205432 2211518
2212369 2212567
2214261 2217405
2219999 2222611
2223760 2223836
2225829 2226169
2226721 2228818
2229206 2233830
2234153 2237142
2238275 2238845
2239311 2240900
2241530 2241737
2242988 2245317
2245710 2248494
2249211 2250516
2252502 2254541
2255572 2259129
2259821 2259942
2260523 2261954
2262307 2263788
2265173 2265360
2266461 2266624
2266921 2267149
2267633 2270070
2271319 2272282
2272684 2273321
2274692 2275710
2276557 2277321
2278139 2281302
2283266 2284120
2285303 2285397
2285759 2286250
2286847 2291971
2292421 2293147
2295251 2296497
2297118 2298050
2298926 2300696
2301032 2304007
2304537 2305050
2305503 2306073
2306520 2306838
2307483 2308129
2308960 2309572
2310463 2312698
2314317 2319205
2320440 2323951
2326374 2326452
2328011 2328550
2329187 2329465
2330429 2330690
2331029 2333215
2335248 2335453
2337021 2337179
2338181 2338417
2339139 2340515
2342994 2344026
2344403 2344561
2344993 2347853
2348253 2351377
2352077 2353110
2353588 2354088
2355350 2355612
2355996 2356788
2357653 2360469
2361167 2361350
2362755 2363660
2364044 2367579
2368386 2368643
2369009 2370866
2372106 2372170
2373515 2373854
2374430 2379009
2380581 2383238
2384627 2385467
2387232 2387490
2388525 2388723
2389038 2389102
2390047 2392920
2394725 2394845
2395929 2399279
2399628 2399826
2400145 2403158
2403465 2405436
2406273 2406851
2407484 2410016
2410985 2412082
2412787 2412939
2413897 2414268
2415338 2415750
2416510 2419313
2420618 2421326
2421771 2424222
2425634 2426318
2426660 2427972
2428308 2430069
2430700 2432047
2432675 2433855
2434796 2443862
2444756 2445061
2445784 2447419
2448036 2449271
2450128 2450372
2451736 2453241
2454396 2454476
2454988 2455440
2455784 2459772
2460136 2460269
2461006 2463328
2463864 2473576
2474180 2476937
2477388 2478123
2480174 2481030
2481392 2483164
2483958 2485684
2487999 2488069
2488396 2489037
2489549 2490425
2493711 2496875
2497234 2498044
2499416 2500111
2500923 2501257
2503069 2503213
2503881 2503973
2505787 2508188
2508496 2509129
2510989 2512121
2512496 2513712
2515628 2516300
2516962 2517293
2518228 2520056
2520512 2520930
2521093 2521905
2522633 2523498
2524915 2525266
2527652 2527801
2528199 2528487
2528840 2529748
2530897 2532289
2532879 2533442
2533948 2534065
2534425 2534530
2535138 2537910
2539345 2540778
2541220 2544061
2544502 2545042
2545411 2547398
2547945 2549855
2550231 2550464
2553003 2554587
2554935 2555261
2556429 2561194
2561907 2564572
2565273 2567866
2568243 2568747
2569443 2569673
2570294 2570962
2571704 2572604
2573744 2574276
2574583 2574990
2575297 2575807
2577018 2579633
2580047 2581078
2581497 2582863
2584074 2590094
2590924 2591941
2592619 2593629
2593951 2596012
2597742 2599586
2599974 2600581
2601328 2601440
2601953 2602733
2604043 2605930
2606522 2611082
2611500 2612824
2613508 2614636
2616991 2618149
2618531 2619062
2619485 2620134
2620882 2621354
2621808 2622357
2624494 2628696
2629641 2630785
2631724 2632104
2632666 2633731
2634100 2634284
2635103 2639868
2640251 2642155
2642479 2643042
2643698 2644203
2644752 2646511
2646944 2648111
2648717 2648852
2649661 2649902
2651060 2651264
2652589 2653464
2654181 2654257
2654893 2655207
2656332 2657286
2657599 2657915
2658638 2658895
2660525 2660648
2662245 2662296
2662399 2662819
2663192 2664522
2666340 2667517
2668933 2674914
2676494 2678162
2678614 2678820
2679491 2679677
2680846 2681738
2682703 2684331
2685265 2685315
2685872 2686728
2688056 2689436
2689963 2690294
2690727 2691073
2694059 2694903
2696467 2698058
2699069 2699589
2700053 2701334
2701773 2702287
2704001 2707779
2708509 2708562
2709925 2710350
2710732 2711130
2711975 2712579
2713498 2713836
2714488 2715047
2715822 2718412
2719004 2719558
2720701 2726201
2727605 2731486
2731915 2733060
2733380 2738439
2739223 2742335
2742876 2743254
2744053 2744224
2746774 2749829
2750937 2751174
2751904 2752006
2753607 2753677
2755171 2755381
2756233 2757180
2757587 2759265
2759770 2759880
2760087 2760264
2760690 2760852
2762437 2763645
2764260 2764413
2765483 2766428
2766859 2767516
2768128 2768821
2769517 2771147
2771610 2771720
2772051 2773807
2774265 2774359
2775564 2777078
2777769 2778488
2779022 2779074
2779401 2789973
2790653 2795273
2795978 2797657
2798164 2798692
2799350 2799948
2800351 2800433
2801136 2804808
2805409 2811557
2812258 2813631
2814519 2814814
2815249 2815798
2816972 2819248
2820061 2822300
2824643 2824985
2825380 2826899
2827353 2829804
2830439 2831407
2832822 2833556
2834346 2836841
2837517 2837694
2838725 2841506
2842466 2842629
2843276 2843674
2844721 2848556
2848935 2849523
2851445 2852911
2853544 2856959
2857510 2857967
2858924 2860063
2860511 2861288
2863083 2864031
2864872 2865765
2868505 2869950
2870306 2870649
2873161 2873228
2873708 2874723
2875189 2875247
2875826 2876315
2877344 2879025
2879515 2882915
2883318 2884855
2885653 2885975
2887097 2888342
2889714 2893576
2894271 2895837
2896781 2898804
2899220 2899329
2899887 2903479
2903992 2906239
2906679 2907739
2908772 2909275
2910917 2912489
2912916 2913273
2913750 2916486
2917053 2918307
2918728 2919548
2920120 2920958
2921802 2922206
2922630 2923238
2923803 2924909
2925838 2928887
2929315 2931771
2932525 2933530
2934054 2938206
2940697 2941627
2941976 2945134
2945534 2946443
2947353 2947482
2948940 2949037
2950416 2951833
2952878 2954386
2955210 2957763
2959227 2961442
2962472 2963299
2963885 2964874
2966828 2968081
2968745 2969119
2970797 2970902
2971256 2974108
2974660 2977702
2978590 2979857
2980168 2986522
2987051 2988253
2988759 2988809
2989176 2989303
2990464 2992436
2994038 2994399
2994795 2996011
2996411 2997671
2998384 3002606
3004045 3004151
3004956 3007663
3011051 3011194
3011828 3012355
3012771 3012844
3013916 3014833
3015284 3017135
3017625 3019355
3019733 3020215
3020833 3022985
3023298 3023661
3024794 3030918
3031403 3032290
3032651 3033976
3034585 3038960
3039739 3042457
3043296 3045371
3045890 3048595
3049029 3049586
3050309 3051603
3052213 3052679
3054665 3057629
3058169 3059507
3061653 3065008
3066560 3067126
3067734 3067907
3068744 3068840
3069374 3070349
3070964 3071360
3072068 3072760
3073520 3076309
3076978 3077196
3077535 3079043
3079781 3079986
3080890 3083765
3084353 3087769
3088504 3088768
3089276 3089497
3089855 3091107
3092666 3096809
3097211 3098197
3098880 3100369
3101696 3103579
3104121 3104198
3105243 3105506
3105947 3106036
3106630 3107969
3110817 3111449
3112377 3112530
3113786 3115540
3116797 3117022
3119548 3120629
3122169 3122457
3125132 3126053
3126578 3127489
3128197 3129355
3129900 3131834
3133180 3135685
3136463 3136657
3137047 3139112
3139587 3142685
3143225 3143550
3144285 3144818
3145326 3146441
3147359 3147488
3148098 3148459
3148818 3150270
3151021 3151296
3152261 3152419
3152871 3154399
3154834 3155549
3156388 3157005
3157520 3157656
3157965 3159094
3159500 3161150
3162970 3164491
3165997 3167557
3167868 3172069
3172789 3176752
3177820 3182376
3182673 3184435
3185021 3185105
3185546 3185827
3186141 3187936
3188392 3188932
3190675 3191881
3192594 3193144
3193538 3193626
3194773 3196201
3196564 3196729
3197879 3198681
3199210 3199505
3200351 3201238
3201767 3206376
3207053 3208127
3208432 3209393
3212539 3214226
3214906 3216170
3216799 3219946
3220372 3221598
3222439 3224969
3225397 3225550
3226190 3226265
3226610 3226667
3227396 3227506
3228478 3229007
3230023 3231453
3232268 3232649
3232993 3233476
3234182 3238689
3239052 3239533
3240112 3242095
3242799 3245453
3245948 3246318
3246797 3247628
3248548 3248605
3250328 3253235
3254069 3254757
3255235 3255930
3256313 3256438
3257144 3257442
3258309 3258667
3259843 3261161
3261555 3261906
3262327 3263331
3263938 3265442
3266522 3267750
3269334 3270759
3271166 3272091
3272523 3274228
3275160 3278969
3279371 3281515
3282844 3283062
3283912 3284225
3284965 3287105
3287674 3290632
3291483 3291882
3293227 3294343
3295149 3296409
3297111 3297607
3299135 3300240
3302454 3303783
3304156 3305986
3306471 3309047
3309504 3309739
3310398 3310471
3311955 3312351
3313448 3316491
3316889 3317428
3317821 3318472
3320813 3321642
3322676 3324980
3325472 3329950
3330482 3331287
3332429 3333279
3334395 3334859
3335356 3337093
3337611 3339351
3340320 3343604
3344752 3348634
3350287 3350670
3351198 3352978
3355112 3355438
3356061 3358075
3358409 3359075
3359377 3360602
3363369 3365082
3365397 3367571
3368273 3368681
3369802 3369886
3370290 3371279
3372136 3372281
3373978 3376033
3376453 3376820
3377769 3381155
3382025 3384404
3384885 3385798
3387992 3390099
3390469 3391537
3391999 3392371
3392935 3393366
3393877 3395221
3395573 3396254
3397152 3397358
3397930 3399044
3399490 3401150
3401521 3402217
3403908 3406194
3407387 3407763
3408142 3410443
3411383 3411642
3412186 3412637
3413584 3413831
3414672 3415039
3415672 3417078
3417439 3418647
3419752 3422189
3423033 3423417
3423666 3430306
3430842 3432992
3433936 3435518
3436587 3439059
3439515 3442147
3444863 3445020
3445373 3447350
3448375 3448514
3449709 3449868
3450506 3451095
3451523 3452333
3452751 3452875
3453328 3453753
3455184 3456661
3457127 3457743
3458607 3458974
3459467 3459566
3460054 3463790
3464774 3466583
3466977 3467752
3468377 3468514
3469413 3471190
3472332 3473091
3475087 3475590
3476378 3477727
3478444 3478632
3480033 3482270
3483073 3486846
3487394 3488162
3488639 3488732
3489479 3489584
3491205 3491571
3492067 3493200
3494785 3495361
3496179 3497281
3498722 3499613
3500306 3500751
3502188 3502294
3502681 3502915
3503218 3504257
3504822 3505077
3505739 3506309
3507828 3507948
3509267 3509449
3511805 3515665
3516076 3516582
3517264 3518667
3519095 3520022
3520993 3521856
3522951 3523080
3523387 3523870
3525003 3525079
3525743 3525918
3526222 3526857
3529207 3530157
3530535 3530674
3531864 3532585
3533478 3533975
3535980 3537128
3537439 3538054
3538464 3540349
3542509 3547005
3548356 3551473
3552142 3554880
3555443 3557530
3558018 3558839
3559422 3559614
3559949 3561007
3561679 3564637
3566066 3569123
3571028 3571224
3571906 3576370
3577069 3577994
3578409 3579262
3580011 3580224
3580743 3585725
3586137 3586723
3588205 3588558
3588905 3589897
3591233 3592829
3593287 3593504
3594013 3594439
3594821 3599269
3600328 3600780
3602205 3602487
3603852 3605493
3606366 3606651
3607102 3607243
3608029 3608261
3608618 3608684
3609580 3612758
3613061 3613403
3614558 3615054
3615959 3617863
3619797 3624890
3626069 3626480
3627383 3627511
3628216 3629977
3631959 3632605
3633479 3635933
3636292 3649193
3649846 3654372
3654844 3662998
3665088 3665637
3666247 3667147
3668090 3669759
3671450 3671938
3672399 3673504
3673831 3675299
3677659 3679544
3680120 3681622
3683058 3683110
3683456 3683702
3684321 3684539
3685036 3685821
3686600 3690585
3690988 3691571
3691885 3695620
3696202 3696555
3697003 3698232
3698568 3701032
3702139 3702312
3702745 3702895
3706325 3706453
3707317 3707478
3708154 3711159
3711716 3712388
3713440 3714697
3715704 3716095
3716565 3716861
3717168 3719881
3721908 3723464
3724612 3724766
3725609 3726508
3727115 3728063
3729922 3730377
3730798 3732480
3733073 3733234
3733901 3734281
3735319 3736202
3737095 3738063
3738498 3740500
3740844 3742523
3743577 3744314
3745823 3746445
3747869 3749981
3750484 3753072
3753729 3755729
3756171 3756503
3756898 3757913
3758267 3758515
3759136 3768178
3768563 3768766
3769304 3770095
3771310 3771804
3772494 3773632
3774710 3778376
3779308 3779996
3780407 3781777
3782560 3783821
3784473 3785393
3785742 3786646
3787011 3787112
3788243 3788431
3789557 3791329
3792453 3793265
3793822 3800783
3802446 3802886
3803737 3804772
3805570 3806577
3806947 3807428
3809038 3810394
3812190 3812694
3813844 3814613
3815531 3816885
3818371 3818881
3820896 3821033
3821904 3822901
3823289 3823490
3824432 3826194
3826511 3828741
3832170 3833400
3835021 3836593
3838862 3838967
3839651 3840542
3841136 3841926
3842647 3843629
3844238 3844834
3845246 3847203
3847791 3849434
3849957 3850831
3851372 3852123
3853144 3853874
3854505 3856935
3857257 3860322
3860769 3864521
3865655 3866198
3866799 3869797
3870119 3870366
3870680 3870902
3871509 3873670
3873983 3874294
3875022 3876353
3877062 3877793
3878961 3879054
3881222 3888831
3889157 3890891
3892448 3895089
3896936 3897111
3897945 3899801
3900749 3902310
3903524 3904152
3905977 3906664
3908115 3908749
3909213 3911791
3912424 3912696
3913162 3914802
3918051 3918475
3919378 3919696
3920078 3921076
3921664 3922017
3923018 3925818
3926393 3928171
3928800 3931849
3932354 3933001
3934380 3935850
3936691 3937053
3937910 3939126
3939543 3939719
3940626 3946871
3947963 3949729
3950880 3951056
3953033 3956207
3957441 3958081
3958703 3959010
3960694 3962334
3962772 3965781
3966257 3968510
3968883 3971226
3971609 3971781
3972616 3974862
3975611 3977059
3977902 3979290
3979696 3982142
3982582 3987002
3988272 3996077
3996579 3996678
3997039 3997543
3997979 3998228
3999379 3999608
4000014 4004095
4005047 4006311
4006925 4010036
4010429 4014115
4014493 4015675
4016427 4017298
4018705 4020250
4020805 4020932
4022308 4024646
4025140 4027325
4027408 4029187
4030353 4031301
4031609 4031926
4032344 4033499
4034447 4035201
4039197 4040434
4041775 4042092
4042600 4043982
4044281 4044635
4045090 4045244
4046234 4055078
4056475 4058695
4059574 4060581
4060957 4061857
4062455 4067454
4068249 4068803
4069746 4070235
4072278 4073417
4074246 4081285
4081929 4084640
4085152 4085802
4086327 4088221
4089607 4090656
4092333 4094820
4095761 4096087
4096569 4097657
4098177 4098340
4099597 4101887
4103018 4103302
4103613 4104755
4105402 4105901
4107559 4109337
4113647 4116866
4117223 4117518
4118908 4119033
4119545 4120769
4121616 4121699
4122064 4122200
4122862 4128784
4129175 4129357
4130754 4131493
4132567 4133495
4134485 4135694
4136350 4138132
4139242 4141476
4142011 4143459
4143804 4143977
4145208 4145330
4145757 4145812
4146288 4146527
4147436 4147664
4148050 4148126
4149000 4149154
4150075 4156511
4157314 4157759
4158312 4160843
4161852 4164706
4165233 4174005
4174774 4176851
4177587 4178536
4178907 4179867
4181257 4182162
4182732 4184849
4185235 4190607
4191323 4195860
4197073 4199105
4199499 4200600
4202116 4202247
4203197 4203340
4204877 4205282
4206691 4217286
4217845 4218780
4220240 4226337
4226991 4229120
4229709 4233893
4234498 4234817
4237765 4237971
4239138 4248394
4248803 4249406
4249854 4250608
4251496 4253858
4254800 4256795
4257253 4259725
4260228 4260390
4260732 4261617
4262495 4264681
4265153 4265295
4266457 4266989
4267858 4268310
4268686 4271599
4273023 4273146
4273727 4278679
4279098 4279188
4279550 4280457
4281708 4282129
4282880 4283686
4284387 4285488
4285923 4286124
4286755 4286887
4287809 4288735
4290535 4291070
4291955 4293020
4293758 4294118
4294692 4294768
4295891 4296101
4296314 4296891
4297400 4298835
4299209 4300282
4300585 4303262
4303997 4304081
4305169 4305343
4306145 4306517
4307307 4309839
4310279 4310452
4311596 4311781
4313339 4317116
4317500 4320861
4322550 4324187
4325555 4326687
4327172 4327523
4328364 4328881
4329505 4330313
4331376 4334167
4334579 4337085
4337409 4339414
4340925 4342117
4342541 4346696
4347069 4349929
4351098 4352450
4353358 4353507
4354525 4354667
4355325 4355675
4356363 4357427
4357802 4358309
4358772 4359217
4359740 4363321
4363662 4367102
4367641 4369420
4370034 4370107
4372154 4374658
4375218 4375463
4378082 4378185
4380034 4381569
4381992 4383237
4383690 4383818
4384326 4384405
4384710 4385280
4386107 4386402
4386859 4387313
4388801 4391408
4391843 4392851
4393228 4395424
4399642 4401426
4401725 4401793
4402366 4403902
4404460 4404652
4404971 4405080
4405485 4406424
4407643 4409461
4410345 4412231
4412913 4413399
4413811 4416648
4417751 4423365
4423852 4428632
4430379 4431175
4431822 4433686
4435050 4435165
4435737 4437513
4437882 4446230
4448308 4451832
4452541 4452861
4454151 4454219
4455211 4458250
4458584 4461743
4462092 4462232
4463123 4463718
4464033 4464101
4465751 4465947
4466705 4471243
4471794 4472390
4473603 4474086
4475067 4475179
4477519 4478622
4479158 4485738
4486191 4488644
4490964 4496005
4496595 4499436
4499513 4499666
4500578 4500952
4502517 4505128
4507170 4508633
4509643 4511676
4512559 4512623
4512955 4513870
4514478 4515835
4516497 4518275
4518678 4519091
4520630 4521958
4523234 4525115
4526209 4526354
4526795 4528459
4529368 4535914
4536934 4536993
4537495 4538812
4539542 4539677
4540059 4541626
4542044 4543519
4543920 4545342
4546134 4548677
4549683 4550393
4550836 4551889
4552727 4556241
4556742 4558561
4559783 4562357
4562953 4571118
4572469 4572669
4573087 4575407
4575791 4576282
4576796 4576955
4577874 4578969
4579575 4581689
4582183 4584323
4585210 4585889
4586642 4588218
4589622 4590192
4590912 4592378
4593140 4594655
4596317 4598795
4599109 4599313
4601488 4602673
4603641 4603827
4604241 4605987
4606293 4606363
4606819 4608283
4608695 4609446
4610437 4610856
4612309 4614597
4615405 4615757
4616854 4619030
4620474 4621182
4622393 4623053
4623850 4626384
4626774 4630076
4630441 4631167
4633174 4633400
4633914 4634287
4635244 4635699
4636560 4637263
4638671 4639010
4639765 4640666
4641230 4641652
