Ecoli_0960_Taxon013_
1 729
6985 20115
223678 231075
257775 258620
277787 279127
289014 290883
292859 295233
380922 382525
391457 402974
462373 463916
505280 506096
506634 511760
574646 575676
607912 609202
620511 688322
693510 702821
751824 755405
1063992 1066151
1307878 1309457
1396971 1402701
1404818 1405848
1431668 1434681
1468165 1470424
1611241 1614002
1614808 1617979
2049450 2051397
2065322 2066814
2068357 2069615
2148882 2149946
2152711 2154809
2174136 2175936
2186813 2189757
2191894 2192837
2506832 2507214
2531188 2533500
2695402 2698828
2699482 2702365
2702878 2704435
2845337 2846054
2846646 2851552
3183615 3186543
3194758 3195670
3196190 3196824
3201250 3202273
3219762 3220963
3222728 3223161
3309436 3311038
3399723 3402590
3406790 3419816
3423314 3427478
3490490 3492276
3492792 3493417
3497678 3500660
3577133 3584462
3619132 3622807
3652363 3652937
3758162 3758452
3761165 3765593
3941503 3942112
3942653 3950523
3968786 3974103
4038028 4041202
4110422 4117764
4192877 4193469
4239216 4242257
4298062 4304477
4306745 4311798
4315142 4316142
4316793 4317926
4401247 4401316
4462991 4464132
4465524 4465953
4525416 4526704
4527459 4529623
4640033 4641652
Ecoli_ancestor_Ancestor_
81865 82136
88711 91371
195979 202404
203025 203641
204308 205017
244285 246213
294110 294594
380784 381101
418939 419042
422186 422589
424292 424450
555420 555547
643910 643979
647123 647440
649143 649789
825928 827341
828541 829972
938373 939229
968919 970332
971532 971672
1006342 1007321
1163598 1164000
1167142 1170481
1219309 1224107
1224853 1230454
1404709 1405377
1459519 1459859
1596152 1596778
1772608 1772667
1859374 1859500
2070414 2070591
2074631 2075280
2076532 2077892
2300402 2300744
2301490 2301830
2416994 2417540
2420631 2420729
2483758 2485242
2486024 2486426
2488660 2489317
2521785 2523504
2524250 2524574
2603486 2607455
2955828 2959695
3130532 3134592
3165806 3165872
3188576 3191298
3193621 3193961
3290166 3290506
3291252 3292024
3318777 3323065
3423384 3423777
3492834 3494154
3494927 3495304
3499484 3500307
3500928 3502150
3539016 3540921
3857256 3857755
3858528 3859941
3861138 3861237
3867336 3868505
3982798 3982892
4015818 4016158
4018857 4021906
4022426 4022769
4025054 4065165
4199096 4199347
4209545 4209882
4243241 4246196
4275576 4275963
4298452 4300294
4310979 4311586
4316454 4319079
4320252 4320345
4327441 4329410
4332184 4333029
4361854 4361923
4540706 4544286
