Ecoli_ancestor_Ancestor_
81564 84029
91196 93083
197868 202404
203025 203642
204308 205650
206153 206894
371156 372249
372807 375359
375985 384919
418530 424236
425061 425925
496403 496494
549644 550162
553408 556504
644035 649270
823410 828636
937683 939242
968042 968863
969364 969537
971532 971672
1006342 1007271
1161951 1167654
1216322 1216566
1217068 1222421
1224163 1225193
1403486 1404635
1456261 1457759
1458354 1464471
1538138 1541460
1593168 1594335
1859374 1866360
2074631 2077892
2286405 2290105
2290811 2292238
2292774 2293208
2293993 2296017
2300402 2302946
2419047 2420900
2484173 2485242
2486095 2486398
2486922 2489317
2489856 2492603
2520636 2522117
2522633 2522786
2523322 2524574
2604122 2607455
2938281 2940719
2955512 2958160
3038401 3039155
3122359 3123677
3124616 3125101
3127693 3132532
3163312 3169000
3191987 3194651
3290166 3291737
3303317 3305014
3492834 3493785
3495222 3496505
3499484 3500307
3500929 3502282
3540314 3541864
3809907 3809962
3851172 3851299
3851926 3854373
3855584 3864059
3864568 3866250
3902558 3903844
3979531 3983747
4015128 4016394
4018857 4021906
4022426 4024998
4063932 4065009
4197896 4199692
4200591 4204776
4207396 4210318
4211013 4211807
4240918 4241388
4271914 4272284
4273085 4275520
4295405 4297928
4299508 4303673
4304825 4305646
4306432 4307928
4308468 4308824
4309404 4310385
4310979 4313985
4314774 4321692
4328726 4329342
4329921 4337366
4359403 4360001
4360519 4360844
4361979 4367124
4536297 4537515
4540706 4541313
4641323 4641652
Ecoli_0955_Taxon012_
1 691
12296 20115
223678 229394
258041 258596
274010 275040
279218 280363
290510 292336
324483 326081
380922 382482
391763 393631
394312 395684
462373 463916
577567 578804
682022 685608
753048 753293
838793 840147
869490 871645
885381 885754
1279294 1283500
1284568 1285384
1404818 1405848
1408084 1409515
1410036 1410366
1424825 1425738
1427168 1428536
1432438 1434652
1468165 1470424
1573234 1589044
2064370 2067268
2068473 2069617
2174135 2175471
2189524 2189837
2418681 2419378
2661317 2662632
2695402 2702365
3080854 3081973
3201250 3202273
3219113 3221621
3374038 3376262
3423150 3428421
3493096 3499100
3578016 3578487
3579655 3583939
3619132 3622762
3652363 3652937
3692703 3696809
3761164 3765756
3767275 3767395
3940560 3948071
3949790 3950523
3951081 3951423
3973991 3975039
4038028 4041160
4041834 4042701
4043265 4044859
4110422 4118555
4306745 4311583
4640095 4641652
