Ecoli_0950_Taxon011_
1 232
15442 16676
223678 229394
257975 258620
275096 275469
279045 279825
338038 338131
400641 401900
482146 483750
692175 692367
748225 751982
1049555 1050921
1305815 1306736
1308364 1309457
1404873 1405232
1428152 1428215
1650783 1651305
2065787 2066880
2068366 2068655
2069181 2069617
2174317 2174603
2175129 2175471
2188873 2189757
2774427 2775419
2777127 2778901
2779555 2781256
2805798 2805857
3219801 3220963
3423150 3426986
3497678 3499179
3583533 3584420
3619132 3622781
3652091 3652937
3764931 3765775
3941497 3943581
3974662 3975184
4038028 4040586
4040846 4041039
4112930 4113498
4114619 4117764
4118653 4118703
4306918 4311798
4462742 4463449
Ecoli_0920_Taxon005_
1 2389425
2390305 4641652
