e_coli_k12_gi_556503834_ref_NC_
1 280
882 1193
2537 3251
4401 4638
5424 6701
7429 9118
10000 10315
10848 11504
12120 13216
16973 19082
19822 20563
21007 23054
23760 23968
25642 26448
27586 29648
30630 35160
35780 36339
37338 38429
39553 40073
41520 42006
43356 44327
44930 47311
48722 50452
51033 52201
52797 53907
54527 55382
55944 56056
56567 62266
63053 63422
63940 67358
67968 76191
76830 77019
77822 77909
78615 81364
82686 84684
85191 88187
88820 92599
93191 93940
94485 97369
98832 99092
99853 100424
101568 101639
102446 103961
104541 105201
105818 106136
106752 112025
112539 115811
117342 125505
126145 126639
127925 130345
131290 131543
132152 132251
133337 137920
138569 138763
139274 140438
141113 141173
141675 143063
143604 144213
145939 153121
153745 155344
155861 155929
156437 157722
158229 158587
160211 161507
162023 167730
168232 168489
169236 173425
174175 174629
175706 176922
178056 178150
178700 179547
180959 183457
184130 185213
185830 186662
187297 189160
190054 190752
191628 192911
193602 194469
195077 195170
195818 196488
198018 198120
198662 204024
204597 206688
207579 211760
213092 213451
214707 215500
216054 218763
219593 219677
220870 221327
222343 222774
223387 229055
229787 232937
234124 235986
236512 238346
238923 240948
241482 241975
242730 243873
245346 248011
248557 250587
251163 255450
256138 256277
257171 259292
260645 260711
261498 261601
262130 262990
264013 264321
264916 266215
266841 273225
273741 273794
273951 279997
280554 283479
284391 285865
286533 287162
287666 288247
288876 290029
291402 292573
293120 294718
295267 297124
297989 298168
298768 300789
301807 302347
302973 304643
305272 305521
306096 306874
308089 310360
311005 311330
311847 312540
313139 314971
317072 317280
317924 319302
319853 322598
323350 328342
329670 330972
331661 332179
332710 333829
335138 335489
336107 338104
338877 342320
343008 343076
343814 344194
344831 345768
346570 346795
347398 349038
349819 359049
359684 361578
362360 364204
364762 366951
367460 370124
370638 371429
372187 373460
373994 376017
376664 378229
379964 380797
382591 386186
386713 387435
388373 393187
393925 400754
402719 403375
405111 405185
405991 406342
407331 407595
408204 409416
410476 414726
415312 416420
417134 417883
418421 424910
426076 429617
430140 433468
434045 442361
443469 444832
445446 451648
452367 455401
456304 456655
457209 459067
460364 461609
462492 462599
463290 465522
466326 466727
468513 473840
474653 476873
477437 479304
480522 481065
482796 484531
485453 485600
486466 487682
488236 488855
489396 492537
493299 494420
495232 497327
499821 500016
500940 501503
502476 503088
504451 509549
510226 510664
511320 512179
512825 515789
517610 520661
521239 529341
529930 530300
531742 532497
533098 537540
538283 540540
541064 541493
542155 542359
543159 544649
545488 547423
548030 551077
551698 552326
553368 554036
554539 558874
559430 561004
561909 562510
563983 564425
565487 568548
569161 571356
571895 572988
573520 575766
576538 576925
579525 581931
582398 584977
585815 586412
587513 593194
593959 596364
597143 603617
604163 605677
606702 611629
612437 614166
614876 614942
615487 616352
617072 619385
619888 620126
622442 622919
624219 626652
627206 627257
628123 632436
633107 634625
635246 637253
637897 639130
640072 640640
641353 644289
644886 645834
646837 648194
648823 649843
650393 652019
653479 660063
661281 664777
666043 670053
670713 671050
671832 674302
676490 676721
677277 677672
678695 680929
681874 682011
682589 691991
692632 695287
695941 701781
702319 703089
703613 703827
704370 706824
707326 711225
711909 712994
713843 719826
720623 720946
721659 723239
723903 724953
725929 726741
727256 733647
734247 734713
736026 737001
738272 738859
739687 742750
743369 744105
744818 746796
747337 748488
749135 749909
750944 751185
751939 752341
753033 757144
758569 763824
764474 766695
767260 769112
770145 770948
771502 772629
773378 774839
777112 777193
777260 779117
779826 788856
789635 791945
793151 793566
794318 795726
796394 797461
797965 798102
798682 800651
801414 801624
802155 807434
807974 810460
811746 813539
814069 815814
816661 817456
818031 818880
819399 823906
824634 827767
828575 831109
831620 832249
833009 834002
834900 835976
836845 840609
841788 843859
844922 853488
854528 858648
859225 859666
860546 862349
862938 865862
866470 867106
867739 868662
869185 869261
869808 871394
872120 872848
873624 874564
875048 880068
880992 883275
883946 888754
889369 890668
891846 894503
895103 895332
895857 902378
903044 903110
904109 905822
906379 907982
908566 909541
910150 911597
913413 913825
914393 917889
918449 918682
919643 922282
922793 924150
924740 926684
927198 927390
928356 930245
930960 931206
931784 942258
942814 943339
945051 945603
946754 947321
947859 948135
948651 948880
949592 951090
951868 952494
953784 954178
955412 956324
956826 960355
961109 961297
961870 963186
963886 965070
965863 967057
967654 967868
968524 968717
969267 969527
970083 970383
972871 974151
974660 975189
977038 979798
981248 984549
985090 986679
987052 988713
989711 990785
992407 994537
995605 998575
999629 1001480
1002375 1002442
1003417 1003709
1004713 1004811
1005472 1007426
1008548 1010358
1010901 1011074
1011608 1014281
1014823 1018846
1019510 1021053
1022372 1022825
1023395 1025214
1025877 1026365
1028329 1031573
1032210 1033073
1033780 1044359
1044967 1046364
1047082 1048293
1049161 1049258
1049801 1053499
1055133 1058260
1058807 1063326
1063847 1065170
1065907 1066861
1067593 1070479
1072306 1072504
1073053 1074259
1074901 1082592
1083265 1084982
1085862 1089244
1090185 1090381
1091038 1092190
1092762 1096225
1096744 1100540
1101102 1103390
1104066 1106608
1107288 1107901
1108462 1108789
1109416 1112090
1112725 1113252
1114438 1116523
1117064 1118002
1119308 1119833
1120380 1125208
1126021 1126221
1127478 1129066
1130272 1131464
1132143 1135305
1137749 1138829
1139801 1142002
1142656 1142979
1143696 1146430
1147290 1149142
1150146 1153020
1153861 1156480
1158521 1161088
1162554 1163381
1164893 1165133
1165719 1169019
1169577 1172660
1173336 1173451
1174157 1174757
1176145 1178790
1180005 1180639
1181285 1181995
1182513 1183915
1184482 1184683
1185265 1185895
1186481 1186586
1188098 1188807
1189723 1190033
1190814 1191221
1191776 1193321
1193947 1194314
1195578 1196694
1198529 1200411
1201190 1206027
1206887 1207413
1208197 1208335
1210987 1211597
1212191 1212607
1213128 1213420
1213976 1214181
1214732 1215773
1216358 1217750
1218253 1218479
1219807 1222551
1223079 1223329
1223918 1225016
1225636 1228157
1228812 1235402
1236245 1236374
1237080 1237383
1238329 1238768
1239327 1243611
1245936 1247921
1248742 1249852
1250602 1252124
1252725 1252889
1253793 1255432
1255953 1256559
1257653 1258023
1258912 1260841
1262648 1267973
1268990 1269961
1270632 1271694
1272210 1272929
1273432 1275445
1275948 1277119
1277657 1278681
1280464 1280687
1281449 1285751
1286288 1288046
1289883 1292395
1293880 1293959
1294617 1294905
1295445 1298432
1299012 1301543
1302447 1304288
1304895 1305482
1307550 1310407
1310910 1315517
1316066 1317810
1318852 1321189
1321890 1325939
1326698 1336591
1337409 1337681
1338194 1339440
1339980 1342570
1343085 1347261
1348197 1352718
1354805 1358106
1358802 1362417
1363068 1363494
1364578 1364922
1365907 1366619
1367488 1368345
1368891 1369293
1370203 1373716
1374332 1374782
1375995 1376229
1377269 1379298
1379802 1382420
1383255 1386215
1386761 1389545
1390352 1390564
1391074 1395229
1395809 1400346
1401046 1403263
1403870 1404100
1404707 1405263
1405907 1407405
1408067 1408574
1409114 1409646
1410217 1411885
1412556 1414196
1414802 1417183
1417896 1423555
1425467 1425795
1426569 1428816
1429636 1430314
1430933 1433290
1434463 1435519
1436045 1441251
1441977 1444249
1445848 1446278
1446978 1447973
1448631 1448727
1449316 1449995
1450502 1451146
1452066 1452468
1453011 1455245
1455895 1461182
1461750 1464892
1465612 1466884
1467388 1473286
1474426 1475580
1476151 1479609
1480162 1481568
1483214 1484115
1484912 1485271
1486369 1487315
1488170 1491661
1493191 1496559
1497486 1498591
1499728 1501243
1501834 1503302
1503890 1505240
1505938 1508580
1509459 1511318
1512196 1513063
1513641 1513868
1514406 1515609
1516389 1518702
1519264 1520530
1521824 1522833
1523829 1527904
1528814 1528872
1529934 1535469
1536026 1540842
1541617 1543722
1544436 1545012
1545597 1546076
1547630 1555114
1556072 1557382
1557925 1565794
1566427 1566851
1567422 1575599
1576341 1580196
1580955 1581045
1581560 1583146
1583675 1584949
1585751 1587420
1588062 1588185
1589629 1590685
1591352 1592397
1592969 1593998
1594537 1595552
1596194 1596714
1597217 1599548
1600142 1600689
1601456 1605057
1607703 1609520
1610074 1612456
1613051 1614796
1615354 1617560
1618122 1618636
1619556 1619793
1620626 1622140
1622803 1623650
1624330 1624825
1625328 1626105
1626665 1627041
1627636 1634088
1635092 1635821
1637320 1638179
1639008 1640026
1640775 1643001
1643509 1644276
1645051 1652473
1653231 1655270
1655876 1660475
1661027 1661125
1661942 1664121
1665191 1667523
1668108 1668466
1669902 1671783
1672409 1672961
1673744 1676165
1676764 1677755
1678260 1681509
1682330 1683581
1684264 1685280
1686358 1688054
1688818 1690381
1690959 1694300
1695137 1698301
1698805 1703025
1703850 1707635
1708371 1709716
1711064 1712026
1712986 1714369
1715005 1716056
1716615 1717379
1718081 1719695
1720281 1720335
1721441 1721796
1722670 1724730
1725441 1726875
1727406 1728886
1729662 1729720
1730228 1730572
1731153 1735277
1735864 1737524
1738799 1742312
1742831 1743131
1743743 1744729
1745542 1746835
1748062 1751192
1752430 1752637
1753163 1755802
1756373 1759993
1760887 1762276
1763157 1764814
1765412 1765480
1766166 1777456
1778181 1778575
1779115 1780214
1781102 1781842
1782558 1785894
1786414 1794322
1795043 1796350
1797432 1797531
1798451 1800218
1801569 1803718
1804941 1805024
1806099 1806517
1807128 1807474
1808087 1808940
1809797 1809898
1810936 1814516
1815107 1815175
1815811 1817021
1817946 1820483
1821794 1825414
1826189 1828226
1829098 1830458
1831097 1831204
1831755 1831896
1832475 1833832
1835167 1835373
1836679 1837041
1837926 1840303
1840808 1845953
1846631 1850520
1851240 1851315
1851823 1852007
1852689 1855472
1856700 1858413
1858916 1864261
1864808 1866872
1867561 1868318
1869062 1870229
1870968 1872006
1872556 1878470
1879151 1881059
1882140 1883953
1884489 1889595
1890235 1891305
1892244 1892732
1893343 1893918
1894543 1894649
1896060 1896872
1897466 1898630
1900613 1901784
1903272 1903551
1904080 1905361
1905965 1906871
1907421 1910021
1910869 1911000
1911619 1912390
1912926 1915191
1916289 1920992
1921796 1923761
1924320 1926472
1927175 1927565
1928250 1929778
1930646 1932214
1933151 1938205
1938910 1940002
1940633 1943959
1945206 1947972
1948533 1949875
1950433 1951131
1952044 1953279
1953793 1954223
1955171 1957476
1958204 1961515
1962713 1965721
1966432 1967008
1967677 1967867
1968794 1972115
1973893 1975632
1977091 1984686
1985362 1985535
1986093 1988107
1989490 1990542
1991073 1991506
1992849 1994011
1995234 1997348
1997966 1998494
1999042 2000125
2000890 2001496
2002073 2003347
2004775 2005647
2006151 2007305
2007830 2008323
2008981 2010078
2010835 2011827
2012359 2012761
2013301 2013731
2014317 2016462
2017080 2017636
2018138 2034357
2035018 2035213
2035755 2037011
2037700 2042859
2043374 2044543
2045093 2045451
2046162 2049711
2051408 2051739
2052253 2052566
2054499 2058983
2059848 2060011
2060580 2062702
2063436 2064370
2065167 2065285
2066116 2067270
2068222 2071312
2071963 2073491
2074500 2075452
2076060 2076433
2077464 2079884
2080408 2082074
2082620 2083593
2084103 2085513
2086129 2086539
2087994 2089291
2090376 2090864
2091371 2091848
2092426 2093546
2094050 2094672
2095306 2095740
2096286 2096622
2097284 2097642
2098763 2106047
2106562 2107950
2108621 2112758
2113535 2115137
2115956 2116502
2117363 2119095
2120029 2120162
2120679 2121159
2122230 2124245
2124948 2125110
2125749 2128769
2129311 2136706
2137247 2139276
2139969 2141013
2141679 2147213
2147897 2150738
2151460 2153955
2154854 2154941
2156263 2158524
2159103 2160714
2162004 2167265
2167912 2172166
2172871 2176459
2177001 2180740
2181308 2182029
2182643 2185767
2186429 2189522
2190188 2190843
2192486 2196021
2198016 2198245
2198988 2199751
2200659 2200893
2202182 2203391
2203969 2206460
2206966 2208910
2209446 2211341
2212087 2212425
2212976 2216028
2216844 2217304
2218243 2219009
2219849 2219951
2220693 2221780
2222564 2223156
2224359 2226198
2227046 2230007
2230515 2230777
2231296 2233838
2234866 2235088
2235943 2237746
2239100 2241575
2242330 2242482
2243210 2245134
2246530 2249279
2250129 2251074
2251947 2252615
2253913 2255364
2255923 2259844
2260751 2262905
2263534 2264625
2265530 2269254
2270307 2271591
2272114 2277873
2278390 2280648
2281574 2287655
2288243 2290470
2291138 2292116
2293682 2298268
2299042 2306564
2307083 2308416
2309578 2312793
2313461 2316472
2316980 2317443
2318297 2319065
2319590 2321072
2321627 2322912
2323433 2326858
2327397 2327724
2328322 2331005
2332358 2334194
2334912 2336379
2337124 2337834
2339345 2339606
2340247 2341889
2343317 2344008
2344970 2346574
2347327 2349443
2351283 2355003
2356681 2357665
2358173 2358268
2358860 2360737
2361344 2361478
2362122 2363058
2363739 2364120
2365256 2366173
2367188 2369096
2369601 2371749
2372565 2375651
2376286 2377840
2378592 2379060
2379615 2382868
2383374 2385402
2386705 2388732
2389344 2390287
2391134 2391680
2392220 2392300
2393147 2393577
2394415 2395758
2396375 2398289
2398818 2402265
2403084 2403414
2404369 2404792
2405529 2406031
2406579 2412574
2413541 2416924
2417489 2421535
2422054 2423731
2424313 2431022
2431668 2433808
2434844 2434921
2435431 2436116
2436688 2442548
2444830 2448740
2449321 2449995
2450528 2452108
2453346 2453790
2454784 2456516
2457736 2460200
2461084 2462934
2463676 2463944
2464726 2466601
2467184 2470034
2470659 2473650
2474984 2476353
2477021 2477293
2478222 2478465
2479453 2479750
2480360 2481338
2482557 2482885
2483518 2487087
2487846 2489301
2489835 2490240
2491950 2493485
2494329 2496187
2497231 2497493
2498133 2498513
2499267 2506899
2507573 2513391
2514082 2515776
2515899 2516166
2516714 2525138
2525699 2527003
2527638 2527864
2528399 2528766
2529308 2529533
2530039 2532604
2533298 2534183
2534732 2536916
2537624 2541474
2542033 2545440
2545947 2549300
2550038 2551542
2552339 2552767
2553365 2553449
2554106 2554778
2555311 2555881
2556576 2558758
2560166 2560530
2561215 2563052
2564050 2564133
2564727 2565086
2565937 2567158
2567966 2568977
2569766 2570547
2571168 2571566
2572879 2573101
2574027 2575298
2575848 2576285
2576995 2580760
2581366 2581643
2582929 2584873
2586328 2587108
2588104 2589336
2590598 2592080
2592607 2593254
2594149 2594323
2595120 2598753
2599742 2601504
2602249 2602931
2604049 2604549
2605096 2605302
2606181 2607669
2608631 2608693
2609288 2609737
2610463 2612488
2613441 2614413
2615386 2619161
2619823 2621926
2622990 2623057
2623764 2625061
2625660 2631358
2631964 2633084
2633595 2634146
2634696 2634772
2635527 2637833
2638712 2639591
2640378 2641934
2642440 2642680
2643200 2643522
2644045 2651162
2652868 2654449
2654953 2655460
2656082 2656158
2657427 2659931
2660782 2667883
2668922 2669244
2670172 2674258
2675006 2675292
2676523 2681935
2683110 2684690
2685689 2689897
2690431 2692370
2694171 2697320
2698144 2698848
2699554 2701304
2701947 2702185
2703624 2704328
2704930 2707702
2708249 2708612
2709213 2711343
2713436 2717832
2718524 2719848
2720602 2721509
2722134 2723413
2723982 2732981
2734137 2734968
2735816 2737277
2738266 2740299
2741064 2741430
2741976 2742385
2743087 2743918
2744440 2744649
2745740 2746232
2747948 2750301
2750873 2751573
2752149 2754900
2755425 2755488
2756043 2756241
2757048 2757307
2757828 2757886
2758724 2759426
2759956 2761554
2763088 2766888
2767801 2769417
2770139 2771614
2772194 2772615
2774075 2775059
2775681 2777958
2778138 2778484
2779525 2780400
2781445 2785181
2785736 2789900
2790417 2791478
2793188 2793299
2793811 2794911
2795431 2800693
2801303 2803704
2805301 2805401
2806054 2806738
2807358 2807625
2808639 2808742
2809243 2810080
2810622 2813993
2814532 2816182
2817298 2819120
2820004 2821807
2822981 2823789
2824366 2828196
2828821 2831925
2833058 2833593
2834342 2837450
2839150 2844022
2844791 2845098
2845615 2845778
2846285 2846600
2847813 2848403
2848941 2851260
2851821 2852505
2853421 2854538
2855134 2861487
2862445 2864207
2864840 2866007
2867183 2869128
2869938 2871296
2871807 2873740
2874509 2876676
2877436 2879566
2880151 2880742
2881378 2881639
2883946 2884395
2884907 2886169
2888482 2891550
2892173 2893435
2893962 2896911
2897736 2899586
2900266 2902413
2902973 2903139
2903861 2904527
2905461 2905942
2906584 2906765
2907287 2909320
2910120 2911980
2912701 2913342
2914515 2915084
2916360 2918779
2919453 2920719
2921603 2921846
2922852 2928903
2929785 2934100
2934756 2934927
2935448 2936749
2937414 2939011
2939578 2943417
2944960 2948111
2949353 2949998
2951363 2955030
2955538 2956556
2957529 2961393
2962285 2967345
2967903 2969832
2970554 2978809
2981160 2982638
2983294 2983645
2984326 2984568
2985487 2986904
2987511 2987925
2988811 2990929
2991605 2993101
2993843 2998502
2999676 3001468
3002327 3006173
3007357 3013559
3014145 3014994
3015573 3020457
3021314 3021903
3022502 3023986
3024825 3024953
3025491 3025547
3026376 3026560
3027490 3027545
3028095 3029907
3030711 3032840
3033836 3034530
3035071 3036611
3037138 3037354
3037897 3039246
3040365 3040726
3041379 3044098
3044689 3046665
3047565 3047723
3048278 3051476
3053180 3053599
3054213 3054265
3054909 3056203
3057263 3057323
3057883 3060024
3061789 3062137
3062754 3063333
3063858 3066627
3067191 3068747
3070003 3071423
3072071 3074550
3076274 3076450
3077294 3078931
3079566 3080880
3082105 3083373
3084664 3090528
3091654 3092037
3092624 3094639
3095187 3096298
3096905 3098294
3099152 3103917
3104440 3107271
3107971 3108578
3109262 3113321
3113857 3116496
3117195 3119753
3120412 3120898
3122652 3124333
3125354 3125649
3126302 3128674
3129694 3131817
3132339 3136549
3137186 3138033
3138622 3140366
3141201 3147597
3148462 3148621
3149775 3152767
3153555 3154939
3155530 3156980
3157992 3160149
3160911 3161357
3162092 3163390
3163892 3168039
3168919 3171565
3172119 3174763
3175392 3177789
3178679 3181215
3181960 3182086
3183059 3184950
3185681 3197583
3198226 3198403
3198916 3199854
3200634 3201734
3202681 3204655
3205299 3207800
3208499 3209049
3209844 3210145
3212157 3213351
3214247 3215298
3216140 3220567
3221180 3221779
3222613 3222909
3224622 3230269
3231484 3233212
3236548 3240153
3242251 3246560
3247333 3248093
3248970 3251586
3252282 3252580
3254280 3254746
3255293 3259634
3260227 3261304
3261833 3262905
3263434 3263762
3264709 3267599
3267766 3267902
3268672 3272072
3272666 3273148
3273749 3274760
3275700 3276931
3277580 3278635
3279321 3280633
3281404 3282129
3282651 3285961
3286846 3287205
3288700 3293661
3294366 3295572
3296339 3296581
3297231 3297696
3298243 3300758
3301403 3302954
3303580 3304862
3305397 3306144
3306797 3312916
3313634 3315440
3316132 3318994
3319896 3322962
3324232 3325608
3326151 3326808
3327528 3329515
3330827 3332543
3333244 3333319
3334267 3334625
3335547 3337147
3338417 3338989
3340121 3346393
3347209 3348532
3349302 3349597
3350392 3350636
3351197 3353674
3354271 3357342
3358139 3359855
3361235 3361949
3362648 3365013
3365597 3367022
3367558 3368969
3369563 3370026
3370660 3370834
3371604 3378934
3379492 3383079
3383793 3385934
3387841 3389271
3390065 3394657
3395446 3396489
3397031 3399601
3400151 3400212
3400725 3400966
3403677 3403935
3404563 3406803
3407529 3407604
3408678 3409173
3409694 3410143
3410998 3411126
3411645 3421385
3421967 3426704
3427306 3428999
3429803 3430009
3430602 3433020
3433802 3435297
3436027 3436349
3436899 3437580
3438237 3439505
3440824 3445428
3446463 3448097
3449291 3450274
3451026 3452615
3453117 3455127
3455676 3462723
3463254 3463982
3464582 3466296
3467592 3468131
3468941 3471378
3471935 3474545
3475251 3475761
3477012 3481054
3481848 3482461
3484179 3486672
3488239 3488889
3490011 3490344
3491353 3493445
3494098 3494575
3495269 3498113
3498776 3500090
3500656 3501990
3502733 3503562
3504673 3506688
3507370 3508838
3510158 3511278
3511838 3513651
3514222 3516334
3518310 3519296
3520410 3521237
3521786 3522537
3523576 3525848
3526969 3527981
3529292 3530841
3531382 3534262
3534957 3539033
3539561 3542076
3542593 3543243
3543833 3545424
3546117 3546399
3547448 3548540
3549331 3550068
3550650 3551180
3551827 3553003
3553612 3553829
3554664 3555173
3555826 3558686
3559370 3561869
3562517 3562585
3563191 3566187
3566810 3569683
3570585 3573089
3574144 3574323
3575126 3581123
3582091 3582297
3582974 3586060
3586817 3588514
3589024 3589897
3590976 3594342
3594848 3598610
3599198 3601831
3602395 3603099
3603818 3604757
3605548 3611440
3612715 3614086
3614639 3618765
3621985 3622829
3623758 3626828
3627553 3629202
3630395 3631546
3632174 3632701
3633244 3640393
3641123 3647184
3648001 3648881
3649422 3650386
3651026 3652031
3653467 3657665
3659071 3660514
3661284 3665010
3665533 3665735
3667560 3668991
3669523 3672763
3673905 3674542
3675120 3677644
3678371 3679285
3679852 3683532
3684366 3684639
3685164 3686066
3686656 3688525
3689192 3689958
3691516 3697470
3698118 3698328
3698852 3701361
3702198 3702611
3703657 3705002
3705631 3706134
3706903 3708742
3709409 3710326
3713317 3715112
3715807 3720846
3721361 3722850
3723780 3727126
3728300 3728598
3729127 3731411
3732747 3733678
3734826 3735118
3736915 3737685
3738301 3740488
3741259 3741966
3742472 3743920
3744642 3744825
3745895 3751945
3752556 3753198
3753762 3755571
3756100 3756778
3757597 3759975
3760543 3760741
3761860 3765830
3766453 3767053
3767197 3770720
3771761 3772574
3773230 3774278
3775082 3775722
3777651 3779023
3779597 3780105
3780870 3780959
3782238 3783305
3784696 3789031
3790393 3791204
3791729 3793789
3794522 3794755
3795320 3797217
3798174 3798976
3800285 3803009
3804384 3805120
3806382 3806537
3807856 3809113
3810523 3812015
3814412 3814616
3815225 3816741
3818568 3818786
3819599 3819727
3820462 3822146
3822808 3823983
3824712 3825661
3826424 3827354
3828699 3828909
3829668 3830229
3830849 3831582
3832194 3834329
3835603 3838396
3838924 3842331
3842852 3843524
3844072 3847342
3848795 3851668
3852305 3854759
3855413 3855982
3856968 3862253
3863060 3864161
3864902 3866946
3868374 3876314
3876876 3879891
3880480 3881373
3881982 3883567
3884985 3885935
3886817 3886867
3887651 3889078
3889696 3891750
3892444 3893567
3894085 3895641
3898036 3900158
3900666 3900777
3901522 3902826
3903536 3910084
3911109 3911914
3912625 3914348
3915204 3915496
3916570 3917992
3918651 3919334
3919946 3920708
3921322 3923915
3924703 3925514
3926402 3927889
3929061 3929545
3930065 3930626
3932003 3932712
3933439 3938091
3938693 3939103
3939613 3941329
3943364 3948019
3948528 3951458
3951958 3952401
3953383 3953745
3954590 3959440
3960043 3961668
3962180 3963170
3963919 3968331
3969162 3969614
3970369 3970933
3971706 3973446
3973983 3976735
3977244 3977572
3978613 3979148
3979754 3982000
3982646 3984711
3986243 3986395
3987567 3988517
3989109 3991635
3992836 3997338
3998505 4000959
4002125 4002627
4003689 4005669
4006171 4006637
4007162 4007787
4008607 4010004
4010643 4011611
4012157 4012818
4013640 4014254
4014786 4015162
4016069 4016727
4017354 4018903
4019755 4020111
4022294 4025349
4026623 4028261
4029654 4031132
4032418 4033172
4034040 4044004
4044548 4046990
4047784 4049901
4051320 4051694
4052693 4052822
4053496 4054345
4054865 4056288
4057424 4061152
4061981 4062944
4063504 4063707
4064330 4067586
4069824 4070127
4070837 4071161
4072717 4074132
4075410 4078896
4079456 4083038
4083765 4085459
4086316 4086617
4087321 4087998
4088513 4089088
4089906 4091167
4092985 4093350
4093957 4096126
4097567 4099013
4099716 4101976
4102989 4108372
4110992 4114670
4115353 4117454
4117983 4121045
4121642 4122574
4123956 4124818
4125669 4127767
4128641 4129465
4130276 4132119
4132672 4134422
4135082 4135439
4136261 4138210
4138834 4139938
4140807 4143069
4143708 4143813
4144509 4144732
4145308 4146344
4146969 4147709
4148655 4149389
4149922 4150923
4151447 4152475
4153005 4155855
4156495 4157073
4157661 4157739
4159245 4163720
4165010 4168115
4168720 4171751
4172300 4172527
4173104 4173430
4174186 4175588
4177214 4178892
4179929 4184315
4184950 4185755
4186761 4189308
4189889 4190173
4190871 4192117
4192632 4192869
4193420 4195117
4195847 4197297
4197936 4198266
4199004 4199759
4200562 4200886
4201465 4202525
4203374 4210022
4213248 4214111
4214665 4219059
4219707 4221033
4221702 4223488
4224503 4226052
4226611 4227936
4228778 4230158
4231126 4232829
4233371 4235742
4236415 4237319
4238057 4238264
4239670 4241720
4242475 4245018
4245585 4246225
4246789 4248738
4249241 4252168
4252784 4254983
4255715 4257289
4257927 4259279
4260140 4267299
4267883 4270404
4271408 4272742
4273383 4273532
4274469 4277247
4278538 4279795
4280297 4281607
4282264 4283071
4283685 4284320
4284854 4287098
4287674 4287833
4288639 4291264
4292465 4292825
4293743 4294690
4295238 4296338
4297357 4298612
4299135 4299669
4300526 4302411
4303292 4304923
4305702 4306697
4307491 4307907
4309097 4310834
4312493 4313542
4314838 4315130
4315753 4317108
4317916 4322016
4322877 4329002
4330803 4333013
4333540 4335103
4335646 4335826
4336376 4337518
4338445 4338525
4339205 4339468
4340181 4341745
4342385 4343275
4343855 4346243
4346759 4349460
4349962 4353062
4353652 4355013
4355524 4355802
4356585 4356793
4358200 4359100
4359793 4364360
4365011 4367621
4368395 4371157
4371767 4373489
4374010 4374713
4375573 4379253
4380122 4381601
4382107 4386413
4387320 4387548
4388463 4389257
4389852 4390883
4392119 4393705
4395288 4399401
4399980 4401092
4401957 4407089
4407659 4411786
4412779 4413917
4414597 4414950
4415767 4416315
4417047 4417338
4418813 4420416
4421636 4421896
4423707 4425276
4426718 4438222
4438784 4440972
4442306 4444168
4444715 4445979
4447414 4451257
4451980 4452127
4452982 4453593
4454429 4459326
4459974 4461291
4462119 4463679
4464245 4467170
4467759 4469894
4470448 4470619
4471859 4472876
4473495 4473740
4474250 4474697
4475218 4475522
4476182 4480292
4481119 4484909
4485454 4487270
4487859 4491755
4492398 4493488
4494006 4495794
4496403 4497193
4497984 4500302
4500947 4501739
4502332 4503443
4504030 4504737
4505519 4507228
4509918 4510088
4510707 4514729
4515299 4517654
4518499 4522568
4524363 4526825
4527366 4528209
4529129 4530255
4530769 4531850
4532366 4532592
4533460 4534433
4535581 4539602
4540139 4541276
4541949 4544244
4544917 4546598
4547162 4549991
4550498 4551287
4552283 4554986
4555574 4558574
4559313 4559542
4560719 4561436
4561952 4562963
4563594 4565994
4566685 4567679
4568566 4570478
4571411 4571726
4572977 4574539
4575055 4577987
4578645 4581096
4581746 4582118
4582829 4583903
4584657 4585626
4586182 4586892
4588979 4589282
4590229 4592733
4593244 4593705
4594304 4595550
4596394 4597361
4597883 4597959
4599299 4602158
4602792 4605285
4606171 4608491
4609097 4611449
4612733 4616487
4617031 4618187
4618902 4618985
4619533 4621086
4621707 4626759
4627297 4627498
4628061 4628892
4629849 4629953
4630465 4631311
4633048 4633917
4634549 4636223
4637028 4641652
