Escherichia_coli_O157_H7_0990
1 5788
13470 15050
15695 24175
27828 28105
37160 37311
38477 38766
40672 42704
43743 49402
52949 56303
56979 60838
64042 83187
93447 101525
113421 115355
115867 121113
124657 127654
133246 142463
143141 143579
157510 164931
166835 170227
171340 172434
173026 179997
184516 188173
188846 195880
199170 199435
203430 207219
209261 210102
213384 213536
216527 219236
219936 221345
227889 229177
229712 230860
234257 243405
245351 247254
249089 249274
254849 254950
259206 262171
264547 265180
269572 270023
278639 284948
285453 288267
290613 291124
294572 296031
301032 305366
307891 311462
314897 315072
316188 326719
338337 339270
340883 340996
342750 342989
345549 345852
347814 348109
351734 351941
352450 360373
361281 361369
363130 370711
382613 383051
386267 387654
391468 391693
392561 397015
397930 399928
402450 403675
404373 406330
406961 408935
409555 410377
418894 424568
425135 432300
437909 439322
440705 441778
443394 443574
446894 457048
459126 459510
463604 479490
480476 481520
482576 482782
487518 487783
488357 492679
500971 502584
505516 506312
506918 507011
507895 509738
510548 515811
521947 523752
526478 528926
538243 562195
571504 571842
572399 572645
575455 575713
576586 586635
587281 589313
590334 598771
602839 606590
611955 612231
616035 619012
623520 624910
627025 636621
644608 648206
648712 651540
652274 653105
657944 664246
665097 668018
668707 668988
674687 680444
681336 684876
685862 690876
691912 692054
694461 694561
695304 698675
699996 701768
702705 702917
705188 708641
711339 711461
715442 721363
721893 723504
724453 725448
725998 730140
735682 740646
741791 741971
744015 745645
746376 747413
750449 756527
757047 759365
761850 762008
765640 766423
771765 772058
773763 776390
778399 780753
782690 782861
783953 784163
785230 788343
791262 807929
811348 811939
818730 818779
822159 822359
835818 837540
844966 845206
845812 847289
849770 849876
863052 866513
867072 867834
868595 868773
878848 888734
889578 895153
897087 897632
900347 900515
909830 913975
914572 916008
917982 926901
927679 929886
933566 938175
938871 939389
955530 955794
961356 972726
974025 980688
981254 981551
982609 994091
994629 996881
1001691 1003523
1008041 1012019
1012524 1028347
1029713 1034262
1035996 1041253
1050567 1053432
1057494 1062032
1062592 1063982
1065360 1065838
1068875 1071131
1075239 1076696
1082022 1086332
1086861 1091528
1092030 1092290
1093503 1094315
1095254 1099890
1100446 1101191
1101705 1101954
1116167 1116288
1123075 1123965
1125013 1125136
1129763 1129946
1131117 1131339
1137477 1137589
1139169 1145690
1146530 1147103
1147888 1150574
1151291 1152973
1153503 1165289
1169604 1171425
1178039 1188988
1189867 1190152
1197566 1201042
1202437 1203501
1204662 1215261
1215822 1216207
1223156 1227489
1234470 1235980
1236492 1236630
1237472 1249499
1250252 1254979
1261050 1262304
1265438 1270279
1272019 1272095
1273815 1274141
1287025 1291423
1301890 1324584
1325871 1325920
1330465 1333627
1334360 1334824
1354155 1356670
1361099 1361877
1362820 1363019
1363549 1370645
1374715 1375544
1379387 1383274
1386975 1387914
1388633 1402029
1406096 1406869
1407663 1407959
1416645 1416735
1420170 1423719
1425459 1433950
1437214 1437631
1438353 1438897
1443052 1444576
1445110 1456628
1463653 1463878
1464566 1466521
1469922 1472670
1474559 1474726
1481544 1482792
1484607 1485594
1486700 1487732
1490700 1490831
1498064 1498226
1499298 1499995
1501046 1504926
1516425 1516844
1517440 1521366
1522914 1523400
1525974 1526700
1527233 1529757
1532491 1532754
1534049 1537927
1539379 1540823
1542342 1545365
1545910 1551936
1552876 1553093
1557035 1557270
1559726 1574158
1576277 1583783
1585746 1587359
1592942 1595274
1595989 1597601
1601504 1604709
1619965 1639783
1648016 1657874
1665373 1668820
1670292 1675033
1677677 1680562
1681115 1681623
1684236 1704687
1709426 1710492
1711149 1711723
1713118 1723590
1729989 1730605
1739619 1739835
1744496 1744775
1747302 1748561
1754445 1756105
1759349 1759679
1760421 1768656
1769710 1772157
1775190 1782576
1783754 1787196
1787925 1790822
1794794 1799793
1800679 1803369
1805416 1806289
1808631 1811312
1813594 1814012
1814588 1816887
1817838 1821164
1822303 1827953
1828604 1831121
1831645 1831891
1832435 1834515
1835043 1835183
1843095 1846663
1850939 1852086
1852706 1865393
1867026 1867337
1867869 1874549
1875089 1881190
1885720 1886461
1888119 1892479
1896355 1900344
1901587 1901855
1909845 1910379
1911124 1911886
1912734 1921186
1923423 1924563
1925216 1925473
1929285 1934650
1935277 1937544
1940580 1940791
1942614 1945498
1946091 1949571
1951826 1959158
1960369 1960537
1963039 1963527
1964793 1967924
1970748 1970889
1975116 1978649
1982895 1998192
2006396 2006501
2009516 2014613
2016552 2026310
2027062 2029184
2031603 2031745
2033443 2037514
2040381 2040636
2042050 2046304
2049179 2061983
2072138 2072274
2073383 2073989
2074536 2076114
2080382 2080617
2084584 2088464
2089940 2091289
2091852 2100065
2100669 2101866
2102683 2113795
2116481 2117755
2118256 2124116
2129201 2132606
2136596 2140476
2145320 2145558
2152168 2153811
2156101 2162742
2164985 2165164
2169976 2171853
2172439 2178214
2180264 2181105
2183806 2188797
2189497 2192076
2198125 2201219
2202294 2211248
2216466 2216633
2217231 2225279
2227220 2227289
2228550 2230372
2232378 2235396
2236978 2237386
2238667 2240451
2246992 2251202
2252400 2252517
2259219 2267567
2268164 2268422
2269340 2273053
2274401 2281937
2282904 2290638
2291465 2291705
2294244 2294770
2305577 2305733
2312432 2314148
2317115 2320832
2322403 2328110
2331158 2331963
2332612 2337356
2341095 2342363
2351407 2360300
2360816 2366546
2367139 2373308
2374935 2376119
2380711 2381878
2389077 2390253
2395269 2401557
2402769 2404979
2412450 2414382
2414921 2416169
2417578 2425238
2426909 2428404
2430752 2433455
2435770 2436263
2441189 2441461
2442129 2443668
2444315 2445409
2447329 2452838
2453422 2464443
2469619 2470166
2471474 2487248
2488707 2498579
2509470 2515121
2516606 2530549
2532223 2532682
2533300 2533455
2534536 2536567
2538444 2541369
2543561 2543679
2545622 2547869
2549113 2549219
2554292 2559834
2564122 2564313
2566476 2567158
2568505 2570035
2570552 2570793
2575565 2591239
2592388 2593086
2595470 2599007
2600791 2601161
2606427 2611646
2615694 2616353
2618693 2618821
2621915 2625976
2626492 2626597
2639052 2645143
2646524 2646618
2651972 2658921
2659726 2666947
2670479 2673021
2679575 2679810
2688542 2695791
2698677 2698972
2709406 2715257
2716507 2719085
2719664 2720129
2720846 2725143
2725771 2726613
2727116 2730273
2732129 2735399
2738417 2739101
2739647 2741585
2742255 2746111
2746907 2767847
2768462 2769554
2772862 2773115
2777727 2780705
2783587 2786407
2791795 2793678
2794283 2806440
2807320 2808413
2809696 2812192
2812778 2817613
2822258 2822474
2823605 2837868
2838425 2839441
2840194 2842487
2844580 2844679
2859881 2860872
2862540 2866837
2867343 2870566
2871828 2874755
2875577 2877209
2879173 2884022
2889536 2895393
2898148 2898885
2899709 2902095
2906791 2911989
2916154 2916310
2921251 2923190
2923907 2924167
2926957 2939323
2942477 2948355
2949465 2949537
2951495 2952401
2952949 2956702
2958277 2958670
2959884 2972295
2972808 2976487
2977010 2985225
2985880 2985951
2988719 2993548
2994325 2995630
2996153 2996901
2997619 2998561
2999138 3004796
3011345 3012698
3015351 3016991
3019403 3019872
3020771 3032294
3033849 3034456
3035004 3037568
3039910 3040313
3042072 3043466
3044500 3045014
3045906 3047430
3049109 3049401
3053219 3053420
3058390 3060899
3061539 3061866
3062968 3064295
3066135 3070528
3075513 3075610
3084187 3101766
3104618 3104785
3109887 3110190
3116243 3116319
3121213 3125991
3126577 3127822
3128721 3132163
3133235 3138736
3140558 3142909
3143605 3144179
3145298 3145391
3147186 3147866
3151073 3151677
3152912 3153380
3163052 3163275
3167583 3183760
3185696 3185830
3195173 3195392
3196023 3197412
3199612 3199768
3202702 3202946
3209392 3219547
3220069 3226720
3227500 3229188
3229786 3230103
3231229 3232344
3238961 3239416
3240651 3240762
3242200 3244559
3245385 3247583
3249737 3252091
3252853 3253027
3253683 3259726
3260244 3264671
3265252 3266765
3273943 3275004
3275538 3276385
3277422 3279509
3283220 3288862
3290923 3291049
3294812 3297547
3298109 3309140
3310148 3310929
3312119 3316493
3317135 3317294
3319560 3319849
3326213 3331840
3335135 3335347
3337745 3353334
3355704 3357459
3358417 3365937
3381396 3382020
3383398 3389156
3389756 3391599
3392160 3393603
3398963 3399434
3403776 3419193
3420624 3426932
3432230 3433368
3441306 3444241
3449356 3453282
3454839 3456308
3461702 3464519
3465538 3466234
3466975 3467735
3473077 3473340
3475126 3479891
3486403 3486534
3489821 3490994
3493970 3495512
3500346 3500534
3505813 3507145
3507816 3510705
3514699 3523226
3524868 3527356
3527962 3528474
3530075 3540951
3541711 3547276
3548327 3554692
3555301 3557595
3559053 3567927
3568508 3568835
3570434 3577924
3578548 3595180
3595815 3598917
3599769 3603718
3606106 3606254
3607353 3607670
3610949 3612251
3613166 3613292
3614008 3619010
3619692 3622307
3623201 3624926
3625584 3629227
3629728 3632817
3633820 3634403
3634917 3636040
3637123 3640098
3640626 3640850
3646851 3648441
3656422 3660350
3660868 3661963
3670207 3671651
3676648 3678462
3684928 3691729
3692232 3692470
3695009 3709787
3711171 3713037
3714493 3720973
3721491 3726572
3734676 3734955
3736647 3737704
3738548 3739536
3740041 3740489
3746739 3749141
3749750 3750323
3750882 3755897
3756727 3758287
3758973 3768285
3768899 3778082
3778758 3793095
3793724 3794922
3795472 3797136
3797791 3797993
3820989 3821345
3822159 3822434
3829154 3835707
3844826 3851187
3852391 3852682
3853690 3854417
3856440 3865967
3867711 3869078
3872873 3877362
3880886 3880951
3884376 3890246
3890836 3892843
3893354 3895249
3896316 3900039
3902749 3902971
3905060 3912101
3918273 3919544
3920189 3921704
3924645 3924829
3927889 3937713
3945991 3946156
3946692 3949371
3965699 3966694
3971328 3978866
3980754 3980896
3982609 3986868
3991835 3993287
3996953 4003409
4005101 4011699
4012395 4012832
4017540 4017937
4018660 4020387
4022320 4030243
4038968 4040098
4040631 4042050
4042560 4042996
4048464 4048760
4052860 4053203
4054984 4057036
4057854 4059109
4075495 4079580
4080160 4084325
4084976 4099364
4100325 4100556
4101542 4104110
4105259 4108864
4112298 4118576
4120668 4125821
4127833 4137992
4138587 4154105
4154808 4154999
4156858 4169064
4169601 4176186
4180906 4185310
4185955 4190258
4190899 4194001
4195928 4201602
4202361 4202600
4205394 4205487
4211167 4211761
4221217 4227602
4228239 4231394
4232822 4238122
4239522 4240213
4241314 4243562
4244982 4249222
4251750 4254267
4254912 4256652
4257201 4261434
4262065 4267081
4267645 4274585
4285127 4285338
4285862 4286665
4287193 4288286
4288962 4290435
4292552 4292658
4293455 4293868
4298285 4302527
4303158 4304346
4308024 4308076
4308616 4310794
4311475 4320788
4327113 4328528
4329164 4338717
4339460 4340056
4341582 4346596
4347512 4367874
4368551 4368644
4374015 4374717
4378796 4385246
4385756 4386116
4386662 4389390
4389894 4390093
4392385 4392786
4395448 4399783
4400297 4409929
4410547 4412736
4413260 4413737
4418174 4420165
4420699 4430227
4437149 4444645
4448587 4456151
4464086 4464603
4465258 4465923
4466489 4470331
4473597 4474183
4475078 4479689
4483185 4483428
4485124 4485707
4488753 4497494
4499655 4507004
4507889 4508034
4510572 4515204
4516175 4527547
4533814 4537654
4538256 4545655
4546477 4547077
4551305 4551507
4552349 4565047
4565722 4571468
4574771 4589710
4591714 4593392
4601392 4623633
4628350 4628653
4631599 4631912
4633319 4638029
4639742 4651742
4653943 4660456
4664089 4664510
4665782 4668858
4671521 4671667
4672226 4677176
4680922 4685489
4686284 4706638
4712037 4713352
4714047 4714795
4717232 4717525
4719755 4722913
4724072 4724671
4725498 4728207
4729296 4731026
4732148 4733145
4733784 4736302
4738870 4745841
4746734 4746808
4747362 4747678
4767671 4769441
4769972 4780327
4784023 4785865
4786476 4800333
4804219 4805222
4807630 4809394
4813670 4816866
4817371 4823430
4824712 4830886
4840555 4841824
4843673 4843830
4847420 4857856
4858373 4859426
4860962 4864673
4865757 4869962
4871550 4874924
4875668 4877678
4882707 4886337
4886948 4889773
4892797 4896788
4898367 4906590
4907107 4908823
4909550 4911984
4912503 4912979
4919224 4924535
4926340 4926570
4928555 4933042
4935348 4936270
4936988 4937999
4939428 4939661
4940183 4942214
4943230 4945504
4946236 4951416
4955676 4958480
4963484 4966219
4971063 4971191
4974029 4984937
4986175 4988283
4989197 5002787
5004065 5005539
5006045 5006381
5006981 5008337
5008944 5016963
5019738 5031693
5032232 5035580
5036301 5036584
5037610 5043478
5044399 5047106
5048276 5050977
5051524 5053054
5053616 5057869
5058420 5058819
5063041 5069651
5075293 5076753
5080780 5083789
5087921 5092804
5100491 5100566
5102045 5102147
5104556 5106519
5114438 5117634
5118222 5120679
5124892 5129674
5135800 5139120
5143929 5153628
5160342 5168050
5168608 5176897
5181787 5181865
5185609 5188791
5189531 5189919
5193008 5193496
5201157 5201254
5201985 5202979
5206743 5211903
5212582 5215277
5218817 5218967
5227193 5234892
5235967 5236987
5237596 5239786
5240382 5251727
5254005 5255733
5257420 5276190
5279560 5287972
5288641 5304677
5306750 5307130
5315090 5317723
5318421 5318656
5320369 5323360
5326456 5327963
5328979 5331828
5335214 5344283
5347879 5354258
5354820 5360769
5363867 5364032
5367322 5367468
5368007 5369217
5369724 5370516
5375972 5379570
5380105 5384989
5387370 5394388
5397033 5399835
5400532 5400776
5401522 5405893
5411218 5411516
5413576 5416403
5417913 5422940
5427300 5428627
5429134 5434943
5438378 5438433
5441137 5442155
5444018 5444558
5445075 5446521
5447035 5454295
5455515 5460510
5461600 5465535
5468721 5472359
5473304 5473472
5477169 5478683
