gi_556503834_ref_NC_000913.3_
1 4949
6068 6498
7302 9701
10849 12251
12761 14982
16035 16700
17999 22705
23310 23704
24272 28170
28756 39037
39552 41532
42162 42272
42863 43167
43917 45832
46642 48209
49251 49829
50358 50796
51624 53732
54357 57214
58191 62982
63496 64523
65936 69298
70089 70936
71477 72203
72833 76502
77041 86522
87158 87350
88074 94413
94943 97932
98688 99835
100843 101797
102417 103197
104093 112665
113252 114106
114678 116350
116939 121310
121823 122363
123155 124471
125267 126343
126954 129326
130427 133853
134556 134801
135485 143800
144363 146429
146937 152135
152881 153991
154642 157811
158425 161248
161901 162812
163404 167040
167978 169359
169930 176730
177910 178835
179344 186036
186609 188851
189554 193374
194241 196570
197988 200348
201172 205165
205928 206619
207208 211937
212745 214684
215314 217259
217888 219271
219906 220043
220550 221023
221542 229397
229924 232138
233025 239377
239623 239799
240359 240786
241296 247337
247904 251476
251999 256824
257378 260186
261207 263288
263816 267101
267829 270313
270527 271737
272286 277119
277704 277860
278696 283902
285013 287159
287841 290633
291712 294239
294768 299513
300276 300588
301313 304230
304710 309382
310152 310936
311526 311983
312772 314735
315278 326162
326758 327784
328304 329672
330511 331472
332042 333295
334051 336152
336667 344257
345120 346046
346887 350974
351527 357952
358480 359083
359590 363834
364741 368811
369390 372525
373133 373490
374195 376474
377216 378974
379829 380780
381359 386900
387644 388684
389186 394149
394843 395660
397017 399649
400372 405113
406003 413534
414084 414301
414974 415096
416150 416295
417227 422529
423035 424265
424984 426325
427116 427948
428479 430539
431237 435256
435862 443500
444278 446169
447735 452509
453106 453334
454029 454992
455538 456541
457397 460080
460689 467373
467921 468370
468954 472150
472709 477240
478458 478538
479118 480285
481009 484687
485226 490527
491210 492393
493111 494885
495395 496669
497374 498265
498831 499640
500180 500375
500906 501409
501912 503067
503713 509207
509712 511223
511799 512100
512682 520237
521210 522794
523377 526993
527800 528345
528879 531503
532069 532451
533204 534351
534887 537417
538064 538948
539492 540973
541534 543565
544084 544143
544708 556039
556642 558629
559158 561027
561696 563973
564477 566707
566778 576646
577685 580750
581573 583840
584423 585977
586496 591483
592154 608590
609784 611356
612223 615156
615797 617653
618235 626710
627245 629886
630704 632498
633088 634893
635446 640896
642050 644018
644700 645787
646354 648082
648862 653955
655073 660110
660780 661036
662492 665262
665832 670545
671096 671976
673984 676189
676780 676920
677500 680403
681200 682550
683116 683243
683791 685189
685724 692236
693481 693738
694271 696849
697846 725760
726393 729673
730677 732156
732751 734345
735175 737190
737961 738935
739877 740993
741579 743336
743855 750234
750954 754939
755598 758721
759795 767472
768076 768781
769415 772162
773007 773479
774127 781838
783336 785481
786521 793370
793933 795877
796399 798496
799672 805428
805789 805880
806987 811478
812074 814714
815437 815755
816263 817332
817837 822383
823604 823679
824236 827592
828218 830115
830930 833123
833803 835878
836588 843738
844275 845184
846391 846861
847517 848256
848769 852432
852956 854544
855422 857451
858032 859545
860870 862437
863184 863871
864453 866163
867733 868064
869007 872801
873416 875907
876457 877621
878983 879740
880480 882913
883734 888838
889453 890887
891666 894160
895218 898016
898532 900969
901686 905007
905678 907363
908049 917627
918269 923011
923669 924150
924845 927516
928054 936414
937043 942578
943107 947334
948270 949518
950153 953617
954127 955357
956554 957039
957645 958816
959398 961658
962172 962944
963447 964265
965261 968287
968824 972447
973020 973474
974116 975887
976558 977940
978699 979407
979972 981205
982100 983017
983528 984866
985976 986616
987325 990431
991081 992032
992563 993201
994467 996041
996594 997993
998655 1001259
1002071 1004662
1005433 1006927
1007476 1008024
1008849 1018130
1018746 1019580
1020989 1022800
1023562 1026361
1026924 1031470
1032658 1040650
1041351 1042218
1043146 1045025
1045881 1046439
1046947 1048811
1049518 1050545
1051316 1056516
1057078 1058756
1059454 1065612
1066330 1067212
1067715 1067810
1069093 1070871
1071905 1076157
1076789 1085976
1086728 1090199
1090864 1091145
1092061 1092241
1092840 1095423
1096174 1100752
1101546 1101687
1102264 1104865
1105411 1106704
1107613 1108198
1108743 1110074
1110693 1111652
1112434 1119281
1119981 1120499
1121408 1124098
1124994 1125231
1126641 1128753
1129274 1138799
1139825 1140351
1141148 1142663
1143420 1144393
1145055 1147144
1148730 1151092
1151897 1153269
1153922 1156111
1156957 1157386
1158476 1160957
1161500 1161863
1162912 1164323
1164830 1168534
1169058 1172899
1173518 1175011
1175640 1178482
1179037 1185295
1185872 1189443
1190246 1190949
1191478 1194784
1195391 1196366
1196934 1199137
1200044 1201068
1201860 1203729
1204338 1211016
1211579 1211738
1212399 1214791
1215420 1220873
1221395 1224475
1225722 1226385
1227645 1228004
1229630 1231182
1231880 1239643
1240147 1242464
1244101 1247740
1248242 1249522
1250098 1256363
1256970 1262018
1262815 1275026
1275575 1279880
1280503 1286379
1286941 1288257
1288762 1290740
1291261 1292163
1292681 1293844
1294700 1294835
1295457 1296128
1296673 1301372
1302538 1304044
1304578 1304692
1305228 1307301
1308125 1308642
1309205 1311826
1312687 1321435
1322994 1324756
1325266 1325473
1326284 1327527
1328565 1329239
1329756 1330583
1331097 1331952
1333032 1333171
1333823 1334150
1334909 1336772
1337333 1337814
1338429 1345396
1346241 1348257
1348772 1354246
1354784 1360414
1360917 1362220
1362754 1367422
1368024 1372332
1372844 1375631
1376541 1377805
1378406 1380774
1381537 1385173
1385934 1388932
1389480 1392173
1392709 1398532
1399045 1404762
1405264 1408751
1409677 1414780
1415626 1422603
1423156 1438867
1439485 1442956
1443578 1444787
1445289 1445850
1446426 1450100
1450756 1454418
1455827 1456199
1456751 1460380
1461065 1463298
1463952 1464197
1465041 1465650
1466381 1469281
1470865 1471970
1472689 1474382
1475647 1484841
1485467 1487506
1488367 1489667
1490854 1493893
1494606 1496052
1496893 1499583
1500166 1500831
1501414 1502450
1502955 1504454
1505140 1505883
1506396 1510465
1511304 1511997
1512915 1517025
1517537 1524521
1525162 1530397
1530900 1539536
1540468 1542807
1543835 1546395
1546975 1550163
1550814 1556411
1557247 1559990
1560676 1561838
1562471 1564976
1565629 1565923
1566512 1570361
1571546 1573362
1573947 1575038
1575613 1576519
1577062 1577721
1578344 1580193
1580939 1581157
1581857 1584017
1584622 1585118
1585714 1589984
1590653 1591711
1592708 1592837
1593341 1598172
1598746 1603061
1603965 1609094
1609699 1611697
1612348 1613089
1613644 1618188
1619341 1621928
1622834 1624954
1625489 1626009
1626573 1628031
1628534 1631174
1631934 1632550
1633268 1633430
1633959 1634083
1635620 1636764
1637352 1638707
1639237 1640514
1641163 1645354
1646759 1647149
1647863 1654457
1654999 1659339
1659994 1661427
1662122 1663925
1664468 1665521
1666334 1667383
1668082 1671179
1673104 1673515
1674278 1680968
1681728 1681843
1682490 1684657
1685602 1688664
1689184 1689536
1690125 1690699
1691409 1691637
1692162 1695423
1696055 1696482
1697016 1697599
1698371 1699003
1699899 1703471
1704379 1705522
1706055 1706704
1707309 1707460
1708082 1710377
1710931 1715506
1716422 1729725
1730399 1735894
1737042 1737391
1738007 1740414
1740919 1741430
1742187 1742711
1743325 1746412
1747539 1747928
1750668 1753679
1754482 1757750
1758342 1765778
1766325 1772810
1773340 1781616
1782665 1783165
1783731 1783919
1784667 1784828
1785711 1786211
1786789 1792023
1792639 1799108
1799817 1804051
1804581 1809443
1810012 1815834
1818368 1824456
1825054 1825414
1826031 1828779
1829725 1837041
1837655 1842097
1842711 1843681
1844204 1846123
1846927 1849684
1850763 1852033
1852860 1853628
1854692 1865486
1866025 1873650
1874171 1875861
1877115 1878642
1879181 1879850
1880355 1880671
1882222 1883619
1884395 1885634
1886225 1890129
1890721 1892138
1892671 1895058
1896415 1899504
1900804 1906435
1907438 1908258
1908761 1909107
1910116 1912086
1912850 1913846
1914348 1916281
1916972 1920056
1920827 1928165
1929244 1929736
1930441 1931657
1932450 1935005
1935717 1954757
1955470 1956199
1956861 1957155
1957819 1967634
1969810 1975242
1976105 1977095
1978121 1983078
1983762 1984741
1985600 1986565
1987773 1987996
1989115 1991542
1992112 1996276
1996869 1997241
1999460 2001293
2001881 2007549
2008114 2012144
2012915 2013697
2014255 2014914
2015476 2016210
2016725 2017267
2017954 2024190
2024853 2025774
2027006 2027163
2027680 2027785
2028540 2029625
2030280 2033051
2033711 2036923
2037476 2038323
2040013 2040094
2040599 2041706
2042539 2046551
2047367 2047474
2047976 2048447
2048990 2052208
2052797 2056859
2057363 2058696
2059231 2060747
2061330 2065440
2066183 2073208
2073832 2083198
2084639 2089170
2090235 2090944
2091522 2096714
2097390 2100576
2101342 2102921
2104076 2105013
2105632 2107161
2107866 2111807
2112361 2114927
2115992 2117854
2118409 2120798
2121330 2121511
2122071 2122403
2123083 2128574
2129277 2137593
2138318 2143919
2144950 2146014
2146531 2149672
2150971 2153773
2154528 2154860
2155541 2158953
2160498 2161985
2162682 2163934
2164462 2166318
2166879 2168061
2168727 2169107
2169708 2170171
2172182 2174287
2174821 2176403
2177045 2181249
2181804 2182287
2183693 2184330
2184971 2189159
2190798 2191610
2192137 2195598
2196149 2196400
2196925 2202002
2202604 2205206
2205728 2207142
2207806 2209053
2209754 2210550
2211290 2219962
2220655 2223296
2223847 2224833
2225673 2234423
2235151 2237095
2237712 2240377
2241048 2243766
2244917 2245468
2246244 2252266
2253123 2256509
2257117 2259593
2260912 2261822
2262529 2264456
2264977 2265310
2265973 2268301
2268913 2270796
2272263 2274460
2275114 2275240
2276119 2276381
2276893 2277835
2278451 2280352
2280987 2281056
2281607 2286831
2287434 2287547
2288887 2290294
2290806 2291259
2292436 2292509
2293011 2305474
2306078 2306241
2306821 2307561
2308088 2316450
2317241 2326778
2327410 2329692
2330274 2332693
2333220 2334760
2335486 2337525
2338098 2341091
2342188 2342926
2343871 2345173
2345861 2355561
2356139 2356193
2356884 2361862
2362478 2365575
2366616 2371368
2371933 2374770
2376679 2381779
2382281 2385394
2386164 2386619
2387186 2387408
2388231 2398412
2399076 2406750
2407375 2412842
2413348 2415965
2416487 2419925
2420716 2426457
2427023 2429748
2430440 2436257
2436865 2438097
2438749 2440183
2440684 2442771
2443292 2443825
2445180 2445575
2447009 2451645
2452414 2453614
2454198 2455861
2456566 2458192
2458802 2458871
2459850 2461378
2461977 2466164
2466669 2471400
2472297 2473246
2473760 2476734
2477352 2477998
2478948 2479933
2480907 2482981
2484316 2485920
2486476 2487561
2488209 2493178
2493741 2494609
2495327 2501362
2501922 2502349
2502883 2503686
2505116 2518373
2518933 2519681
2520259 2520774
2520931 2521172
2521528 2527089
2528018 2528744
2529383 2531188
2531847 2538826
2539388 2540050
2540675 2541034
2541836 2543532
2544073 2544123
2544692 2544821
2545416 2546439
2548531 2549066
2549648 2551049
2551773 2554330
2556271 2556837
2557401 2559923
2560536 2566354
2566963 2573388
2573899 2576636
2577240 2577909
2578488 2580526
2581073 2581306
2581814 2582952
2583627 2585011
2585674 2589462
2589991 2591148
2591686 2593887
2594508 2595058
2595738 2597948
2598484 2601802
2602401 2604740
2605338 2607217
2607783 2607849
2608493 2610359
2611078 2620454
2620969 2622367
2623131 2625726
2626307 2627051
2627583 2632952
2633795 2634088
2634678 2635353
2636007 2637895
2638460 2638680
2639290 2640647
2641667 2642302
2642930 2643284
2643943 2644292
2644931 2645261
2645982 2650081
2650732 2653196
2653732 2654614
2655152 2656046
2656783 2659414
2659940 2660356
2660928 2661198
2661786 2667249
2667785 2667958
2670219 2675070
2675579 2682548
2683067 2685499
2686053 2693299
2693852 2700407
2701020 2704003
2704709 2704827
2705348 2717127
2717744 2722041
2722553 2723708
2724802 2734742
2735323 2741894
2742548 2744299
2744840 2746977
2748006 2748405
2749055 2749884
2750464 2750604
2751134 2753614
2754196 2757227
2758089 2760973
2761551 2761929
2762454 2762858
2763450 2763522
2764267 2766854
2767580 2774830
2775379 2777202
2778011 2782713
2783381 2789092
2789597 2798796
2799427 2802583
2803124 2804667
2805174 2807622
2808218 2816820
2817351 2823576
2824336 2829407
2830153 2831243
2831789 2832997
2833586 2837148
2837650 2839928
2840579 2840877
2841886 2842462
2843066 2844627
2845252 2846229
2846737 2848166
2848956 2852070
2853434 2866852
2867588 2867688
2868473 2869238
2870424 2870696
2871216 2877388
2877978 2881146
2881663 2883346
2883969 2884612
2885131 2887080
2888003 2892880
2893761 2895359
2895937 2897307
2897949 2904460
2904998 2905929
2906637 2907961
2908609 2921070
2922368 2924269
2925053 2932480
2933017 2933627
2934308 2937143
2937781 2938741
2939606 2943208
2943770 2944122
2944683 2944923
2945483 2945887
2947468 2953750
2955639 2959324
2959928 2961764
2962759 2965337
2965939 2972107
2973122 2973739
2974287 2991754
2992293 2994220
2994746 2996003
2997617 2998934
2999436 3001609
3002374 3007949
3008501 3010592
3011327 3011850
3013190 3013259
3013782 3014849
3016051 3017794
3018410 3020611
3021368 3022851
3024038 3026447
3026979 3027196
3028527 3029286
3030047 3033754
3034395 3035533
3036068 3040841
3041474 3044035
3044854 3045240
3045893 3047394
3048052 3053571
3054383 3055570
3056147 3057381
3057889 3065171
3065741 3071914
3072417 3072905
3073672 3074027
3074910 3077706
3078381 3084927
3085493 3091026
3091617 3098822
3099481 3100210
3101150 3101936
3102624 3110338
3111000 3119575
3120180 3120269
3120820 3124519
3126098 3126479
3128091 3129818
3131563 3134456
3135226 3135841
3136597 3142901
3143728 3145707
3147257 3147975
3148885 3151123
3152374 3154520
3155042 3165689
3166382 3171514
3172128 3175754
3176461 3177016
3177518 3177606
3178347 3178589
3179106 3182206
3182993 3184002
3184560 3185576
3186183 3189722
3190256 3190324
3191097 3194688
3195216 3200078
3200582 3201628
3202387 3204157
3204817 3205797
3206513 3217120
3217792 3219000
3219650 3222910
3223626 3228553
3229809 3234017
3234749 3239001
3239962 3245569
3246176 3248345
3248880 3255452
3256115 3259733
3260567 3268779
3269412 3270419
3271081 3272142
3272728 3273440
3274007 3279061
3279894 3282648
3283739 3284491
3285016 3285219
3285764 3287923
3288639 3290608
3291309 3295926
3297008 3306038
3307303 3316852
3317500 3319862
3320446 3323686
3324416 3326862
3328450 3330894
3332228 3332704
3333725 3334170
3334671 3337059
3337764 3339165
3339708 3339834
3340355 3340773
3341423 3348301
3349513 3350216
3350874 3353052
3353631 3358072
3358889 3361182
3362159 3368757
3369342 3370178
3370762 3372172
3372772 3374517
3375222 3375752
3376595 3377877
3378392 3379034
3379692 3380759
3381304 3383674
3384404 3386328
3387227 3387786
3388294 3390181
3390942 3392767
3393284 3394501
3395051 3407926
3408599 3410526
3411145 3419638
3420347 3421911
3422895 3423523
3427162 3430309
3431180 3431301
3431849 3432001
3432592 3433219
3433811 3433984
3434745 3439872
3440505 3441278
3441822 3442066
3442746 3442874
3443415 3444187
3444719 3454852
3455419 3464345
3464927 3467911
3468466 3473662
3474171 3481857
3482359 3487730
3488530 3491318
3493212 3494736
3495243 3503354
3504269 3504769
3505339 3506359
3506885 3515171
3515712 3517388
3518066 3519178
3519825 3522208
3522744 3524137
3525194 3525417
3526121 3527783
3528290 3529761
3530334 3533347
3533906 3535343
3535960 3542574
3543167 3553500
3554195 3554892
3555858 3558577
3560526 3562801
3563464 3563974
3564606 3565841
3566409 3569953
3570667 3573271
3573798 3577626
3578331 3587449
3587972 3597313
3598028 3604550
3605158 3605619
3606281 3606746
3607785 3616600
3617472 3617886
3618549 3618624
3619166 3620297
3621984 3623527
3624831 3632779
3633420 3641282
3641918 3645775
3646499 3648956
3649533 3650497
3650820 3653507
3654069 3658023
3659018 3662356
3663008 3667522
3669042 3669699
3670217 3673076
3673885 3674394
3674945 3675037
3675687 3677087
3677694 3683780
3684860 3691649
3692503 3693863
3694504 3695461
3696184 3699674
3700410 3705081
3706499 3718983
3719681 3721424
3723015 3723326
3724080 3726578
3727145 3728067
3728825 3731768
3732894 3735283
3735831 3737437
3738082 3738824
3739496 3741279
3741847 3744250
3744755 3747962
3748941 3751292
3752163 3754993
3755576 3756725
3757327 3757638
3758154 3759145
3759712 3761279
3761949 3768084
3768644 3769110
3770166 3771244
3771834 3772638
3773362 3777898
3778753 3781827
3782423 3784929
3785439 3791936
3792441 3795376
3796333 3798319
3799108 3800391
3801916 3805273
3805964 3807147
3808110 3810846
3811451 3814391
3815110 3816322
3816939 3817145
3817874 3822737
3824069 3826307
3826896 3826995
3827499 3829532
3830162 3830782
3831621 3832854
3833437 3836819
3837568 3841914
3842579 3847607
3848880 3850272
3850884 3853877
3854382 3856899
3857436 3858917
3859428 3860553
3861502 3862181
3862693 3863467
3864102 3866037
3866824 3870215
3871140 3872823
3873947 3881096
3881665 3883502
3884389 3891906
3892924 3896826
3897470 3900454
3900997 3902754
3903365 3916890
3917593 3917996
3919221 3920756
3921352 3929948
3930478 3935754
3936279 3940313
3941031 3941120
3941629 3943402
3943574 3956288
3956846 3960672
3961635 3962282
3962815 3964086
3964647 3966157
3966719 3970126
3970676 3971331
3972066 3973584
3974105 3976167
3976883 3981326
3981982 3983948
3984484 3988633
3989340 3991612
3992142 3993865
3994772 3997516
3998059 3998137
3998737 3999802
4000420 4005811
4006325 4010128
4011101 4015240
4015743 4016660
4017601 4019001
4020018 4020386
4020890 4024426
4025375 4033901
4034526 4034662
4037125 4041448
4042119 4044128
4044672 4047230
4049109 4054517
4055147 4055625
4056248 4057970
4058493 4063637
4064390 4064504
4065065 4066284
4067000 4067433
4067977 4071138
4071720 4073286
4074163 4079390
4080143 4080806
4081355 4087324
4087866 4089896
4090548 4091470
4091971 4092141
4092649 4105054
4105584 4109088
4109981 4110705
4111239 4111304
4112008 4113165
4113720 4114524
4115040 4116267
4116804 4119876
4120537 4131147
4132464 4133743
4134895 4135936
4136445 4139228
4139812 4141706
4142468 4144217
4144986 4145530
4146127 4155783
4156329 4157775
4158314 4160117
4160976 4161820
4162331 4175798
4176897 4188575
4189126 4189225
4189816 4191729
4192573 4195999
4196521 4202966
4203641 4204603
4205305 4219761
4220300 4221346
4221955 4222125
4222619 4225770
4226444 4226968
4227505 4232575
4233176 4234694
4235208 4236708
4237749 4243197
4243764 4245243
4245924 4248061
4248806 4261103
4261887 4262304
4262809 4269928
4270697 4273591
4274360 4274637
4275167 4280633
4281169 4282410
4283050 4287964
4288647 4288729
4289571 4290572
4291092 4293093
4293737 4295109
4295894 4298241
4298817 4300029
4300570 4312074
4312596 4313933
4314705 4315304
4316517 4318773
4319287 4322910
4323506 4325198
4325784 4333216
4333922 4334753
4335445 4335984
4337082 4337151
4337688 4338147
4338706 4342831
4343337 4346332
4346973 4347459
4348806 4354885
4355541 4357819
4358374 4360155
4361143 4363841
4364415 4364528
4365193 4365788
4366390 4366643
4367148 4376741
4377294 4378850
4379393 4382009
4382513 4383155
4383891 4384539
4385211 4393632
4394308 4401221
4401740 4405074
4405583 4407004
4407698 4414916
4415510 4416240
4416978 4417494
4418833 4419467
4420161 4421517
4422541 4423687
4424206 4424572
4425142 4427998
4428510 4429583
4430153 4434492
4435108 4437533
4438227 4439117
4440134 4441192
4442161 4443557
4444084 4444461
4445180 4449348
4450577 4454984
4455507 4458211
4458752 4461709
4462294 4462561
4463642 4466097
4466836 4466896
4467549 4468754
4469263 4470476
4470678 4474047
4474587 4479120
4479689 4480309
4481658 4483664
4484251 4485126
4485740 4485862
4486541 4489546
4490055 4491504
4492179 4494877
4495414 4500471
4501133 4501858
4502942 4510391
4510912 4514241
4514823 4516871
4517395 4521321
4521822 4523162
4523943 4529233
4529804 4538432
4539012 4540149
4540731 4541009
4541559 4541676
4542198 4543035
4543570 4543673
4544847 4545375
4545997 4546507
4548604 4549850
4550495 4554593
4555181 4557470
4558002 4565178
4565730 4569748
4571329 4571922
4572514 4573186
4573900 4574697
4575257 4577426
4578157 4579427
4580347 4580415
4581127 4586014
4586085 4589568
4590936 4601830
4602332 4609684
4610194 4618386
4618919 4621279
4621844 4622115
4623001 4623384
4624319 4625640
4626276 4629827
4630758 4636591
4637263 4641652
