Ecoli_0920_Ancestor_
1 168
3292 3603
11142 11304
13033 13489
14117 14283
17333 17536
20615 20692
28489 28711
36860 36925
38256 38790
41848 42160
43762 44037
46004 46054
54862 55112
58982 59148
65184 65341
65940 66085
66834 67388
68359 68481
70318 70415
71421 71749
75287 75575
82236 83247
84749 84808
86440 86556
91391 92526
99023 99301
102429 102545
105012 105249
114722 114805
126207 126442
135030 135080
147087 147390
152618 152691
153291 153606
155489 155955
170168 170454
171230 171380
176019 176648
194728 195040
198286 198345
210468 210678
213141 213293
221527 221616
230894 231072
235359 235724
236626 236885
246357 246557
257223 257302
265348 265708
281011 281202
281998 282190
283103 283226
284515 284999
289673 289862
293433 293636
294523 294852
311136 311283
328602 328977
339416 339685
347155 347430
354174 354398
358991 359700
362138 362454
366100 366241
369056 369978
370542 370592
377224 383430
383937 384186
389185 389370
392582 392746
394973 395472
405102 405507
413857 414752
418974 424798
433457 433634
434604 434801
438274 438426
444305 444417
460530 460827
462892 463203
467217 467468
471218 471457
485181 485675
496336 496414
500147 500642
503541 503761
504504 505073
507793 508079
516251 516335
518843 518972
524247 524625
525360 525584
533695 533806
535329 535487
539701 539752
549673 553015
553557 555341
557312 557500
565115 565451
576989 577198
579036 579345
582315 582389
588136 588245
596006 596206
601669 602322
604193 604524
606239 606457
619074 619302
624283 624771
630948 631277
644010 649050
664103 664374
672135 672250
673672 674472
682711 682852
686807 687096
696056 696181
698824 699077
704672 704969
706982 707065
708216 708885
714990 715384
718046 718393
727888 728095
752177 752244
760336 760518
761175 761380
768598 769002
773052 773140
774507 774783
784378 785040
795017 795266
803219 803458
807965 808167
809033 809094
814898 815272
816382 817294
822384 822693
824050 824168
825100 826273
826829 827224
831755 832315
835793 835938
838140 838275
841518 841701
845670 845777
853340 853464
855971 856221
860970 861139
869104 869430
876569 876926
883313 883437
884713 884825
885636 885740
889623 889808
897061 897117
900266 900321
904915 905042
916659 916792
920151 920301
923566 924471
937667 938675
942804 943054
952939 953045
955840 956350
965295 966236
968198 969264
969820 970215
975918 976069
978982 979110
985662 985953
994385 994468
1006386 1007562
1008834 1009214
1015810 1016055
1018630 1018897
1022089 1022372
1027459 1027733
1029221 1030067
1040796 1041082
1042716 1043214
1049731 1050010
1051116 1051179
1051835 1051947
1063401 1064132
1067060 1067118
1073637 1073688
1081650 1081741
1086806 1086982
1091574 1091631
1092464 1092650
1096696 1097070
1097574 1097868
1102651 1102817
1104719 1105392
1107818 1108586
1111629 1112043
1119719 1120509
1122418 1122467
1130908 1131001
1135199 1135450
1139433 1139622
1147289 1147506
1155751 1155892
1160191 1160588
1161588 1167482
1174072 1174262
1178496 1178724
1198723 1199030
1202858 1202977
1205131 1205466
1208605 1208693
1209483 1209887
1212780 1213894
1218586 1218831
1222899 1223045
1224149 1225153
1225898 1227246
1228467 1229049
1231194 1231389
1240974 1241190
1242971 1243160
1246288 1246502
1247835 1248065
1252970 1253086
1269919 1269971
1273622 1274292
1287646 1287714
1294050 1294109
1295598 1295799
1305507 1305831
1306998 1307225
1312548 1312672
1315203 1315265
1320035 1320180
1323897 1324331
1327846 1327951
1332995 1333050
1341727 1341827
1344748 1344832
1351040 1351241
1354854 1354962
1357315 1357417
1364940 1365057
1372718 1373166
1389918 1390652
1391721 1392169
1403121 1404611
1406665 1406778
1409652 1409704
1414779 1414835
1418652 1418895
1422620 1422675
1435681 1435752
1438651 1438838
1440904 1441033
1448010 1448070
1459557 1460496
1462196 1462362
1465823 1465987
1469845 1470282
1475032 1475147
1475663 1475789
1477570 1477641
1484711 1484882
1505987 1506388
1521805 1521946
1525929 1525993
1528211 1528732
1540397 1540742
1542271 1542505
1543714 1544165
1544683 1544955
1557842 1558042
1560590 1561079
1562904 1562995
1593210 1594334
1594952 1595261
1597711 1597894
1606481 1606663
1608254 1608645
1614253 1614512
1616583 1616689
1634942 1635431
1638149 1638538
1639132 1639435
1643203 1643879
1645045 1645812
1658080 1658362
1689827 1689903
1692606 1692891
1697096 1697554
1710811 1710876
1713878 1714241
1723514 1723793
1727675 1727949
1730178 1730257
1731610 1731705
1751661 1752770
1763710 1764141
1765496 1765658
1772472 1773733
1783160 1783424
1787349 1787590
1789704 1789911
1792835 1793007
1793605 1793748
1798299 1798526
1809695 1809790
1820757 1821066
1823663 1823864
1824895 1825135
1831594 1831832
1835920 1836581
1840169 1840434
1844135 1844195
1845788 1846252
1852616 1852763
1854430 1854493
1859311 1864643
1891206 1891277
1891920 1892322
1897320 1897443
1899633 1899778
1903601 1903923
1913929 1914123
1937526 1938515
1944639 1944742
1946526 1946881
1950058 1950292
1952123 1952374
1956728 1957604
1966244 1966296
1969138 1969252
1969924 1970087
1974472 1974626
1975652 1975965
1978969 1979325
1993540 1993751
1997513 1997591
1999001 1999108
2002445 2002567
2018906 2019102
2027294 2027726
2028676 2028822
2046343 2046609
2052223 2052296
2069447 2069715
2070268 2070322
2074738 2075306
2075862 2076620
2078363 2078530
2086799 2087149
2088829 2089000
2089505 2089874
2094631 2094866
2097835 2097894
2109273 2109475
2135880 2136071
2138386 2138509
2149299 2149590
2160463 2160528
2167482 2167626
2171158 2171261
2175728 2175965
2177665 2178052
2178854 2179417
2181252 2181404
2187249 2187364
2193409 2193669
2197527 2197893
2206933 2207161
2212670 2213063
2217325 2217379
2219734 2219888
2238588 2239103
2256279 2256532
2259696 2260161
2264415 2264936
2278130 2278555
2285959 2286282
2286843 2286960
2291859 2292194
2293068 2293152
2294876 2295145
2300525 2301786
2303772 2303949
2313840 2314508
2322712 2322822
2326453 2327864
2328517 2328673
2338778 2339019
2345499 2345622
2367059 2367278
2368788 2369439
2377209 2377477
2397415 2398374
2401959 2402324
2408383 2408442
2412599 2412691
2413232 2413682
2419452 2420538
2430683 2430798
2438703 2439002
2440053 2440414
2443392 2443559
2445696 2446588
2468496 2468565
2473062 2473211
2474128 2474560
2477652 2477710
2479938 2480017
2484276 2484738
2488053 2488899
2490985 2491034
2491820 2492559
2504309 2504958
2512047 2512259
2515426 2515476
2519263 2519570
2520680 2521685
2523350 2524529
2525492 2525805
2532121 2532261
2538389 2538741
2549938 2550180
2554865 2555375
2558364 2558541
2561297 2561596
2578433 2578492
2581710 2581842
2592175 2592496
2594967 2595582
2597360 2597595
2598950 2599249
2601727 2601856
2605531 2605900
2608043 2608168
2610179 2610702
2615350 2615557
2628734 2629102
2650985 2651144
2653306 2653577
2654685 2654824
2664862 2665414
2666825 2666895
2670209 2670390
2678821 2678973
2679794 2680118
2698813 2699179
2711376 2711448
2712979 2713058
2739149 2739447
2745701 2745810
2749270 2749609
2750148 2750314
2753932 2754283
2757972 2758031
2761330 2761633
2773161 2773334
2792147 2792387
2799690 2799999
2806398 2807029
2810373 2810709
2819139 2819464
2823492 2823579
2836237 2836446
2837855 2837924
2842234 2842523
2847717 2848002
2864206 2864413
2868585 2868888
2870936 2871050
2873651 2873813
2876906 2877210
2880657 2880971
2884074 2884223
2896256 2896383
2919733 2919996
2922561 2922796
2923993 2924605
2939354 2939792
2944452 2945213
2956180 2958125
2958725 2958860
2961479 2961581
2964843 2964914
2968140 2968300
2970979 2971441
2977277 2977467
2987072 2987305
2996750 2996820
2997693 2997928
3003590 3003760
3019101 3020093
3021288 3021341
3027457 3027823
3038613 3039010
3045454 3045657
3048140 3048343
3049200 3049471
3058077 3058743
3065750 3065980
3068083 3068225
3075088 3075139
3076970 3077116
3079092 3079212
3094262 3094497
3098870 3099210
3104828 3104944
3108486 3108535
3111019 3111130
3111641 3111902
3122403 3122623
3124400 3124836
3125822 3126120
3128849 3130967
3136271 3136366
3147109 3147496
3154712 3155038
3163093 3163645
3164224 3166945
3174497 3174658
3175227 3175331
3176373 3176683
3178395 3178644
3181086 3181747
3184148 3184211
3193661 3194666
3202494 3202815
3203316 3203639
3204760 3204962
3205975 3206266
3209464 3209729
3215902 3216358
3219160 3219328
3220478 3220801
3241432 3241496
3246510 3246622
3274890 3275052
3276493 3276850
3279009 3279326
3287555 3287694
3288651 3289241
3290205 3291211
3305496 3305768
3313744 3314118
3320523 3321092
3325567 3325890
3333981 3334281
3344710 3344970
3346576 3346671
3351475 3351627
3353507 3353621
3354493 3354555
3359171 3359248
3364769 3365101
3365637 3365885
3368587 3369159
3374845 3375063
3381471 3381625
3385562 3385848
3401602 3401871
3413958 3414101
3421010 3421219
3436579 3436631
3442119 3442891
3465753 3465993
3467250 3467498
3474503 3474635
3481170 3481771
3489628 3489776
3493153 3493821
3495400 3496639
3515483 3515610
3517253 3517536
3519537 3519736
3520997 3521187
3528757 3529429
3540496 3540877
3544792 3544997
3545715 3545928
3560894 3561193
3564601 3564820
3584032 3584189
3587220 3587735
3596354 3596568
3599992 3600133
3602471 3602593
3611959 3612095
3621019 3621231
3621960 3622093
3625991 3626169
3637455 3637574
3644568 3644960
3653265 3653671
3654769 3654972
3659791 3659939
3677502 3677798
3683669 3683750
3684564 3684645
3687124 3687412
3690576 3690698
3693551 3693740
3700483 3700533
3702613 3702783
3706601 3707258
3717648 3718144
3722077 3722203
3723975 3724130
3724812 3725032
3726392 3726481
3735506 3735663
3738898 3739190
3751646 3752010
3758997 3759385
3762769 3763191
3769924 3770340
3792788 3793184
3794435 3794726
3804387 3804620
3813821 3813931
3817660 3818035
3820756 3821043
3824295 3824804
3830156 3830605
3832581 3833365
3840389 3840563
3850549 3850653
3852622 3852881
3853897 3853966
3855796 3856422
3857484 3857876
3860442 3861193
3861703 3862481
3863962 3864015
3871331 3871565
3874499 3874669
3876675 3876826
3881524 3881644
3895024 3895291
3899852 3900065
3901852 3903175
3914690 3914970
3921373 3921540
3928906 3930323
3933848 3934146
3939102 3939165
3940470 3940676
3948331 3948987
3957288 3957377
3960427 3960720
3961370 3961491
3965002 3965181
3966971 3967159
3981195 3981572
3982128 3983189
3986100 3986502
3988422 3988693
3992959 3993199
4002547 4002678
4009145 4010493
4011756 4011950
4015095 4016122
4017581 4018002
4022868 4024001
4032362 4032444
4040710 4040832
4042656 4042725
4045483 4046353
4048600 4048681
4050197 4050387
4064183 4064813
4080268 4081041
4084971 4085192
4089560 4089686
4099899 4100089
4103186 4104175
4108308 4108441
4110385 4110587
4112247 4113200
4116927 4117029
4119312 4119747
4121425 4121494
4124682 4125174
4131106 4131256
4134503 4134789
4139780 4140179
4148558 4148748
4153328 4153384
4157266 4157492
4160983 4161317
4176525 4176729
4182891 4183022
4188272 4188726
4195913 4196088
4197217 4198997
4204917 4205117
4208306 4209357
4214040 4214833
4217243 4217300
4223988 4224192
4233002 4233387
4239094 4239394
4244400 4244550
4245723 4246202
4247387 4247454
4249414 4249534
4250444 4250873
4263616 4263758
4273511 4273692
4274339 4275930
4279300 4279564
4281688 4281738
4294502 4294554
4299502 4300264
4310791 4311867
4315310 4316750
4317652 4317833
4318708 4320152
4329965 4330190
4330890 4331672
4332227 4332797
4335361 4335854
4338185 4338528
4361954 4367240
4369649 4369768
4378287 4378426
4381006 4381250
4384257 4384440
4390346 4390542
4397780 4397991
4404940 4405017
4411497 4411788
4413317 4413461
4423037 4423167
4430495 4430560
4433818 4433878
4436302 4436368
4449225 4449896
4450620 4450676
4456668 4456861
4464172 4464221
4465850 4465922
4471074 4471222
4482685 4482801
4490735 4491634
4494818 4494950
4505340 4505623
4513497 4514646
4523120 4523173
4524734 4525137
4526830 4527162
4534367 4534525
4536359 4536911
4537467 4538144
4538773 4539176
4540415 4541320
4547618 4547686
4552501 4552863
4554405 4554503
4557237 4557969
4561967 4562185
4569046 4569123
4580739 4580915
4586708 4586758
4589665 4590045
4591201 4591388
4596332 4596505
4598021 4598312
4608245 4608753
4619121 4619648
4620267 4620399
4628642 4628759
4639185 4639391
Ecoli_0911_Taxon012_
3762 4282
5975 6307
13458 13670
15921 16056
16990 17213
17846 18258
21473 21680
26763 26831
31646 31945
36382 37114
42679 42855
52689 52840
54471 54560
61409 61627
65853 65903
68951 69190
70346 70533
75477 75650
77166 77457
87390 87871
96506 96601
98166 98793
110818 110966
122191 122402
127905 127962
129640 129838
131042 131325
138581 138992
140144 140436
141085 141215
152464 152755
159235 159312
176405 176507
178013 178206
184198 184254
184978 185585
191828 191879
197030 197096
206364 206547
209554 209798
210689 210842
212378 212517
221036 221155
222395 222566
224062 224393
237638 238212
252388 252678
254606 254927
259132 259337
260614 260839
270744 270924
272971 273152
278937 279612
302984 303313
313723 313865
318862 318933
320215 320281
323618 323799
329307 329671
331795 331845
343350 343417
344602 345019
346254 346404
347781 347859
366612 366816
373504 373561
376348 376764
381450 381539
382447 382498
383146 383300
392065 392365
402101 402553
407720 408091
414075 414279
422138 422256
429487 429821
430572 430635
433312 433538
442069 442246
456015 456301
457287 457352
457884 458019
459548 459798
472309 472391
485403 486117
488541 488628
490048 490334
495542 495951
515886 516255
520681 520988
524918 525148
529507 529633
534064 534155
542553 542679
548299 548415
550698 550800
554427 555006
557143 557342
564957 565088
566859 567212
568692 569014
574166 574392
579991 580312
583937 584050
597605 597845
602111 602382
604291 604704
607615 608173
614112 614412
615618 615844
620783 620875
625623 626029
629313 629434
630001 630377
636491 636607
641817 642473
650128 650334
651639 651702
653588 653641
654982 655207
656658 656856
660202 661140
668324 668675
678268 678808
682927 682980
685098 685564
686074 686852
705009 705266
707187 707376
713161 713811
723912 724049
732013 732280
736841 736922
737460 737580
742278 742429
744435 744660
747539 747773
756892 757066
760199 760648
768843 768915
769761 770048
771173 771328
772769 773144
776727 777194
788405 788705
791983 792252
796791 797094
815556 815718
817159 817516
819745 819992
824741 824854
846134 846508
854484 854756
871132 871601
873176 873241
877800 878068
879183 879441
889625 889830
890548 890761
895247 895345
901427 901633
905727 906026
907591 907809
909434 909653
917959 918110
919633 919716
928865 929369
931804 931875
932437 932952
939152 939349
941187 941401
942228 942325
944825 944966
947304 947426
956792 956928
965852 966064
966793 966926
970824 971002
985416 985529
997535 997822
1004624 1004772
1022335 1022631
1028502 1028583
1029397 1029478
1038384 1038573
1047446 1047712
1062481 1062977
1068808 1068963
1069645 1069865
1077077 1077283
1080339 1080495
1083731 1084023
1096479 1097004
1107602 1108024
1115030 1115173
1137621 1138017
1139268 1139559
1149466 1150514
1157596 1157921
1163838 1163910
1166458 1166572
1170937 1171053
1172122 1172199
1180904 1181190
1189444 1189744
1197593 1198616
1200867 1201115
1212563 1212832
1215061 1215566
1226909 1227029
1241895 1242079
1245254 1245619
1249293 1249465
1250885 1251075
1259076 1259189
1261092 1261469
1263112 1263239
1276980 1277104
1284981 1285138
1288946 1289094
1296951 1297550
1304087 1304219
1305460 1305799
1311224 1311472
1312722 1312969
1327312 1327947
1336234 1336603
1342091 1342143
1348979 1349326
1350458 1350548
1357503 1357712
1374588 1374910
1375684 1376524
1377698 1377947
1380397 1381058
1383422 1383522
1393203 1393494
1394588 1394739
1395250 1396153
1396654 1396975
1408775 1409040
1413385 1413450
1425838 1426058
1427337 1428239
1439706 1439801
1440807 1441018
1452222 1452346
1458147 1458473
1463773 1463853
1479674 1479785
1480463 1480520
1485860 1486450
1491503 1491934
1496266 1496542
1513639 1513834
1517637 1517716
1524529 1525224
1527297 1527467
1533129 1533364
1534234 1534307
1546735 1546913
1558666 1558937
1559533 1560142
1562494 1562631
1565986 1566105
1569127 1569318
1580314 1580680
1588044 1588167
1603499 1603686
1617805 1617932
1622122 1622215
1627389 1627977
1641282 1641545
1644110 1644345
1666001 1666769
1678673 1679085
1680274 1680409
1683028 1683113
1689572 1689849
1694934 1695543
1706447 1706680
1725493 1726559
1728255 1728426
1731002 1731132
1734225 1734951
1736169 1736457
1742802 1743087
1748281 1748570
1754205 1754567
1776761 1776992
1778948 1779299
1782917 1782979
1783500 1783961
1787414 1787630
1793784 1794082
1799113 1799513
1814980 1815089
1822522 1822831
1829203 1829861
1830823 1830919
1833624 1833702
1841971 1842296
1844311 1844606
1846324 1846411
1853603 1854033
1878807 1879370
1885640 1885911
1888073 1888232
1896678 1897113
1901795 1901913
1910115 1910483
1918978 1919117
1929453 1929841
1936710 1936879
1940205 1940275
1941686 1942238
1944087 1944411
1958150 1958323
1960676 1961488
1978015 1978277
1980557 1980852
1984122 1984237
1985427 1985478
1990282 1990542
1996544 1996767
1998649 1999294
2000545 2000749
2003695 2004127
2014836 2015119
2027510 2027814
2031667 2032531
2034696 2034763
2037841 2038202
2039253 2039552
2044985 2045087
2048285 2048346
2068510 2069065
2070673 2070797
2077272 2077412
2079813 2080119
2083688 2083794
2091432 2091546
2092210 2092541
2095089 2095331
2100626 2100829
2103515 2103692
2106448 2106682
2112792 2112858
2115429 2115557
2120714 2120773
2137326 2137647
2143127 2143998
2147200 2149450
2153051 2153161
2161365 2162033
2180613 2180997
2189594 2189919
2197318 2197743
2210937 2211358
2215712 2216177
2219341 2219594
2227973 2228256
2231649 2231752
2236219 2236456
2238156 2238745
2244932 2245057
2247168 2247248
2252279 2252388
2258840 2259160
2262478 2262719
2269199 2269322
2290552 2291280
2292488 2292966
2300909 2301177
2319252 2319624
2325622 2326024
2328753 2329083
2332083 2332142
2334581 2334673
2341838 2342077
2354273 2354535
2358584 2358875
2372098 2372155
2383009 2383234
2391739 2391806
2401912 2402091
2410616 2410695
2412995 2413150
2415054 2415416
2422498 2423237
2427174 2427258
2434987 2435636
2442693 2442937
2450100 2450551
2451091 2451183
2462153 2462350
2462859 2462913
2465167 2465422
2481759 2482020
2487527 2487757
2492910 2492969
2495128 2495365
2495938 2496173
2500930 2501299
2501804 2501975
2507177 2507753
2512607 2512685
2520067 2520320
2521529 2521581
2530222 2530497
2539058 2539225
2550705 2550794
2554779 2555108
2556118 2556272
2560657 2560820
2561492 2561606
2571915 2572308
2589356 2589519
2593500 2593932
2594882 2595028
2607859 2608229
2613739 2613812
2631431 2632234
2633418 2633768
2640512 2640746
2643923 2644378
2646062 2646165
2652483 2653253
2676681 2676875
2701478 2702044
2723392 2723537
2738041 2738188
2750360 2750722
2754236 2754884
2757760 2758054
2758972 2759210
2765447 2765909
2766940 2767243
2769645 2770047
2792278 2792465
2797056 2797199
2797845 2798014
2800893 2801195
2803214 2803455
2807380 2807644
2825146 2825357
2838034 2839128
2855532 2855979
2858815 2859109
2859722 2860018
2862111 2862366
2865819 2866402
2872742 2872981
2878670 2878952
2904174 2904632
2905333 2905641
2908837 2909120
2912001 2912395
2918110 2918193
2924764 2924926
2934468 2934831
2949083 2949236
2954589 2954704
2955220 2955346
2960406 2960639
2964268 2964439
2985544 2985948
3000729 3001480
3004700 3004793
3007768 3008289
3011056 3011336
3014773 3014935
3017221 3017421
3019649 3019714
3030308 3030580
3032758 3032992
3036323 3036379
3042197 3042249
3060677 3060936
3063000 3063431
3066559 3066935
3068526 3068711
3071423 3071487
3077295 3077478
3079928 3080249
3080898 3081193
3085653 3085834
3105510 3105578
3122798 3122927
3132593 3132983
3141649 3141794
3145511 3145945
3150090 3150198
3153811 3154012
3166900 3167000
3172002 3172057
3175033 3175348
3177101 3177206
3183285 3183435
3190533 3190652
3191607 3191719
3202375 3202712
3203927 3204093
3211576 3211741
3217628 3217741
3219872 3220458
3221385 3221490
3234313 3234492
3251240 3251446
3267912 3267967
3275619 3275808
3276620 3276894
3279123 3279202
3280555 3280839
3293832 3294025
3310881 3310933
3321491 3321570
3327052 3327253
3337718 3337839
3344302 3344384
3347644 3347833
3349846 3350502
3359415 3359610
3362915 3363010
3364341 3365455
3370147 3370392
3375727 3375920
3378015 3378356
3380028 3380504
3382111 3382199
3385396 3386199
3387827 3387946
3391985 3392081
3397826 3397923
3404841 3405422
3410251 3410332
3412080 3412308
3418878 3419627
3423778 3423956
3428089 3428377
3432423 3432797
3433301 3433684
3438378 3438544
3443545 3444313
3449224 3449883
3453206 3453393
3455859 3456305
3466667 3466728
3469814 3469903
3477570 3477759
3481742 3481993
3495918 3496315
3498650 3499257
3502511 3503226
3503822 3503998
3508596 3508863
3511681 3511888
3517116 3517167
3526672 3527218
3538857 3538969
3540794 3541073
3547967 3548188
3549202 3549963
3560737 3561583
3562948 3563357
3568344 3568726
3574749 3574994
3604851 3605138
3611694 3612216
3614735 3614886
3618366 3618444
3620689 3620930
3634454 3634964
3637782 3637937
3647750 3648061
3670579 3670653
3671904 3672014
3685762 3685889
3694330 3694444
3697958 3698518
3701996 3702129
3705388 3705580
3712080 3712469
3722149 3722424
3727142 3727342
3735307 3735633
3739825 3739891
3742772 3742872
3750812 3750997
3754848 3754984
3757183 3757307
3766636 3766754
3768111 3768420
3773004 3773584
3781710 3781771
3782637 3782935
3787346 3787585
3795538 3795787
3805764 3806426
3815377 3816297
3817664 3817752
3821802 3822206
3829424 3829629
3841543 3841684
3845513 3845928
3857977 3858395
3864486 3865145
3866296 3866882
3868392 3868689
3874284 3874537
3876084 3876210
3877180 3877305
3886731 3886927
3895959 3896009
3907078 3907334
3911009 3911076
3916316 3916779
3926430 3926701
3933763 3934529
3939789 3939914
3944412 3944487
3959527 3959856
3971629 3971699
3978999 3979187
3986802 3987138
4000623 4001032
4009823 4009932
4017993 4018541
4023861 4024009
4030535 4030612
4039786 4040005
4040548 4040979
4055317 4055475
4056998 4057109
4065220 4065444
4065971 4066557
4071832 4071961
4082725 4083011
4088231 4088352
4089005 4089255
4104588 4105082
4115845 4116640
4119980 4120165
4123379 4123541
4126180 4126267
4142297 4142548
4153147 4153638
4154928 4155241
4161956 4162074
4169752 4169929
4170899 4171096
4174132 4174721
4180600 4180712
4207798 4208173
4224975 4225639
4243139 4243342
4247076 4247265
4251776 4252260
4253426 4253672
4254585 4254777
4255565 4255764
4279285 4279554
4283224 4283401
4291188 4291504
4298106 4299028
4299594 4300039
4306274 4306336
4307790 4308110
4309541 4309835
4312081 4312480
4312987 4313236
4320356 4320985
4322732 4323029
4334257 4334504
4336814 4336893
4344939 4345077
4353940 4354178
4354997 4355445
4369188 4369277
4377511 4377663
4380126 4380336
4381690 4382314
4397206 4397954
4402481 4402891
4414176 4414785
4419424 4419574
4420350 4420636
4428527 4428732
4435083 4435315
4438113 4438186
4455716 4455799
4458004 4458154
4470587 4470844
4476576 4476813
4481402 4481466
4490966 4491307
4501826 4501992
4505862 4506080
4512428 4513020
4513551 4514075
4515912 4516009
4516987 4517343
4520881 4521309
4528094 4528624
4534677 4534727
4537968 4538113
4538712 4538869
4546105 4546204
4547409 4547487
4553808 4553962
4560067 4560302
4561539 4561761
4569910 4569975
4571306 4571840
4574898 4575185
4577317 4577771
4587294 4587549
4597516 4597686
4602498 4602818
4612915 4613031
4620965 4621902
4622651 4622901
4625048 4625180
4635304 4635853
