Ecoli_0916_Taxon017_
1 139
3262 3535
8023 8306
11793 12854
15787 16633
17401 17548
19160 19649
20718 20961
21756 22314
24584 24766
25453 25952
29784 30233
31025 31959
32751 33242
33818 34374
38230 39210
41437 42042
43506 43946
45939 46493
47308 47387
47976 48507
49217 49795
57529 57757
59174 60186
61864 62144
67238 67476
68167 68636
73058 73269
77166 77700
80190 81154
81830 82654
84678 84917
87404 87901
91524 91992
94294 94915
95461 96081
97853 98082
99183 99338
104411 104775
105967 106142
109489 110274
113292 114155
117119 118440
120874 121329
123284 123740
125453 125565
127232 127524
128942 129048
132013 132731
133793 134514
141294 141512
147237 147927
148549 148884
153771 154052
155155 155640
158852 159139
160146 160517
161128 161448
162763 165568
166339 166405
168240 168405
169090 169503
173128 173218
175371 175570
176939 177497
181214 181286
182220 182447
183355 183524
184584 185070
187821 188091
188980 189035
195326 195787
196516 197277
198540 198688
200579 200799
203066 203878
204430 204579
205443 205724
206294 207070
208330 208421
209096 210141
211268 212721
214138 214430
216787 217174
220102 220268
221036 221493
222836 223674
224300 225914
226492 226945
227509 228541
233359 233521
234301 236277
238312 238767
239722 240012
240709 241042
246719 247214
248098 248505
249288 250066
250932 251584
252114 252291
254089 254927
256285 256462
257954 258687
260724 260839
263030 263376
270545 270900
271900 272346
273842 275106
277650 277927
279089 280013
284013 284530
285863 287063
290540 291050
292568 293162
294261 294397
296662 296944
297954 299363
301526 301847
302626 302768
304224 304444
306070 306456
307374 307584
308441 308711
312300 313276
315411 315598
316144 316411
318273 318440
319016 319471
321440 321787
325155 325340
325866 326179
328799 329334
330008 330776
331479 331596
332407 333015
335452 335677
337877 339129
343340 343928
344517 346154
348633 349057
351263 351764
354143 354226
354999 355293
356826 357543
358911 359103
364454 364582
368137 368344
371837 372209
374176 374385
375021 375151
376813 376930
378013 378266
379245 379527
380305 383454
384869 385486
387490 388088
389709 389904
391818 392884
393516 393937
397648 398678
404395 404665
406913 407000
409134 409362
410011 410331
413676 413820
415019 415771
416346 416678
417260 417486
417997 419602
422126 423121
424861 425011
425557 426712
427489 428034
428779 428916
429487 429749
431464 431666
433272 433676
439327 439400
440959 441167
442374 442667
447194 447464
448812 448943
449484 449743
451069 451435
454354 455348
457461 458307
462738 463912
464472 465529
470130 470299
477055 477643
482355 483578
485510 485661
487415 487603
495854 496842
499464 499865
500479 500710
501563 504098
505103 505157
506134 507317
507822 507954
514166 514396
516063 516304
517186 517895
523448 525555
526349 526530
527730 528295
531590 531657
533115 534231
536352 536586
539345 539487
540710 540822
541577 541635
542300 542659
543850 545139
545698 547175
547982 548647
550035 551260
555578 556507
557250 557493
560094 560487
562552 563413
564562 564860
566329 567812
571096 571325
572524 573799
574459 576069
578154 578265
581278 581433
582883 582989
587731 588026
589274 589415
590285 590796
591937 592064
594077 594627
599341 599591
602117 602382
605973 607969
608611 609082
609659 609906
611112 611359
614197 614548
617962 618150
618714 618968
620542 620644
621181 622234
622824 623596
624878 625527
626289 626469
627227 628815
630084 630210
630745 631239
632160 632867
634199 634589
635186 635254
638003 638413
639409 639580
640269 640589
642165 642558
644295 644696
646773 646980
647927 647995
648919 650334
655289 655519
658732 659011
661078 661368
664841 665179
669200 669390
673132 674054
675075 675430
676221 676519
680195 680419
682231 683804
684305 684709
685676 686155
687594 690056
691206 691771
693105 694002
695282 695590
698194 699045
703378 703605
704962 706148
707601 708133
710312 710758
711467 713017
717597 718336
719131 719314
719892 720046
725211 725509
726219 726938
731509 733125
734462 734579
735693 735988
736719 737775
741807 741952
744823 745009
748737 748939
750154 750462
751779 752148
753658 754628
760055 760524
766650 766775
768859 769666
770944 771536
772319 774442
777559 777821
779724 780054
781053 781939
782717 782803
783766 783966
785877 786598
789314 789365
792166 792398
802691 802955
804497 804619
806290 806350
807976 808040
809058 809407
811406 811780
812936 813196
814030 814096
821042 821287
823187 823448
825866 826941
830949 831642
832972 834025
834729 834933
835849 836355
837231 837369
840407 841929
843492 843610
845533 845664
846670 847212
848337 848455
849021 849109
854091 854276
858762 859003
860367 860786
861436 861730
862334 862691
866735 866834
869216 869342
875049 875228
875842 876026
876993 877247
881227 881700
882450 882707
883856 885858
886773 886936
888291 888888
889820 890483
893684 893955
894801 895783
898390 898648
900003 900570
901310 901475
902090 902277
903708 904009
904574 905379
907210 907746
909839 910339
912191 912392
914667 914857
916095 916325
917185 917558
918387 918668
919336 919609
920149 920726
921507 922151
926994 927244
928633 928855
929543 929843
932358 932505
933007 933122
933679 933942
937471 937799
940151 940525
942698 944349
946306 946528
947414 949347
951333 952114
953179 953263
955652 956220
958555 958936
964821 965300
966710 966826
970435 970721
971246 971401
972944 973482
974109 974286
976723 977796
979478 979723
980249 980839
982187 982521
984660 984861
986702 987247
988630 988772
989312 990062
990869 991068
992375 993473
997814 998096
1000206 1000430
1004346 1005112
1005713 1006803
1008909 1009277
1012355 1012841
1014733 1014829
1016104 1016325
1018390 1019703
1023968 1024764
1027828 1028071
1029752 1029890
1030590 1031632
1035799 1036761
1037507 1037977
1038549 1039056
1040407 1041119
1041647 1042043
1042640 1044436
1046743 1046972
1049219 1050892
1051606 1051760
1052987 1053425
1054720 1055205
1056448 1056666
1060961 1061129
1062971 1064135
1068588 1068685
1074487 1075338
1075993 1076506
1079816 1080410
1083515 1083728
1085912 1086596
1089690 1089796
1094398 1095404
1096510 1097404
1101028 1101442
1102067 1103563
1108796 1108883
1109470 1110052
1111234 1111807
1114109 1115633
1117035 1117240
1122372 1122871
1125216 1125710
1128670 1129113
1129651 1129758
1130273 1130355
1131042 1131324
1132221 1132633
1133341 1134253
1135873 1136146
1137699 1138748
1140055 1140722
1142159 1142337
1143135 1143371
1144257 1144507
1145130 1145904
1150097 1152175
1154173 1154352
1155123 1156229
1158192 1159398
1162248 1162655
1164143 1164528
1165174 1165493
1166775 1167393
1168460 1169794
1170782 1171151
1172189 1172325
1173504 1174730
1175967 1176846
1177809 1178404
1180022 1182016
1182614 1182899
1183453 1183798
1184904 1185115
1185848 1186254
1188424 1190548
1191084 1191445
1193490 1193787
1195863 1197299
1198422 1198759
1199261 1200132
1202696 1202855
1206311 1207231
1207754 1208269
1210658 1210839
1212164 1212450
1218446 1219191
1222284 1222465
1224187 1224312
1226381 1226509
1228765 1229886
1231025 1232060
1234678 1235335
1237750 1238003
1241443 1242522
1245399 1246521
1249484 1249620
1251373 1251445
1257975 1258345
1259183 1259258
1259767 1260189
1262370 1263099
1264914 1265212
1265743 1267093
1267616 1267670
1268392 1268710
1269220 1270474
1272626 1272873
1276030 1276249
1276781 1277168
1278214 1279432
1281414 1281627
1284884 1285573
1286301 1287115
1289215 1289488
1291129 1291600
1292842 1293462
1295310 1295803
1298342 1298971
1302353 1303151
1303662 1304264
1306412 1307854
1308909 1309324
1314776 1314913
1315549 1316308
1317783 1317960
1320664 1320866
1321998 1322137
1322995 1323264
1324984 1325183
1330526 1331293
1334593 1334865
1335947 1337205
1337708 1337800
1338395 1338501
1339335 1339754
1341772 1342665
1344204 1344372
1345693 1346290
1356316 1356569
1357532 1357629
1358866 1359617
1361748 1362119
1365164 1365501
1366818 1366994
1367777 1368555
1369144 1369426
1370320 1370632
1371302 1371763
1373933 1374020
1378558 1379021
1381468 1381748
1382443 1383129
1384866 1385194
1387036 1388694
1390270 1390500
1391734 1391946
1392909 1394034
1396507 1396759
1398262 1399070
1405361 1405567
1406476 1406584
1408343 1409816
1411927 1412002
1412609 1413632
1417413 1417612
1419804 1420370
1421360 1422796
1423635 1423819
1425819 1426512
1428334 1428673
1430696 1431006
1431783 1433813
1434556 1435818
1436773 1437980
1438969 1439164
1440407 1440566
1441744 1442147
1442810 1443142
1444007 1444152
1445681 1446249
1448597 1448870
1451208 1452022
1453129 1454238
1454841 1455014
1465024 1465158
1465712 1465819
1466538 1467080
1468183 1469862
1470444 1470607
1472518 1473791
1476399 1476938
1478516 1478802
1480260 1480455
1481144 1481445
1483436 1483915
1485272 1486131
1489010 1489523
1491762 1492175
1494094 1494179
1495758 1496535
1499193 1499494
1503942 1504121
1504746 1505878
1510195 1510292
1510997 1512716
1514580 1514634
1515516 1515815
1520314 1520465
1522476 1522789
1523482 1523727
1525846 1526455
1528154 1529308
1530138 1531459
1534212 1534530
1535648 1535892
1537174 1537624
1540690 1541007
1543616 1543880
1545144 1545651
1546890 1546999
1547707 1547912
1548452 1548697
1549964 1550046
1550976 1552183
1555438 1556382
1557648 1558573
1559099 1560292
1561816 1562376
1563026 1563170
1565986 1566238
1566758 1567017
1568065 1568320
1570455 1570583
1572783 1573614
1574981 1575093
1575627 1576194
1576759 1577276
1578723 1579014
1581979 1582177
1583359 1583550
1584413 1585413
1586258 1586575
1588044 1588930
1589435 1590014
1590710 1591109
1592430 1592884
1593589 1593827
1594448 1594886
1601675 1602665
1604757 1605159
1606443 1606985
1608947 1609572
1610082 1610237
1611450 1611694
1612557 1612835
1613413 1613525
1617167 1617696
1618241 1618830
1619336 1619703
1620643 1622701
1624940 1625110
1625879 1626407
1628341 1628629
1630155 1630501
1631092 1631225
1631943 1632113
1632640 1633788
1635234 1635452
1636013 1636253
1637164 1637307
1639415 1640451
1641118 1641684
1642744 1643177
1644141 1645260
1646977 1647295
1649808 1650488
1652183 1652479
1653921 1654084
1655651 1655966
1656663 1658389
1663331 1663395
1664422 1665244
1665825 1666062
1667481 1667666
1668518 1668758
1669580 1669688
1672532 1672587
1673305 1674914
1677055 1677726
1678843 1678907
1680047 1680772
1683953 1684035
1686994 1687404
1689038 1690512
1691221 1692291
1694626 1695083
1696172 1696334
1698036 1698304
1699123 1699672
1700376 1700445
1704941 1705517
1706413 1706836
1708495 1708795
1712496 1713132
1714758 1714851
1715382 1716366
1716889 1717173
1718319 1718392
1721757 1721960
1723803 1724824
1726331 1726610
1728645 1729805
1730947 1733423
1735802 1737420
1741609 1742089
1742817 1743087
1743975 1744150
1747056 1747607
1748489 1748623
1755487 1755960
1758636 1760217
1760727 1760867
1761931 1762162
1762819 1763092
1763638 1764093
1765485 1766308
1766865 1767039
1768273 1769042
1769922 1770148
1771297 1771502
1772084 1772499
1773738 1775150
1775675 1776052
1777242 1777390
1778698 1779610
1781540 1782149
1783188 1783450
1785099 1785303
1786803 1787338
1788022 1788533
1789209 1790019
1791056 1791275
1795089 1795734
1797823 1798007
1799024 1799305
1800097 1800304
1800928 1800980
1803745 1803985
1806459 1806692
1808695 1809769
1810531 1810738
1812630 1812941
1816001 1816216
1817941 1818355
1820920 1820971
1821558 1821657
1822422 1823300
1824607 1825627
1827125 1828081
1832915 1833542
1838024 1838204
1840516 1840716
1841262 1841372
1841995 1842395
1843430 1843750
1846315 1846399
1847679 1849465
1854471 1855029
1859677 1859970
1860890 1860943
1861450 1861676
1863959 1864083
1864894 1864984
1865700 1866508
1868522 1868745
1869324 1870302
1873145 1873732
1876622 1877084
1878234 1878383
1880641 1881381
1883760 1883954
1886822 1888698
1890885 1891735
1892912 1893008
1894178 1894363
1897716 1898057
1900945 1901088
1905821 1906199
1906774 1907006
1908861 1909423
1911077 1912325
1917904 1918200
1922540 1922618
1923376 1925174
1927755 1927875
1930077 1930299
1931378 1933434
1934309 1934475
1935761 1936865
1938162 1938542
1941138 1941187
1944110 1946666
1951426 1951759
1954599 1954652
1955325 1955629
1958726 1959178
1960387 1960847
1961856 1962096
1966314 1967024
1970956 1971666
1973414 1973577
1974965 1975127
1976502 1976728
1977262 1977403
1978247 1978973
1979784 1979931
1985616 1985749
1986538 1988980
1989765 1989817
1991179 1992939
1993574 1996593
2004361 2004682
2005344 2005894
2008433 2008560
2009139 2009380
2010704 2010845
2014068 2014200
2017158 2017333
2020204 2020355
2021353 2022454
2025838 2026070
2027125 2027233
2028157 2028565
2029850 2030752
2031426 2031759
2033887 2034416
2035897 2036122
2037587 2037827
2038531 2038858
2043492 2043639
2044515 2045304
2045936 2046066
2046901 2047182
2047787 2048009
2054268 2054744
2060541 2061449
2063741 2064424
2065228 2067554
2068680 2070029
2072874 2072998
2073954 2074022
2076164 2077163
2079921 2080159
2080920 2081166
2084980 2085131
2089287 2089949
2091053 2091278
2093721 2094169
2095850 2096688
2098747 2098939
2099625 2099713
2100268 2100852
2104970 2105467
2107723 2109356
2111683 2112029
2112710 2113060
2114322 2114960
2115722 2115783
2119811 2120100
2122300 2122476
2124028 2124438
2125909 2126907
2129119 2129511
2131368 2133813
2136851 2137640
2140359 2140812
2143712 2144581
2145656 2146615
2148745 2149981
2151640 2152367
2153440 2154087
2154776 2154982
2155832 2156266
2156798 2156954
2157518 2157913
2158897 2159300
2160607 2161471
2165910 2168031
2169201 2169326
2173630 2173995
2175550 2175917
2177052 2177640
2178389 2180316
2181272 2181560
2182143 2182719
2183505 2183787
2184311 2185321
2186967 2187960
2189548 2190309
2191707 2192527
2193394 2193554
2205220 2205342
2206319 2206598
2209565 2210188
2210892 2211449
2212826 2212981
2214011 2214522
2215417 2215774
2216396 2219301
2221214 2222429
2223197 2223466
2225904 2226129
2229824 2231691
2232264 2232358
2233124 2233521
2234111 2234380
2237022 2237281
2238000 2238459
2239354 2239696
2240831 2240982
2242901 2243125
2246079 2246215
2247873 2248618
2250093 2250303
2253086 2253158
2254665 2255082
2259911 2260193
2261158 2261730
2262940 2263495
2264046 2264185
2265526 2266188
2267516 2268567
2270883 2272687
2274580 2274767
2275587 2276478
2277054 2278826
2280589 2281056
2282749 2282876
2284457 2284891
2287619 2288105
2289290 2290097
2291171 2291288
2293871 2294758
2297269 2297507
2300645 2301286
2303177 2303366
2304525 2305393
2307416 2307575
2308236 2308513
2309050 2309575
2311899 2312337
2319928 2320184
2320774 2320894
2322443 2322777
2324046 2324392
2326164 2326381
2327114 2327177
2330956 2331124
2331948 2332055
2332842 2333442
2334260 2334495
2335014 2336574
2337842 2338177
2339983 2340187
2340842 2341104
2342849 2343097
2346806 2348015
2350945 2351178
2351769 2351941
2353464 2355968
2357730 2357923
2359118 2359348
2362009 2362088
2362591 2362817
2363802 2363905
2366090 2367193
2368731 2369252
2372599 2372800
2373518 2374970
2376427 2376614
2377475 2377826
2378594 2379021
2380734 2381363
2385467 2385570
2388616 2388938
2389456 2390284
2390914 2391516
2394148 2394425
2401636 2402672
2404573 2405077
2406227 2407321
2408495 2408836
2409568 2409618
2410716 2410980
2411827 2412452
2413093 2414526
2416040 2416172
2417249 2418772
2421081 2421291
2422433 2422689
2425586 2426188
2429309 2429512
2432546 2433209
2437926 2438134
2438749 2438983
2440156 2440300
2443918 2444047
2449561 2450541
2454122 2455014
2456259 2457018
2463154 2463307
2466472 2467100
2468380 2469394
2470867 2470932
2471989 2472602
2473291 2476898
2479054 2479571
2481582 2482291
2483862 2484507
2488921 2489264
2490576 2490762
2491964 2492099
2493147 2493241
2500699 2501167
2503186 2504363
2504886 2505937
2508136 2508302
2513807 2514248
2515562 2515724
2519217 2520110
2522739 2522980
2525968 2526529
2530033 2530470
2533037 2533203
2534650 2536073
2539887 2540233
2541554 2541963
2544150 2544829
2546036 2546613
2548536 2548760
2549412 2549589
2552788 2553189
2555866 2556889
2559820 2560553
2562390 2562643
2565061 2565164
2566253 2567493
2569772 2570338
2572154 2572301
2572816 2573860
2576804 2577065
2581742 2582849
2584325 2584739
2585656 2586797
2589358 2590109
2590822 2591710
2593445 2594412
2595147 2595560
2600344 2600601
2601721 2602583
2603259 2603473
2606389 2608601
2610675 2611406
2612382 2612524
2621173 2621711
2625688 2625956
2627828 2628904
2629504 2629868
2630388 2630733
2631376 2632779
2634185 2634266
2637879 2638012
2641691 2642201
2642915 2643024
2645043 2646213
2647279 2647456
2650217 2650509
2651027 2652378
2654719 2655719
2662219 2662456
2667486 2667777
2672421 2672645
2673768 2674114
2675114 2675203
2676867 2677088
2678070 2678903
2681366 2681592
2683057 2683342
2683988 2684405
2685137 2685517
2687482 2687984
2689891 2689948
2692025 2692775
2694048 2694098
2697698 2698077
2698654 2698746
2699379 2700663
2701307 2703534
2704215 2704875
2705570 2706385
2706928 2707169
2711139 2711308
2715435 2715661
2716189 2716278
2719044 2719472
2720516 2720623
2721986 2722463
2723005 2723488
2726823 2727302
2728379 2728616
2730882 2731010
2732213 2732935
2733585 2734997
2740662 2740941
2746087 2746234
2747933 2748416
2748979 2749113
2750507 2751354
2753833 2754659
2755581 2756060
2760255 2760861
2763467 2763824
2768470 2768665
2771377 2772387
2775383 2775758
2776349 2776972
2777574 2778077
2782745 2783659
2784397 2784981
2787388 2788346
2791442 2793374
2795087 2795459
2797250 2797469
2800913 2801190
2804233 2804968
2806283 2806363
2807380 2807643
2810315 2812099
2812972 2813051
2814050 2814620
2816921 2817251
2818527 2818596
2820115 2821911
2826295 2827387
2832171 2832396
2834749 2835067
2836406 2836608
2839467 2840561
2841790 2842327
2843645 2843716
2844217 2845237
2849272 2849597
2851698 2852218
2853325 2854766
2855941 2856399
2857046 2857285
2857975 2858059
2859232 2860071
2860920 2861200
2862574 2864175
2864816 2865047
2865664 2865782
2869048 2869544
2870798 2870884
2871469 2873357
2874137 2874421
2876349 2876665
2879569 2879754
2884893 2885190
2888249 2889100
2890193 2890356
2892244 2892391
2895425 2895601
2900197 2900453
2901998 2902201
2902814 2902938
2903972 2904077
2905169 2905913
2907096 2907243
2907844 2907908
2908481 2909124
2910898 2911505
2912056 2912597
2913162 2913422
2914846 2914955
2915491 2915711
2917078 2917218
2917977 2918817
2921882 2922205
2922846 2923122
2923698 2924294
2924806 2925112
2926511 2926593
2927790 2927927
2928467 2928614
2929861 2930081
2931790 2931918
2936825 2938073
2938657 2939645
2940442 2940578
2942957 2943109
2943613 2944470
2948639 2948771
2952861 2953143
2954676 2954844
2957803 2959338
2960488 2960891
2962295 2962938
2963711 2964911
2968573 2969521
2970306 2970452
2973824 2973876
2974941 2978761
2979282 2979750
2984681 2984736
2985411 2985529
2987371 2987538
2988850 2988963
2991073 2993122
2993928 2994272
2995429 2995841
2996490 2997084
2998477 2999839
3000914 3002240
3004016 3004887
3006890 3007161
3007689 3008192
3009031 3009084
3009599 3009691
3011527 3012740
3016147 3016890
3021010 3021134
3021840 3023086
3024514 3025087
3026183 3026374
3028584 3028762
3032299 3032439
3034290 3034567
3037708 3037967
3039415 3040975
3041784 3042393
3044768 3044926
3049491 3049834
3050545 3050758
3054079 3054889
3055602 3055902
3056505 3056791
3057735 3059994
3062693 3063614
3064989 3066363
3067761 3069264
3070518 3071037
3071910 3072003
3072960 3073417
3073950 3074120
3079430 3079535
3080170 3080596
3081491 3081700
3082692 3083841
3086606 3087017
3088939 3089562
3091019 3091692
3093173 3094244
3095388 3095872
3096635 3098268
3098882 3099431
3100062 3101077
3102554 3102692
3103372 3103644
3105297 3105975
3111524 3112102
3113614 3114486
3117920 3118711
3120823 3121297
3124124 3124642
3127250 3128378
3129491 3129646
3132380 3134653
3140838 3141731
3143521 3144423
3145800 3145857
3146364 3146454
3150222 3150472
3151070 3151204
3156845 3157371
3158531 3158656
3164888 3165072
3167740 3168946
3170012 3170244
3172396 3173106
3173743 3174083
3175192 3175319
3176774 3177881
3179157 3182434
3183884 3184034
3184602 3184998
3185526 3187395
3188153 3188571
3190627 3190688
3192051 3192231
3193510 3193945
3194855 3195760
3196400 3196724
3197328 3197408
3198027 3198313
3199014 3199069
3200512 3200624
3205509 3205562
3209640 3210140
3210732 3210916
3212567 3213780
3215293 3215727
3216688 3216962
3218931 3219329
3220120 3220507
3224765 3225399
3227771 3228075
3230305 3231940
3232462 3232555
3233928 3235205
3235707 3237120
3241609 3242315
3243336 3243761
3245946 3246414
3248868 3250061
3251001 3251600
3256076 3256196
3257560 3258482
3259024 3259550
3260270 3260373
3262824 3264616
3267570 3269616
3270171 3271042
3271708 3272279
3278557 3279000
3280220 3280635
3281304 3281368
3282308 3282553
3283492 3283798
3284991 3286187
3290705 3290881
3291957 3292375
3295193 3295434
3296088 3296354
3297845 3299040
3300080 3300475
3303054 3303268
3305452 3305528
3307926 3308086
3308702 3309148
3309883 3310489
3311998 3313229
3314814 3315001
3316712 3317484
3318003 3318234
3319256 3319593
3321382 3322252
3322951 3323124
3323983 3324209
3329249 3329391
3333117 3333353
3334497 3336133
3339350 3340190
3341374 3343173
3346190 3346807
3348357 3350089
3351280 3353800
3356137 3356349
3358092 3358360
3359099 3360053
3365713 3365789
3366997 3368491
3370688 3371080
3375071 3376139
3377523 3378046
3379164 3379235
3380044 3381043
3383624 3383731
3384514 3384839
3385346 3386338
3387309 3387903
3390420 3390817
3392210 3392434
3393090 3393462
3394678 3395093
3399444 3399559
3402115 3403507
3404848 3405381
3408124 3409101
3409774 3410183
3411899 3412334
3414663 3414870
3417057 3417212
3418589 3418724
3420997 3421249
3422043 3423226
3423895 3425670
3426824 3427452
3428689 3429016
3430675 3430808
3433071 3433553
3435008 3435716
3438079 3438709
3442007 3442656
3448773 3448893
3451257 3451670
3452504 3453627
3455748 3456495
3457361 3458185
3461884 3463092
3463754 3464527
3465343 3465689
3468783 3470019
3470807 3471754
3474777 3475731
3479675 3479878
3483179 3483418
3495693 3499228
3502074 3502505
3503938 3505174
3506611 3506938
3508636 3508725
3510701 3510803
3511721 3512099
3513269 3513394
3514138 3514405
3515587 3515940
3517955 3518589
3520003 3521930
3527486 3528079
3528603 3529478
3530218 3531585
3533073 3533323
3534893 3535326
3536106 3536187
3537746 3539272
3540007 3540290
3540909 3541058
3543261 3544288
3546720 3547048
3554441 3555156
3556936 3557901
3558639 3560477
3561038 3562181
3563009 3564037
3565000 3565233
3566012 3566165
3566766 3567572
3570050 3570116
3575078 3575413
3578360 3578487
3580633 3581251
3581809 3581970
3582607 3582822
3583585 3583938
3587516 3589428
3591849 3592304
3594976 3595112
3597564 3597895
3600835 3601284
3602565 3602798
3604476 3604566
3610169 3610437
3611841 3612252
3613815 3614083
3615308 3615397
3616714 3616847
3618910 3620451
3620994 3622496
3623736 3623796
3624234 3625519
3626075 3626665
3637914 3638674
3645835 3646058
3648109 3648267
3652006 3653074
3655445 3656652
3659739 3660227
3662655 3663649
3664205 3664272
3665277 3665775
3666629 3666716
3670098 3670345
3671028 3672183
3672881 3673119
3673700 3674025
3675793 3676469
3677363 3677430
3680684 3680734
3682690 3682765
3685483 3685708
3686939 3687816
3689483 3689697
3691164 3691377
3692530 3693504
3694023 3694842
3695418 3696696
3700757 3701011
3702663 3702820
3708490 3710556
3711502 3712074
3717810 3718251
3723496 3724214
3724739 3724824
3727253 3727442
3727975 3728112
3732142 3732563
3734439 3735213
3738835 3740123
3744433 3744763
3745285 3746441
3751902 3752190
3757030 3757250
3758243 3758727
3761659 3762152
3763149 3763213
3763912 3764403
3765276 3765568
3767793 3768125
3770250 3770463
3771868 3772473
3778068 3778194
3778998 3780475
3782989 3784928
3787384 3787727
3788360 3788559
3791898 3792264
3792870 3793255
3795197 3796113
3802373 3802599
3803683 3804325
3805845 3805992
3806670 3807759
3808778 3808876
3809667 3810187
3810722 3810895
3812026 3812585
3816334 3817793
3820416 3821130
3824908 3825170
3825967 3827194
3828810 3829641
3832117 3832784
3833920 3834273
3835831 3836188
3837712 3837928
3841259 3841543
3845451 3846370
3846881 3847050
3850281 3850944
3853220 3854748
3858871 3859155
3861570 3861842
3862467 3865579
3866101 3867618
3869603 3870528
3876160 3876302
3880213 3881023
3881850 3883045
3884668 3884860
3886168 3886413
3886917 3887511
3888324 3888572
3889109 3889771
3890941 3891430
3892953 3893412
3898751 3899304
3902995 3903149
3904830 3905055
3906938 3908100
3908955 3909053
3910385 3911342
3911922 3912008
3913678 3913751
3914347 3915248
3916165 3916501
3919643 3920532
3922519 3923413
3924009 3924431
3926071 3926839
3928960 3929120
3929914 3930210
3932422 3932674
3936870 3936998
3938283 3939070
3940296 3940859
3941989 3942083
3942698 3942943
3943512 3944892
3945638 3946191
3946771 3947511
3948832 3949238
3952422 3954346
3955613 3955857
3956685 3956982
3959057 3960095
3964679 3964920
3966407 3966528
3968542 3970173
3971339 3971529
3974190 3975164
3975878 3977250
3978887 3979269
3980791 3982514
3984515 3985354
3985916 3986370
3988377 3988970
3991517 3991791
3992650 3993193
3993703 3994937
3995545 3996569
3999134 3999350
4000714 4000906
4004171 4004250
4005098 4005683
4006457 4006544
4007175 4007539
4008052 4008575
4009409 4009767
4011416 4011919
4014253 4014685
4017875 4018228
4018870 4019133
4019811 4020628
4022100 4023561
4025789 4025983
4027083 4027768
4028380 4030125
4031532 4032207
4032738 4033561
4035125 4035189
4035792 4035933
4036549 4036789
4037351 4038417
4039696 4040995
4041878 4042659
4043745 4044223
4046732 4047193
4047978 4048247
4049015 4049095
4049827 4050014
4050636 4050725
4053195 4053263
4053925 4056207
4057266 4057596
4058791 4060155
4061987 4062219
4064787 4065576
4066140 4067063
4068856 4069083
4069683 4069859
4070511 4070569
4071192 4071961
4075274 4075962
4077425 4078151
4079978 4080065
4080627 4080842
4085667 4085776
4086400 4086943
4092153 4093022
4095667 4095793
4096431 4096710
4099188 4100480
4101263 4102518
4108721 4108783
4112260 4114438
4115088 4115340
4115998 4117556
4120793 4121303
4122020 4122422
4125358 4125619
4126789 4127365
4129217 4129503
4130006 4130449
4134852 4135078
4136596 4137005
4138547 4138996
4143222 4143708
4147173 4147416
4148427 4148510
4149265 4149652
4150592 4151055
4151830 4152743
4154919 4155217
4156447 4156904
4157424 4158203
4163006 4163275
4165125 4166004
4166845 4167468
4169195 4169383
4172517 4173283
4176096 4177056
4178729 4179305
4180024 4180245
4181708 4181926
4182564 4182721
4183374 4183974
4184555 4184679
4187027 4187213
4187734 4188300
4188947 4189531
4190768 4191489
4192701 4192813
4193424 4194521
4196733 4196994
4201721 4201836
4202441 4202648
4203156 4203682
4204753 4205041
4206223 4206738
4207352 4209523
4211209 4211444
4216605 4217281
4217796 4218011
4218740 4218889
4220437 4220721
4223926 4224027
4224545 4224701
4225417 4225609
4226334 4227554
4228071 4229823
4231436 4232019
4233035 4234335
4235200 4235499
4244505 4244807
4246135 4246322
4251364 4251611
4252384 4252518
4253454 4253582
4254145 4255681
4256661 4258620
4259988 4260043
4260775 4261109
4262357 4263371
4264457 4265075
4267239 4267697
4268329 4268931
4271027 4271329
4274288 4274547
4277062 4278324
4282938 4283411
4284103 4284949
4285617 4286754
4288196 4289293
4290444 4290773
4295464 4296023
4297728 4297972
4301039 4301226
4301993 4302735
4303240 4304253
4305523 4305757
4306396 4308048
4308614 4308957
4309588 4310021
4310687 4310839
4311367 4311912
4315117 4315414
4317696 4318192
4319493 4321613
4324751 4325345
4326095 4326335
4330248 4330482
4332257 4332798
4337197 4338378
4340732 4340861
4342260 4342600
4343749 4345216
4348369 4350956
4352406 4354156
4354697 4354980
4356118 4356360
4357206 4357409
4360453 4360567
4361302 4362007
4362650 4363685
4364762 4365349
4366256 4366893
4368690 4368871
4377746 4378057
4378613 4378750
4379329 4381481
4382092 4382194
4384136 4386428
4387405 4387925
4388444 4388591
4393839 4393951
4394632 4394850
4395857 4396492
4397427 4398830
4400195 4401114
4402314 4402826
4405086 4405154
4406258 4407314
4409853 4410118
4412429 4413465
4414165 4414612
4415166 4415941
4418904 4419832
4421380 4421921
4422593 4423289
4424807 4425109
4427490 4427556
4428128 4428608
4429532 4429838
4432462 4432786
4433368 4433509
4434950 4437132
4442296 4442521
4444241 4445783
4446832 4446954
4448082 4448284
4449790 4450314
4451877 4452082
4457277 4457983
4459458 4459639
4460618 4460776
4462829 4463030
4463552 4464241
4467455 4468250
4469359 4470346
4471249 4471368
4472815 4472882
4473737 4474245
4474854 4475167
4475671 4476416
4477042 4477619
4478138 4478384
4478990 4480071
4480857 4481466
4483150 4483571
4486713 4488679
4491491 4491999
4492569 4492706
4498999 4499813
4501628 4501908
4503151 4503759
4507706 4509006
4510408 4511191
4512408 4512658
4513207 4513635
4515724 4515804
4516429 4516567
4517325 4517601
4518301 4518565
4520205 4520702
4522910 4523054
4524017 4524435
4525202 4525770
4526682 4526778
4527471 4528030
4531156 4531374
4532076 4532191
4533504 4534776
4535778 4536369
4536874 4537048
4537710 4537827
4538937 4539711
4540899 4541006
4541603 4541840
4542391 4542574
4544065 4544406
4546495 4548586
4549148 4549480
4550006 4550090
4551094 4551420
4553402 4553820
4554461 4554896
4556379 4556704
4559261 4559617
4562101 4562302
4567953 4568486
4569899 4570249
4571762 4571818
4572746 4572795
4576579 4577034
4579656 4580157
4587749 4588528
4589261 4589637
4592746 4592818
4593501 4593799
4596076 4596128
4597411 4598167
4599000 4599266
4599813 4600210
4601717 4603539
4604092 4604555
4606036 4606149
4612852 4613398
4614795 4615265
4616957 4617968
4618832 4618967
4623033 4624220
4625686 4625743
4627310 4627815
4628669 4628760
4629645 4629926
4632036 4633243
4633762 4635250
4639197 4639389
4641520 4641652
