Ecoli_ancestor_Ancestor_
1 219
81926 83148
90009 93083
294818 294896
377370 383783
418894 424759
550014 556321
644035 650244
825032 828660
937683 938317
968202 972317
1005944 1007321
1161951 1167654
1223128 1225197
1403512 1404576
1458604 1460541
1593248 1594309
1859374 1864685
2075242 2077702
2286112 2286384
2300745 2301830
2419434 2420580
2487916 2489000
2520668 2521729
2523560 2524574
2604124 2607101
2938393 2940719
2953967 2954910
2955803 2958189
3124616 3124781
3128233 3131246
3164609 3167351
3193044 3194705
3289176 3291737
3495356 3496834
3539953 3540921
3855946 3856601
3857903 3861224
3901814 3902898
3981175 3981441
4015074 4016158
4022426 4024998
4064120 4064984
4208348 4209409
4273107 4274320
4299187 4301028
4310929 4311535
4315710 4320151
4332073 4333029
4361410 4367124
4535530 4536230
4539779 4540650
Ecoli_0925_Taxon006_
1 219
116241 117244
434025 434980
618299 618733
624200 624854
1371772 1372204
1423405 1423824
1426587 1428164
1638913 1639404
2030177 2030603
2086704 2089364
2089958 2090258
2189489 2189761
2526489 2527170
2709394 2713193
2820386 2820994
3125501 3126434
3275235 3277311
3293073 3293173
3293991 3295032
3423150 3426414
3552657 3554355
3882586 3882821
3942845 3946702
4038038 4042497
4044500 4044586
4107080 4112008
