gi_556503834_ref_NC_000913.3_
223680 225738
257963 258570
270596 271706
279218 279877
290496 291348
391764 392908
566835 567979
608062 609296
687906 688994
729791 733167
1049883 1050490
1094300 1097141
1270218 1270439
1299550 1300638
1396095 1397183
1428050 1428216
1432329 1434685
1466726 1467019
1467965 1469295
1528237 1529119
1570725 1571846
1650898 1651493
1978558 1979165
2066230 2067245
2068996 2070218
2101804 2102893
2170229 2171373
2288974 2290058
2514328 2515562
2726119 2729149
2729657 2731430
2817783 2818196
2996416 2997637
3130196 3131285
3186151 3187371
3365611 3366699
3423314 3428853
3583533 3584140
3619400 3622776
3652091 3653179
3941503 3946769
4035220 4040745
4166354 4171706
4176134 4177054
4209703 4213109
4295837 4296060
4498236 4499456
4507514 4508624
