Escherichia_coli_O157_H7_ancestor
35700 35818
38412 41537
56929 57393
377097 382892
383839 384227
385279 386190
387344 387927
397276 397543
459867 464872
663676 664265
724825 725011
725634 726564
727314 727391
728638 729114
734371 735130
736466 736621
739535 739671
740929 741313
743390 743643
745869 747469
755967 756900
762398 763013
884067 885007
899616 899699
1033975 1035003
1036329 1036923
1041552 1041837
1042414 1044515
1045241 1046153
1051299 1051620
1052226 1054738
1055500 1056135
1065143 1071085
1071604 1073518
1074409 1077010
1252296 1255073
1255616 1256566
1257144 1257620
1264194 1264349
1267571 1267890
1268787 1269743
1274216 1275919
1278210 1293485
1295846 1296275
1297052 1302516
1321029 1322488
1323077 1325231
1352270 1352548
1355356 1356218
1361697 1361930
1362993 1368309
1369673 1369838
1370554 1371009
1373202 1374814
1378321 1384006
1385240 1386807
1387310 1387480
1388554 1391222
1448550 1449029
1457055 1457148
1457714 1457826
1606144 1607169
1808653 1810919
1811457 1812549
1820084 1822092
1823185 1828108
1828945 1830843
1832368 1833536
1834636 1840378
1841294 1843537
1844114 1845476
1846703 1848550
1849051 1849245
1850830 1851585
1852250 1854496
1855351 1855748
1858276 1858329
1861267 1861575
1867420 1867873
1870578 1873122
1873757 1874081
1876900 1878468
1879736 1879930
1880893 1884068
1884967 1885477
1886408 1888307
1888980 1889043
1889893 1892334
1893212 1893449
1894152 1894968
1960765 1961197
2001264 2001961
2005943 2006406
2054074 2054123
2170557 2170700
2191317 2193512
2200362 2201586
2203432 2204131
2204808 2208052
2208611 2209281
2211708 2211787
2213670 2217766
2219132 2219220
2221813 2221930
2222540 2225959
2229540 2229699
2237365 2237708
2238825 2238919
2240049 2241002
2270461 2272457
2277039 2278071
2336053 2336373
2337618 2338059
2341223 2341939
2348749 2348867
2352406 2353663
2354205 2354523
2355905 2356328
2362431 2362712
2365060 2365703
2402618 2402803
2406392 2406736
2407279 2409827
2410972 2413620
2414453 2415609
2416614 2418416
2421463 2421570
2422113 2423631
2425825 2428196
2431533 2432358
2526019 2527478
2542875 2545411
2594166 2597011
2600733 2601722
2707837 2717618
2720248 2723646
2725456 2730520
2732543 2732729
2733332 2736808
2740692 2742298
2752152 2754251
2995618 2996066
2997337 2997755
3019478 3020389
3021158 3023201
3101799 3102506
3105447 3108987
3192982 3193299
3251681 3251978
3297173 3298056
3298698 3299994
3525351 3525464
3569272 3571350
3606818 3607878
3612665 3613153
3644512 3645077
3650137 3650748
3688486 3693732
4135089 4135678
4305233 4305756
4306603 4306878
4307651 4309483
4367754 4372857
4403851 4404409
4408847 4413907
4457284 4457442
4458011 4460674
4552959 4558178
4613473 4613632
4649444 4654571
4855479 4855597
4857203 4857475
4859182 4861391
4862524 4862809
4865564 4865719
4881307 4883303
4884577 4884650
4969668 4980266
4981010 4981287
5225993 5230987
5232465 5233578
5318795 5318969
5455196 5455491
