gi_556503834_ref_NC_000913.3_
223702 225738
228675 228928
258050 258471
270618 271684
274032 275072
279305 279726
290518 291197
339757 339848
375166 375365
381337 381884
391786 392886
566857 567957
574664 575708
580386 581285
608084 609274
687924 688968
729786 731673
732354 733150
734815 735021
736460 737730
738333 738595
780842 781145
1049982 1050403
1094322 1097141
1269170 1269907
1299576 1300620
1396121 1397165
1432351 1434659
1467987 1469295
1528404 1529097
1532057 1532721
1570747 1571725
1650920 1651471
1978645 1979066
2066253 2067222
2069018 2070194
2101826 2102866
2170251 2171351
2288996 2289512
2514350 2515540
2521250 2521443
2726346 2729127
2729679 2731079
2996438 2997614
3130223 3131267
3186173 3187349
3366131 3366673
3392070 3392161
3423336 3428917
3583632 3584053
3620145 3620322
3621360 3622761
3624619 3625400
3652109 3653153
3762386 3765750
3767297 3767503
3941739 3946632
4035242 4040449
4094310 4094401
4166376 4166751
4168215 4171888
4176156 4177032
4207920 4212881
4325805 4326004
4498883 4499434
4507536 4508602
