Buchnera_aphidicola_Schizaphis_graminum_0945
2991 3081
5190 5402
21822 22175
25046 25348
38178 38445
42030 42347
55225 55467
66740 66902
74121 74291
100391 100619
122008 122302
128025 128138
140571 140689
158744 158886
161502 161665
162836 163004
192386 192694
220959 222213
236598 236694
260547 260644
262193 262299
265524 265654
279061 279291
318756 319004
327639 327952
357437 357496
360463 360840
379977 380134
398693 398893
407451 407586
409169 409304
416216 416581
433853 433929
451685 451925
456517 456951
462236 462336
498184 498396
502301 502445
506256 506760
509334 509392
521002 521149
550691 550827
559820 560389
561323 561608
562533 562887
568733 568824
579335 579630
583909 584178
612244 612408
620365 620477
624925 625197
626769 626993
632898 632988
647483 647549
653846 654226
682324 682449
689016 689124
690067 690173
700570 700684
706651 707195
715855 716090
732110 732245
734260 734416
745973 746087
748787 748965
750301 750909
751666 751917
757649 757782
759404 760839
775980 776292
785341 785517
800690 801047
842102 842269
878771 878925
884804 885130
910487 910754
912839 913094
918402 918556
926075 926411
944254 944489
959164 959397
982258 982635
1023901 1024155
1035935 1036378
1058015 1058218
1102380 1102431
1113887 1114262
1124085 1124332
1148918 1148969
1156361 1156550
1161957 1162088
1174669 1174728
1182670 1182965
1198583 1198855
1205330 1206023
1208227 1208824
1209427 1209712
1211619 1211877
1224707 1225184
1234824 1235128
1238075 1238366
1260565 1260843
1278524 1278686
1312778 1312866
1336011 1336092
1357733 1358025
1388297 1388379
1399483 1399781
1407131 1407485
1423591 1423646
1430146 1430209
1440745 1441013
1441792 1442067
1443471 1443699
1452134 1452289
1509005 1509076
1511066 1511329
1520227 1520422
1524740 1524925
1526612 1526702
1534764 1534970
1535778 1535855
1549919 1550438
1563609 1563954
1586410 1586816
1597008 1597473
1605608 1605974
1627008 1627224
1633752 1633909
1640157 1640339
1645233 1646510
1663951 1664047
1675264 1675478
1676503 1676748
1678996 1679273
1718173 1718617
1751393 1751749
1767370 1767497
1795249 1797126
1821942 1822088
1825492 1826340
1830463 1830671
1839589 1839797
1847063 1847294
1850717 1850961
1855560 1855676
1892538 1892775
Buchnera_aphidicola_Schizaphis_graminum_ancestor
2991 3993
5190 5326
8345 8824
37674 37790
45994 46170
49964 50208
53147 53378
60564 61408
64540 66669
67400 71365
74180 76235
76871 79760
80287 82779
83694 86695
87338 87455
88626 96390
100023 101099
116391 116699
118216 118818
121807 123676
144640 145193
148091 148164
153340 154328
177673 178580
182681 183798
196166 197135
212551 213215
214074 214216
216832 216995
218166 218334
218873 219496
236102 236705
244748 244868
246819 248065
249602 249702
251286 251993
254987 255421
259662 260253
278009 278085
295357 296463
322756 323289
326917 327014
329215 330165
334992 335143
348551 348802
350337 350650
363186 363526
378159 378922
382342 382401
385239 385930
394240 394488
403086 403935
412628 412828
419803 420088
431304 432060
453899 458269
459792 460735
463707 467599
469669 472000
473186 473765
476177 476955
479208 482346
483179 487614
490862 491536
529195 529804
530325 530432
536117 536247
540943 541238
549367 554736
574370 578223
589468 589582
610753 611490
612046 612560
620761 620917
622932 623067
631454 632117
650904 651012
656603 656838
665498 666610
672009 672123
680886 681011
687927 688280
707398 708245
710395 710573
711909 712517
724882 724944
731206 731339
734634 734885
737588 737900
739909 740530
743278 743394
766855 767110
769195 769462
775825 776587
779673 779872
787884 789185
794819 795145
797782 798165
852078 852780
864098 864455
872879 873215
876391 876806
882435 882556
896907 897074
898972 899169
903649 904211
911455 911736
920724 921005
930326 931015
943866 944243
984469 985763
1004769 1006306
1009193 1009261
1020821 1021024
1022040 1022802
1033352 1035265
1062027 1062974
1063988 1064039
1075628 1077242
1081871 1081996
1085259 1085918
1088437 1088511
1092962 1094532
1098228 1098523
1100184 1100305
1108129 1108783
1117127 1117741
1119105 1119236
1124643 1124832
1135591 1135675
1150558 1151316
1166938 1167045
1169835 1171320
1173227 1173485
1206556 1206706
1238444 1238722
1251353 1251659
1254403 1255248
1256867 1257070
1258593 1258884
1261597 1262135
1263849 1267072
1274386 1274474
1278801 1279472
1282885 1283789
1297396 1297492
1306117 1306441
1324975 1325267
1326838 1327956
1349905 1349987
1367935 1368090
1376332 1376453
1389961 1390189
1391593 1391868
1392647 1392915
1407968 1408703
1426175 1426529
1433879 1434177
1477776 1478332
1480193 1481017
1481615 1481698
1482323 1483113
1488461 1488551
1490238 1490365
1494741 1494936
1497425 1498506
1503834 1504692
1506087 1506158
1507143 1510814
1537377 1538046
1556665 1557010
1573694 1574453
1590712 1590894
1591829 1592588
1596369 1596536
1597142 1597299
1601692 1602641
1603827 1604043
1618720 1619528
1625077 1625443
1628219 1628314
1642362 1643032
1657130 1657220
1675360 1676605
1691788 1691882
1699383 1699739
1710580 1710837
1714980 1715078
1717730 1718435
1725031 1725485
1743371 1744131
1757950 1759773
1764385 1764662
1766910 1767155
1783550 1783696
1787100 1787284
1787816 1787948
1792071 1792279
1801197 1801405
1819643 1819813
1831569 1832603
1844750 1845813
1855942 1856652
1862660 1862828
1868806 1869548
1875261 1875374
1879239 1879693
1881097 1881391
1892538 1892775
