e_coli_k12_gi_556503834_ref_NC_
4019 4073
13500 13704
16732 17375
25186 25492
27177 27657
28788 29224
32685 32917
36609 36972
38010 38520
39886 40193
43042 43556
44448 45094
47727 47921
61004 61469
63699 63854
64894 64973
66657 66713
70762 71604
81427 81763
84744 85125
87659 88046
92021 92477
108279 108410
113655 114058
114940 115857
122461 123255
124919 125274
126708 126939
130215 130327
145400 145575
149587 150067
150983 151542
158646 158772
164167 164364
167412 168091
170193 170605
175507 175926
179855 180323
181478 181560
183624 185307
193725 194236
201490 201563
202689 202804
208308 208669
215217 215786
218680 218963
223564 228906
236212 236430
239086 239505
240581 240699
246718 246875
253228 253345
256773 257046
258026 258576
260249 260385
262552 262882
264119 264254
266125 266887
270312 270540
271731 272124
274626 275050
277085 277351
279327 280712
285375 285761
290660 291357
292096 292428
300530 301209
302725 302938
304955 305585
310880 311058
312329 312435
318738 318935
329016 329128
338514 338735
339842 340076
346204 346611
349841 349942
350530 350724
353249 353474
357697 357835
359979 361792
369252 369684
374230 375746
377321 377421
388671 388814
391808 392923
397678 397786
400032 400184
403636 404344
411213 411268
415049 415303
421061 421289
427688 428182
429045 429631
434168 434299
441993 442377
446269 446444
452793 452991
457734 458007
458883 459148
459991 460344
463230 463490
465025 465396
467252 467576
472249 472405
478234 478369
480291 480475
484301 484571
486573 486958
488730 489214
495340 495570
497850 498578
507446 507647
508718 508818
513932 514114
519222 519735
523470 524103
525562 527136
530900 531007
534750 534971
540122 541003
546035 546288
548203 548411
551623 551798
553226 555731
556467 556631
566856 568009
574685 575687
577424 577657
580292 581763
585453 585876
588384 588666
596732 596975
603388 604054
608089 609252
611959 612151
618279 618537
620727 620802
630116 630350
632562 633463
636652 636745
644964 645170
649730 650333
651515 651723
663788 663920
670350 670868
672349 672600
674561 674995
686584 686804
687859 689366
690182 690317
693590 693925
696572 696789
700069 700253
700968 701382
705647 705779
713695 714251
715675 715853
716569 716678
720197 720943
721651 721786
724738 724933
729114 733340
734042 735496
736660 739112
741670 741858
747600 747718
751078 751195
753270 753548
756270 756872
759907 760065
774304 774359
775000 775052
781111 781702
787346 787697
790872 791199
799258 799500
801359 801563
803584 803919
805811 805900
810866 811162
813421 813495
816728 816846
845152 845822
852732 852932
855288 855499
862323 862412
863867 864542
870370 870520
872899 873164
879865 880550
882834 882890
884988 885146
889230 889386
896012 896175
910477 910747
918552 919908
924090 924594
928379 928788
935476 935586
939292 939497
941645 941774
947145 947830
949348 949609
951524 951740
954232 954407
960968 961196
965184 965390
971546 972109
978038 978233
984447 984539
988682 989292
992588 993099
996458 996806
999248 999354
1010280 1011190
1013780 1013830
1020215 1020603
1022922 1023082
1026070 1026650
1034355 1035004
1043073 1043176
1044964 1045237
1048658 1048992
1049877 1050446
1064959 1065311
1083098 1083415
1087353 1087752
1091328 1091544
1092125 1092366
1092923 1093544
1094321 1095635
1097222 1097560
1099777 1100770
1116145 1116258
1120349 1120716
1125318 1125963
1130660 1130817
1134076 1134275
1138336 1138610
1143734 1143809
1144625 1144894
1147578 1148719
1151016 1151787
1156839 1156901
1164942 1165294
1167751 1167984
1171053 1171289
1174258 1174445
1183854 1183958
1194252 1194330
1200538 1200751
1202981 1203187
1208781 1209082
1225706 1226301
1231058 1231239
1232935 1233649
1235194 1235396
1244366 1244624
1250786 1250907
1255630 1255681
1257049 1257105
1263172 1263562
1269281 1270251
1275615 1275779
1279266 1279764
1284782 1285107
1286597 1287391
1296525 1297296
1299659 1300564
1308334 1308487
1314113 1314837
1320723 1320927
1330734 1330789
1345734 1346281
1350274 1350795
1352675 1353047
1365370 1365766
1374444 1375105
1376611 1376810
1380724 1380827
1391089 1391310
1396080 1396858
1401053 1401707
1402618 1402686
1407932 1408482
1409788 1410289
1419152 1419351
1420026 1420079
1423315 1423500
1427953 1428171
1429099 1429170
1439167 1439242
1440625 1440874
1441930 1442148
1459500 1459893
1466294 1466727
1467488 1470417
1473852 1474271
1478511 1478686
1482850 1482957
1488405 1488716
1490443 1490538
1493846 1494025
1500405 1500801
1501596 1501765
1504492 1504773
1519514 1519776
1520885 1521536
1530650 1530749
1533906 1534020
1548024 1548179
1549550 1549621
1552033 1552131
1555704 1555809
1558044 1558412
1570849 1572144
1579193 1579302
1595070 1595314
1597933 1598124
1599347 1599771
1612438 1613023
1614977 1615404
1618239 1618470
1619942 1620232
1622487 1622711
1625229 1625493
1627403 1627755
1630615 1630852
1632735 1635088
1635408 1635741
1639269 1639633
1650988 1651635
1660351 1660417
1661186 1662080
1670198 1670422
1671591 1671709
1676878 1676948
1678773 1679687
1680577 1681123
1682374 1682563
1686564 1686785
1687739 1688110
1690814 1691487
1701834 1701918
1708759 1708960
1710499 1710757
1715063 1715367
1720990 1721092
1722296 1722412
1724408 1724680
1726470 1726607
1734843 1735232
1738920 1739310
1739932 1740137
1741007 1741233
1744110 1744202
1759061 1759717
1765152 1765245
1767402 1767462
1770512 1770687
1773970 1774323
1782066 1782239
1783905 1784341
1793773 1794382
1797139 1797287
1803745 1804001
1811329 1811487
1818024 1818183
1820856 1820922
1829698 1830122
1832559 1832691
1834475 1834615
1836548 1836649
1847601 1847677
1849725 1849931
1856653 1857202
1858417 1858878
1869780 1870598
1889457 1889666
1893303 1893611
1901295 1901496
1910992 1911569
1919551 1920196
1924125 1924437
1928459 1928717
1936593 1936669
1947070 1947757
1948780 1949378
1955035 1955489
1956293 1956446
1957563 1957639
1960911 1961129
1966046 1966352
1970250 1970367
1978602 1979133
2010381 2010831
2014263 2014417
2017141 2017257
2018693 2018778
2025386 2025599
2026441 2026914
2029800 2029888
2035221 2035463
2038378 2039430
2045015 2045348
2053067 2053428
2056802 2057137
2061499 2061713
2066275 2067116
2067946 2068013
2069039 2070171
2077254 2077444
2085280 2085418
2098343 2098671
2100141 2100861
2101883 2103115
2106765 2107332
2109147 2109407
2113588 2113830
2125491 2125683
2132380 2132712
2133246 2133330
2140126 2140502
2147834 2147981
2153480 2154194
2162085 2162386
2163480 2163895
2170366 2171278
2172369 2172489
2184991 2185890
2198984 2199562
2203483 2204010
2207708 2207840
2209000 2209401
2214853 2214964
2218719 2218915
2221749 2221875
2228524 2228866
2229116 2229291
2232110 2232329
2235396 2235889
2252417 2252732
2256654 2256945
2259404 2260495
2267070 2267251
2269569 2269618
2274749 2274813
2282929 2283338
2289074 2290014
2291232 2291296
2295749 2296336
2300127 2300600
2304161 2304816
2304933 2305046
2312671 2312741
2315296 2315640
2321217 2321341
2325656 2325922
2331714 2331801
2334069 2334282
2335556 2335655
2336472 2336541
2337873 2338127
2345901 2346007
2346923 2347327
2351153 2351365
2355496 2355716
2362004 2362898
2364505 2364665
2366152 2366315
2369661 2369823
2376480 2376616
2379325 2379465
2380454 2380644
2384205 2384454
2386015 2386468
2389158 2389291
2406373 2406453
2407966 2408073
2412408 2412619
2419600 2419692
2425165 2425242
2425788 2425884
2430697 2430900
2439106 2439792
2441604 2441754
2454892 2455027
2456033 2456162
2458411 2458594
2461857 2462179
2463268 2463676
2464874 2464947
2466250 2466548
2467402 2467639
2476992 2477151
2492754 2493203
2514485 2516026
2518036 2518150
2521007 2521469
2525500 2525995
2531760 2531847
2544767 2545533
2550879 2551038
2552268 2552711
2553784 2553991
2555755 2555897
2563519 2563967
2568007 2568461
2575845 2575949
2591997 2592212
2594023 2594178
2599359 2599568
2601127 2601651
2609664 2609822
2614543 2614847
2616015 2616065
2624001 2624169
2636334 2636441
2636862 2637062
2640889 2641378
2643193 2644379
2655472 2655530
2659678 2660221
2662089 2662536
2665133 2665503
2667159 2667258
2668144 2668476
2672818 2673005
2677045 2677433
2688380 2688784
2693901 2694296
2697523 2697823
2703784 2703971
2707302 2707413
2710825 2711022
2720471 2720762
2725653 2731753
2735948 2736314
2742728 2743349
2748365 2748711
2749395 2749445
2751833 2752453
2756983 2757245
2768401 2769075
2769783 2770189
2773759 2774451
2775915 2776418
2778191 2778490
2784205 2784396
2786507 2786856
2804838 2805029
2808874 2809827
2811401 2812174
2815235 2815773
2817577 2818451
2822332 2822633
2827389 2827752
2838708 2839072
2840173 2840959
2842241 2842629
2843353 2844113
2846163 2846801
2849223 2849450
2851138 2851317
2862027 2862129
2878299 2878370
2883501 2884374
2890184 2890402
2893065 2893447
2901021 2901156
2913303 2913734
2923001 2923408
2932086 2932384
2944577 2944760
2945654 2945967
2947529 2947591
2950302 2950446
2961070 2961737
2971168 2971290
2980527 2980797
2987504 2987662
2992050 2992658
2994386 2994705
2996444 2997595
2999995 3000194
3002744 3003192
3005020 3005121
3008445 3008659
3010318 3010665
3011679 3011896
3020242 3020812
3023415 3023819
3029156 3029437
3040081 3040156
3041916 3042436
3048811 3049535
3051712 3052069
3071278 3071341
3072521 3072799
3075543 3076259
3078802 3079262
3083565 3084031
3089815 3089921
3094656 3094799
3119093 3119567
3125827 3125932
3128208 3128261
3128892 3129026
3130181 3131247
3140516 3140941
3142821 3143051
3150696 3151051
3152300 3152645
3157239 3157436
3164982 3165197
3174674 3174894
3180999 3181080
3184835 3185086
3185911 3187328
3194758 3195426
3196284 3197037
3201573 3201625
3204309 3204496
3217747 3218104
3218684 3219083
3221116 3221265
3222053 3222350
3225694 3225765
3232393 3233100
3246623 3246841
3249638 3249859
3254172 3254607
3255354 3255660
3256221 3256663
3265107 3265596
3268966 3269427
3269846 3270071
3272597 3273510
3274875 3274975
3276809 3277009
3280524 3280590
3294281 3294460
3300792 3300983
3302842 3303006
3306339 3306885
3309730 3310701
3312985 3313119
3314306 3314660
3316096 3316269
3324232 3324916
3328286 3328432
3329014 3329143
3332920 3333344
3334386 3334577
3344717 3344955
3346283 3346455
3351252 3351408
3360367 3361028
3364703 3364906
3365693 3366655
3380227 3380302
3386113 3386207
3387737 3387846
3422996 3428921
3431130 3431362
3438159 3438242
3446624 3446754
3447723 3447897
3453566 3453629
3458868 3458953
3462591 3462994
3464916 3464996
3469006 3469192
3470380 3472383
3473973 3474208
3482176 3482284
3488062 3488134
3499272 3499657
3512809 3513005
3515190 3515468
3522365 3522582
3523651 3523786
3524803 3525246
3531600 3531895
3533389 3533481
3537266 3537884
3555308 3556741
3563909 3564686
3567408 3567562
3574755 3575183
3577369 3577672
3580298 3580767
3583520 3584927
3587608 3588139
3595655 3595883
3608529 3608586
3616130 3616485
3624181 3625636
3626956 3627224
3628894 3628995
3632147 3632436
3638286 3638663
3645885 3646071
3648161 3648391
3652129 3653137
3654706 3655082
3657765 3657888
3663379 3663605
3668074 3668150
3675362 3675586
3685168 3685341
3696342 3696550
3708467 3708634
3716898 3716949
3720831 3720958
3722616 3722690
3728567 3728825
3740270 3740745
3748274 3748608
3754684 3754999
3755773 3755936
3762260 3765718
3767319 3767631
3770698 3771674
3773090 3773201
3777401 3777609
3782625 3782692
3783536 3784419
3797335 3797511
3801990 3802174
3805248 3805302
3809010 3809243
3815684 3815823
3818918 3819119
3822261 3822584
3825773 3825837
3838738 3838868
3840328 3840484
3841847 3842134
3853046 3853425
3857278 3857387
3858618 3858715
3867944 3868302
3869519 3869937
3875713 3875915
3884093 3884174
3885320 3885791
3886847 3886949
3889654 3890152
3891478 3891811
3892397 3892636
3900990 3901457
3902499 3902868
3904598 3904846
3911878 3912108
3913683 3913745
3924352 3924579
3932689 3933033
3934315 3934606
3936177 3936390
3940297 3946850
3948818 3948986
3953606 3953689
3958248 3958497
3959482 3960133
3963150 3963902
3970068 3970368
3972842 3973992
3975414 3975833
3982288 3983159
3984214 3984284
3986145 3986248
3987394 3987573
3995629 3995697
3996597 3996770
4003695 4004014
4008949 4009008
4014294 4014788
4015819 4015997
4027347 4027774
4035270 4035384
4044736 4044997
4049804 4049869
4052406 4053320
4067470 4067610
4068590 4068724
4071408 4071538
4072793 4073787
4076901 4076970
4083000 4083636
4086159 4086501
4090106 4090162
4092378 4093738
4094458 4094626
4097331 4097593
4098917 4098990
4100819 4101010
4105557 4106495
4114258 4115012
4119096 4119351
4122181 4122627
4125795 4125892
4127155 4127345
4136250 4136786
4146648 4147344
4151100 4151358
4151903 4152292
4153402 4153674
4155925 4156066
4160354 4161304
4166398 4171830
4172576 4173527
4177469 4177731
4182446 4182761
4184639 4185635
4190097 4190269
4200301 4200574
4207942 4213155
4217987 4218181
4222702 4222905
4228943 4229224
4245088 4245360
4248333 4248887
4251097 4251286
4255858 4255912
4256562 4256717
4265602 4265729
4266932 4267405
4268027 4268103
4270545 4270996
4273681 4273862
4281696 4281887
4288006 4288225
4290793 4291072
4295894 4296249
4297390 4297601
4305399 4305700
4312861 4313391
4314830 4314893
4315551 4315761
4319506 4319853
4322115 4322459
4323881 4324046
4325985 4326388
4327904 4328214
4330861 4331089
4335894 4336077
4338526 4339359
4342058 4342448
4343422 4343563
4344140 4344620
4345785 4345959
4349372 4349563
4353771 4353949
4364786 4364888
4383942 4384343
4390017 4390170
4398641 4399189
4404040 4404182
4405628 4406010
4409198 4409304
4411107 4412162
4414145 4414273
4415214 4415367
4419211 4419690
4424153 4424677
4427025 4427109
4429502 4429897
4435683 4435735
4438963 4439361
4449040 4449124
4452237 4452320
4458330 4458822
4461008 4461178
4464632 4464864
4466395 4466940
4468062 4468254
4472464 4472576
4475663 4475786
4477761 4478193
4488250 4488454
4498280 4499604
4500482 4500682
4507540 4508580
4518669 4518925
4528825 4528980
4538172 4538332
4541335 4541484
4551517 4551579
4568539 4568929
4571481 4571842
4574311 4574532
4579456 4579942
4580727 4580849
4587526 4587996
4592486 4592954
4594630 4595904
4604276 4605255
4605912 4606312
4614294 4615073
4623723 4623911
4628685 4628759
4632108 4632350
4634830 4635479
4641450 4641652
