Ecoli_0965_Taxon014_
1 16660
150273 151066
222206 228950
257963 258620
274010 275040
277603 279825
290496 297156
349880 349972
381089 382456
462772 463916
574646 575730
594563 609280
611717 612444
688378 689499
693536 697141
728751 765166
1049883 1050494
1052306 1054208
1060751 1074388
1096570 1097103
1306289 1307173
1308311 1313321
1387887 1402460
1404818 1405660
1415348 1429740
1430317 1434676
1468165 1470424
1472096 1479936
1564050 1567965
1588087 1592209
1640631 1641971
1642754 1648774
1966088 1971251
2034634 2051568
2063299 2063503
2066364 2069617
2096099 2097177
2102529 2105393
2125933 2126431
2128515 2137272
2177886 2189574
2190282 2190911
2191574 2200934
2202355 2203082
2203596 2206056
2206736 2213770
2224446 2258484
2317597 2317811
2418681 2419868
2507011 2520364
2696716 2698828
2699482 2702365
3073504 3077779
3080305 3081347
3081961 3084057
3084602 3088768
3089334 3093011
3116238 3121188
3219752 3221910
3375724 3382266
3382792 3384939
3423253 3428754
3497678 3499274
3583483 3586107
3607513 3622807
3623641 3625670
3652363 3652937
3682585 3689741
3690439 3714511
3715325 3722968
3756642 3765832
3766636 3767412
3787307 3796335
3927775 3940831
3941404 3950523
3951081 3951441
3952119 3964623
3965648 3988028
3988574 3997584
4038157 4041202
4041834 4042701
4110292 4117764
4119842 4127409
4187001 4193651
4229134 4244656
4303233 4313969
4317266 4317918
4398174 4407166
4408877 4423830
4462991 4464928
4504260 4513026
4513555 4517388
4518086 4519957
4520520 4528893
4641476 4641652
