e_coli_k12_gi_556503834_ref_NC_
1 257
776 18444
19096 47831
48753 51066
51632 55421
55922 56955
57459 58012
58579 62288
62934 74474
75149 91692
92246 95085
96114 100824
101330 101931
102495 108278
108956 112213
112719 115337
115854 117831
118364 122695
123245 133193
133744 134219
134740 137173
137853 152839
153519 164963
165426 167599
168112 168425
168948 171180
171689 185267
185896 189466
189985 206255
207023 209036
209555 211552
212099 220240
220767 221470
222010 231825
232491 234642
235159 240086
240704 243738
244422 255660
256835 260349
260884 281126
281636 292879
293385 297720
298434 301574
302092 303970
304476 307068
307580 309780
310305 312928
313462 319987
320924 328700
329314 332395
332904 341711
342218 353407
354014 361027
361567 361715
362228 364208
364805 367162
367673 373193
374300 382558
383290 404081
404704 408850
409474 411084
411645 413820
414379 416979
417483 430490
430997 437230
437744 443820
444427 445930
446467 453279
453816 467908
468412 480150
480651 481993
482508 495565
496065 515065
515619 518218
518877 519532
520292 533791
534303 538327
538904 550189
551137 552143
552649 561414
562020 580846
581992 584303
584947 590909
591412 595102
595632 598102
598696 599156
599669 603715
604276 611499
612511 614433
614939 614997
615506 618039
618548 620786
621358 625167
625741 629954
630487 638194
638790 642517
643046 643933
644476 669052
669553 680574
681698 681750
682903 690032
690588 694768
695358 695580
696293 705095
705791 720664
721267 729038
729689 730406
730939 733545
734050 762414
763157 766458
766962 767596
768098 769632
770213 775048
775646 782142
783306 786121
786713 790166
790840 792209
792756 797383
797976 802128
802831 810008
810588 813169
813729 817629
818208 818583
819131 830434
830943 842201
843157 843830
844450 846637
847157 847471
847987 850405
850954 852097
852837 858045
858556 869910
870465 870820
871348 871940
872465 873198
873776 888921
889458 890894
891406 891853
892410 894240
895365 896708
897211 897801
898335 910889
911391 917177
917684 922005
922516 940438
940994 941882
942394 943511
944060 951758
952358 952493
953077 955937
956496 957648
958180 965788
966367 967009
967789 974853
975402 978768
979276 983821
984381 987793
988295 994498
995012 1006573
1007182 1012143
1012853 1013158
1013693 1015975
1016489 1016726
1017242 1018822
1019447 1022292
1022828 1026482
1027100 1033884
1034400 1037283
1037787 1038254
1038938 1051335
1051874 1052544
1053059 1066584
1067202 1067593
1068133 1069347
1069934 1083913
1084420 1086522
1087109 1091231
1091733 1103006
1103583 1121035
1121551 1125826
1126479 1126680
1127465 1128674
1129178 1132519
1133308 1150345
1150845 1156845
1157407 1157803
1158344 1162340
1162952 1172835
1173429 1182699
1183221 1197735
1198307 1207308
1207822 1212816
1213385 1215913
1216455 1218241
1218759 1219990
1220603 1225575
1226118 1226841
1227369 1230117
1230509 1231201
1231785 1234084
1234597 1241437
1242087 1243948
1244603 1249410
1249911 1263190
1263691 1263911
1264579 1273082
1273615 1275813
1276314 1276842
1277759 1287091
1287639 1287871
1288458 1289971
1290484 1302983
1303556 1306844
1307520 1307959
1308582 1311574
1312116 1331479
1332509 1336799
1337314 1342547
1343134 1349876
1350491 1354686
1355254 1357517
1358319 1376070
1376572 1418053
1418643 1422603
1423178 1428220
1428747 1430400
1430955 1432254
1432765 1439299
1440657 1443243
1443864 1451925
1452502 1476995
1477545 1479963
1480523 1481582
1482281 1483592
1484094 1485354
1485900 1492799
1493387 1512317
1512866 1514179
1514684 1519562
1520070 1522134
1522656 1524077
1524713 1527262
1527894 1529752
1530335 1530887
1531392 1536780
1537291 1546469
1546982 1561543
1562057 1569868
1570376 1575226
1575737 1582770
1583399 1588814
1589364 1596795
1597676 1598069
1598660 1602164
1602670 1614410
1614913 1616987
1617508 1637374
1637920 1654927
1655827 1663400
1663916 1670285
1670793 1681524
1682076 1684573
1685401 1698396
1698928 1708060
1708594 1719112
1719664 1720774
1721328 1722067
1722582 1730318
1730822 1733183
1733710 1733833
1734334 1735882
1736395 1740153
1740738 1743991
1744504 1750232
1750800 1753678
1754323 1780171
1780676 1788353
1788917 1789177
1789678 1789935
1790476 1810225
1810738 1813196
1813744 1820937
1821476 1827424
1827945 1828468
1829014 1834443
1835182 1839236
1839802 1844866
1845435 1854453
1855031 1863733
1864304 1880073
1880593 1887782
1888577 1895380
1895997 1914085
1914666 1919682
1920263 1926306
1926831 1931061
1931559 1934143
1934708 1936307
1936846 1939886
1940943 1950733
1951238 1953262
1953792 1962005
1962582 1967018
1967546 1982689
1983839 1984307
1984808 1988539
1989151 1994380
1994908 2007822
2008392 2011461
2012002 2014942
2015523 2018273
2018799 2030473
2030994 2039516
2040063 2043090
2043728 2052702
2053276 2063089
2063675 2073988
2074508 2081256
2081760 2088310
2088836 2094175
2094757 2103600
2104114 2107960
2108730 2111072
2111581 2112917
2114014 2115161
2115753 2116720
2117280 2117759
2118586 2120660
2121180 2123082
2123692 2123838
2124375 2131584
2132125 2134567
2135088 2140492
2141105 2156437
2156940 2157091
2157605 2160288
2161086 2161336
2161935 2162440
2163025 2182485
2183042 2188174
2188783 2192117
2192648 2193667
2194232 2198592
2199093 2203765
2204358 2215963
2216490 2217552
2218303 2220141
2220680 2220788
2221301 2225798
2226301 2227322
2228008 2231041
2231564 2232730
2233243 2245351
2245871 2256824
2257327 2282577
2283125 2292579
2293091 2297922
2298423 2315859
2316383 2317936
2318512 2345237
2345770 2346671
2347705 2358690
2359217 2374523
2375088 2378433
2378956 2384614
2385129 2391825
2392343 2411405
2411911 2423582
2424106 2435655
2436171 2444321
2444902 2452934
2453442 2454045
2454562 2463966
2464496 2468316
2469511 2474176
2474791 2488165
2488869 2491074
2491625 2491787
2492301 2495179
2495736 2503127
2503889 2508007
2508812 2521497
2522065 2539315
2539825 2540043
2540597 2542115
2542654 2549778
2550317 2577794
2578328 2580661
2581497 2581720
2582269 2585154
2585887 2588323
2588837 2592022
2592988 2605754
2606257 2612393
2612958 2614733
2615372 2616992
2618160 2627511
2628025 2646246
2646751 2652292
2652814 2664610
2665116 2676697
2677317 2692984
2693598 2694785
2695314 2696584
2697194 2705457
2706147 2712973
2713554 2719059
2719560 2721857
2722397 2738930
2739474 2757733
2758245 2761993
2762751 2770774
2771450 2772619
2773226 2773839
2774379 2782251
2782777 2785774
2786321 2794999
2795528 2806870
2807421 2810501
2811061 2834524
2835038 2856684
2857281 2865401
2866089 2866843
2867371 2868222
2868808 2876006
2876583 2877469
2878005 2885634
2886146 2902406
2902909 2903019
2903521 2905830
2906482 2907209
2907767 2913162
2914197 2916216
2916758 2921651
2922273 2924031
2924578 2928515
2929136 2939232
2939786 2939970
2940524 2950483
2951078 2962522
2963074 2968164
2968670 2976190
2976727 2976944
2977630 2978660
2979173 2979775
2980298 2983250
2983808 2991071
2991597 2993174
2994002 2997875
2998546 2998707
2999223 3008994
3009633 3018494
3019040 3021953
3022484 3037075
3037723 3038179
3038684 3048142
3048698 3051199
3051746 3055877
3056396 3056849
3057436 3068390
3068983 3070827
3071367 3076019
3076686 3077353
3077870 3082781
3083528 3089678
3090290 3098704
3099330 3112762
3113869 3115817
3117044 3119714
3120224 3120318
3121380 3136706
3137564 3145414
3145937 3149624
3150138 3153090
3153631 3157989
3158549 3165008
3165521 3182989
3183564 3191273
3191790 3192580
3193126 3196313
3196824 3203811
3204370 3210939
3211567 3213951
3214492 3216672
3217186 3219671
3220176 3221450
3221962 3225360
3225842 3231613
3232129 3237738
3238414 3239216
3239718 3244495
3245040 3257201
3257781 3260197
3260739 3263053
3263573 3267956
3268462 3288364
3288931 3292608
3293489 3302250
3302804 3325376
3325888 3327105
3327675 3331436
3331974 3333161
3333828 3337292
3337813 3345900
3346432 3346495
3347017 3359914
3360496 3360901
3361489 3364183
3364852 3372546
3373211 3377019
3377557 3386941
3387533 3388290
3388945 3402137
3402692 3415311
3415837 3417372
3417880 3419999
3420579 3437852
3438377 3439293
3439848 3452147
3453019 3454559
3455092 3465203
3466308 3478426
3479018 3479174
3479713 3482297
3482833 3486371
3486936 3489265
3489902 3493177
3493691 3511990
3512863 3516803
3517319 3517671
3518208 3524451
3524979 3527307
3527820 3541721
3542362 3543072
3543600 3543723
3544229 3545903
3547538 3550037
3550574 3592498
3593041 3599785
3600289 3634336
3634853 3645060
3645594 3649880
3650385 3656389
3656929 3660851
3661400 3667107
3667651 3667719
3668395 3675823
3676463 3686597
3687114 3690032
3690619 3694098
3694608 3694795
3695306 3704464
3704975 3712535
3713864 3715954
3716556 3732375
3733601 3748786
3749309 3758639
3759183 3759620
3760683 3761208
3761820 3761962
3762468 3773724
3774249 3776965
3777474 3785092
3785616 3786745
3787281 3796607
3797330 3803294
3804233 3817131
3817720 3831401
3831947 3835636
3836153 3839573
3840109 3843284
3843824 3848712
3849219 3863661
3864219 3866569
3867070 3872095
3872920 3888283
3888795 3891725
3892746 3893241
3894166 3907143
3907801 3909391
3910004 3910278
3910984 3915876
3916569 3920084
3920595 3926178
3926797 3928034
3928727 3931352
3931888 3932133
3932752 3940583
3941162 3943587
3943745 3951849
3953083 3956016
3956634 3957407
3957993 3958167
3958695 3965928
3966387 3977163
3977664 3978059
3978583 3979941
3980477 3987801
3988332 3999098
3999617 4007206
4007777 4010679
4011188 4022347
4022892 4023501
4024220 4033684
4034205 4049398
4050030 4050480
4051021 4069429
4069962 4071047
4071549 4072637
4073054 4082294
4082832 4085730
4086231 4087083
4087595 4100675
4101203 4108111
4108674 4109035
4109574 4112221
4112748 4115991
4116555 4118156
4118684 4124552
4125081 4125170
4125724 4131399
4131917 4132556
4133170 4151490
4152018 4152649
4153279 4153416
4154004 4155998
4156634 4157955
4158581 4162682
4163216 4168173
4168713 4177702
4178261 4190035
4190773 4195332
4195873 4216847
4217376 4223358
4223919 4230137
4230740 4233382
4233933 4234797
4235307 4240680
4241429 4244914
4245543 4255034
4255548 4271922
4272471 4279173
4280202 4283301
4283869 4284539
4285080 4292418
4292963 4305375
4305880 4317771
4318316 4320459
4321002 4327492
4328000 4335921
4336479 4346837
4347421 4347973
4348477 4350951
4351522 4352053
4352741 4353824
4354756 4355538
4356138 4358036
4358657 4364099
4364657 4368328
4368829 4375112
4375628 4377580
4378357 4389732
4390440 4395356
4395920 4403313
4403850 4408315
4408822 4410602
4411104 4414006
4414526 4414966
4415515 4424482
4425105 4433719
4434233 4436990
4437527 4437641
4438215 4445888
4446434 4448758
4449330 4455127
4456502 4458562
4459065 4460412
4460732 4471787
4472389 4485995
4486544 4489966
4490478 4497526
4498192 4499342
4499863 4506921
4507519 4509473
4510339 4515989
4517062 4525973
4526532 4535181
4535715 4543037
4543560 4546165
4546778 4547952
4548463 4551763
4552424 4556747
4557823 4567323
4567832 4570855
4571400 4573055
4574296 4579171
4579681 4581064
4581611 4582340
4582899 4583198
4583751 4584068
4584617 4606430
4606940 4607554
4608056 4611350
4612238 4614363
4614926 4615873
4616417 4616963
4617543 4619171
4619768 4621396
4622008 4636948
4637469 4639319
4639936 4641652
