Ecoli_0920_Ancestor_
25501 25650
31718 31844
35782 36608
43762 44037
60609 60944
65987 66085
82236 83247
91391 92493
105112 105212
112456 112533
126343 126454
134813 134905
179054 179325
193962 194204
199552 199640
205067 205132
208442 208510
235359 235621
239869 240110
246357 246557
257388 257656
281960 282190
290804 290859
294523 294852
359345 359420
377737 383072
389185 389370
413984 414616
418969 424406
467566 467816
476671 476852
496280 496527
548147 548230
550091 555327
563236 563293
602179 602322
619163 619343
644010 649257
690900 691058
740612 740692
758270 758402
765634 765848
807965 808073
824050 824185
825085 825521
826101 826844
827768 828215
853147 853464
873580 873682
877626 878007
896850 897537
916244 916765
924088 924471
937667 938675
947178 947262
955840 956128
965373 965627
968041 969098
969921 971237
1006462 1007278
1027459 1027737
1029992 1030547
1092464 1092650
1119719 1120363
1161871 1167278
1224149 1225153
1225921 1226391
1228624 1229104
1269919 1269971
1278021 1278083
1304063 1304215
1313314 1313401
1357441 1357511
1372960 1373147
1403487 1404591
1459557 1460496
1525285 1525599
1543795 1544164
1575186 1575477
1593230 1594334
1635259 1635389
1643401 1643517
1692571 1692864
1703027 1703095
1710885 1711806
1727672 1727949
1752035 1752258
1783160 1783391
1787349 1787590
1789672 1789894
1831574 1831797
1835904 1836393
1841688 1841746
1844111 1844252
1859531 1864679
1872980 1873098
1883977 1884449
1928318 1928617
1956728 1957233
1972674 1973258
1974323 1974400
1984421 1984550
2029397 2029547
2069506 2069569
2075285 2076243
2086799 2087172
2113897 2114024
2137932 2138297
2197527 2198017
2226416 2226734
2259940 2260161
2285849 2286124
2300446 2301790
2316289 2316376
2325339 2325461
2348728 2349082
2391422 2391581
2419457 2420538
2424645 2424877
2445680 2445972
2448829 2449071
2488021 2488883
2492385 2492559
2504662 2504958
2520413 2521685
2523604 2524529
2525471 2525646
2533377 2533444
2549939 2550180
2552872 2553108
2555475 2555539
2561297 2561611
2605456 2605900
2653213 2653640
2670221 2670390
2680549 2680721
2696983 2697197
2721127 2721430
2753932 2754210
2755899 2756195
2804960 2805249
2812857 2812983
2833625 2833838
2841755 2841896
2868988 2869291
2873691 2873813
2908879 2909014
2939354 2939775
2944424 2944589
2954172 2954866
2956140 2957755
2958691 2958841
2967936 2968300
3019101 3020018
3038541 3039010
3058077 3058743
3062441 3062708
3079160 3079358
3092861 3093074
3122403 3122623
3130712 3131429
3141068 3141263
3148992 3149260
3163045 3163319
3164574 3167332
3193661 3194666
3206026 3207437
3239413 3239553
3276493 3276818
3286819 3287975
3289014 3289104
3290238 3291322
3320587 3321092
3368141 3368496
3405821 3406096
3452216 3452430
3465753 3465996
3481527 3481771
3493256 3493821
3495391 3496461
3540496 3540877
3545842 3545928
3603416 3603723
3620947 3621231
3693551 3693752
3701043 3701135
3722042 3722177
3734691 3735466
3738898 3739181
3751781 3752159
3762076 3762187
3766258 3766614
3782467 3782675
3794468 3794678
3830260 3830610
3852238 3852576
3853901 3853960
3855709 3856422
3857650 3857843
3859165 3859645
3860368 3861167
3863940 3864015
3866691 3867154
3877905 3878377
3901852 3902755
3935597 3935808
3940470 3940526
3948739 3948987
3960720 3960789
3982155 3982698
3992846 3993199
4009358 4010781
4015105 4016093
4016963 4017142
4022868 4023934
4050197 4050483
4060802 4060883
4064137 4064795
4121429 4121494
4192687 4192773
4197931 4198997
4208313 4209458
4218708 4219036
4233108 4233229
4233937 4234036
4241118 4241210
4244400 4244596
4250514 4251170
4254441 4254591
4274491 4275476
4299502 4300264
4310791 4311529
4315312 4316750
4319142 4320152
4331749 4332797
4335416 4335778
4361954 4367240
4378313 4378426
4442848 4443141
4468827 4469085
4510594 4510765
4536965 4537488
4539022 4539112
4540015 4541320
4547632 4547695
4552496 4552800
4555558 4555614
4601414 4601557
4631577 4631797
4641541 4641652
