Salmonella_ancestor_Ancestor_
1 255
1504 2524
3461 3698
4793 5296
10011 10313
11144 11422
14241 14792
16882 17106
25018 25195
25812 26088
27528 28265
28961 29081
30302 31763
40111 40979
45189 45857
46502 46866
52535 52779
56822 57044
60786 61438
62896 63158
63705 64225
64748 66264
67747 69071
69831 70806
71862 73585
74424 74635
75180 76657
77823 78035
78616 78688
80013 80901
84242 84439
87743 87964
93705 94066
95794 95908
97278 98055
100108 100204
100788 101397
102741 102986
106575 106960
108195 109528
110823 111081
113674 114488
118519 118632
119701 120486
123082 123347
125001 125115
126684 126898
132144 134045
134601 134967
136826 136965
141927 142195
143809 143922
145861 149718
150459 150644
151287 151392
157388 157731
160093 160574
161283 161918
164142 164373
167310 168640
169857 169990
170747 171031
173545 174139
174728 174999
177200 177682
179065 179623
180459 180660
183074 184462
186081 186304
188591 189208
191808 192293
194558 194830
195838 196620
197926 198156
205016 205214
205858 206085
207542 208070
210086 210326
213047 214232
214988 215438
216160 216397
219315 219651
223584 223722
224754 224807
226032 226143
227581 228442
231890 232217
235828 236157
238228 240736
245189 245388
249601 249871
250553 250928
254095 254202
262552 263115
265898 266191
267845 268220
269327 270548
275601 275783
281808 281866
287956 288198
289020 294506
295101 295159
298158 298497
302601 303905
305143 305420
306873 307303
307937 308083
313551 313651
317584 319463
320240 320827
324572 324738
325388 326109
329969 332908
333618 333819
335530 336286
337105 337318
338303 338595
339830 340219
344736 344834
345338 345789
346652 346786
347447 350193
351529 351725
353245 353534
354424 356630
357204 357753
358443 358571
359659 360102
361861 362389
365418 366150
369475 370612
373407 373869
375881 376065
377734 378174
386803 386982
387919 388678
390334 391771
393466 393643
395324 395759
396875 397445
400068 400264
401442 401603
403541 404513
409205 410087
411809 411929
414324 414601
415242 415626
416357 416633
419323 419570
420139 420273
420775 421267
426172 426544
429053 430241
430810 431109
432697 432800
434385 435056
439211 439461
440223 441649
442422 442929
446850 447489
448028 448261
449451 449717
451354 451634
452414 452539
453963 455000
455746 456731
459744 459802
462714 462856
465356 465543
467701 467923
468563 468893
469899 470574
472068 472253
473962 474075
474778 474907
483454 483549
484101 484380
486518 486602
488538 488759
490979 491209
492345 492714
494303 494694
497155 498135
500692 501936
502648 502984
507347 507450
512077 512294
513591 513753
515457 515980
522553 523161
525598 526273
526941 527376
536015 536940
537708 538786
539560 540164
541244 541411
542925 543212
545078 545175
547243 548139
548923 549075
553606 553720
559384 559478
561683 561925
563401 563483
565769 567681
568231 569492
570970 571221
572695 573012
574007 574152
577482 577671
579498 580436
581856 581952
587785 588175
589529 589645
590797 591244
592041 592252
594132 594313
595062 595360
597889 598699
599449 599821
600501 601684
602681 603943
604628 604758
607054 608581
609214 609505
614554 614611
616005 616991
625411 626033
627092 627443
631129 631398
636214 636410
637513 637823
640223 641013
642495 642826
644558 644818
647600 647714
651758 651986
653646 654125
655354 655596
660672 661185
667597 667834
668997 669287
669886 670365
673506 674040
674766 675578
676123 676586
677147 679555
682051 682351
685747 686123
700222 701052
703879 704476
704977 705203
708725 709089
710964 711218
716170 716344
722682 723164
727872 728322
735003 735576
738318 738883
739665 740576
746694 746870
751404 751983
754177 754484
756191 756474
757841 758102
769327 769789
770855 772340
772900 773488
774282 774603
775318 775469
776441 776927
780839 781343
782651 782796
787894 788069
789629 791318
795567 796317
802675 803009
805935 806398
807018 807650
808231 808296
808931 809031
809568 810627
811531 811590
814439 815501
816383 816811
818203 818387
819252 819638
822021 822423
823697 823827
828058 828114
828771 830557
832015 832778
834162 834305
837331 837620
838845 839091
840001 840287
841123 841311
841897 842347
843399 843748
844385 844592
847411 847554
849138 849254
850332 851210
853286 853491
860715 860993
862247 862397
864139 864429
865214 865324
866083 866171
868945 869707
873952 874110
876192 876285
879530 879670
881335 881975
884394 885391
886733 887278
888248 888626
889157 889366
891426 891961
897234 897366
897997 898210
901869 902879
903988 904533
906239 907077
908334 908547
910340 910502
912179 912979
913640 913713
914381 915629
918224 919093
919730 920088
924524 925158
927034 927832
929174 929416
930699 932469
933388 933613
935281 935905
937621 937816
938675 938969
940322 940405
943455 943736
944989 945402
949002 949285
950993 952073
952758 953887
954611 955117
957420 957513
958706 958783
963564 963640
965040 965186
968420 968650
969833 970335
971941 972135
973565 974096
974710 974795
975700 977784
979787 979922
982382 983360
984162 985220
986667 986775
987754 988075
992608 993676
997652 997820
999192 999921
1000766 1000857
1002773 1003791
1006975 1007363
1007951 1008192
1010033 1010462
1011100 1011408
1014312 1014545
1018157 1019109
1020468 1020742
1023881 1025971
1028162 1028536
1032048 1033568
1034154 1035672
1037250 1037907
1039224 1039512
1042604 1042987
1043524 1043833
1045522 1045662
1046515 1046925
1048740 1049620
1050958 1051151
1053700 1054033
1055729 1056201
1057565 1057930
1059412 1059677
1060403 1062659
1064499 1066999
1069774 1069899
1071459 1072483
1075231 1075532
1077518 1078285
1080229 1080356
1080954 1081311
1086976 1087048
1091985 1092125
1096245 1096681
1099850 1100208
1100722 1103395
1103948 1107663
1108376 1108709
1109305 1109376
1109975 1110970
1113312 1115109
1116763 1117010
1118260 1119184
1121768 1123205
1125394 1125489
1127915 1128855
1129990 1130150
1130741 1130950
1134623 1136024
1136884 1137513
1138117 1138388
1140396 1141138
1143087 1143752
1144977 1145333
1152887 1153207
1158692 1158938
1161383 1161616
1162648 1162827
1164254 1164591
1166343 1167395
1170518 1171307
1172900 1172963
1175864 1176143
1179693 1179935
1183273 1183493
1184968 1185719
1190746 1191108
1193687 1193910
1196762 1197264
1201734 1201915
1202503 1202759
1203431 1203725
1205430 1205651
1209494 1209543
1212107 1212246
1213221 1213800
1219372 1220113
1220966 1222006
1224149 1224621
1227139 1227348
1228859 1229080
1234625 1234909
1242159 1242544
1244622 1248046
1249538 1249771
1250476 1250759
1251849 1252110
1253349 1253607
1254595 1255372
1256151 1256337
1258044 1258668
1265062 1265679
1266824 1267825
1271728 1272490
1273869 1274508
1277256 1278187
1282190 1282463
1283926 1284240
1284894 1285193
1291201 1291419
1298093 1298322
1299732 1299827
1304036 1304094
1306162 1306290
1306963 1307243
1307829 1308149
1309957 1310524
1311130 1313901
1318077 1318589
1331908 1332445
1334296 1335468
1336832 1337125
1338348 1338591
1340652 1340988
1342197 1342425
1345019 1346048
1348322 1348396
1356794 1357020
1358002 1358270
1362471 1363773
1366391 1366690
1368434 1368850
1369491 1369569
1370175 1370977
1372547 1373003
1373862 1374261
1375510 1375877
1376554 1377261
1380328 1380678
1382593 1383236
1383779 1384054
1385058 1385354
1389593 1389886
1395864 1396288
1396877 1397156
1398783 1398855
1403392 1403861
1404373 1404628
1407116 1407335
1408486 1408661
1410431 1411415
1412664 1412741
1413776 1413986
1418149 1418539
1421878 1422178
1425653 1425936
1428184 1428323
1429665 1430148
1431440 1432546
1433495 1433762
1435638 1435875
1437800 1437977
1440747 1440952
1442390 1442752
1447455 1447744
1448374 1448616
1449201 1449545
1457991 1458972
1459571 1459636
1460305 1460462
1465151 1467423
1469687 1470291
1472519 1473000
1474922 1476564
1477981 1478336
1479482 1480446
1481043 1481261
1484329 1485515
1489893 1490041
1491465 1491716
1493437 1494478
1495074 1495263
1496929 1497362
1498217 1498394
1509813 1510263
1512938 1513145
1514168 1514334
1515231 1516163
1522766 1523138
1525979 1527015
1527787 1528089
1529418 1529663
1533881 1534044
1535357 1535760
1538663 1539766
1542147 1542382
1543775 1544951
1546455 1546984
1549410 1549540
1555397 1555527
1559028 1559727
1565602 1565846
1568146 1568588
1569447 1569831
1572124 1572536
1573317 1573590
1574798 1574977
1581194 1581938
1584289 1584414
1586343 1586758
1588151 1590071
1597826 1598261
1608970 1609160
1612932 1613199
1615731 1615872
1617081 1618534
1622524 1622603
1624679 1624948
1629353 1629586
1631770 1632066
1633115 1633287
1633789 1633999
1640875 1642495
1643542 1644280
1646268 1646517
1648728 1648970
1650545 1650615
1651639 1652099
1652928 1653353
1654520 1654747
1655849 1656671
1657922 1658088
1659854 1660588
1661573 1662424
1663159 1663215
1663721 1664135
1664958 1665407
1667356 1667992
1668547 1668633
1669403 1669594
1671914 1672153
1674521 1674993
1676178 1676294
1678440 1678886
1680935 1681240
1688311 1688573
1689261 1689662
1691862 1692461
1696846 1697187
1697887 1697964
1703711 1703974
1705086 1705588
1707639 1708524
1709509 1709693
1710470 1710555
1712543 1712845
1713372 1713566
1719723 1720105
1725123 1725393
1727092 1727266
1732579 1733304
1733841 1734251
1738966 1739634
1745104 1745213
1745872 1747710
1750410 1750753
1752359 1753082
1754536 1754667
1755849 1756029
1758971 1760812
1764311 1765795
1767936 1768515
1769541 1769744
1774659 1775769
1776509 1777173
1778344 1779120
1782733 1782923
1786939 1787256
1790009 1790115
1793881 1794033
1797018 1797295
1797989 1798306
1799115 1799447
1806521 1806881
1807425 1807619
1813971 1815632
1816520 1816683
1817281 1817601
1819193 1819563
1822210 1822771
1827360 1827734
1830539 1831187
1833047 1833170
1835049 1835252
1842767 1843048
1845406 1845618
1846121 1846211
1847468 1847528
1848255 1848601
1850064 1850221
1852604 1852771
1853908 1853993
1856705 1856898
1859111 1859382
1861217 1861321
1861909 1862001
1865876 1865983
1866700 1866961
1872486 1873054
1873860 1873939
1875484 1875797
1880963 1881201
1884596 1884731
1886924 1887265
1891577 1892170
1893668 1893882
1899840 1900072
1903292 1904117
1910194 1911168
1911736 1912421
1913096 1913558
1916664 1916773
1918532 1918660
1920909 1921020
1923957 1924073
1928202 1928489
1930970 1931319
1932014 1932675
1939246 1939358
1952965 1953854
1954790 1955071
1956216 1956479
1963530 1963775
1964349 1964753
1966996 1967293
1967968 1968221
1969700 1969903
1971299 1971535
1972903 1973071
1976347 1976941
1977722 1979072
1979756 1980705
1982318 1984391
1988749 1989142
1994798 1994974
1999345 1999470
2001235 2001710
2006932 2007802
2008742 2008920
2010273 2010476
2011724 2012012
2014534 2014986
2019634 2019905
2020592 2021614
2022217 2023235
2023925 2024128
2026205 2026357
2027834 2028086
2028658 2028902
2029638 2030616
2032459 2032817
2033789 2034886
2036962 2038639
2040763 2040949
2043552 2043745
2045473 2046475
2047310 2048278
2048832 2050830
2052225 2052468
2056747 2056929
2057528 2058096
2065951 2066218
2067928 2068115
2069622 2070205
2082265 2082626
2083759 2085586
2091255 2091509
2094244 2094478
2097956 2098251
2100449 2100650
2102167 2103998
2106699 2108527
2109100 2109776
2110312 2110531
2115424 2116340
2117180 2117559
2119884 2120700
2123201 2123543
2124720 2124939
2125568 2126202
2132664 2132724
2137016 2137687
2141092 2142981
2143616 2144193
2145348 2145980
2147465 2147758
2151908 2152262
2154623 2155473
2158108 2158268
2161642 2161889
2167937 2168077
2169020 2169891
2173676 2175265
2175946 2176472
2181322 2183091
2185089 2185262
2188066 2188346
2189763 2189977
2190528 2191157
2192008 2192871
2193854 2193917
2197148 2197698
2200042 2201404
2203395 2203620
2204966 2205642
2207431 2207713
2208697 2209850
2212171 2213638
2215468 2215632
2217121 2217389
2217946 2218052
2218588 2219620
2220203 2222653
2223343 2223486
2224252 2224355
2226370 2226476
2227101 2228130
2229539 2230254
2230880 2231917
2234675 2234910
2238172 2238517
2241114 2241533
2242041 2243183
2245009 2246226
2247031 2247195
2249252 2249718
2251949 2252274
2253013 2253339
2254172 2255941
2256457 2256697
2265827 2265927
2271995 2272508
2274683 2274838
2275653 2275722
2276330 2277229
2278493 2278632
2279353 2279997
2284017 2285278
2285903 2288399
2289768 2290087
2294876 2295037
2297942 2298182
2301273 2303034
2306360 2306610
2310541 2310741
2311985 2312284
2315230 2315394
2318797 2322372
2326403 2326668
2327765 2328033
2331097 2331314
2334698 2334964
2339173 2339376
2341139 2341193
2342954 2343269
2343860 2344360
2346082 2346269
2347145 2350745
2351514 2353389
2357237 2357443
2358119 2358813
2359518 2363587
2366247 2366363
2368757 2369677
2374555 2375655
2376982 2377084
2381730 2382631
2383402 2384049
2387016 2387150
2387689 2387907
2393961 2394204
2395768 2396148
2404644 2404759
2406103 2406313
2406957 2408928
2409925 2410427
2412717 2412789
2413338 2413446
2415353 2415694
2417793 2418081
2419374 2419829
2421300 2421784
2426467 2426566
2427719 2428015
2428706 2429092
2431562 2432068
2433391 2434896
2445575 2445838
2447386 2448101
2449116 2449975
2452893 2453489
2456332 2456734
2458279 2458908
2461399 2462903
2463933 2464611
2474050 2474176
2476734 2477293
2479703 2479871
2481130 2481384
2482176 2482827
2484172 2484272
2486199 2486608
2488991 2489172
2489865 2490283
2491058 2491975
2492702 2492975
2498289 2499500
2501596 2502610
2503669 2503874
2505793 2506008
2506612 2507928
2509520 2510664
2513518 2514249
2515889 2516191
2516897 2517733
2520736 2521129
2527667 2527802
2529586 2529687
2532216 2533548
2534664 2535837
2537181 2537311
2540053 2541301
2542529 2543326
2545030 2545250
2549405 2549625
2551641 2551939
2553752 2553958
2555818 2555896
2557321 2557796
2559780 2560670
2562347 2562537
2565670 2566805
2568292 2569080
2570303 2570408
2572836 2573531
2577179 2577231
2579158 2579840
2582755 2583447
2584028 2585518
2589092 2589631
2590150 2590653
2599418 2599491
2607582 2608872
2609424 2609629
2610313 2610887
2611474 2612248
2613816 2614633
2615323 2615465
2615975 2616083
2616806 2617130
2618161 2618228
2619589 2619782
2620457 2620779
2623714 2623798
2624334 2624582
2625945 2626162
2629641 2629731
2630596 2631029
2633372 2633603
2637349 2637700
2639531 2639894
2643264 2644259
2645430 2645716
2646333 2646410
2648436 2649265
2650226 2650417
2652951 2653020
2656512 2656652
2657310 2657856
2661785 2661905
2666230 2666371
2668167 2669453
2670024 2670997
2672821 2673175
2673846 2674123
2675227 2675345
2675921 2675996
2679551 2680369
2688633 2689131
2694592 2695309
2697459 2697705
2700553 2701257
2701814 2702002
2706513 2706951
2707536 2707811
2709835 2710832
2713361 2714204
2718040 2718983
2721864 2722279
2723968 2724150
2727849 2727950
2729821 2730119
2731106 2731339
2733007 2733294
2734088 2735402
2736083 2736741
2737515 2738642
2739306 2740984
2742643 2742789
2747599 2749234
2750899 2751185
2754452 2756166
2760040 2760285
2761617 2762854
2763516 2763848
2770073 2770296
2771400 2771927
2773109 2774197
2775996 2776641
2782563 2782881
2786060 2786178
2786957 2787722
2790455 2793517
2794187 2795564
2796163 2796234
2796830 2797163
2797876 2801642
2802195 2804868
2805382 2805989
2807329 2807595
2811811 2812173
2814982 2815055
2816432 2816670
2817498 2817816
2818430 2819735
2822074 2822315
2822956 2823208
2825364 2826089
2826959 2832709
2834260 2834517
2838393 2838494
2841690 2843403
2854878 2855130
2856369 2856680
2861745 2862268
2865420 2865508
2867069 2867412
2869492 2869642
2876678 2877660
2881623 2881976
2883397 2884725
2886050 2886474
2889725 2891099
2891777 2892735
2893901 2894775
2895327 2896224
2897460 2897921
2898519 2898693
2901267 2901893
2904462 2904778
2907993 2908295
2908843 2909114
2910948 2911418
2913843 2914399
2914920 2915502
2916042 2916152
2916923 2917612
2919917 2921114
2922038 2923750
2926100 2926340
2928686 2929264
2931201 2931486
2936209 2936270
2938874 2939242
2940268 2940659
2942321 2942698
2945025 2945429
2949551 2949932
2954948 2955129
2955734 2956098
2956743 2957042
2959216 2959444
2960584 2960698
2966894 2967186
2970421 2971155
2971703 2971978
2975598 2975689
2976713 2977257
2980379 2980527
2984199 2984486
2986474 2986774
2987916 2988541
2989152 2990486
2992354 2992647
2995562 2995838
3004857 3005504
3006095 3006322
3009498 3009566
3014815 3015889
3016498 3017444
3020480 3021145
3022528 3022678
3023822 3024089
3031057 3031499
3034861 3034988
3037232 3037517
3039505 3039768
3041478 3042129
3043172 3043792
3045701 3045912
3047399 3047616
3049214 3049422
3049990 3050151
3055575 3056411
3058443 3059008
3059898 3060003
3062708 3063690
3066306 3066905
3068780 3069466
3070002 3070674
3072003 3072456
3076157 3076472
3077723 3081237
3082523 3082808
3086289 3086411
3087550 3087844
3089468 3089585
3092377 3092987
3095207 3095451
3096363 3096700
3102093 3102167
3103786 3104220
3104803 3105672
3106250 3106885
3109995 3111050
3114504 3115148
3116069 3118100
3120641 3120891
3126316 3127274
3129542 3130219
3130775 3131032
3133358 3133481
3135833 3136171
3136978 3137228
3137800 3138611
3144999 3145171
3149726 3150967
3151719 3152263
3153183 3154088
3154716 3154786
3158077 3158150
3159852 3162229
3163674 3164500
3167025 3167136
3171628 3171714
3174928 3175091
3175978 3176231
3177660 3177898
3179206 3179469
3180690 3180991
3187450 3188753
3191170 3191629
3193669 3194827
3196090 3196300
3196814 3197969
3198819 3198930
3202079 3202171
3207331 3208337
3216489 3216747
3219368 3219725
3223651 3223834
3224393 3225110
3226866 3227068
3228408 3228790
3229412 3229547
3230159 3230539
3233869 3234279
3238188 3238645
3240310 3240850
3242112 3242362
3244159 3244346
3246118 3246684
3247286 3247551
3249615 3249928
3253371 3253640
3255854 3256072
3257211 3257362
3259859 3259961
3262336 3263212
3263715 3264696
3268527 3268811
3271140 3271223
3273484 3274054
3280720 3280999
3284074 3284699
3285352 3285689
3286472 3286665
3287228 3287283
3289804 3290819
3293839 3294594
3295652 3296465
3303415 3303746
3304676 3305323
3306135 3306936
3308331 3311390
3312779 3313253
3314873 3315589
3316893 3317288
3318399 3318689
3319506 3319642
3323523 3323966
3324525 3325831
3326974 3327920
3329092 3329940
3330702 3331002
3335589 3335818
3336403 3336809
3341007 3341542
3342154 3342754
3344844 3345342
3350297 3350457
3355824 3355902
3360649 3360836
3365730 3367434
3370345 3370653
3371926 3372168
3373459 3374392
3375693 3376323
3377492 3377699
3380509 3380761
3384880 3388610
3390158 3390435
3392588 3392897
3395193 3395776
3396453 3396800
3398105 3398879
3404750 3406042
3407380 3408297
3408806 3408995
3414241 3414427
3423231 3424395
3425229 3425318
3426642 3427185
3432603 3432847
3434817 3434992
3436018 3436568
3439871 3441342
3442748 3442984
3448979 3449129
3449729 3450213
3453125 3453794
3455026 3455320
3457182 3457496
3458520 3459108
3461703 3461860
3462875 3463165
3471040 3471224
3474036 3474103
3474709 3475225
3476061 3476486
3477099 3478512
3479573 3480946
3489396 3489494
3490219 3492842
3495994 3496151
3499339 3499556
3506978 3507213
3507787 3508242
3509342 3509810
3513010 3513291
3516449 3517113
3517645 3518511
3519177 3521949
3524625 3525366
3525928 3526110
3532468 3535034
3537721 3539448
3542486 3543246
3544533 3544673
3547907 3548674
3549357 3550025
3552660 3553242
3558104 3558337
3560791 3561719
3563915 3564215
3565244 3565386
3566963 3572851
3574011 3574199
3580246 3580380
3581099 3581875
3582561 3583098
3584806 3585131
3586642 3587965
3592650 3593478
3598409 3598688
3599198 3599372
3600314 3600716
3604035 3604527
3613057 3614834
3615786 3616063
3619203 3619933
3620601 3620890
3621871 3621936
3622966 3623229
3627194 3627927
3628471 3628989
3629711 3630871
3635124 3635973
3636566 3636880
3638264 3638533
3641014 3641102
3644893 3645129
3645704 3646929
3648223 3648377
3648972 3649252
3651234 3651926
3653090 3653318
3653909 3655153
3656427 3656939
3658460 3659008
3663094 3663369
3666296 3666585
3669691 3669913
3670845 3670998
3673116 3673645
3682022 3682310
3683252 3683429
3687590 3689309
3690006 3690558
3694343 3695044
3703102 3705001
3707001 3707268
3707800 3708364
3711654 3711830
3715464 3716083
3722329 3722582
3724531 3725509
3728993 3729487
3731984 3732330
3734199 3734415
3736952 3737094
3737822 3737967
3739708 3740085
3741356 3741579
3743204 3743296
3745964 3746214
3750427 3751153
3751961 3752236
3757297 3757576
3759538 3759859
3761200 3761427
3762115 3764860
3766623 3766929
3768235 3768357
3768952 3770654
3773010 3773541
3776083 3776837
3777712 3777782
3778352 3778994
3783841 3783987
3786288 3786437
3787758 3787953
3788522 3789948
3791907 3792126
3793271 3793361
3794092 3794178
3795003 3795236
3796420 3796709
3799125 3799364
3806085 3806137
3807988 3810034
3810588 3810741
3812050 3812223
3815685 3815918
3817395 3817566
3818381 3818593
3819558 3819633
3822421 3822730
3823567 3824155
3830486 3830609
3834584 3834724
3835495 3835632
3840166 3840290
3841025 3841802
3844912 3845044
3846213 3846395
3846957 3848351
3852890 3853014
3854585 3854877
3858942 3859234
3860414 3860613
3862250 3862392
3863569 3863748
3864702 3865057
3867391 3867725
3868982 3869802
3870559 3870883
3871611 3871971
3872606 3873012
3874274 3874866
3878580 3879031
3880997 3882084
3882624 3882796
3885341 3885600
3886914 3887113
3891068 3891584
3892105 3892341
3892873 3893101
3895575 3897240
3897800 3898385
3901507 3901734
3902422 3902946
3903525 3904471
3906704 3906836
3910571 3910901
3913087 3913360
3914235 3914519
3919553 3921011
3925955 3926250
3928755 3928991
3930465 3930535
3931263 3931747
3932535 3932718
3939706 3939999
3943998 3944562
3945113 3945599
3949137 3949385
3950742 3951016
3953545 3953678
3967545 3968052
3968797 3968892
3969466 3969883
3974330 3974440
3990674 3992431
3993092 3993755
3997146 3997246
4001000 4001112
4001985 4002568
4005593 4006496
4007872 4008504
4010749 4010811
4013656 4015882
4016523 4019439
4022425 4023767
4025467 4030865
4031402 4032489
4038319 4038571
4042824 4044555
4046133 4046304
4048432 4048663
4053864 4054029
4054584 4055085
4057188 4057497
4058717 4058970
4060298 4060698
4062198 4063186
4063982 4064702
4065367 4065497
4068623 4068918
4069589 4071259
4075741 4075873
4080447 4081699
4082234 4082315
4082837 4083091
4088859 4089089
4089964 4090456
4094798 4095642
4098966 4100779
4102422 4102612
4104186 4104851
4105909 4106511
4110603 4110841
4112320 4114294
4115063 4117309
4117934 4118151
4119771 4120382
4125463 4126034
4128645 4128781
4134009 4135043
4135615 4136407
4140697 4140938
4143255 4144143
4144771 4145698
4147659 4148037
4150259 4151499
4152299 4152595
4154291 4155409
4159393 4160253
4160977 4161359
4162752 4163002
4165888 4167642
4171801 4171991
4173888 4174027
4179590 4179654
4181033 4181256
4182337 4182866
4183766 4183868
4186806 4187075
4193492 4193689
4194917 4195286
4195913 4201356
4202050 4202290
4203384 4203702
4204893 4206490
4208179 4209259
4210808 4211825
4219607 4220499
4221023 4222352
4223165 4224292
4224815 4226265
4228039 4228246
4229224 4229730
4230518 4230805
4233174 4233242
4238875 4239106
4240862 4241021
4244417 4244587
4245266 4245779
4249003 4249993
4252222 4252321
4252975 4253058
4254158 4254561
4255089 4255399
4257266 4257530
4261349 4261640
4262184 4263218
4266831 4267226
4269618 4270490
4274204 4274678
4275765 4275937
4277036 4277301
4279141 4279413
4280547 4281646
4282823 4282979
4287610 4288200
4291917 4292444
4294311 4294590
4295117 4295297
4298326 4298592
4299174 4299639
4302493 4302643
4309194 4309721
4312744 4313573
4314154 4314248
4315193 4315283
4317232 4317625
4318773 4319607
4321957 4322050
4324497 4325165
4327091 4327240
4332456 4332818
4334580 4334721
4336110 4336362
4336865 4337670
4338297 4338402
4340473 4341361
4344075 4344161
4344812 4345580
4346979 4348000
4349706 4356759
4357637 4358274
4360497 4362074
4364336 4364588
4365187 4366057
4369768 4370039
4370548 4371245
4372673 4373655
4377130 4377874
4378654 4380211
4386595 4388326
4389441 4389580
4390390 4390617
4394642 4396100
4399189 4399351
4400490 4400562
4405642 4406020
4406837 4407456
4411776 4412215
4414812 4420482
4423201 4423256
4424342 4425222
4427481 4428041
4430458 4430690
4432844 4433006
4435012 4435184
4440627 4441301
4441877 4442121
4450145 4450703
4451452 4452203
4452735 4453355
4456854 4457412
4457937 4458212
4460966 4461050
4463578 4463756
4466830 4468767
4469498 4469555
4474519 4474572
4475399 4476339
4477663 4477892
4480547 4480766
4482719 4482811
4485190 4486607
4487740 4488129
4490722 4491768
4495950 4496242
4497000 4497252
4503023 4503216
4504165 4504509
4505036 4505657
4510618 4510884
4514720 4515639
4518872 4519166
4532005 4532770
4533276 4533515
4535522 4535792
4537777 4540118
4541149 4541351
4541921 4542995
4544686 4545110
4547527 4547774
4549715 4549772
4551608 4552299
4553155 4553864
4555818 4556669
4558203 4558592
4560033 4560510
4562946 4563303
4567666 4567952
4568529 4568746
4569920 4570073
4570691 4570833
4574381 4574721
4577907 4578626
4582386 4582824
4583374 4584976
4586174 4586229
4590192 4590300
4593342 4594597
4596673 4596841
4598633 4598856
4604058 4604293
4604845 4606006
4606883 4607361
4618314 4619159
4620544 4620984
4621662 4622373
4626252 4626443
4632114 4632382
4633910 4634070
4637728 4637912
4640275 4641493
4642727 4642961
4644089 4644326
4644853 4645085
4646551 4646701
4648617 4648687
4651016 4651119
4653792 4653939
4656932 4657428
4659506 4660909
4664527 4664791
4671007 4671282
4673948 4674272
4675743 4676903
4677431 4677715
4678315 4678506
4682832 4683006
4688183 4688248
4692411 4694774
4695553 4696186
4699102 4699517
4706530 4708013
4708645 4709236
4711939 4711995
4712631 4713089
4714425 4714738
4718846 4718994
4722494 4722721
4725799 4725932
4726485 4727875
4732273 4732451
4733552 4736026
4737885 4738092
4740739 4741322
4743134 4743785
4748328 4748669
4749726 4749789
4753884 4754133
4757603 4757992
4758773 4758961
4762104 4762551
4764011 4764217
4765277 4765757
4769588 4769702
4770355 4770819
4775629 4775811
4776971 4777264
4779671 4779908
4785375 4785532
4789312 4790004
4792935 4793203
4795776 4796407
4797020 4797099
4805251 4805850
4807898 4809360
4810072 4810264
4812542 4812821
4813415 4814091
4819017 4819509
4820495 4821261
4824011 4825023
4827712 4829353
4831230 4831374
4832531 4832815
4833693 4834321
4836282 4836534
4837919 4838066
4842354 4842846
4844228 4844338
4847385 4847625
4848632 4848870
4849959 4850057
4851138 4852167
4853105 4853456
Salmonella_0980_Taxon017_
1 255
1504 2524
3461 3698
4793 5296
5986 7252
10011 10313
14241 14792
15447 15969
16882 17106
22649 23036
23840 24505
27410 30149
32064 32583
34508 34679
37577 37754
45054 46144
47516 47570
49133 49283
52515 54510
59472 59611
61470 61836
62729 63416
68408 69005
69539 69753
70413 71436
73090 73355
75951 76209
77805 77918
81949 82023
85356 85614
88101 88242
95040 95649
96233 96329
98349 99159
100529 100643
102371 102732
104222 105572
108473 108694
111998 112195
113438 115003
115779 117209
117749 117821
118402 118614
119780 121257
121826 122013
122852 123889
130861 131689
132240 132732
134100 135234
139393 139615
143658 146745
149571 149935
150751 151248
155458 156326
157005 157502
158284 158621
165889 166628
167356 167476
168764 168909
170349 170628
171242 171419
172075 173260
173928 174139
174728 174999
177200 177682
179065 179623
180459 180660
186081 186304
187676 188491
189063 189208
190009 190923
194558 194830
195838 196620
197926 198156
202607 206085
207542 208070
209251 210326
211470 211909
213047 214232
214988 215438
219315 219651
224754 224807
226032 226143
226854 228442
229147 230054
231890 232217
237520 237826
239437 240736
241256 241803
245189 245388
249601 249871
250553 250928
253630 254202
254963 255310
259886 260211
262552 263115
265089 265798
269327 270548
271189 272898
274081 274568
277160 278353
287956 288198
288978 289839
291087 292795
296465 296754
298274 298470
299806 299913
300988 302552
303213 303630
304210 304661
305165 306005
309780 310169
311404 311696
312765 312878
313713 313773
316180 316381
317091 317306
318023 318162
324298 324611
328387 328543
329172 331173
331810 336448
341916 344856
349291 349912
354998 355128
355698 357856
359659 361068
361861 362389
364556 365018
368382 368950
370341 371559
372275 374385
374992 375781
376337 376716
377535 378417
387358 387554
390177 392298
393979 394156
395851 396076
397990 398844
400640 400819
403130 403498
405080 405230
407896 408805
410349 410562
411689 412036
413071 413443
414240 414405
418348 418840
419342 419476
420045 420292
422982 423258
423989 424373
425014 426209
427686 428058
429727 430167
439211 439699
440223 440495
442339 442434
450512 451110
451813 451926
453635 454339
457965 458187
460345 460532
463032 463174
466086 466144
467788 468288
469850 470991
473349 473474
474254 474534
476171 476437
477627 477860
479997 480325
482959 483466
484094 484380
488538 489820
490981 491209
492345 492714
494303 494694
497155 498135
500692 501088
506161 506653
507347 507450
512077 512294
513591 513753
515457 515980
522553 523161
525598 526273
526941 527376
530061 530659
536704 536954
538487 538786
539560 540164
541244 541411
542925 543212
545915 547143
547828 548139
548923 549075
550684 551085
559384 559478
561683 562255
563733 564390
565544 565964
567556 568184
568820 569126
570639 571200
572695 573012
574007 574152
577482 577671
581856 581952
582511 582728
587785 588175
592041 592252
593227 594313
595062 595360
597889 598699
599449 599821
600501 601080
603237 603469
604628 604758
605316 606089
607944 608581
609214 609505
613192 613945
614554 614611
616005 616451
617310 617505
619625 620337
621513 621738
625710 625952
627294 628118
628683 629228
630198 630576
631107 631316
631886 631943
639184 640160
643819 644829
648189 649027
650284 650497
652290 652452
655590 655663
656331 657579
660174 660499
661680 662038
666910 667108
668984 669098
670460 671422
672253 672533
673151 674419
675456 675596
676243 677183
678841 678934
679799 681174
684508 684872
685929 686862
688955 689043
689802 689912
690697 690987
692729 692879
701635 701840
703916 704185
705872 705988
707572 708927
710534 711727
712779 713229
713815 714003
714839 715125
716035 716281
717506 717795
720821 720964
722348 722760
723656 723890
724716 725067
727012 727068
727689 727880
728812 729081
731299 731429
732044 733859
736739 736923
743536 743595
746830 746895
747476 748108
748728 749191
753196 753576
757887 759559
760140 760647
767057 767232
769382 769721
772330 772475
773783 774287
778199 778685
779657 779808
780635 781837
791694 792373
792990 793635
797024 797285
798652 798935
800642 800949
808256 808432
814550 815461
816045 816808
817325 817837
827008 827254
830085 830496
831962 832444
833019 834187
839895 840427
840986 841123
843908 844162
846037 846401
847181 847482
849923 850149
850650 851247
854696 854904
858568 860128
865523 865982
869003 869379
872775 873075
875571 875761
880152 880360
881086 881620
884761 885240
885839 886129
887292 887529
893446 894454
899530 902324
903140 903368
907412 907526
910339 910568
914113 914903
917303 917613
918716 918912
923728 923997
927683 928034
930224 930545
931524 931632
933079 933629
938377 938512
940515 941364
942378 942599
943504 943589
944203 944734
946164 946358
947964 948466
949649 951171
952631 953259
954659 954735
960786 960879
963182 963688
964412 965541
966226 967306
969014 971473
973943 974844
975733 976520
977418 977977
979477 980164
982633 982792
992608 992761
995824 995889
997652 997820
999671 999921
1000799 1002200
1002773 1003791
1005185 1005306
1006975 1007363
1007951 1008192
1010033 1010248
1011100 1011408
1014312 1014545
1020468 1020742
1025370 1025971
1033068 1033568
1034154 1034513
1035066 1035197
1037250 1037907
1039224 1039512
1042429 1042987
1043524 1043833
1044595 1045662
1046515 1046925
1048740 1049620
1050958 1051151
1054700 1054845
1057565 1057786
1059412 1059677
1062429 1062659
1072196 1072812
1073579 1074697
1075231 1075752
1077518 1078285
1080229 1080356
1084056 1084647
1086976 1087048
1091985 1092125
1096245 1096681
1099850 1100123
1100722 1102461
1102977 1103395
1104076 1105057
1106781 1107203
1108376 1109209
1110342 1110970
1113312 1113825
1114880 1115109
1116763 1117010
1118890 1119184
1122250 1123205
1125394 1125452
1126074 1126552
1128735 1128855
1129990 1130150
1130741 1131579
1134623 1135299
1135998 1138388
1139462 1139786
1140396 1141138
1144290 1144417
1144977 1145333
1150612 1151807
1152887 1153207
1158692 1158938
1159553 1159734
1161383 1162827
1164254 1165729
1166343 1167395
1172865 1172963
1175864 1176143
1179693 1179935
1183273 1183493
1184968 1185719
1190746 1191108
1193687 1193910
1199813 1200142
1201734 1201915
1202503 1202759
1203431 1203725
1205430 1205651
1209494 1209543
1210827 1211577
1213221 1213800
1217308 1217617
1219372 1220113
1220966 1221523
1224558 1224621
1227139 1227348
1228859 1229080
1234625 1235392
1244622 1244708
1247838 1248046
1249538 1249771
1250476 1250759
1251849 1252110
1253349 1253607
1255147 1255372
1256151 1256337
1266824 1267825
1271728 1271826
1272993 1274508
1275047 1275781
1278018 1278187
1282190 1282463
1283926 1284240
1284894 1285193
1287462 1288659
1291201 1291419
1292637 1293350
1298093 1298322
1299732 1299827
1300432 1301524
1304036 1304371
1306863 1307430
1308376 1309558
1310144 1310424
1311097 1311225
1311776 1312225
1318077 1318589
1324432 1325324
1331908 1332431
1334974 1335468
1336832 1337125
1338348 1338591
1340652 1340988
1342197 1342425
1345019 1346048
1348322 1348396
1350392 1351746
1355081 1355435
1363577 1363787
1364289 1364461
1365510 1365806
1367990 1368223
1372628 1373269
1373827 1373953
1381715 1382059
1382644 1382886
1383516 1383805
1385755 1385848
1387284 1387562
1388508 1388870
1393283 1393460
1394047 1395622
1397498 1397765
1398714 1399820
1401112 1401595
1402937 1403076
1405324 1405607
1409082 1409382
1412312 1412701
1417274 1417484
1418519 1418596
1419845 1420172
1420929 1421306
1422599 1423358
1423925 1426068
1426632 1426887
1431395 1431731
1432405 1432477
1434104 1434383
1438004 1438071
1439271 1439797
1440305 1440865
1441812 1442339
1443558 1445065
1447276 1448051
1449033 1449301
1453502 1454804
1457422 1458103
1460522 1460600
1461840 1462008
1464893 1465377
1468243 1469483
1470337 1470409
1473624 1474267
1474810 1475085
1476089 1476385
1478285 1478805
1479417 1480917
1483226 1484766
1489455 1489612
1490281 1490346
1490945 1492082
1498832 1499152
1500361 1500502
1503034 1503301
1507073 1507263
1509878 1510436
1516204 1516545
1524353 1524536
1527332 1527665
1529990 1530519
1531819 1531944
1534295 1534790
1538063 1538996
1541256 1541435
1541961 1542916
1546402 1546786
1547645 1548087
1550387 1550631
1560706 1561495
1566693 1566823
1569249 1569778
1572985 1573086
1573851 1574086
1576467 1576543
1580473 1580876
1585442 1585824
1590986 1591112
1592811 1592985
1596169 1597029
1599666 1599722
1600457 1600772
1602900 1603027
1604793 1604959
1608134 1608361
1609528 1609953
1610782 1611063
1613911 1614153
1619167 1620867
1621570 1621730
1622666 1623212
1626130 1626662
1627691 1627938
1636541 1636689
1638113 1638364
1640085 1641126
1641722 1641911
1644865 1645042
1647675 1648363
1654955 1656112
1659191 1660312
1660816 1660982
1661879 1662055
1662911 1663732
1674756 1674919
1679137 1679382
1680711 1681013
1682054 1682524
1684066 1684175
1689011 1689545
1695028 1695438
1699035 1700109
1700664 1700750
1701520 1701711
1702467 1702974
1704031 1704270
1706638 1707110
1707786 1711003
1713052 1713357
1717833 1721779
1723979 1724578
1725123 1725702
1728731 1729304
1735828 1736578
1738284 1738797
1740383 1741014
1742587 1742672
1744660 1744962
1745489 1745772
1750410 1750753
1752841 1753082
1755394 1756029
1758971 1759339
1760232 1760812
1761465 1761804
1764014 1764211
1765209 1765795
1767936 1769744
1771451 1772277
1775564 1775769
1776509 1777173
1782733 1782923
1788140 1788721
1790009 1790115
1793881 1794033
1797782 1798306
1799115 1800746
1801646 1802027
1807425 1807619
1812502 1813082
1816520 1816683
1817281 1817601
1819193 1819563
1822210 1822771
1827360 1827734
1830539 1831187
1831932 1832346
1833047 1833170
1833750 1834188
1835049 1835252
1842767 1843048
1848215 1851395
1852358 1853267
1853855 1853959
1855794 1856065
1858278 1858471
1860199 1860514
1861183 1861268
1862405 1862572
1864955 1865112
1867648 1867708
1868965 1869055
1869558 1870228
1872486 1872831
1882369 1883418
1886437 1886549
1888933 1889113
1893120 1893358
1894476 1894825
1896695 1899508
1901722 1901838
1902456 1902945
1904775 1904886
1907135 1907263
1909022 1909131
1911236 1912287
1913374 1914059
1918849 1920090
1920728 1921119
1921678 1922503
1925723 1925955
1927049 1927462
1930245 1930611
1931913 1932127
1933625 1934218
1934916 1935055
1935936 1936947
1937661 1938603
1939438 1940120
1941064 1941199
1944594 1944832
1949998 1950311
1951856 1951935
1952741 1953201
1954790 1955071
1955613 1956479
1964349 1967293
1967968 1968221
1969700 1970762
1971299 1971535
1972903 1973071
1978925 1979072
1979756 1981816
1983483 1983903
1988351 1989090
1995896 1996337
2001235 2001710
2008742 2008920
2009679 2010345
2013940 2015036
2016009 2016367
2018210 2019188
2019924 2020168
2020740 2020992
2022469 2022621
2024698 2024901
2027010 2027854
2028742 2029374
2032409 2032656
2036030 2036190
2038203 2039099
2043138 2043801
2048688 2049264
2051331 2051471
2052414 2052501
2053881 2054313
2056509 2057641
2058372 2058659
2059340 2059866
2069486 2069847
2071670 2072807
2078476 2078730
2079779 2080196
2085177 2085472
2086287 2086630
2087670 2087871
2089388 2089683
2091808 2093124
2094187 2094599
2096752 2096959
2098305 2098530
2100521 2100821
2101663 2101883
2104227 2104777
2106283 2106660
2109813 2109917
2111948 2112162
2113579 2114434
2115654 2116836
2118834 2119569
2120205 2120603
2122126 2122651
2126859 2127389
2129124 2130170
2131880 2132147
2133057 2133841
2145630 2145873
2147268 2147739
2148419 2150236
2152047 2152625
2154353 2154546
2157149 2157335
2159459 2159809
2162396 2162871
2163806 2164258
2168906 2169512
2170681 2170886
2171489 2171670
2172334 2172507
2174444 2175498
2177017 2178290
2181980 2182040
2187197 2187821
2189765 2189984
2191161 2192139
2194512 2194674
2195187 2195380
2198783 2198947
2200178 2200626
2201378 2202192
2203436 2203636
2205128 2205511
2207567 2207817
2219140 2219301
2224090 2224409
2227266 2228274
2228899 2230160
2235545 2235684
2237685 2237847
2238455 2238524
2241669 2242182
2243769 2244804
2248250 2248350
2250290 2251047
2254502 2254807
2255319 2256671
2257480 2257720
2264459 2264925
2266982 2267146
2270994 2271180
2271996 2272136
2275660 2276005
2277048 2278103
2279267 2279502
2283068 2283297
2283923 2284638
2285623 2286274
2287701 2287807
2289126 2289289
2290691 2290834
2293842 2293974
2296125 2296231
2296788 2297056
2298545 2298709
2300539 2301549
2302876 2303203
2304327 2305480
2306464 2306593
2307340 2308000
2309785 2310004
2314897 2315813
2316653 2317032
2319357 2319633
2321673 2322372
2322985 2323293
2326403 2326668
2327765 2328492
2329368 2329536
2334698 2334964
2339173 2340269
2341139 2341193
2342954 2343269
2343860 2344360
2346082 2346269
2347145 2348853
2349529 2350422
2351691 2353389
2357237 2357443
2362100 2362293
2364218 2364842
2366245 2366363
2368757 2369042
2376982 2377084
2377849 2378535
2382493 2382631
2383402 2384049
2387016 2387150
2387689 2387907
2393961 2394204
2403059 2404759
2406103 2406313
2406957 2407499
2409925 2410427
2413338 2413446
2415496 2415694
2417793 2418081
2419374 2419570
2420216 2420355
2421300 2421784
2426467 2426566
2427719 2428015
2430529 2430939
2431562 2432068
2433391 2434896
2437014 2437811
2441448 2442207
2445575 2446278
2447386 2447620
2450492 2452297
2452893 2453489
2456332 2456734
2458279 2458908
2460682 2460876
2463933 2465658
2467821 2468339
2472517 2472991
2474050 2474176
2476734 2477293
2479703 2479871
2481130 2481384
2482579 2482827
2484172 2485123
2486346 2486608
2488991 2490283
2491058 2491975
2492702 2492975
2496297 2497146
2498289 2498493
2501596 2501851
2502389 2502610
2503669 2505139
2508503 2508845
2513518 2514246
2520736 2521671
2525338 2525524
2527104 2527959
2528462 2528726
2529586 2529687
2532216 2532551
2533428 2533548
2537181 2537311
2542529 2543326
2545030 2545250
2547294 2547592
2549608 2549828
2552554 2553003
2553752 2553958
2555818 2555896
2557321 2557796
2559780 2559967
2562347 2562537
2566557 2566805
2570303 2570408
2573282 2573531
2577179 2577231
2579158 2579771
2580385 2581232
2582755 2582854
2584028 2585518
2589092 2589631
2591035 2591240
2591792 2591856
2592837 2593082
2601173 2601246
2604837 2605256
2605863 2606407
2608164 2609005
2611129 2611198
2613732 2613923
2614537 2614999
2619890 2620037
2620830 2620885
2626900 2627311
2630546 2630777
2634418 2635198
2636943 2638204
2639567 2639815
2643370 2643692
2644367 2644560
2645499 2646392
2647019 2647343
2648066 2648174
2648710 2650333
2651901 2652321
2653262 2653398
2660939 2661237
2661785 2661905
2666242 2666371
2668167 2668675
2672821 2673175
2673846 2674123
2675227 2675345
2679551 2680369
2688633 2689131
2694592 2694882
2697459 2697705
2700553 2702002
2706513 2706572
2707536 2708391
2709835 2710021
2713361 2715072
2718040 2718378
2719083 2719838
2721864 2722279
2723968 2724150
2727374 2728490
2730685 2730851
2733007 2733191
2734088 2734642
2735762 2735995
2736531 2738638
2742088 2742153
2743446 2743745
2744315 2744803
2745544 2746189
2752111 2752429
2753651 2754914
2755608 2755726
2756832 2757270
2760115 2760331
2760886 2761324
2762607 2765112
2766443 2770064
2770839 2771701
2772615 2773215
2773785 2774416
2774930 2775537
2776324 2777143
2784530 2784603
2785980 2786218
2787046 2787364
2787978 2788902
2790299 2790918
2791622 2791863
2792504 2793552
2794912 2795116
2796556 2796759
2797710 2798573
2799099 2799679
2800253 2800548
2801052 2801355
2801956 2802694
2803808 2804065
2824426 2824678
2830005 2831816
2833575 2834315
2834968 2835056
2836617 2837724
2840818 2841257
2844601 2844743
2846227 2847706
2854894 2856842
2857575 2858857
2859400 2859804
2860516 2860662
2868123 2868935
2881623 2881976
2883511 2884008
2884533 2884725
2886050 2887548
2891941 2892212
2892760 2893200
2895223 2896593
2897231 2897916
2899162 2899314
2900690 2901113
2902362 2902536
2903134 2903595
2908320 2908787
2909956 2912461
2915384 2915502
2919917 2921114
2923585 2926340
2931201 2931486
2936209 2936270
2937521 2938175
2942321 2942698
2945025 2945429
2949046 2949451
2954948 2955129
2955734 2956098
2956743 2957042
2959216 2959444
2960584 2960698
2966894 2967186
2970421 2971155
2971703 2971978
2975598 2975689
2976713 2977257
2979347 2979666
2980379 2980527
2984199 2984486
2986474 2986774
2987916 2990486
2992354 2992647
2995400 2995838
3001635 3001898
3006095 3006322
3009964 3010285
3012308 3012458
3015614 3016208
3019097 3019311
3020631 3021191
3021790 3022692
3025420 3025488
3026476 3027075
3028949 3029186
3029691 3030861
3033378 3033483
3035756 3036204
3036970 3038607
3039115 3039841
3041464 3042660
3043230 3043391
3043959 3044167
3045765 3045982
3047469 3047680
3048607 3048942
3049589 3050209
3051252 3051903
3053613 3053876
3055864 3056149
3058393 3058520
3060269 3060857
3062035 3062324
3067846 3068763
3069292 3069941
3070725 3071422
3071960 3073207
3075307 3076251
3078474 3079100
3079668 3080527
3082523 3082808
3085421 3085977
3087550 3087844
3089468 3090623
3092377 3092987
3094698 3096552
3097899 3099269
3102093 3102167
3105316 3105672
3106250 3106885
3108885 3109338
3109995 3110431
3110953 3111050
3114504 3115148
3116069 3116582
3120641 3120891
3126316 3126412
3127968 3128752
3130775 3131032
3132039 3132461
3133358 3135169
3135833 3136203
3136978 3137228
3138482 3138611
3144999 3145171
3149726 3149877
3151719 3152263
3153183 3154088
3154716 3154786
3158077 3158150
3161668 3163574
3164409 3164500
3165869 3166263
3167025 3167136
3171628 3171714
3174928 3175091
3175978 3176231
3177660 3177898
3179206 3180991
3188372 3188568
3191170 3191629
3193669 3194513
3195363 3197242
3198695 3199455
3202079 3202171
3205977 3206792
3207959 3208892
3209918 3210093
3217725 3218927
3219592 3219681
3224321 3224520
3230483 3230669
3235915 3236104
3240753 3240856
3248110 3248457
3249134 3249717
3251171 3251271
3254475 3254752
3258220 3258511
3264149 3264401
3267211 3267418
3268587 3268841
3274208 3274286
3275507 3275617
3279033 3279726
3285630 3286847
3288729 3289037
3290310 3290552
3291843 3292776
3294077 3295263
3295842 3296038
3299568 3300066
3301312 3302756
3304500 3305202
3308720 3308949
3309534 3309940
3310876 3311322
3312202 3312271
3313908 3314208
3314970 3315818
3316990 3317936
3318897 3318979
3319746 3320385
3320944 3321387
3322958 3323084
3325268 3325404
3326221 3326511
3327068 3327522
3329321 3330037
3331657 3332924
3336316 3336579
3342081 3344504
3350789 3351071
3351631 3352005
3352724 3353991
3357627 3357682
3358245 3358438
3360211 3360836
3363911 3364190
3365773 3366296
3370856 3371426
3373687 3373770
3376099 3376383
3380214 3381195
3381989 3382574
3384949 3385356
3385875 3386076
3387548 3387699
3388838 3389056
3391270 3391539
3392531 3393331
3394982 3395295
3396247 3396771
3397359 3397624
3398226 3398792
3400564 3400751
3402548 3402798
3405938 3406722
3407450 3407506
3409503 3409621
3410631 3411041
3415363 3415498
3417842 3418044
3421076 3421261
3424296 3425542
3428163 3428421
3429791 3430393
3431996 3434596
3437271 3437579
3439871 3441342
3442748 3442984
3448979 3449129
3449729 3450213
3455026 3455320
3456169 3456692
3458520 3459108
3459751 3460263
3461703 3463165
3465730 3467072
3468091 3468607
3471040 3471224
3474036 3474103
3474709 3475225
3476061 3476486
3483591 3484070
3487749 3488454
3489396 3489494
3490219 3490723
3493849 3494043
3495994 3496151
3497128 3497499
3498915 3499075
3502113 3503840
3507728 3509093
3511009 3512586
3515451 3515633
3516195 3517714
3518694 3519070
3519647 3521495
3522006 3522346
3525643 3525958
3528270 3528551
3531751 3532219
3533319 3533774
3534348 3534583
3541378 3542222
3544403 3544673
3545548 3548674
3549906 3550025
3555535 3555790
3558104 3561362
3562018 3563585
3564851 3566749
3571919 3573229
3576267 3576877
3577432 3577637
3578473 3578755
3580266 3580591
3585017 3585151
3587514 3588610
3589579 3591386
3592546 3593003
3593606 3597322
3597860 3599403
3600011 3600153
3601182 3601482
3603678 3604606
3611731 3611966
3614385 3614834
3615786 3616063
3620601 3620890
3621871 3621936
3622960 3623683
3624405 3624923
3625971 3626200
3630165 3630428
3632755 3633037
3634676 3635158
3636566 3636880
3638264 3638533
3641014 3641102
3643229 3645129
3645704 3646171
3648972 3649249
3651234 3651926
3653090 3653318
3653909 3654279
3656427 3656939
3658460 3659008
3663094 3663369
3666296 3666585
3669691 3669913
3670845 3670998
3671542 3673645
3681760 3682310
3683252 3683429
3685233 3685595
3687590 3687717
3688502 3689309
3690006 3690558
3692315 3693787
3694343 3695044
3703102 3704542
3707001 3707268
3707800 3708364
3710951 3711830
3715464 3716083
3716648 3717165
3722008 3722582
3728993 3729487
3731984 3732330
3732971 3733458
3734295 3734468
3735777 3735930
3740381 3740433
3746335 3747393
3749348 3750098
3751282 3751515
3752340 3752426
3754392 3754611
3757048 3757218
3757785 3757996
3758565 3758760
3760081 3760230
3762531 3762677
3765845 3766247
3767088 3767805
3772977 3773508
3775864 3776105
3776778 3777566
3778161 3778692
3779589 3779895
3781658 3781877
3783388 3784403
3785091 3785318
3786659 3786980
3788942 3789221
3794282 3796385
3800304 3800554
3803222 3804307
3806433 3806810
3809424 3809566
3812699 3813073
3815685 3815918
3817395 3817566
3818381 3818593
3819558 3819633
3822421 3822730
3823567 3824155
3824686 3824814
3825737 3826391
3828357 3828808
3830852 3831814
3832522 3832604
3833985 3834782
3835417 3836405
3837586 3838406
3841109 3842686
3843640 3843819
3844996 3845138
3846775 3847588
3848154 3848966
3852511 3852803
3854374 3854498
3855531 3856331
3860293 3861175
3862344 3862476
3864949 3865822
3867102 3867222
3871756 3871893
3872664 3872804
3876779 3877691
3879360 3879747
3882120 3882796
3883374 3883510
3885341 3885600
3886914 3887113
3888963 3890051
3891068 3891584
3892105 3892341
3892873 3893101
3894815 3894962
3901543 3901734
3902860 3902946
3903525 3904942
3906704 3906836
3913087 3913360
3914235 3914519
3919553 3921011
3928755 3928991
3930465 3930535
3932535 3932718
3934892 3935901
3939706 3939999
3945113 3945599
3949137 3949385
3950742 3951016
3952549 3953678
3961917 3962507
3967545 3968052
3968797 3968892
3969468 3969883
3975841 3976884
3978200 3980959
3984362 3984494
3990171 3990320
3990855 3990936
3991458 3991712
3994529 3994979
3995859 3996269
3997480 3999233
4002179 4002748
4003325 4003927
4007224 4007414
4009057 4011914
4012434 4013103
4014194 4015038
4015976 4016653
4020031 4021672
4022269 4022915
4023684 4025016
4026555 4027212
4031934 4033506
4034389 4034655
4038245 4038357
4041305 4042211
4045602 4046265
4046926 4047224
4048320 4048520
4050142 4050197
4056324 4057215
4062784 4062882
4064068 4065027
4068717 4069938
4072567 4072945
4077207 4077503
4081590 4082970
4088586 4089429
4091769 4092019
4094518 4095058
4104498 4105204
4105941 4106451
4108674 4108776
4111714 4111983
4116452 4116664
4119650 4120317
4122014 4122211
4123800 4125836
4129608 4129730
4132575 4132826
4133428 4133927
4136890 4137793
4141295 4141607
4142924 4143552
4147462 4147693
4148265 4149057
4150203 4151581
4153347 4153588
4155905 4156105
4156701 4156793
4157421 4158347
4160192 4160507
4161312 4161565
4166577 4166733
4167704 4167991
4168779 4169003
4173589 4173694
4174217 4175344
4176157 4176666
4178033 4178263
4178815 4178902
4186684 4187701
4189250 4189359
4190223 4190330
4192019 4192273
4193114 4193616
4194807 4195125
4196219 4196459
4197483 4198145
4199226 4202093
4203248 4203798
4204401 4204993
4206250 4206561
4207587 4209453
4210109 4210299
4212276 4212520
4216387 4216736
4218350 4218602
4226996 4228265
4229251 4229636
4230417 4230547
4231396 4231593
4233174 4233242
4236112 4237500
4238410 4239106
4240862 4241021
4244417 4244587
4245266 4245779
4246325 4246666
4252222 4253058
4254158 4254561
4255089 4255399
4257266 4257530
4261349 4261640
4262184 4263190
4265390 4265552
4266691 4266763
4271843 4272221
4273038 4273657
4281013 4281655
4282234 4282737
4286465 4286683
4289402 4289457
4290543 4291423
4293682 4294616
4296659 4298585
4300687 4300981
4301737 4302244
4303024 4303768
4307243 4307351
4307980 4308225
4310859 4311130
4314841 4315711
4316310 4316562
4318824 4318907
4319410 4319702
4322624 4322833
4323834 4325051
4325586 4325707
4327293 4327788
4328395 4328702
4329393 4329744
4330295 4330444
4332207 4332288
4332898 4332965
4334019 4334523
4335318 4335471
4336737 4336823
4339997 4340425
4342496 4342601
4343678 4344963
4346140 4346296
4350927 4351517
4357628 4357907
4358434 4358614
4361643 4361909
4365810 4367466
4369812 4370001
4370659 4371193
4376061 4376352
4377471 4377565
4378510 4378600
4380549 4380942
4385274 4385367
4391190 4392074
4397346 4398038
4399427 4399679
4400182 4400351
4401485 4401757
4403597 4403862
4404961 4405171
4407526 4408562
4410408 4411280
4413672 4414067
4417680 4417885
4420935 4421229
4422357 4422644
4424462 4425381
4429217 4429843
4434444 4435936
4436885 4437078
4442849 4443101
4443859 4444151
4451972 4452361
4454517 4454911
4457290 4457382
4459335 4459554
4460245 4460838
4461354 4463228
4463762 4464238
4464956 4465013
4465756 4466653
4467900 4468539
4469977 4470030
4471458 4472516
4473100 4473271
4474742 4475522
4477451 4477519
4479051 4479135
4480794 4481079
4481889 4482164
4482689 4483247
4486880 4487366
4489398 4489956
4494235 4495545
4497980 4498224
4498800 4498886
4499396 4500318
4504917 4505089
4507095 4507257
4508654 4508994
4509519 4510362
4511999 4512325
4513523 4514145
4514845 4514984
4515794 4516021
4520046 4520493
4532005 4532608
4533276 4533515
4535522 4535792
4536405 4536993
4538442 4538520
4541149 4541351
4541921 4542995
4544686 4545110
4547527 4548181
4549715 4549772
4551608 4552261
4555539 4555630
4556624 4556981
4559534 4559894
4563597 4564109
4566063 4566772
4567628 4567952
4568529 4568746
4570691 4570833
4574381 4574721
4577907 4578213
4582386 4582824
4583374 4584976
4586174 4586229
4587149 4587216
4590192 4590300
4593342 4594597
4598633 4598856
4599653 4600350
4602700 4603512
4604058 4604293
4605722 4606006
4609428 4610178
4611067 4611231
4618314 4618559
4620544 4620984
4621662 4622373
4626252 4626443
4632114 4632382
4633910 4634070
4637728 4637912
4640275 4642106
4644472 4644994
4647801 4647864
4653212 4653505
4654776 4655349
4655912 4656149
4656963 4658531
4660468 4660563
4661172 4661773
4662390 4663944
4668487 4669138
4670950 4671533
4674180 4674387
4676246 4676953
4679821 4679999
4684641 4684815
4688156 4688388
4689177 4689357
4689992 4690057
4697362 4697995
4699310 4700130
4704171 4704849
4709922 4711045
4713748 4713804
4714440 4714737
4716234 4716547
4719535 4720086
4720655 4720803
4724268 4724592
4725135 4725369
4726063 4726247
4727751 4728035
4728635 4728826
4730225 4731316
4732908 4735731
4736441 4736829
4738062 4738289
4739012 4739643
4740305 4741840
4742541 4744030
4744592 4744856
4754844 4755340
4758333 4760418
4761858 4762208
4765571 4765721
4767187 4767419
4767946 4768183
4769311 4769545
4771814 4772247
4777070 4777258
4781898 4782147
4785081 4785602
4787362 4787585
4792935 4793203
4795776 4796407
4797020 4797099
4805251 4805850
4807898 4810264
4812542 4812821
4816719 4816972
4819017 4819509
4820495 4821009
4824011 4824178
4827712 4828237
4831230 4831374
4832721 4832815
4833693 4834321
4836282 4836534
4837919 4838066
4841382 4841655
4842354 4842846
4844035 4844338
4846166 4846393
4846927 4847625
4848632 4848870
4849959 4852167
