Ecoli_ancestor_Ancestor_
1 240
3298 3591
4164 4703
7428 8220
8874 9048
13981 14098
14766 14886
17132 18721
21272 21454
22027 22349
25754 26111
28064 28890
29560 29824
32987 33085
33671 34390
34904 35675
36743 36937
40235 40305
41846 42232
43762 44029
46120 46682
55721 56721
57362 58293
58982 59651
60521 61491
64183 64545
65645 66727
68531 69533
74095 74243
77136 77354
80648 80878
82132 83878
85893 86139
87128 87424
87928 88222
88928 90755
91391 93346
95604 95791
97434 97618
98120 98354
102173 102681
103940 104007
104601 105245
105854 106055
114519 116186
117754 117888
123358 123491
128296 128572
129431 129955
131010 131342
131977 132676
137804 138044
138848 139168
140863 141240
142041 142733
145263 145419
146390 146914
148628 148677
152791 152906
153731 154189
155740 155897
160748 161272
164792 165595
166564 166646
167968 168177
170168 170454
172608 172812
174863 175638
176430 177271
180663 180831
181514 181872
184002 184083
186603 187177
189642 189781
192516 193320
194340 195247
195954 196731
198286 198358
199058 199727
200938 201183
202448 202985
205574 205649
208428 208672
209555 210075
211732 211966
214210 214693
216875 217245
221473 222471
225802 225903
226852 228154
228797 230344
233747 234190
234866 235244
235770 235962
238602 238877
245040 245176
246252 246597
248030 248396
248897 249495
250153 250994
251963 252384
253122 253191
254642 255199
257536 258538
264321 264549
268314 268872
270205 270402
272339 273004
275696 275991
277155 277224
277788 278477
280187 280473
282288 283043
284899 286059
288744 288972
289491 289862
294138 294955
299021 299089
300631 300848
304397 305356
311003 311175
315214 315298
315799 316449
322317 322538
325178 325375
328563 328713
329353 329570
330664 331011
331755 332482
335407 335704
336559 336783
337521 338089
339340 339881
345238 345342
349675 350396
351127 351210
353024 353077
354174 355372
356149 356468
357119 357384
359345 359484
361599 362043
362744 362884
364493 364743
366903 366973
367549 368578
369202 369994
370511 371650
373110 373685
374913 375103
377224 383807
386196 386858
388521 388648
389185 389889
392584 392747
393452 393579
394511 395246
398726 399181
400922 402317
404420 404557
406859 406938
407527 408064
411684 411873
413877 414616
418969 424406
428089 428258
432900 433634
436193 436342
437953 438559
440347 440408
442463 442637
443688 443950
445224 445313
446006 446169
458766 459281
462003 462342
463990 464213
465489 465743
467889 468316
469375 469986
471345 471973
475131 476106
477870 478544
479710 479883
482021 482309
483331 483911
485613 485662
488108 488785
491296 491446
493683 494371
496605 496752
498927 499991
500505 500718
502979 503331
503861 504007
506184 506568
509962 510177
515211 515522
516309 516373
516975 518293
523598 524664
525246 525404
527761 528054
529407 529528
530591 530796
535786 536400
541830 541892
544946 545366
546797 547064
548147 548238
548833 548926
549646 555506
556205 556266
557243 557500
560632 560765
561594 561858
563084 565230
567070 567854
568532 568627
570129 571010
571671 571967
572541 573494
579473 579731
580255 580488
586554 586632
589919 589982
591703 591772
593747 594497
597663 597841
602422 602516
603318 603370
604128 604318
605450 606755
609671 609760
616131 617183
621299 621483
622947 623140
627930 628136
633822 634119
636248 637202
638504 638641
639947 640970
644010 649259
649845 650507
657493 657983
659026 659749
660620 660890
661684 661844
662400 662585
663499 664598
668085 668285
670501 671706
673683 674489
675117 675226
681804 682286
683419 683948
685273 685734
689247 689506
690618 690800
692116 692483
695758 695966
696658 696850
698631 699286
702212 702480
707122 707331
708205 708865
710276 710591
714471 714883
715484 715778
720096 720344
721288 723421
726783 727015
732619 732887
734389 734477
736034 736625
738116 738392
740183 740577
741409 741879
744585 745104
747639 748624
751020 751427
752171 752244
754871 754973
756476 756884
758020 758483
759299 759668
761350 761671
768733 769002
770322 770388
772841 773126
774570 774718
776055 776127
777657 777945
781336 781580
784687 785571
787467 787767
788357 789252
792880 793243
796059 796937
798125 798339
798963 799794
800756 800992
802797 803882
804416 804682
811192 811516
812363 812837
813424 813643
814807 815551
816194 816459
819469 819717
821372 821701
823275 823381
823971 824168
825085 828312
829282 829973
831755 832235
839908 840064
844985 846224
847769 848172
849277 849452
850023 850591
852223 852339
853174 853464
854681 855088
855971 856066
859714 860087
868934 869430
873580 873920
875991 876669
878349 878439
886803 887023
889673 889815
890401 891601
893514 893601
894700 895299
896586 896743
898547 899339
900225 900374
901107 901342
903331 903865
905142 905733
912136 912413
913374 913795
917367 920051
923566 924471
928386 929973
930577 930807
935085 935359
936401 936706
937667 939224
939726 940414
941335 941950
942456 942695
943440 943640
947336 947570
954561 954866
955808 956108
958324 958580
960321 962346
962994 963245
965178 966450
968041 971289
972483 972674
973957 974117
976133 976193
979210 979591
980547 980635
986211 987403
992756 993603
996391 996539
1001376 1001928
1006461 1007278
1007992 1009722
1014401 1014650
1015419 1015726
1018257 1018571
1020854 1021001
1022089 1022418
1025363 1025433
1026958 1027229
1027772 1027908
1029221 1029299
1031824 1032115
1034917 1035113
1036370 1036851
1043721 1044146
1047632 1047710
1049437 1051112
1052040 1052443
1053295 1053505
1056706 1056928
1057919 1058068
1058607 1059111
1060633 1061072
1062069 1062201
1062992 1063414
1066098 1066504
1069059 1069274
1070442 1070574
1073619 1073768
1074533 1074952
1075544 1075706
1078087 1079137
1080485 1080614
1081281 1081678
1083866 1083945
1084861 1084999
1086197 1087001
1087641 1087922
1089090 1089483
1091574 1091725
1096771 1096842
1097554 1097868
1101106 1101164
1102431 1102650
1106089 1106511
1111560 1112135
1113022 1114156
1116534 1116898
1119719 1120784
1124531 1124771
1127741 1127927
1129619 1130221
1131683 1131815
1132475 1132783
1137315 1137517
1138405 1139622
1145438 1146385
1150536 1151496
1152059 1154342
1157856 1158224
1160862 1161388
1161912 1167647
1171032 1171240
1171909 1172103
1178624 1178743
1181751 1182779
1186364 1186456
1193833 1194074
1195659 1196534
1198694 1198904
1199505 1200131
1200636 1200686
1201650 1202186
1202858 1202988
1204681 1205050
1206608 1206843
1207617 1207762
1208582 1209031
1209778 1210552
1212813 1212963
1215010 1215860
1216366 1216542
1217616 1218036
1218537 1218821
1223089 1225153
1228685 1229316
1234363 1234809
1235453 1235808
1237826 1237900
1240067 1240687
1241332 1241725
1243006 1243160
1243776 1244817
1247742 1247813
1252274 1252364
1252928 1253421
1254819 1255204
1258059 1258275
1258778 1258899
1261218 1261360
1263096 1264071
1267890 1268485
1268988 1269362
1270916 1271032
1273438 1274258
1282252 1282378
1282918 1283490
1284979 1285401
1290649 1291781
1296355 1297363
1298912 1299160
1299840 1299954
1300468 1301519
1302340 1302601
1307210 1307302
1310169 1310400
1311953 1314163
1314973 1315714
1319206 1319536
1320245 1320367
1322095 1322878
1323897 1324627
1325807 1325918
1326821 1326911
1328043 1328642
1329303 1329503
1331178 1332105
1332917 1333105
1334311 1334508
1337346 1337754
1342670 1342836
1344278 1344918
1349165 1349968
1350985 1352038
1353902 1353961
1354816 1354939
1356168 1356298
1356986 1357417
1358505 1359006
1359567 1359864
1361681 1361730
1364830 1365097
1368268 1368804
1370271 1370574
1372366 1372434
1379909 1380072
1380664 1381142
1381757 1382024
1382584 1383466
1385395 1385652
1387688 1388089
1392061 1392194
1393412 1394532
1396064 1396759
1403172 1405298
1405806 1406021
1408442 1409008
1409515 1409663
1410582 1410642
1411875 1412058
1414502 1414996
1415995 1417374
1419243 1420027
1421256 1421812
1422314 1422557
1424784 1425838
1429716 1431092
1433460 1433602
1434988 1435137
1442093 1442418
1444862 1444990
1447881 1448216
1449217 1449599
1450402 1450527
1453804 1453894
1455626 1455825
1458037 1461073
1462196 1462407
1464555 1464797
1465575 1465987
1466772 1467071
1468339 1468681
1469350 1469586
1470471 1470742
1476318 1476774
1479966 1480223
1483909 1484158
1484705 1485668
1488103 1488263
1493094 1493610
1494265 1494563
1495126 1495304
1496003 1496303
1501704 1501881
1503531 1503687
1507387 1507512
1513748 1514545
1521163 1521705
1524634 1524871
1525699 1525829
1528204 1528474
1532616 1533177
1534013 1534299
1534902 1535202
1536456 1536693
1541187 1541681
1543633 1545120
1545812 1546076
1549829 1550217
1557828 1558803
1560580 1561079
1562145 1562243
1563569 1565132
1565929 1566165
1568634 1570438
1572377 1573533
1577842 1578513
1583027 1583440
1584689 1584899
1585542 1585865
1587072 1587473
1591134 1591223
1593182 1594334
1596532 1596797
1599880 1600124
1602954 1603367
1607310 1610124
1611054 1611651
1612289 1612859
1614542 1614778
1619179 1620479
1621159 1621539
1625416 1625834
1633477 1633576
1636439 1636755
1637385 1637508
1638061 1639224
1643685 1646131
1648580 1649614
1650996 1651294
1652508 1652767
1653693 1653789
1655693 1655871
1657851 1658362
1660032 1660324
1661094 1661284
1662643 1662786
1664316 1665378
1670900 1670965
1676408 1676492
1678840 1680097
1681403 1681611
1682919 1683866
1687126 1687471
1688306 1688594
1691613 1691703
1694485 1694612
1695712 1695996
1697654 1697821
1698377 1698582
1704202 1704466
1705920 1706003
1709412 1709495
1710489 1711638
1716235 1716496
1718036 1718167
1719852 1720558
1723284 1723368
1725087 1726799
1730178 1731498
1732271 1733064
1734354 1735488
1736207 1736514
1738277 1738577
1739137 1739564
1740204 1740511
1741744 1742066
1742881 1743120
1748119 1751337
1752132 1752239
1754175 1754420
1755795 1756015
1757231 1757619
1760375 1760987
1762121 1762598
1765126 1765408
1765982 1766193
1766998 1767127
1769389 1769988
1770789 1771007
1771753 1772526
1773030 1773717
1774369 1774744
1779711 1779938
1780585 1781394
1783407 1783774
1786253 1786340
1790719 1791086
1792198 1794536
1797820 1798807
1800993 1801982
1802743 1802828
1803471 1803541
1806978 1807090
1807599 1807751
1810788 1811007
1811830 1812101
1812827 1813528
1814070 1814402
1818883 1819242
1822097 1822544
1829858 1829968
1830649 1830843
1832698 1834227
1834899 1835145
1835920 1836230
1837323 1837539
1838885 1839458
1840153 1840897
1844150 1844800
1845504 1845748
1848697 1849162
1851107 1851202
1859038 1864643
1865710 1865854
1866864 1867239
1867890 1868481
1869587 1870013
1872994 1873233
1874354 1874735
1878392 1879139
1881479 1882205
1882770 1882890
1884412 1884639
1887111 1887221
1892211 1892492
1893487 1893728
1900172 1900507
1902575 1902654
1903691 1904131
1909080 1909438
1914687 1914905
1915613 1915690
1917153 1918333
1918965 1920447
1921671 1922323
1923167 1923297
1926733 1927029
1928320 1928585
1930034 1930238
1931970 1932480
1934136 1935660
1940294 1940570
1941181 1941433
1943057 1943216
1943800 1943920
1945561 1945775
1946634 1947250
1949449 1949694
1951254 1951339
1957357 1957666
1958526 1958784
1960071 1960130
1961074 1961700
1964110 1964274
1968852 1969631
1970245 1970533
1971546 1971879
1972970 1973244
1974450 1974968
1975636 1975866
1980862 1981660
1982320 1982837
1983454 1984708
1985294 1985803
1987128 1987407
1991460 1992507
1993540 1993731
1995944 1996299
1997354 1997973
1998972 1999124
2000282 2000362
2001141 2001429
2006535 2006599
2007856 2008147
2008689 2009445
2011472 2011641
2017373 2017988
2021427 2022320
2027099 2028124
2028676 2029526
2030044 2031186
2032378 2032837
2034297 2035312
2044868 2045229
2045964 2046797
2047790 2048145
2048701 2048826
2050556 2050853
2052813 2054055
2055908 2056136
2057207 2058420
2060310 2060771
2062635 2062887
2063765 2064175
2066746 2066899
2070694 2070831
2072212 2072319
2075080 2076611
2083004 2083063
2084153 2084971
2086018 2086482
2093473 2095338
2097835 2097894
2100050 2100385
2101427 2101665
2102195 2102455
2104105 2104200
2106417 2106984
2107790 2107955
2119584 2120111
2120688 2120907
2126891 2126988
2129566 2130639
2132938 2133214
2138424 2138917
2139591 2139854
2141791 2142822
2145623 2145689
2147865 2148112
2150001 2150204
2154368 2154652
2158078 2158826
2159763 2159897
2162918 2163255
2164062 2164119
2164865 2165320
2167469 2167665
2169771 2169949
2176099 2177003
2180366 2180932
2183696 2183885
2187391 2187675
2188564 2188803
2190381 2190514
2191674 2191780
2192596 2192770
2193309 2193677
2195231 2195453
2196191 2196339
2198458 2198737
2201590 2201743
2204551 2204778
2208709 2208932
2211002 2211158
2212456 2212916
2213717 2214488
2216615 2216732
2217901 2220053
2221138 2221318
2223595 2223823
2224802 2225649
2226425 2226677
2231383 2231587
2234423 2234589
2235924 2236748
2237453 2237592
2241121 2241902
2246405 2246483
2249897 2250748
2254291 2255111
2258749 2258865
2259491 2259840
2261010 2261251
2264431 2264916
2268052 2268404
2269206 2270007
2278655 2278905
2281767 2282509
2283080 2283363
2284239 2284511
2285435 2286384
2292814 2293936
2297033 2297596
2298200 2298648
2300454 2301786
2302760 2302902
2303783 2304057
2309748 2309821
2313506 2313750
2315931 2316198
2322232 2322396
2323003 2323594
2324616 2325079
2327541 2328004
2329111 2329984
2336309 2336552
2337413 2337813
2338406 2338652
2343723 2343971
2344557 2344691
2345445 2345643
2346312 2346553
2347151 2347290
2348020 2348710
2352753 2352941
2354788 2356706
2360187 2360420
2362965 2363031
2363620 2363933
2367059 2367447
2373277 2373326
2373920 2374085
2375111 2375418
2380136 2380314
2384206 2384283
2392762 2392941
2400495 2401256
2406507 2406936
2408241 2408360
2410688 2411369
2414887 2415040
2417189 2417421
2419475 2421096
2422049 2422702
2423757 2424594
2425428 2426294
2428129 2428418
2429002 2430231
2433457 2433578
2434225 2434384
2441048 2441239
2441925 2442228
2443361 2443626
2445663 2445972
2446614 2447767
2453162 2453443
2455970 2456522
2457729 2457961
2459098 2460266
2462111 2462400
2463567 2463918
2464635 2465581
2466328 2466429
2467044 2467482
2467994 2468813
2474660 2474980
2476075 2476292
2476957 2477074
2483650 2483789
2487957 2489309
2491096 2491262
2493877 2494577
2495740 2495951
2501204 2502038
2503535 2504237
2508082 2509291
2510431 2510827
2517344 2517542
2518933 2519705
2520412 2522194
2523601 2525288
2528083 2528155
2528738 2529381
2530878 2531234
2535494 2535640
2541951 2542137
2542843 2543017
2543622 2543919
2545351 2546328
2549938 2550182
2552872 2553108
2553702 2553811
2556384 2556917
2558188 2558273
2561019 2561194
2565521 2565652
2566399 2566645
2568363 2568509
2570449 2570532
2574051 2574102
2576647 2577179
2579959 2580686
2581526 2581715
2583125 2583225
2586122 2586729
2588696 2588771
2591881 2592496
2593881 2594483
2596099 2596367
2601490 2602142
2603307 2603561
2605648 2605900
2607414 2607945
2609200 2609404
2611844 2612171
2614405 2614604
2615599 2615682
2616625 2617356
2619246 2619456
2620763 2621016
2622125 2622302
2624555 2625345
2628734 2629102
2632959 2633593
2639849 2641487
2643627 2644163
2646109 2646216
2646833 2647500
2649108 2649404
2650712 2650900
2654661 2655159
2656113 2656543
2657387 2657769
2664428 2664516
2665106 2665272
2670293 2670616
2674543 2674764
2676759 2677647
2678899 2679088
2679794 2680447
2681875 2682125
2685519 2685909
2687557 2687962
2689144 2689829
2691011 2691307
2693728 2694019
2696383 2697250
2698639 2699179
2700718 2700993
2704911 2705282
2706412 2707071
2707877 2707930
2709503 2709756
2714056 2714182
2717033 2717110
2718309 2719216
2721086 2721246
2727197 2727278
2728610 2728687
2729189 2730332
2731352 2731533
2737854 2738035
2740959 2741840
2742591 2744815
2749363 2749470
2750821 2752073
2752843 2753241
2753932 2754558
2757374 2757872
2760128 2760317
2762865 2762926
2767724 2768306
2773400 2773792
2775636 2775930
2777840 2778029
2781674 2781961
2783397 2784802
2785960 2786224
2788006 2788444
2789492 2789616
2791946 2793013
2794997 2795428
2796554 2796884
2797944 2798695
2799678 2801471
2804659 2804910
2806398 2806628
2807398 2807531
2808717 2810156
2811308 2811423
2812884 2812973
2813840 2816002
2817969 2818541
2819125 2819364
2820598 2820911
2821467 2821823
2831688 2832098
2836160 2836342
2837845 2837924
2839120 2839337
2840338 2840852
2842799 2843003
2844710 2844877
2845837 2845987
2848715 2848924
2854028 2854532
2857118 2857434
2858799 2858864
2859439 2860109
2860970 2861106
2866962 2867057
2871432 2871826
2875218 2875676
2878547 2879335
2880146 2880557
2881281 2881477
2882032 2882355
2883968 2884391
2890173 2890347
2893058 2893516
2894472 2895168
2898754 2899018
2902312 2902793
2903384 2903709
2904349 2904719
2905429 2906412
2906933 2907057
2908466 2908766
2910182 2910763
2913078 2913263
2914107 2914163
2919431 2919481
2921059 2922688
2923690 2924169
2926108 2926382
2931563 2931671
2932682 2932773
2939210 2939775
2942666 2942874
2947605 2948060
2948601 2949136
2950703 2950960
2951529 2951844
2952683 2952882
2954011 2955342
2956156 2957755
2959579 2959712
2963047 2963644
2964397 2964925
2965781 2966189
2967869 2968646
2969201 2969568
2973395 2973988
2975205 2975855
2976680 2976977
2977559 2977952
2981551 2981791
2982483 2982958
2985599 2985752
2986739 2987658
2988582 2988720
2997439 2997509
3000010 3000327
3001014 3001493
3002049 3002240
3002857 3003012
3003590 3004027
3005580 3006317
3009468 3009773
3012214 3012670
3014401 3014495
3017076 3017434
3019101 3020093
3020886 3022120
3026061 3026260
3027054 3027872
3029514 3029743
3031388 3032213
3034452 3034882
3037554 3037682
3038536 3038619
3041120 3041224
3042245 3042449
3044010 3044062
3047832 3048335
3049232 3049464
3052210 3052485
3053897 3054459
3055144 3055507
3057988 3058673
3061138 3061965
3063753 3063917
3064766 3064887
3065570 3065998
3068015 3068235
3070339 3070609
3071794 3072384
3073041 3073105
3074531 3075139
3079737 3079807
3082431 3083580
3085399 3086058
3086683 3086828
3091413 3091537
3098631 3099518
3100507 3100659
3101594 3101732
3102819 3104010
3104673 3105714
3107110 3107205
3109057 3109259
3111029 3111336
3112002 3112502
3114843 3115850
3119344 3119400
3119982 3120702
3121902 3122538
3128374 3130812
3132143 3132383
3134692 3136190
3138419 3138848
3141432 3141661
3142246 3142599
3143570 3143773
3146095 3146355
3147109 3148047
3151366 3151579
3153907 3154105
3156340 3156594
3157565 3157856
3160328 3160622
3161894 3162177
3162821 3163645
3164224 3167315
3168248 3168480
3169062 3170780
3177969 3178504
3179250 3179710
3180267 3180385
3183918 3184211
3186617 3186893
3190171 3190328
3190936 3190996
3191821 3191945
3193661 3195425
3197552 3197757
3198301 3198416
3199299 3199700
3202229 3204730
3205973 3206256
3209739 3210160
3217992 3218266
3220543 3220801
3224585 3224657
3227387 3227815
3231783 3231970
3232774 3233018
3234994 3235244
3237357 3238185
3240798 3240907
3242105 3243389
3244487 3244650
3245801 3246163
3248306 3248862
3250428 3250572
3253845 3254469
3257408 3257750
3262625 3263742
3266347 3266660
3267162 3267509
3271634 3271707
3276100 3276971
3279426 3280417
3281066 3281233
3281800 3282364
3283939 3284166
3285705 3286602
3288602 3291322
3292051 3292440
3293867 3294146
3294700 3294767
3300032 3300224
3307504 3307706
3311657 3312359
3313457 3313594
3316798 3316972
3321097 3321470
3322058 3322404
3323565 3323704
3324329 3325499
3327697 3328405
3329019 3329210
3329768 3330547
3331546 3331621
3336985 3337188
3339305 3339847
3341180 3341429
3341933 3341989
3348437 3348951
3350151 3351134
3355526 3356217
3357762 3358039
3358732 3361179
3362042 3362187
3367586 3367818
3368730 3368798
3369444 3370155
3371576 3371770
3372285 3372394
3374084 3374396
3375102 3375709
3377035 3377631
3379219 3379574
3383747 3384575
3385364 3386081
3388657 3389684
3390646 3390794
3391382 3391632
3393964 3394222
3395966 3396305
3396815 3397696
3398320 3399165
3401325 3401465
3408702 3411006
3412400 3412511
3413092 3413164
3415642 3417300
3418278 3418818
3421770 3422213
3427905 3428197
3429337 3429454
3434450 3435874
3438643 3439289
3441406 3442019
3442585 3443152
3444902 3444980
3445543 3445691
3446297 3446512
3451816 3453105
3454683 3455320
3456650 3458071
3459495 3459762
3461046 3461975
3463598 3463802
3465384 3466035
3466952 3467229
3471977 3472073
3474200 3474679
3479199 3479354
3481135 3482538
3491818 3492256
3492821 3494074
3494968 3497878
3498860 3499042
3504574 3504892
3505920 3506008
3511560 3511690
3515513 3515626
3518208 3518525
3521023 3521237
3522128 3522736
3529257 3529843
3531620 3532346
3539914 3540933
3543755 3544199
3545299 3547349
3549214 3549608
3550285 3550512
3552562 3553040
3554654 3554934
3558831 3559423
3560759 3561225
3562738 3564369
3569492 3570304
3571143 3572240
3573126 3573469
3574915 3576071
3576747 3577344
3578358 3578449
3581699 3581839
3584001 3584189
3586352 3586531
3587220 3587735
3588286 3588368
3589343 3589647
3590248 3590774
3592692 3592756
3595293 3595349
3597578 3598705
3599432 3599777
3601186 3601821
3603120 3604137
3608014 3608577
3612900 3613474
3618352 3618643
3621350 3622088
3623929 3624130
3627083 3627629
3630039 3630179
3631624 3631794
3632914 3633098
3634058 3634405
3642876 3642969
3645899 3645975
3646925 3647898
3651004 3652084
3653413 3653641
3656733 3656992
3659474 3659691
3660961 3661079
3664458 3664844
3665555 3665651
3667138 3667402
3670003 3670445
3671217 3671507
3672145 3673146
3678412 3678613
3679310 3679640
3681615 3681858
3682565 3682967
3683658 3683927
3684564 3684866
3685550 3686230
3688191 3689243
3690567 3690734
3692174 3692865
3696103 3696650
3697665 3697770
3700344 3700689
3702139 3702787
3703484 3703670
3704276 3704599
3705404 3705975
3707853 3708105
3708960 3709151
3714701 3714962
3715468 3715734
3717524 3718562
3721430 3721733
3723970 3724253
3725792 3725955
3732142 3732644
3733683 3733906
3741498 3741783
3743065 3744336
3748875 3749541
3751767 3752784
3753435 3753546
3754711 3754955
3759753 3760086
3761848 3763191
3763903 3764137
3764668 3765054
3769517 3771336
3772115 3772246
3774998 3775316
3776319 3778216
3780068 3780801
3781846 3782227
3784550 3784742
3791939 3793389
3794489 3794938
3797147 3797198
3801166 3801267
3802177 3802311
3803488 3803723
3804500 3804845
3805580 3805802
3808811 3809128
3810627 3810741
3812265 3812883
3813773 3813931
3817035 3818100
3819279 3819631
3820602 3822799
3823592 3824205
3830677 3830749
3834666 3834882
3835865 3836592
3837443 3839225
3840959 3841297
3841956 3842090
3846735 3847267
3850501 3850618
3851215 3853011
3853749 3854159
3855805 3858657
3859321 3859714
3860368 3861178
3862763 3863867
3865861 3867168
3868448 3868513
3872340 3872612
3874481 3875133
3875869 3876141
3877602 3878156
3888220 3888301
3889252 3889431
3892621 3892831
3895024 3895289
3896808 3897113
3898273 3898568
3899584 3900065
3900594 3903855
3905131 3905377
3909888 3911099
3914360 3914583
3919332 3919572
3926025 3926166
3927688 3928947
3929465 3929972
3933016 3934320
3935289 3935515
3936485 3937445
3938441 3938728
3940336 3940759
3941387 3941687
3943824 3944041
3945627 3946342
3947042 3947396
3949534 3949972
3959565 3959805
3964970 3965974
3967865 3968941
3970160 3970274
3974617 3975328
3978767 3979087
3981207 3983158
3984233 3984514
3985834 3986829
3990296 3990497
3991271 3991494
3993211 3993315
3997952 3998202
3999757 4000534
4003213 4003517
4009262 4010396
4012363 4012650
4014953 4016406
4019350 4019644
4022616 4023934
4025474 4025863
4027352 4027812
4028987 4029302
4029894 4030110
4033100 4034495
4036615 4037056
4037921 4037983
4038993 4039725
4040283 4040741
4049875 4051459
4052163 4053473
4054406 4054810
4056086 4056550
4060494 4060866
4061490 4063656
4064447 4064981
4068094 4069680
4076305 4076701
4079593 4080567
4082850 4082943
4085365 4086117
4086706 4087821
4088624 4088863
4090887 4091270
4092134 4092623
4094593 4094948
4097101 4097666
4101390 4101505
4102444 4102586
4104977 4105796
4107234 4107764
4110373 4110615
4111676 4112166
4112815 4113002
4115084 4115641
4116772 4117029
4119312 4119873
4122255 4122780
4123968 4124294
4125048 4125174
4126892 4128032
4131355 4131615
4134508 4135013
4135625 4136222
4136845 4137142
4139030 4139559
4143615 4143717
4151373 4151477
4152130 4152452
4153478 4153783
4155369 4155859
4156875 4156946
4159415 4159543
4164927 4165247
4165771 4168234
4169601 4170162
4171238 4171534
4172473 4172665
4174094 4174458
4175481 4176922
4178353 4178829
4181405 4181692
4183209 4183711
4186284 4186437
4189900 4190389
4191025 4191110
4193003 4193926
4194606 4194861
4197920 4198997
4201206 4201934
4203102 4203302
4204076 4204732
4207504 4209718
4211057 4211901
4215092 4215380
4216419 4216604
4218595 4219086
4219614 4219756
4222464 4222762
4223597 4224196
4225765 4226517
4227174 4227237
4228855 4229134
4230882 4230942
4233059 4233396
4234807 4235754
4240978 4241700
4244088 4244550
4245438 4245931
4246896 4247300
4248156 4248445
4249408 4249561
4251339 4252156
4257235 4257689
4260183 4260346
4262206 4262491
4263265 4264708
4267834 4269364
4270062 4270174
4273253 4273692
4274380 4276215
4277081 4277202
4278097 4278409
4279592 4279820
4280578 4280859
4281380 4282306
4283236 4283478
4285329 4285432
4286239 4287317
4292559 4292913
4294129 4294539
4298894 4300282
4301414 4301712
4302304 4302828
4303537 4303866
4304370 4304488
4306274 4306391
4306899 4307548
4308512 4308840
4310791 4311573
4315310 4316779
4317652 4320754
4322369 4322726
4324586 4324831
4327542 4327774
4328400 4328723
4330180 4330435
4330982 4331196
4332227 4332797
4334151 4334560
4335102 4335341
4335877 4336261
4337548 4338025
4339971 4340024
4343891 4344074
4346948 4347196
4347827 4347979
4349758 4350081
4353214 4353444
4354611 4354847
4356385 4356503
4359773 4359856
4361954 4367484
4369868 4370054
4370732 4371334
4378195 4379536
4380663 4381693
4384219 4384457
4385080 4385361
4386654 4386829
4387741 4389408
4389944 4390533
4391684 4392405
4396133 4397186
4401466 4401527
4404622 4404840
4406956 4407435
4408365 4408484
4421461 4421519
4422626 4423167
4424453 4424787
4426623 4426997
4427934 4428054
4429376 4429784
4435788 4436075
4442370 4443141
4443698 4444969
4446303 4448465
4451150 4451418
4452370 4452561
4453280 4453442
4454637 4454929
4455850 4456032
4456685 4456841
4458128 4458666
4461202 4461304
4464626 4464957
4466018 4467210
4468693 4469085
4469786 4470060
4471074 4471361
4471946 4472472
4476530 4476972
4478032 4479303
4480643 4481277
4483907 4484349
4485108 4486025
4491005 4491157
4492094 4492209
4495279 4495490
4498249 4499069
4499996 4501631
4503594 4503983
4506249 4506470
4507429 4508059
4508588 4509533
4510233 4510503
4512622 4512797
4515082 4515583
4516637 4516861
4517441 4518154
4519032 4520931
4521929 4522032
4522634 4523648
4524686 4525137
4526640 4527174
4528800 4529144
4535993 4538073
4538657 4539050
4540015 4542467
4550493 4550687
4552524 4552995
4553729 4554081
4557209 4559087
4566341 4566526
4568046 4568239
4568850 4569233
4572917 4572977
4573745 4574692
4575455 4575766
4578082 4578284
4580115 4580244
4586708 4586838
4588056 4588246
4589591 4589644
4591055 4591106
4593367 4594107
4596026 4596843
4599495 4599621
4601045 4601260
4602083 4602680
4603225 4603376
4605533 4605772
4608229 4608756
4610398 4610922
4611630 4611929
4612630 4612748
4618114 4618593
4621397 4621738
4623843 4624031
4626251 4626997
4627870 4628637
4629677 4629761
4634624 4635239
4636143 4636822
4637933 4638072
4639197 4639424
4641520 4641652
Ecoli_0975_Taxon016_
1 240
3831 4282
7945 8289
10750 10862
14687 15373
15921 16124
16646 17218
19160 20079
21712 22331
29638 29832
31669 32140
32874 33226
36816 36992
37904 38232
44994 45671
49733 50215
52062 52122
52890 53218
54600 54911
57227 57429
59260 59389
65853 65983
67201 67391
68736 68789
70200 71313
72512 73252
78640 78766
80190 80706
81228 81825
82370 82521
84681 84917
87374 87901
89207 90036
90781 91031
91775 91893
98317 98741
101813 102192
104389 104753
105396 106142
108822 108906
110775 111690
116253 117043
120044 120105
123840 124544
125638 125740
128276 128814
130101 131249
132013 132305
133500 133662
134381 134572
135524 135792
138477 139392
143520 143695
144607 145097
152999 153204
155155 155881
156467 156794
157741 158267
158852 159139
160153 160427
161128 161520
164061 164793
165350 165568
166923 167009
167684 168163
169093 170282
183354 183895
185040 185515
187351 187725
188694 188782
190104 190729
196516 197672
198538 198670
199312 199646
203607 203869
204426 204579
205443 205724
206347 206585
209111 210141
211268 211507
213656 214430
219470 220072
220750 220936
223320 223769
224437 225914
226492 226545
227780 228334
230948 231031
234301 234419
237360 237590
239266 239823
242134 242977
246730 246913
250780 250833
252779 253256
254543 254927
255463 255702
258085 258373
259608 259822
260369 260624
262081 262404
263030 263429
264368 264779
265973 266218
266956 267028
268078 268435
269156 270554
271955 272349
274025 274619
275126 275494
278541 279622
281964 282292
284413 284530
286316 286434
289927 290422
291571 291910
297891 301426
303487 303757
305372 305475
306070 306564
307326 307568
308498 308712
309945 310226
310984 311212
312395 312707
313474 314489
315083 316424
318670 319324
320630 320742
321440 321559
322348 322970
323524 323827
326096 326658
333115 333569
336144 336715
338982 339310
341989 342648
343504 343908
344873 345366
346254 346716
349104 349805
353097 353604
355050 355997
357408 358530
359862 359922
361670 361949
363567 363630
364287 365039
366608 367207
368042 369005
369639 370127
371718 372209
374200 374385
375424 375712
378903 379747
382260 382868
387502 387702
391964 392176
395412 396198
396878 397136
399694 399779
407695 408485
409112 409399
411975 412226
416346 416710
418139 418331
419270 419566
421056 421203
424600 425033
429517 430648
431261 431389
433858 434274
437021 437326
438352 438674
439327 439431
444284 444594
447087 448397
449399 449743
451245 451890
452766 453015
453662 453959
454582 455179
459189 460136
461084 461258
462187 463912
464414 464529
470399 470571
471151 471269
473397 473639
474700 475190
475839 476026
478108 478665
479796 480053
482336 482897
485279 485804
486992 487318
488072 488198
499464 499998
501752 501907
510083 510455
512371 513644
514452 514573
518186 519269
520420 520493
522879 523207
525389 526290
529182 531064
532439 533098
534954 535706
536295 537410
538213 538452
541723 542212
544182 544537
545886 545995
546690 546904
550063 551260
553748 554015
555578 556209
557250 557704
560694 560910
561502 561817
562992 563452
564941 565330
567008 567153
568012 568188
575770 575851
576714 577038
578154 578441
579968 580319
580914 581542
583934 584704
585220 586355
587287 587591
590270 590523
591971 592064
592602 592687
594258 594381
595245 596618
597270 598140
598937 599262
600161 601172
602395 603862
607123 607346
608155 608492
611704 612335
613912 615483
618788 618929
620451 621007
622228 622735
623303 623936
627878 628278
629248 630208
631204 631491
634150 634843
636587 636804
638871 639105
639805 640159
641590 641766
644015 644290
648482 648878
650027 650963
652328 652568
655910 656352
657733 658737
661408 661704
662923 663037
663815 663911
666196 666861
671532 671787
673080 673870
674980 675921
676996 677277
678597 678763
679692 681777
683059 683260
684034 684257
684815 685429
685974 686078
691747 691984
693569 694165
696135 696581
697326 698032
698582 698881
700588 700998
702639 703532
704129 704246
712657 712791
713453 713788
715522 716082
716754 717304
718006 718798
720594 720659
722105 724758
726627 728287
729748 730302
733507 733817
734462 734677
735693 735988
737148 737453
738972 739237
740096 740763
741430 741640
742548 743375
744830 745009
746807 747338
748141 748393
751839 752211
752740 753502
754212 754939
755922 756138
760055 760127
761398 761502
766599 767212
771173 771525
773301 773769
776873 777031
777921 778539
780063 780177
781873 781993
782717 782818
783728 783862
786051 786396
787131 787353
792274 792819
793606 793657
795866 796806
798355 798865
802530 803055
806062 806254
807014 807357
810003 810736
811935 812077
813364 815806
823548 825061
825750 826136
826667 826901
827613 827728
830949 831051
835849 836093
837258 837369
838020 839588
841263 841929
846468 847739
848337 849306
858426 858662
864351 865012
866551 866834
868185 869374
870027 873280
875070 875336
875842 876791
881653 881844
882699 882951
885253 885400
887134 887320
888017 888527
890115 891126
893034 893139
898509 899159
900070 900237
901561 901813
904574 904801
906954 907146
908946 909189
911164 912392
919297 919587
920359 920801
921953 922225
923402 923666
925153 925249
925853 926346
929725 929843
931113 931330
931938 932274
933812 934071
936318 936546
937977 938051
939617 939800
943594 943879
944829 944905
949609 950085
954958 955342
957706 957890
959010 959180
960625 960765
963175 963721
964735 965076
966674 966875
967944 968836
972161 972452
973503 973599
975312 975437
976644 977904
982227 982790
986667 987684
991027 991372
993056 993226
995455 995511
996191 996519
998048 998112
1000030 1000768
1001817 1001996
1003751 1003833
1004808 1005112
1006615 1006803
1010109 1010257
1012355 1012446
1018564 1019661
1020500 1020966
1026435 1026932
1027433 1027728
1028570 1028732
1029579 1030045
1031381 1031973
1033986 1034155
1035870 1036150
1037764 1038242
1040292 1040519
1041196 1041618
1044135 1045505
1046775 1047049
1049871 1050890
1053901 1054793
1056421 1057781
1060961 1062325
1068068 1068676
1069567 1069781
1072279 1072596
1073115 1073904
1075178 1075291
1079114 1079244
1080141 1080384
1084796 1084884
1085912 1086230
1089124 1089173
1090540 1090864
1092926 1093068
1094398 1095836
1097711 1097983
1101055 1101388
1102499 1103524
1113483 1113638
1114547 1115548
1116125 1116604
1118731 1118827
1123575 1123852
1124769 1125420
1127002 1127206
1129258 1129758
1131042 1131309
1132733 1133241
1135484 1136121
1137699 1137990
1138535 1138988
1144292 1144507
1145113 1145261
1145824 1145902
1147099 1149398
1151515 1152161
1152816 1152964
1153745 1154220
1162607 1162899
1168591 1169034
1170320 1170933
1171986 1172526
1174270 1175162
1184478 1184775
1186973 1187248
1189044 1189823
1190822 1191133
1191717 1192029
1196261 1197238
1198581 1199123
1200456 1200705
1204011 1204475
1207713 1208227
1209427 1210410
1212698 1213144
1214802 1215493
1217038 1217315
1218008 1218524
1219153 1219309
1223394 1224071
1226996 1229330
1232813 1232867
1233503 1233858
1235201 1236042
1237368 1237975
1238681 1239419
1241307 1241501
1242071 1242239
1244279 1244347
1245259 1245491
1249922 1250070
1250658 1250908
1252360 1252542
1253240 1253498
1254760 1255142
1259294 1259434
1261594 1262439
1265126 1265577
1267978 1270791
1271676 1271787
1272368 1272440
1275946 1276293
1276817 1277018
1284884 1285755
1289530 1290070
1290837 1291000
1292151 1293227
1294115 1294906
1296778 1296922
1300195 1300819
1305966 1307273
1312262 1313144
1314776 1314913
1316011 1316308
1319793 1320866
1325031 1325183
1325996 1326084
1328146 1328338
1334224 1334503
1335069 1335151
1335930 1336319
1338060 1338362
1339411 1339768
1340454 1342665
1344204 1344431
1346006 1346570
1347137 1347304
1348499 1348699
1349897 1350511
1354363 1354697
1355560 1355810
1357786 1359612
1360792 1361235
1362989 1363417
1368213 1368605
1370003 1370261
1372538 1372812
1377280 1377815
1378561 1379021
1379578 1379696
1383229 1384152
1385928 1386204
1387102 1387681
1389482 1389639
1390247 1390307
1391183 1391740
1392596 1393496
1394285 1394966
1397075 1397240
1397755 1398785
1399769 1400404
1401053 1401168
1401712 1401917
1404888 1404963
1407524 1407648
1409050 1409471
1412750 1413223
1415710 1416307
1418379 1418804
1420024 1420158
1420875 1421185
1421842 1422136
1422779 1422835
1423417 1424137
1425337 1425973
1428234 1428735
1432778 1434245
1435578 1435818
1438969 1439625
1442810 1443251
1444252 1445096
1447005 1447208
1449530 1449790
1451208 1451482
1454801 1455014
1457342 1457540
1458371 1458946
1461000 1461291
1463763 1464057
1465329 1465612
1466256 1467080
1467659 1467722
1468246 1468426
1469141 1470914
1471683 1471915
1473775 1473961
1477852 1478802
1479468 1480418
1481545 1482419
1483599 1483694
1485160 1485460
1486231 1486694
1488085 1488430
1490145 1490297
1491286 1492173
1496330 1496886
1502120 1502553
1503976 1504121
1507224 1507774
1510997 1511067
1512306 1513118
1518420 1519442
1520195 1520465
1521643 1521872
1522569 1522789
1523827 1524276
1524806 1525234
1525917 1526038
1526887 1527051
1529408 1530357
1535166 1535227
1538119 1538189
1540690 1541007
1542729 1542920
1543537 1543692
1544270 1544707
1546890 1547442
1553678 1556460
1557648 1558905
1559802 1560305
1564075 1564127
1565688 1565892
1566908 1567017
1567523 1567760
1570455 1570583
1576602 1576749
1578394 1579222
1581877 1582076
1583349 1583699
1584528 1584840
1586306 1586830
1588044 1588882
1597762 1598669
1602084 1602222
1603786 1604065
1605052 1605205
1607081 1607288
1607846 1608321
1609013 1609253
1612852 1613245
1613827 1614124
1614949 1615086
1616816 1617804
1619336 1619703
1622436 1622935
1624615 1625023
1625879 1626407
1628360 1628589
1629869 1630248
1631092 1631225
1632602 1633620
1637167 1637366
1638546 1638955
1640965 1642203
1642744 1643199
1644063 1644418
1647930 1648138
1656663 1657022
1657616 1658145
1659133 1659241
1663633 1663726
1664422 1664696
1666162 1666535
1668116 1668508
1674813 1675810
1676641 1676697
1677541 1677726
1680041 1680622
1682038 1682338
1683747 1683871
1684392 1684868
1687095 1687420
1688235 1688492
1691786 1692050
1692780 1693298
1694074 1694548
1698743 1698803
1699383 1699518
1700457 1700631
1707724 1707881
1708449 1709227
1710466 1710589
1714437 1714753
1716118 1716183
1716758 1717428
1720138 1720664
1722855 1723531
1724897 1726291
1728751 1729145
1732537 1732995
1733523 1734085
1737465 1738547
1740035 1742089
1744817 1744967
1745927 1746094
1747381 1748005
1748723 1750466
1751467 1751684
1754462 1754645
1755497 1755698
1760686 1760867
1761540 1762331
1766799 1767647
1772195 1772302
1774033 1774981
1775675 1776073
1776764 1777854
1780206 1780813
1782960 1783149
1785697 1785758
1790556 1791138
1797026 1797290
1799048 1799303
1801289 1801576
1803958 1805410
1807320 1807614
1810838 1811276
1812324 1812448
1821127 1821527
1822510 1823300
1825913 1828311
1829230 1829460
1830230 1832988
1835277 1836572
1838024 1838312
1840801 1841373
1841957 1842196
1844299 1844655
1846215 1846411
1850454 1851085
1851869 1852542
1853631 1854930
1860472 1861147
1862117 1862194
1863032 1864080
1866535 1867028
1869558 1869718
1871588 1872495
1873694 1873771
1874726 1874827
1876622 1876748
1880641 1881301
1881910 1881986
1882874 1882927
1883733 1884392
1889811 1890086
1891625 1892165
1893554 1894421
1895004 1895503
1896785 1897076
1899497 1899793
1901531 1901660
1903903 1904795
1906774 1908023
1908679 1908929
1910357 1911010
1912613 1913269
1918290 1918613
1922540 1922761
1924756 1925174
1926474 1927654
1928698 1928775
1931357 1932232
1934261 1934691
1938005 1938182
1939874 1940070
1940666 1940784
1944109 1944982
1948839 1949473
1957980 1958337
1959507 1960043
1962713 1963380
1964988 1965284
1966592 1966780
1971348 1971666
1974761 1975413
1978919 1978970
1980685 1981216
1982471 1982675
1985169 1985442
1986538 1987876
1988870 1988953
1989896 1990314
1994437 1994705
1996321 1996923
1998308 1999018
2004075 2004682
2007579 2007679
2009089 2009278
2010118 2010845
2013625 2014157
2016702 2016753
2020272 2020355
2022295 2022441
2024159 2024405
2025152 2025283
2029610 2029785
2032531 2032616
2033887 2034420
2036993 2037102
2037696 2037932
2040622 2040866
2043439 2043639
2044476 2044719
2046885 2047687
2048667 2048853
2050989 2052839
2055164 2055310
2059570 2059926
2061423 2062066
2062649 2062721
2063834 2064133
2065516 2065652
2066890 2067203
2068607 2068734
2069466 2070392
2071099 2071871
2073262 2073460
2076720 2077223
2080266 2080402
2081457 2082294
2084094 2084403
2086702 2087239
2088442 2088613
2091157 2091278
2091925 2092084
2097680 2098114
2103363 2103672
2104314 2105467
2109046 2109194
2110862 2111143
2112739 2113035
2113670 2114222
2115429 2115661
2117086 2117300
2118875 2119226
2119811 2120100
2121267 2121618
2122335 2122451
2123018 2123281
2124028 2124129
2128243 2128564
2132360 2132680
2133775 2133992
2134657 2134774
2141350 2141489
2143972 2144640
2145832 2146717
2147764 2148962
2152038 2152277
2155805 2156698
2158751 2159019
2159838 2161937
2164399 2165171
2166421 2166991
2168131 2168527
2171440 2172174
2172932 2173615
2174470 2174652
2175764 2175917
2182444 2183217
2185421 2185847
2189548 2190309
2194880 2195290
2197863 2198042
2199361 2199717
2207935 2208200
2210490 2210668
2213740 2214049
2217142 2217938
2218778 2219060
2222541 2222774
2225319 2225385
2225951 2226287
2229413 2229801
2236274 2236439
2237465 2237772
2240229 2241221
2244251 2244492
2245161 2245359
2246833 2247081
2249579 2249968
2252152 2252398
2252991 2253391
2254252 2254660
2255231 2255466
2260820 2262841
2263817 2264547
2265269 2265625
2267210 2267801
2268408 2268572
2274606 2274873
2277054 2278674
2280983 2281545
2286747 2287021
2287902 2288044
2289293 2289683
2290318 2290823
2296868 2297212
2297715 2297990
2304973 2305606
2307441 2307724
2308295 2308491
2311899 2312149
2320797 2321598
2322400 2322752
2323955 2324306
2325888 2326373
2329553 2329794
2331939 2332055
2336220 2336513
2339484 2339541
2342891 2343087
2343980 2344198
2345193 2346406
2347144 2347259
2351521 2351671
2355788 2356354
2359118 2359307
2363986 2364225
2367096 2367202
2382704 2383356
2385174 2385271
2387849 2388006
2388587 2388922
2391221 2391497
2396707 2397200
2397874 2398137
2400074 2400301
2402907 2403275
2403814 2403988
2405768 2405933
2406739 2407306
2409523 2409618
2411268 2411528
2412058 2412296
2414626 2414717
2415866 2416019
2418872 2419151
2421270 2421418
2422156 2422378
2424931 2424997
2427173 2427420
2428395 2429924
2433676 2433960
2435242 2435767
2437115 2438134
2439071 2439205
2442226 2442563
2443942 2445359
2448207 2448285
2451866 2452005
2456415 2458766
2460101 2460267
2462149 2462266
2464722 2465587
2466672 2466852
2469129 2469357
2470857 2471183
2471959 2472211
2473426 2473822
2476084 2477121
2478636 2479425
2480202 2482234
2485758 2485981
2489912 2490139
2492038 2492331
2492910 2492969
2495466 2495736
2498701 2499866
2501407 2501925
2504322 2504786
2505833 2507179
2507741 2507800
2509528 2510127
2514371 2514631
2518485 2518592
2519288 2520110
2523905 2524058
2524919 2525748
2526629 2526726
2527917 2528169
2530033 2530494
2533017 2533597
2534668 2534896
2536749 2537332
2538091 2539223
2539951 2540703
2549953 2550194
2550802 2551817
2553277 2554160
2556588 2557438
2557990 2558515
2563587 2564591
2569202 2569377
2571255 2572154
2572816 2573860
2583750 2584733
2586331 2587831
2590663 2591710
2592743 2592934
2593884 2594516
2596557 2597176
2598175 2598327
2600344 2600632
2605738 2605802
2606905 2607350
2608351 2608648
2610675 2610844
2611478 2611739
2614938 2615168
2615836 2616354
2617560 2617834
2618925 2619258
2620271 2620559
2621173 2621452
2628683 2629907
2630674 2630733
2632020 2632278
2633394 2633447
2640512 2641864
2643554 2644170
2645029 2645243
2645798 2646020
2646884 2647004
2647588 2647747
2649371 2649623
2650234 2650510
2651377 2651749
2652466 2653285
2655144 2655752
2658324 2658834
2662219 2662444
2663775 2664071
2667507 2667637
2668481 2669133
2670829 2671839
2672471 2673036
2673608 2674096
2675114 2675191
2675899 2676117
2683988 2684453
2685002 2685488
2686793 2686891
2688084 2688204
2688868 2689953
2692110 2692687
2696718 2696998
2697698 2697937
2698802 2698867
2700146 2700663
2701734 2702147
2703390 2703534
2704544 2705823
2708408 2709064
2710674 2711422
2712034 2712415
2714911 2715337
2720516 2720595
2725548 2725903
2730529 2730959
2735949 2736059
2739602 2739697
2741134 2742107
2745056 2745300
2747323 2747994
2749055 2750651
2751767 2751919
2753265 2753481
2754574 2754884
2755659 2755905
2756646 2757178
2757850 2758106
2758765 2759212
2759961 2760155
2761282 2761518
2762276 2762609
2765556 2765893
2768260 2768707
2769398 2770403
2771562 2771921
2777276 2777977
2778703 2778974
2779797 2780016
2783053 2783205
2783714 2783826
2784398 2784848
2787263 2787333
2787976 2788061
2790363 2790699
2793969 2794411
2795030 2796511
2797861 2798069
2799718 2800085
2801103 2801241
2804464 2804551
2807030 2807397
2810866 2811093
2816060 2816435
2819797 2820015
2823677 2823806
2824611 2824822
2825396 2825678
2828353 2828495
2829073 2829143
2829817 2830429
2832269 2832396
2834789 2835009
2836272 2836629
2838565 2838672
2839467 2840085
2840709 2841069
2841995 2842129
2846006 2846424
2854067 2854166
2857029 2857345
2859080 2859814
2864275 2866721
2869170 2870204
2871586 2871884
2872801 2873357
2874283 2874379
2876283 2877127
2878682 2878952
2880622 2880914
2881684 2881874
2883233 2883376
2887830 2888822
2890459 2890542
2892667 2893234
2893951 2894034
2895488 2895752
2903470 2903612
2905942 2906287
2907122 2907410
2910429 2910519
2913301 2913428
2914528 2914812
2916874 2917035
2918343 2918551
2919857 2920211
2922175 2922382
2923462 2923546
2928186 2928416
2929695 2930350
2931504 2931569
2935129 2937391
2938626 2938757
2939298 2939645
2943330 2943958
2947224 2947730
2951590 2952441
2955875 2956331
2956860 2957211
2959523 2960087
2960603 2961115
2963466 2963715
2964262 2965225
2967660 2967820
2971016 2973167
2973822 2974120
2974683 2974861
2975560 2975860
2980327 2980702
2981261 2981438
2983088 2983244
2985134 2986045
2986944 2987553
2993305 2993759
2995052 2995238
2995824 2996676
3000720 3001262
3002351 3002427
3004191 3004428
3005256 3005386
3007010 3007245
3007761 3008031
3013570 3013856
3014459 3014759
3016013 3016250
3017997 3018465
3020744 3021238
3023753 3024677
3026556 3027379
3029386 3029774
3035239 3035744
3039323 3040037
3041702 3041800
3043126 3043365
3045486 3045722
3048191 3050332
3053094 3053412
3060411 3060647
3062330 3064135
3065954 3066140
3071822 3072235
3073604 3074114
3074877 3076009
3078392 3079854
3080875 3081469
3082902 3083291
3083964 3084055
3087716 3088117
3089324 3089647
3090290 3090500
3091231 3092162
3096676 3096776
3102146 3102280
3104959 3105241
3106651 3106890
3107705 3108027
3109260 3109567
3110207 3110634
3111194 3111494
3113257 3113564
3115286 3115417
3117203 3117500
3118273 3118466
3122919 3123125
3127372 3128156
3130443 3130686
3135121 3135809
3136386 3136804
3139724 3140795
3141589 3142060
3144581 3144663
3146676 3146744
3149406 3149821
3154219 3154382
3154974 3155452
3156067 3156334
3157507 3157776
3159705 3159962
3161127 3161350
3164363 3165085
3166371 3166504
3170374 3170638
3178133 3179035
3180116 3180331
3181122 3181982
3182752 3183318
3183825 3184841
3186243 3186514
3187399 3187635
3188304 3188646
3190998 3191410
3192188 3192430
3194578 3194789
3195912 3196193
3196834 3198073
3198687 3198948
3203091 3203435
3206458 3206583
3210022 3211089
3211995 3212123
3214567 3214892
3219999 3220766
3222764 3222995
3229164 3229869
3231214 3231645
3232333 3232463
3233692 3233815
3234670 3234729
3242201 3242746
3244922 3245071
3250877 3251285
3253190 3253613
3254123 3254975
3255526 3255714
3256526 3257018
3258081 3258148
3259128 3259328
3259989 3261104
3261720 3261810
3264474 3264734
3265753 3266536
3268264 3268386
3269095 3269425
3273125 3273482
3274276 3274325
3277425 3277692
3280033 3280282
3281138 3281302
3282177 3282708
3283502 3283594
3287982 3288464
3292439 3293800
3295451 3295873
3297362 3297934
3298474 3298600
3306594 3307414
3310898 3311723
3312367 3312962
3315713 3315830
3317159 3317756
3319492 3319634
3320329 3320577
3321970 3323235
3323740 3323803
3325317 3325794
3327809 3328817
3329906 3330614
3331932 3332026
3332529 3332745
3335752 3335985
3337383 3337565
3338440 3338530
3340626 3341180
3342991 3343062
3345987 3347028
3350117 3350335
3351405 3351814
3352904 3352978
3355995 3356441
3361826 3362119
3366093 3366813
3368235 3368497
3370798 3371303
3371983 3372267
3374262 3374438
3376909 3377991
3380252 3382222
3383042 3383187
3383961 3384606
3387816 3387946
3390673 3391299
3391900 3392110
3393562 3394554
3396730 3396971
3404348 3404440
3408025 3409053
3418701 3419772
3421639 3422476
3423157 3423987
3424791 3424950
3425481 3425657
3426700 3427452
3432498 3432569
3434754 3434908
3436833 3436891
3438158 3438767
3442088 3442238
3443686 3444313
3445567 3445808
3448749 3448893
3452261 3452625
3453176 3453556
3455867 3456511
3460258 3460498
3462068 3462157
3463468 3463654
3465500 3465948
3467410 3467542
3469483 3469982
3470807 3471754
3474932 3475426
3477570 3478217
3479675 3479877
3480868 3481456
3482017 3482634
3484409 3484690
3489947 3490069
3491229 3491671
3492679 3492788
3496589 3497115
3497658 3498185
3499036 3499230
3501321 3501714
3502426 3502782
3503803 3504186
3506859 3506938
3509126 3509523
3510190 3510319
3512510 3512717
3517036 3517185
3518063 3518188
3518689 3519289
3520230 3520362
3521530 3521745
3527390 3527812
3533876 3534098
3539692 3541367
3543938 3544980
3546658 3547083
3547626 3548003
3548975 3549963
3551497 3552274
3553427 3554434
3555691 3555887
3561505 3561583
3562896 3563032
3563575 3563846
3565371 3565441
3566004 3566108
3569803 3569950
3574402 3575385
3576154 3576403
3581082 3581515
3583586 3584343
3585072 3585720
3588876 3589428
3593053 3593438
3594265 3594413
3597201 3598048
3600529 3600690
3604469 3604593
3607820 3608614
3610169 3610257
3611213 3612061
3613283 3613715
3614611 3615220
3615799 3616019
3616687 3616847
3618130 3618452
3619650 3621088
3621868 3622524
3624674 3624733
3625426 3625626
3626395 3626530
3627559 3627810
3628458 3629114
3630207 3630483
3632224 3632480
3633120 3633214
3633963 3634996
3635938 3636243
3641229 3641624
3643234 3643468
3646505 3648348
3649056 3649254
3650390 3651078
3651580 3651808
3655445 3655719
3659997 3660227
3660831 3661416
3662140 3662418
3666596 3667090
3670753 3670928
3675789 3676269
3677009 3677430
3685071 3685662
3686939 3687473
3688795 3689697
3690430 3690579
3692357 3692624
3693129 3693300
3694023 3694963
3695485 3696176
3697958 3698594
3700793 3701247
3706111 3706267
3710547 3711088
3715480 3715655
3717522 3717921
3718426 3718542
3719377 3719667
3722174 3722619
3727094 3727525
3735137 3735633
3738304 3738787
3739783 3740811
3742194 3742872
3750280 3750719
3751819 3752190
3753006 3754066
3755876 3756018
3757904 3758476
3759717 3759804
3760903 3761502
3762789 3762946
3764531 3764748
3766636 3766833
3768819 3769432
3771087 3771335
3772753 3773664
3775668 3775997
3776969 3777380
3784418 3785496
3786122 3786388
3787346 3788007
3789812 3790048
3791010 3791841
3792465 3792679
3801552 3802447
3809002 3809468
3816086 3816234
3817678 3817963
3820416 3820482
3821802 3822071
3828283 3829454
3831136 3831505
3832321 3832784
3833920 3834328
3835831 3835933
3838560 3838633
3839377 3839784
3844879 3846219
3848925 3849051
3850227 3850621
3852412 3852688
3856327 3856415
3857917 3858185
3859747 3860737
3863789 3864021
3864619 3865054
3869029 3869516
3870460 3870708
3875026 3875405
3875921 3876333
3877668 3877749
3880213 3880528
3882488 3882599
3883473 3883682
3888324 3888592
3893954 3894146
3894838 3895046
3896273 3896656
3898321 3898688
3899705 3900186
3900741 3901557
3905070 3905531
3906856 3907385
3915578 3915687
3916315 3916559
3919967 3920303
3924472 3924616
3925536 3926096
3927437 3927670
3928194 3928452
3929989 3930691
3934431 3935384
3935958 3936254
3937512 3939971
3942695 3943601
3944222 3944841
3946067 3946331
3947160 3947293
3949490 3949793
3950425 3950682
3954330 3954682
3960107 3960291
3961755 3961981
3963140 3963938
3966738 3966944
3968196 3968559
3972630 3972927
3974572 3974623
3977312 3977449
3978215 3979778
3982030 3982841
3983736 3983974
3986763 3986914
3988806 3989315
3990599 3991167
3992640 3993788
3999428 3999698
4000492 4000652
4001208 4001393
4002307 4002673
4006893 4007093
4008241 4008319
4011606 4011669
4015434 4016184
4019350 4019528
4024109 4024203
4025005 4026005
4026685 4027177
4028253 4028442
4030496 4031447
4037818 4038337
4040410 4041158
4041878 4041971
4042566 4042657
4043740 4044007
4048912 4048974
4054404 4055018
4057829 4057968
4059774 4060213
4061276 4061397
4062750 4062952
4065403 4065558
4066657 4066956
4069202 4069567
4072511 4073829
4075282 4075593
4080627 4080842
4082018 4082085
4082699 4083187
4084358 4084620
4086797 4086943
4087473 4087825
4089588 4090299
4090813 4091700
4094052 4094199
4096433 4097121
4099358 4099508
4102019 4102150
4105020 4105543
4107055 4107598
4108495 4108783
4110921 4111094
4112260 4113497
4114152 4115230
4115998 4116735
4121403 4121572
4122089 4124261
4127228 4127365
4130149 4130863
4132517 4132869
4134343 4135078
4136010 4136137
4136842 4137005
4139700 4140404
4145201 4145595
4148532 4149654
4152365 4154047
4155370 4155587
4160732 4161343
4161933 4165711
4169752 4169929
4172737 4173175
4174248 4174854
4175385 4175755
4176642 4177975
4178758 4178932
4179983 4180245
4181519 4181608
4182301 4182464
4184555 4185243
4187072 4187141
4187879 4188300
4189292 4189531
4190768 4191366
4191867 4192233
4193158 4194011
4195087 4195223
4201386 4201863
4204746 4205041
4209237 4209523
4211932 4212093
4217794 4218019
4224105 4224701
4226172 4226352
4228071 4228139
4229681 4229898
4234152 4234978
4240053 4240889
4241860 4242487
4245879 4246035
4251367 4251588
4254228 4254425
4257613 4257763
4258403 4258620
4259714 4260061
4260805 4261532
4264457 4264754
4265609 4266200
4268390 4269943
4279990 4280260
4282076 4282127
4284103 4284422
4286169 4286434
4290649 4291093
4291794 4291934
4293543 4293793
4295030 4295273
4295953 4296023
4297290 4297628
4298759 4299044
4302160 4302735
4303963 4304153
4305396 4305757
4306274 4306336
4307703 4308531
4311817 4312015
4315246 4315908
4317816 4318070
4319346 4319569
4321217 4321556
4323094 4323444
4331315 4331711
4332925 4333359
4343912 4344140
4347905 4348463
4349796 4349993
4350621 4350956
4351930 4352595
4353189 4353436
4354211 4355034
4356614 4357057
4360460 4361124
4361720 4362007
4363392 4363952
4364901 4365002
4373559 4373929
4376111 4376594
4378838 4379072
4380729 4381249
4382132 4382376
4386916 4387498
4389110 4390091
4390805 4391130
4392556 4392695
4394705 4394837
4395430 4395595
4396998 4397532
4398050 4398161
4401200 4401272
4403852 4404529
4405259 4405899
4408488 4409290
4409973 4410141
4413533 4413800
4414304 4414374
4417992 4418196
4419424 4419774
4420350 4420636
4421653 4421880
4422627 4423463
4425209 4425491
4429532 4430056
4436615 4437073
4437898 4438013
4442127 4442176
4443890 4444414
4445385 4445541
4448071 4448284
4452760 4453000
4453837 4454145
4457457 4457703
4458692 4458988
4459492 4459786
4460492 4460909
4463183 4463404
4464111 4464910
4467168 4467355
4468998 4469182
4469684 4469918
4473737 4474245
4475504 4475571
4476165 4476809
4477418 4477619
4479349 4479691
4484134 4484437
4487192 4487750
4492569 4492703
4494922 4495055
4497500 4497654
4499860 4500136
4502574 4502646
4503696 4503852
4504737 4504857
4508171 4508692
4510567 4512320
4513179 4513477
4514551 4515625
4518201 4518819
4519665 4520747
4528115 4528263
4531156 4531374
4534127 4534898
4536152 4537050
4537719 4537898
4540584 4541818
4544462 4545195
4551659 4552720
4553537 4553820
4555145 4555392
4558690 4559161
4564039 4564138
4564856 4565299
4566037 4566135
4573285 4573355
4581119 4581930
4582584 4583376
4586101 4586640
4587213 4587506
4588742 4588863
4589627 4589730
4592349 4592627
4593505 4594218
4594795 4595022
4596076 4596577
4598862 4599037
4600200 4600286
4601156 4601426
4602126 4602376
4603600 4604230
4605189 4605410
4606248 4606649
4607676 4608065
4612590 4613410
4614554 4615655
4616169 4616380
4619450 4619565
4620502 4620654
4625288 4626256
4627310 4627752
4628860 4628923
4630382 4631016
4634687 4635129
4636460 4637281
4637933 4638072
4639197 4639424
4641520 4641652
