Ecoli_0985_Taxon018_
15442 18585
19851 48823
80171 80405
85328 91167
114241 135390
150716 178782
204851 229141
237071 240231
252842 271669
274027 279875
290496 304731
315284 316428
336272 338116
348875 382488
389709 389937
391763 392908
398179 461173
489514 526665
539028 547219
566835 567980
574663 611809
639160 713383
717394 720728
734272 751319
770874 799424
803314 804389
811921 905791
921079 935321
936057 936846
1010018 1041096
1049883 1137374
1149498 1149743
1200525 1236928
1273598 1278222
1304712 1304785
1306652 1307185
1311070 1384350
1385650 1387927
1426369 1436076
1468104 1470424
1485715 1485956
1510540 1571780
1578090 1593760
1600545 1609763
1618988 1622009
1631397 1651446
1722060 1727228
1727740 1738741
1761845 1803211
1803728 1805342
1815966 1849849
1856034 1857576
1912425 1919811
1978718 1992581
2000582 2009916
2025383 2029915
2049339 2064139
2066231 2078275
2116439 2116726
2119354 2146683
2171284 2310024
2339086 2362491
2412003 2412091
2417661 2443614
2479686 2511518
2514328 2515724
2521252 2550312
2562956 2683777
2697054 2702365
2736800 2793418
2794094 2798822
2817783 2818196
2919916 2938409
2950150 2965916
2990965 2993137
2996463 3016584
3056461 3059653
3064115 3069758
3137424 3168670
3186151 3187324
3214817 3215048
3219327 3219551
3238443 3251377
3274693 3309050
3321177 3326135
3365628 3366641
3423314 3448317
3455402 3457170
3479544 3509309
3511180 3511441
3524812 3559475
3568255 3622781
3652360 3653121
3666260 3765832
3879060 3881023
3895247 3903271
3941503 3946771
3950737 3955096
4013942 4085001
4112330 4117764
4122045 4187410
4188808 4200500
4208056 4213111
4262872 4315729
4373030 4384550
4394950 4427140
4444599 4464132
4473270 4473637
4488973 4491632
4503107 4515668
4520205 4520450
4524954 4537273
4558736 4563333
4570564 4589352
4629074 4629320
4637220 4641652
