e_coli_k12_gi_556503834_ref_NC_
1 4220
5043 7242
8018 41348
42277 55035
55548 63334
64180 83402
84034 87751
88285 96999
98003 111875
112394 119502
120136 131158
131866 150002
150560 162260
162877 166577
167088 184087
184731 187484
188393 188944
189511 196008
196572 206505
207113 209481
209996 216400
217108 244244
244513 244609
244834 270398
271762 283578
284441 311833
312441 318491
319228 364529
365081 366553
367075 407032
407597 426763
427266 450601
451155 454285
454869 475342
476062 496003
496509 512732
513757 520632
521165 531402
532049 553766
554273 573886
574423 575802
575935 579233
579890 599794
600338 603527
603754 603846
604354 608043
609450 616776
617577 633289
633835 664356
664912 691961
692484 718697
719198 726078
726686 736804
737961 776073
776793 802932
803459 808203
808856 830943
831464 838552
839071 859796
860419 874202
874727 883778
884558 891596
892181 916550
917125 927508
928074 930582
931177 948709
949217 953179
953733 979916
980141 980220
980428 982048
982695 984532
985328 986091
986294 999888
1000429 1003557
1004271 1036719
1037370 1042017
1043187 1049653
1049777 1076402
1077000 1121426
1122141 1123905
1124559 1127967
1128568 1145226
1145919 1170938
1172212 1174265
1174865 1177100
1177604 1184537
1185267 1196208
1196682 1196876
1197625 1199154
1199805 1202598
1203195 1205309
1205857 1208399
1209048 1211303
1211413 1211836
1212435 1228916
1229488 1234794
1235330 1238225
1238797 1241636
1242137 1247440
1247951 1251784
1252016 1252119
1252372 1259888
1260561 1263583
1264494 1306190
1306698 1314265
1314975 1321697
1322233 1328087
1328701 1338877
1339388 1348586
1349124 1362182
1362886 1368713
1369239 1379936
1380482 1385632
1386365 1418119
1418671 1419332
1420093 1431226
1432227 1440777
1441336 1442745
1443424 1479961
1480795 1523663
1524426 1540977
1541558 1548203
1548722 1562944
1563973 1568245
1569021 1571160
1571833 1587354
1588096 1592594
1593098 1605653
1606366 1606534
1607598 1612554
1613357 1622384
1622596 1622663
1623298 1634274
1634919 1651929
1652461 1665069
1665670 1681540
1682282 1722300
1723116 1734321
1734878 1742223
1742763 1761445
1762164 1764272
1765043 1765428
1766145 1767696
1768361 1789723
1790462 1791269
1792025 1804453
1805121 1813311
1813797 1813890
1814100 1824354
1824833 1824901
1825434 1836776
1837609 1849003
1849548 1854087
1854643 1861348
1861866 1871807
1872497 1878621
1879152 1879633
1880247 1903418
1904347 1906111
1906627 1920398
1920928 1934622
1935148 1937316
1937839 1940290
1940965 1941806
1942520 1946552
1947083 1958412
1959339 1959967
1961021 1978063
1979272 1992581
1993182 2033622
2034360 2062415
2062941 2065722
2067358 2068940
2070440 2090271
2090882 2091298
2092027 2115069
2115697 2122824
2123361 2133845
2134375 2142602
2143108 2145828
2146482 2159834
2160387 2170087
2171429 2187923
2188750 2261664
2262472 2264638
2265339 2269931
2270693 2271682
2272837 2278987
2279281 2279367
2279575 2284678
2285518 2309560
2310083 2320374
2321036 2351590
2352228 2354406
2355236 2361071
2361763 2372584
2373269 2387614
2388169 2411889
2412446 2423387
2423909 2428544
2429209 2434799
2435460 2447965
2448514 2454619
2455162 2474477
2475409 2483177
2483869 2495253
2495856 2513280
2513881 2518733
2519369 2531933
2532483 2532655
2533323 2542680
2543213 2588673
2589498 2613440
2614408 2636682
2637316 2638872
2639494 2639745
2640260 2700578
2701368 2705681
2706480 2714353
2715116 2745305
2745833 2766213
2766823 2821027
2821557 2823266
2824116 2825273
2826165 2835883
2836405 2845652
2846168 2847426
2848214 2854064
2854598 2855210
2855785 2896874
2897731 2901480
2902064 2913170
2913742 2924238
2925194 2949154
2949762 2966959
2967576 2980008
2980638 2981259
2981782 2993131
2993865 2994809
2995511 3001464
3001997 3004153
3004699 3018376
3018945 3021411
3021937 3025757
3026640 3029030
3029720 3034929
3035440 3060410
3060983 3071553
3072087 3073545
3074092 3090220
3090811 3096241
3096771 3143404
3143940 3160770
3161338 3174273
3174972 3212750
3213421 3272140
3272921 3296206
3296767 3322176
3322843 3346956
3347574 3356488
3357307 3366754
3367076 3368601
3369108 3373151
3373908 3384934
3385451 3395289
3395831 3409644
3410208 3439518
3440262 3447218
3447726 3452538
3453082 3461376
3462102 3468261
3469120 3469997
3471329 3534904
3535458 3550848
3551818 3552294
3552941 3563820
3564403 3566329
3567160 3568738
3569390 3571441
3571954 3596758
3597779 3601066
3601994 3603117
3603696 3604078
3604771 3605249
3605898 3619354
3622328 3622414
3622990 3631998
3632637 3634827
3635333 3642904
3643513 3647231
3647762 3676847
3677364 3681977
3682619 3695286
3695802 3731690
3732202 3738403
3738974 3749344
3750212 3774735
3775398 3778612
3779134 3781322
3781953 3782012
3782811 3794720
3795449 3802614
3803352 3827213
3827966 3840168
3840676 3871495
3872404 3873893
3874505 3905959
3906542 3907210
3907746 3916578
3917210 3918894
3919264 3919341
3919589 3919684
3920257 3927020
3927595 3939562
3940141 3998679
3999230 4020850
4021446 4035164
4040583 4040791
4041614 4043123
4043659 4059063
4059601 4065171
4065769 4068005
4068722 4097355
4098013 4104406
4105299 4111924
4112826 4118508
4119060 4134657
4135304 4139507
4140091 4143406
4143991 4155429
4155679 4155767
4155991 4165172
4166055 4172218
4172861 4202559
4203301 4228302
4228859 4253129
4253819 4278326
4279083 4280985
4281501 4291955
4292575 4294467
4295190 4300746
4301661 4311044
4311574 4328867
4329400 4350780
4351064 4351134
4351342 4383299
4383950 4394673
4395259 4401564
4402405 4404582
4405129 4438276
4438828 4451472
4452286 4462134
4462644 4473963
4474572 4499511
4499580 4514910
4515454 4521879
4522924 4523898
4524410 4541183
4541859 4542830
4543374 4551365
4551888 4576179
4576761 4596268
4596797 4605259
4605770 4621626
4622286 4622492
4623459 4626730
4627493 4636049
4636904 4641652
