gi_556503834_ref_NC_000913.3_
223702 225279
228675 228928
258050 258471
270618 271684
279305 279726
290518 291197
349717 349809
381337 381884
391786 392886
508718 508818
525762 526851
566857 567957
574668 575708
580386 580729
608084 609274
687928 688968
732944 733145
734225 735016
736682 737061
737203 737576
738244 738595
781654 781767
915115 915169
1049982 1050403
1094322 1095422
1096961 1097141
1207638 1207727
1269170 1270442
1299576 1300616
1396121 1397161
1432351 1434659
1466726 1467019
1467987 1469295
1532194 1532885
1635916 1636394
1650920 1651471
1978645 1979066
2066255 2067276
2069018 2070194
2101826 2102866
2170251 2171351
2288996 2290036
2304390 2304502
2514350 2515540
2521330 2521443
2726346 2731408
2818406 2818473
2996438 2997614
3130223 3131263
3186172 3187349
3365633 3366663
3392070 3392161
3423495 3428831
3583632 3584053
3619488 3622754
3623950 3624881
3652113 3653153
3666282 3667362
3762341 3765745
3766400 3766606
3767297 3767502
3941739 3946749
4027389 4027469
4035242 4040723
4094310 4094401
4166376 4171843
4176156 4177032
4209733 4213089
4296120 4296304
4326048 4326261
4498883 4499434
4507536 4508602
4614255 4614456
