Ecoli_0911_Taxon012_
3879 4282
5957 6307
13440 13670
15921 16056
16990 17213
26763 26831
31646 31945
36382 37114
42679 42855
61409 61627
68829 69190
70346 70533
75477 75650
77166 77457
80559 80677
87390 87901
98317 98513
115649 115853
122191 122402
129640 129836
141085 141215
152464 152755
159235 159312
178013 178206
184198 185349
197030 197096
203121 203203
205443 205551
206364 206547
209554 209798
212378 212517
221036 221155
224062 224350
259132 259372
260614 260839
271955 272096
272971 273152
296250 296324
303250 303313
313723 313865
323618 323799
343350 343417
344602 345019
345733 346404
351410 351710
357417 357760
366612 366816
373504 373561
376481 376764
382447 382498
392065 392172
402101 402300
414075 414279
429487 429821
433312 433538
456015 456301
472309 472391
482603 482708
485571 486147
488547 488628
490144 490334
494314 494418
520681 520988
529507 529633
538418 538477
542553 543037
546095 546302
548299 548415
550698 550800
554743 554880
564552 565088
579991 580135
588673 589631
597605 597845
602111 602382
607615 608173
623686 623833
625623 625802
629313 629434
630114 630377
641817 642473
650128 650334
651639 651702
654996 655207
678268 678328
684952 685564
686608 686852
707241 707367
732013 732280
737460 738037
742278 742429
744435 744623
747539 747773
754006 754120
756892 757066
760199 760648
769761 770048
776873 777182
788405 788705
791983 792138
798926 799149
817159 817516
819745 819992
837231 837305
837861 838194
846134 846508
850945 850995
854484 854756
879183 879441
890666 890761
895248 895345
905727 906026
914969 915061
928865 929022
932437 932952
941187 941401
944825 944966
947304 947426
965852 966064
966793 966926
970824 971002
982304 982407
997562 997660
1004624 1004772
1022462 1022631
1028502 1028583
1029397 1029478
1038384 1038573
1047446 1047616
1062481 1062977
1066910 1067010
1068808 1068963
1069645 1069865
1073042 1073098
1079995 1080299
1083731 1084023
1096479 1096992
1100887 1101048
1106681 1108024
1115030 1115173
1137514 1138017
1139268 1139559
1149466 1149699
1157661 1157921
1159493 1159622
1166458 1166572
1172122 1172299
1180904 1181190
1197593 1198165
1200867 1201115
1212563 1212832
1226909 1227029
1241895 1242149
1249293 1249510
1250885 1251075
1258756 1259185
1261186 1261469
1263112 1263239
1284981 1285569
1288946 1289098
1296951 1297213
1304087 1304219
1311224 1311472
1312726 1312969
1336234 1336603
1342091 1342143
1357503 1357712
1374588 1374950
1375684 1376524
1380397 1381058
1383459 1383522
1391961 1392503
1393203 1393494
1395830 1396153
1396654 1396975
1408775 1409040
1423945 1424053
1425838 1426058
1427913 1428239
1433424 1433528
1434357 1434417
1439691 1439801
1458147 1458473
1469738 1470212
1479674 1479785
1485860 1485976
1491594 1491934
1513639 1513834
1515526 1515617
1524523 1525224
1527297 1527467
1528026 1528093
1533129 1533400
1546655 1546913
1558666 1558937
1562476 1562729
1580269 1580680
1603499 1603687
1617805 1617932
1627900 1627961
1644110 1644345
1645542 1646191
1657468 1657824
1665973 1666579
1678673 1678962
1680161 1680409
1683028 1683210
1689485 1689849
1694902 1695543
1706446 1706809
1728255 1728372
1731002 1731132
1734225 1734529
1742802 1743087
1748281 1749352
1754358 1754567
1776753 1776992
1782917 1782979
1783564 1783961
1808298 1808356
1822522 1822831
1829303 1829861
1841971 1842296
1846324 1846411
1878807 1879370
1885640 1885911
1888073 1888232
1901429 1901910
1910115 1910483
1918978 1919117
1929453 1929806
1936710 1936879
1943153 1943352
1944087 1944776
1949946 1950210
1955267 1955585
1961276 1961488
1984122 1984237
1990282 1990542
2003695 2003855
2032283 2032605
2037841 2038202
2039253 2039552
2048296 2048346
2064414 2064856
2068752 2069065
2070622 2070797
2077272 2077412
2080120 2080340
2081719 2081800
2095089 2095331
2101228 2101312
2103515 2103692
2137326 2137647
2147200 2147388
2148009 2148786
2171803 2172090
2180728 2180997
2183679 2185891
2197318 2197816
2210937 2211110
2215712 2216177
2219341 2220186
2231649 2231752
2236219 2236456
2238156 2238745
2244932 2245057
2252254 2252397
2258840 2259160
2262478 2262690
2269199 2269322
2290699 2291025
2292488 2292966
2300909 2301177
2325615 2326024
2328823 2329083
2333901 2334009
2334581 2334662
2358584 2358875
2367400 2367707
2382349 2382407
2382976 2383226
2415270 2415416
2434987 2435636
2438219 2438326
2450100 2450578
2451091 2451183
2462859 2462913
2481739 2482020
2487477 2487757
2492910 2492969
2495938 2496173
2500930 2501299
2501804 2501975
2512607 2512685
2520138 2520320
2530410 2530497
2539031 2539225
2550721 2550794
2554779 2555135
2556118 2556272
2560657 2560820
2594882 2595028
2607859 2608125
2613739 2613812
2631902 2632234
2633418 2633768
2640512 2640746
2643923 2644132
2646062 2646165
2652483 2653255
2656270 2656569
2676681 2676875
2703285 2703365
2712938 2713173
2723392 2723537
2731893 2732033
2738041 2738188
2754593 2754884
2758972 2759210
2765556 2765909
2769715 2770047
2790617 2790667
2792278 2792465
2797056 2797199
2797812 2797969
2800893 2801132
2803214 2803455
2807380 2807644
2825146 2825308
2838546 2838769
2855532 2855979
2865819 2866402
2872742 2873017
2878670 2878952
2900792 2900854
2904174 2904632
2908837 2909157
2934468 2934831
2949083 2949256
2955220 2955346
2964268 2964439
3007768 3008275
3012268 3012398
3017221 3017421
3019126 3019581
3030308 3030580
3032593 3032992
3036323 3036431
3058486 3058718
3060677 3060936
3063000 3063431
3066534 3066935
3077295 3077478
3080898 3081193
3085653 3085901
3105510 3105876
3122798 3122927
3132593 3132666
3141649 3141794
3144352 3144492
3145511 3145945
3147530 3147660
3153811 3154012
3166900 3167000
3172002 3172057
3177101 3177206
3189163 3189213
3190533 3190652
3191665 3191719
3203927 3204093
3211576 3211795
3246818 3246915
3275619 3275808
3276620 3276894
3279123 3279202
3310881 3310933
3327052 3327203
3337718 3337835
3342822 3342969
3344302 3344385
3347644 3347833
3359415 3359627
3364341 3364584
3365119 3365455
3370098 3370392
3375727 3375920
3378015 3378356
3379928 3380677
3382111 3382199
3387827 3388003
3391840 3392081
3412080 3412308
3412953 3413016
3428191 3428377
3432423 3432797
3433301 3433595
3438378 3438544
3443545 3444313
3449825 3449883
3455867 3456178
3466627 3466728
3469809 3469903
3481742 3481993
3483504 3483625
3487841 3487911
3491514 3491619
3495918 3496315
3499032 3499230
3503822 3503998
3526672 3527218
3538857 3538969
3540794 3541073
3547543 3547867
3549043 3549963
3560887 3561583
3562896 3562971
3568386 3568715
3574749 3574994
3581590 3581970
3614735 3614886
3634454 3634964
3637701 3637865
3638628 3638754
3641229 3641499
3647750 3648006
3666484 3666773
3670562 3670653
3683521 3683591
3685762 3685889
3697958 3698518
3705494 3705580
3712080 3712344
3719394 3719653
3722174 3722424
3727153 3727342
3735333 3735633
3742772 3742872
3750812 3750997
3757183 3757307
3766636 3766754
3768111 3768910
3773004 3773584
3781710 3781771
3787346 3787585
3795538 3795787
3805764 3806426
3816021 3816297
3817664 3817752
3821802 3822206
3829424 3829629
3841543 3841684
3845600 3845928
3864486 3865145
3868392 3868689
3874284 3874537
3877180 3877305
3884582 3884686
3907078 3907206
3911009 3911076
3916670 3916796
3926430 3926701
3949905 3950107
3959527 3959856
3971629 3971699
3978999 3979187
3986802 3987168
4000723 4001032
4009871 4009932
4017808 4017893
4039787 4039967
4040526 4040995
4055317 4055475
4056998 4057109
4062574 4062831
4065220 4065444
4066179 4066557
4071832 4071961
4082725 4083011
4089035 4089255
4104588 4105082
4112974 4113070
4117915 4118129
4119980 4120165
4125768 4126282
4142297 4142704
4153153 4153638
4160238 4160292
4169752 4169929
4170899 4171096
4174569 4174721
4180600 4180712
4195087 4195223
4200189 4200634
4207798 4208173
4225567 4225639
4243139 4243342
4247076 4247265
4250716 4251160
4254585 4254777
4271679 4271813
4279285 4279554
4283224 4283401
4291188 4291504
4295150 4295226
4298106 4299028
4306274 4306336
4307790 4308110
4309541 4309932
4312081 4312789
4322732 4323029
4344939 4345191
4351532 4351855
4355080 4355445
4369188 4369277
4377511 4377663
4380126 4380336
4382294 4382362
4397642 4397954
4419424 4419574
4420350 4420636
4435034 4435315
4437198 4437513
4438113 4438186
4443414 4443717
4458004 4458120
4475225 4475487
4476576 4476813
4494123 4494250
4499785 4500292
4505862 4506115
4512428 4512857
4513551 4514075
4515891 4516009
4517003 4517343
4520881 4521857
4528094 4528624
4530343 4530402
4534677 4534727
4537968 4538113
4538712 4538869
4542692 4543017
4547398 4547487
4552316 4552375
4560067 4560302
4561539 4561761
4571306 4571840
4574898 4575219
4577431 4577771
4587260 4587549
4597469 4597686
4602498 4602751
4612915 4613031
4620965 4621864
4625048 4625180
4635740 4635853
