Ecoli_ancestor_Ancestor_
1 1396
15165 18144
82022 83290
91348 92568
93198 114796
198612 237515
294371 294594
377693 382748
395035 395281
414716 422589
424292 478419
497313 550003
553306 592266
643910 669514
674454 785586
786145 828636
923423 938717
968139 968233
968919 969537
1048039 1085344
1119675 1137648
1138175 1167490
1224109 1225197
1299537 1359699
1383566 1403377
1404563 1410742
1451570 1461544
1469329 1472049
1484417 1566706
1593168 1594388
1618987 1625176
1632122 1643420
1678519 1699589
1708574 1741365
1751393 1780082
1835945 1836187
1859374 1878538
1978522 2163663
2193588 2233640
2251687 2301813
2419514 2420553
2487916 2489000
2513592 2524573
2598278 2605894
2653939 2654046
2664430 2733226
2852008 2881422
2939311 2939906
2954966 2956195
3057944 3116685
3118688 3124781
3128933 3165872
3193617 3356770
3405493 3495326
3540313 3540921
3590874 3634718
3744736 3745001
3807037 3856601
3857632 3882070
3902558 3902902
4009497 4065019
4197918 4198903
4204290 4293388
4299508 4316794
4319098 4443986
4462248 4481912
4528286 4537531
4540706 4541313
4635134 4637229
Ecoli_0990_Taxon019_
15442 140224
143019 209962
231562 323375
332308 332531
341267 341536
348078 348301
356055 356289
362335 539479
592829 593084
597859 622131
625485 625767
674878 680397
717141 774120
949851 1049363
1062448 1172802
1210219 1217945
1247066 1247182
1259311 1424355
1433706 1433946
1440986 1441100
1484675 1508329
1509970 1517643
1519214 1520288
1546891 1547983
1555980 1609175
1691596 1753888
1765529 1765866
1777919 1778200
1786239 1795388
1816570 1851557
1863521 1870079
1876102 1876156
1897427 1897841
1901135 1901355
1904957 1989506
2003358 2101409
2134373 2136094
2200061 2201295
2288570 2306505
2411121 2411233
2425565 2638409
2645553 2646627
2648378 2737034
2744130 2789293
2858101 2976826
3006234 3075263
3076229 3183533
3241279 3247658
3280942 3287572
3321607 3340566
3414981 3416069
3444998 3445531
3481261 3530311
3603167 3603419
3618040 3618220
3620201 3638061
3638591 3716031
3759593 3787166
3787672 3932080
3933834 3933991
3934781 3935014
3937843 3938157
3980580 3986056
4003313 4003551
4006945 4135265
4139893 4140981
4147781 4148766
4188958 4251308
4278724 4329215
4331056 4332276
4399332 4400317
4418263 4425127
4435798 4436406
4440529 4445407
4457053 4457660
4486673 4491943
4568861 4587011
4589098 4589205
4601345 4629788
4637285 4641652
