Escherichia_coli_O157_H7_EDL933_ancestor
1 294
5770 6152
9315 9417
11890 12425
15258 15536
23854 24165
38734 39022
43542 43661
46486 46631
57078 57426
77428 77593
87163 87564
93190 93293
96692 97052
101714 101993
115783 115941
123950 124010
124806 125141
162225 162494
165642 165862
173933 174062
178121 178298
188896 189016
189816 190562
210277 210830
218451 218538
226430 232189
233326 233472
237695 238007
245015 245412
262260 262329
272878 274009
275128 275466
278284 278484
293978 294482
298623 298872
301161 301386
304360 304691
311097 311294
312384 312915
325340 325472
328950 329463
342958 343226
345584 347703
357098 357439
371296 371451
378750 378807
381444 381855
385375 386342
391535 392103
392651 392883
417093 417415
427374 427590
435923 436134
439774 439990
444934 445543
448012 448100
449905 450190
461384 461567
467871 468185
472032 472121
480173 480238
483217 483285
483915 484019
488260 488618
490974 491112
491852 491998
512380 512448
516773 516979
521713 521804
524081 524261
525340 525547
529980 530386
535975 536041
538203 539514
552589 552814
555761 555995
558858 559136
570377 570946
574215 574553
575503 575631
579312 579375
582825 583360
590976 591145
597326 597525
609083 609349
612593 612817
616915 618172
619254 619404
621287 621513
624064 624218
626878 626997
628014 628099
632218 632571
639305 641269
643293 643559
660071 660399
663942 665351
669185 669294
670010 670099
673988 674056
674568 674723
676321 676488
694151 694300
696036 696144
701003 702444
724455 724638
727210 727309
730731 730996
749209 749708
755494 755656
761514 761605
780523 780773
785559 786085
798130 798300
802604 802669
805048 805213
807433 811357
812481 812554
814422 815187
823535 823726
833982 834348
851746 851911
861761 861858
863585 864019
872180 872610
874848 875175
877649 877843
878811 879486
881697 881977
894026 894177
895369 895454
896270 897364
900118 900832
912309 912560
916501 916736
918316 918381
919522 920223
920756 921221
924257 924624
927089 927625
936792 937122
941298 941841
946002 946320
957683 957893
963345 963881
964440 964737
972505 972846
977655 977831
981692 982020
998769 999379
1009736 1009906
1035557 1035672
1039246 1040184
1046614 1046994
1053762 1053882
1057611 1059767
1060270 1061708
1062848 1064576
1065350 1065979
1067335 1072114
1072789 1073020
1074704 1074847
1075381 1077952
1079208 1080659
1081196 1085399
1086093 1086416
1087113 1090923
1091996 1092658
1093216 1097751
1098342 1104465
1105167 1105245
1106098 1107619
1108817 1110204
1110708 1113677
1115678 1120454
1121704 1123127
1124302 1126412
1128699 1128885
1129717 1130796
1131781 1138128
1139502 1140462
1141145 1143674
1145755 1145929
1152647 1152727
1162787 1162927
1166078 1166295
1167033 1167200
1195866 1196013
1205448 1206088
1212937 1213180
1217360 1217647
1220531 1220740
1224484 1224881
1228978 1229113
1231491 1231663
1238836 1239560
1243585 1243858
1249768 1252121
1258358 1258537
1259292 1259819
1262358 1263741
1267282 1271679
1274266 1278921
1279438 1279668
1280832 1281173
1282085 1282930
1283495 1283710
1285202 1285340
1286479 1289792
1290468 1290962
1291484 1292690
1293884 1297247
1303882 1304132
1308563 1308946
1315448 1315727
1338141 1339038
1340587 1340715
1341579 1341975
1348016 1350040
1353167 1353301
1354118 1354471
1357330 1358859
1359379 1361358
1362305 1362447
1372966 1373237
1375739 1375944
1377965 1378014
1391702 1392407
1393465 1393683
1398717 1398936
1400091 1400690
1407668 1407835
1419217 1419706
1425636 1425957
1435802 1435922
1448825 1449060
1457762 1458485
1458990 1460850
1461732 1463024
1463697 1473164
1473753 1476574
1477808 1482486
1483663 1483748
1484876 1486141
1486660 1487410
1489730 1489990
1491077 1493574
1494272 1494491
1496811 1499065
1499757 1500971
1502960 1506637
1507537 1515866
1517002 1524346
1525034 1532624
1533184 1533326
1533903 1534291
1536065 1542408
1543903 1544520
1547638 1547914
1552471 1552903
1553725 1553847
1569695 1570018
1580574 1581362
1591530 1591841
1602438 1602573
1607202 1607302
1610012 1610089
1613432 1614443
1625083 1625162
1633514 1634989
1637711 1638241
1639061 1640870
1642279 1643109
1644975 1645083
1645613 1648380
1649238 1654504
1655387 1656324
1657163 1661875
1663602 1664419
1672098 1672270
1673058 1673142
1674193 1674404
1676760 1677138
1679824 1679944
1683190 1683681
1684604 1684653
1691653 1691927
1703275 1703679
1705413 1706391
1710051 1710975
1712546 1712666
1715278 1715387
1716053 1717494
1718421 1718571
1720362 1720591
1721368 1723171
1728869 1730871
1733798 1735239
1736075 1736207
1738007 1738796
1742218 1744720
1747124 1747207
1748618 1749989
1757958 1758197
1763383 1763717
1764337 1764582
1770749 1770976
1771540 1771792
1775518 1775668
1780151 1780356
1783055 1783361
1784501 1784695
1805652 1806051
1813146 1813483
1816882 1817006
1818607 1818735
1819642 1819743
1827442 1827549
1828159 1828353
1839284 1840016
1844296 1844368
1844889 1845799
1846465 1846621
1848317 1848618
1852082 1852476
1856049 1856400
1859037 1859418
1859973 1878457
1879557 1881781
1882509 1882637
1883221 1885421
1887747 1889617
1891295 1891465
1892477 1892761
1893309 1894313
1897244 1897477
1898163 1898651
1901348 1902113
1903184 1903957
1904576 1904659
1906114 1913417
1914925 1918514
1919103 1919667
1920774 1921133
1922514 1923461
1924956 1931041
1931671 1935943
1939570 1939740
1965892 1966055
1968165 1968422
1978650 1978733
1983243 1983531
1989622 1989928
1994013 1994095
1997591 1997727
1999842 2000437
2025066 2025568
2034494 2034827
2036517 2036746
2043396 2044572
2046858 2047835
2048448 2048563
2049628 2049705
2050311 2050530
2054236 2054331
2054922 2055023
2056592 2056724
2059519 2059722
2062802 2062952
2071635 2071855
2076404 2076593
2081700 2081770
2117192 2117297
2120307 2120875
2123167 2124683
2125218 2125482
2126132 2127685
2128531 2128935
2129884 2130366
2130962 2131322
2131884 2132363
2132953 2133447
2134556 2134622
2135212 2135686
2136243 2136697
2137999 2138547
2139062 2140137
2140641 2141003
2141551 2141628
2142604 2144225
2144733 2147870
2159646 2159743
2162646 2162871
2169277 2169626
2170606 2170704
2171344 2171543
2179639 2179962
2186975 2187066
2188652 2188918
2191404 2191642
2198334 2199098
2214548 2214708
2218608 2219755
2231781 2231909
2233351 2233585
2241574 2241777
2243526 2243862
2249494 2253268
2253770 2254228
2257522 2257762
2261801 2262235
2271169 2271347
2277021 2277248
2277822 2278021
2281470 2281864
2283587 2283999
2286972 2289129
2292874 2292976
2295929 2296526
2297800 2301268
2302361 2302848
2303447 2305214
2306063 2306589
2307106 2316202
2316759 2337227
2337845 2338687
2339535 2339838
2344382 2346018
2346654 2347340
2348025 2348157
2349130 2349464
2356626 2356959
2358067 2358266
2363186 2363297
2375424 2375490
2390105 2390734
2394871 2395361
2399128 2399255
2417162 2417292
2418984 2419036
2423432 2423529
2428273 2428611
2432444 2432659
2437173 2437498
2448784 2448948
2463201 2463318
2469701 2470314
2473440 2473733
2475342 2476005
2482974 2483164
2517186 2517405
2519174 2519432
2520459 2520555
2524598 2524892
2526283 2527184
2532163 2532517
2534243 2534351
2538543 2538857
2548800 2549855
2553079 2553338
2567865 2567983
2588217 2588278
2596784 2597031
2607735 2608016
2609042 2609157
2619280 2619356
2621854 2622310
2627362 2627419
2633795 2634019
2637909 2638054
2645932 2646231
2666975 2667307
2679671 2679731
2680499 2680716
2689604 2689799
2695502 2695552
2696547 2696998
2698253 2698975
2699626 2700283
2702533 2702745
2705833 2706045
2707155 2707779
2708564 2708640
2710343 2710447
2712886 2713026
2716204 2716298
2728915 2729284
2731215 2731414
2733532 2733647
2735276 2735415
2743721 2743885
2745323 2745479
2756531 2756626
2759285 2759483
2764347 2778073
2778917 2782648
2784377 2785005
2785548 2785781
2786547 2792717
2793283 2794007
2798672 2800147
2802245 2803182
2804641 2804822
2822339 2822788
2825145 2826317
2830064 2832311
2833278 2833674
2836451 2837917
2839648 2839800
2855487 2855820
2866058 2866123
2872421 2872632
2874548 2875244
2880349 2880520
2882887 2883214
2896227 2896463
2917542 2917728
2919762 2919972
2923058 2923174
2929007 2929186
2934382 2934539
2938600 2938890
2950420 2950564
2958274 2958963
2978193 2980305
2982305 2982604
2985143 2987666
2988399 2990228
2990852 2992762
2993292 2994279
2995200 2995705
2996273 2997600
3000044 3001731
3002376 3002527
3007721 3009605
3010663 3011888
3012471 3012759
3014193 3014585
3015576 3015830
3016854 3018792
3019665 3020076
3024530 3027759
3030489 3030694
3039681 3039865
3049199 3049516
3050858 3050934
3052540 3052655
3057076 3057385
3059117 3059337
3070630 3070822
3075616 3076412
3084928 3084987
3095224 3095329
3100542 3100721
3107212 3107923
3110590 3110746
3114996 3115443
3117412 3117593
3130837 3131175
3134384 3134543
3139901 3140189
3160450 3160515
3162621 3162994
3170854 3171101
3181737 3184974
3193256 3193590
3203555 3203812
3213245 3213512
3216698 3216907
3232629 3232997
3233523 3234561
3259450 3259679
3264511 3265164
3267054 3267158
3276596 3276873
3282210 3282738
3297379 3297430
3300120 3300520
3308348 3308743
3314324 3315077
3326896 3327050
3329006 3329337
3341628 3341799
3342514 3342744
3346487 3346795
3362324 3362653
3363583 3364157
3365871 3366894
3369713 3370034
3375248 3375390
3378466 3378569
3381165 3381371
3384649 3384721
3386684 3387177
3391995 3392316
3417093 3417197
3426352 3426655
3434081 3434232
3438856 3438936
3441083 3441314
3441900 3442179
3457875 3458139
3473598 3473700
3480255 3480404
3487933 3488237
3489151 3489358
3490126 3490258
3495169 3495319
3504288 3504449
3505520 3505734
3513696 3514098
3514783 3515026
3517135 3517246
3523393 3523699
3524374 3524424
3529628 3529961
3535276 3535545
3541644 3541809
3550254 3555231
3567085 3574489
3575630 3576242
3576949 3577096
3578407 3578821
3582732 3582961
3588052 3588437
3594192 3594300
3595167 3595248
3614301 3615068
3631003 3631426
3634805 3635006
3638689 3638789
3649469 3650213
3651956 3652292
3658926 3659044
3663982 3664236
3675569 3675726
3683273 3683481
3714356 3714516
3716517 3716599
3736204 3736395
3748736 3749349
3752078 3752193
3762443 3762774
3772319 3772400
3779365 3779569
3783343 3783596
3790484 3791009
3798601 3799546
3808099 3808173
3809641 3809811
3810608 3811126
3830797 3831163
3832825 3832977
3835304 3835610
3836630 3836930
3838414 3838681
3846691 3847091
3871463 3871557
3872160 3872221
3882212 3882379
3893103 3893741
3894596 3894926
3931376 3931578
3936786 3937091
3939064 3939546
3940961 3941946
3944861 3945624
3956889 3960514
3961810 3962293
3967200 3967438
3974267 3974561
3976955 3977200
3993771 3993965
3998123 3998741
4006255 4006842
4008978 4009086
4035578 4036155
4039667 4039871
4043423 4043763
4046778 4047270
4052022 4052089
4054929 4055087
4065121 4065363
4069158 4069371
4075967 4076913
4087779 4088762
4094263 4094417
4099179 4099448
4103321 4103610
4119652 4119832
4121093 4121963
4134991 4135128
4143779 4144115
4149893 4150168
4153522 4153828
4155361 4155696
4162768 4162920
4164085 4164792
4179495 4179765
4183883 4184160
4188844 4189246
4191641 4191912
4194195 4194325
4195706 4195871
4196390 4196585
4206185 4206258
4207459 4207689
4212062 4212665
4222386 4222554
4226868 4227441
4228617 4231553
4234658 4234722
4244398 4244698
4246393 4251796
4265581 4265796
4269203 4269387
4270327 4270818
4271494 4271822
4277643 4278442
4293561 4293723
4297600 4297835
4305915 4306119
4308152 4308278
4318506 4318770
4321256 4321462
4333149 4333284
4340129 4340257
4346399 4346453
4347120 4347410
4348113 4348893
4358444 4358785
4361439 4361682
4385153 4385260
4387084 4387348
4387935 4388017
4388721 4388887
4400874 4401293
4403206 4403350
4405688 4405813
4410116 4410266
4412845 4413420
4417153 4418051
4419175 4419275
4421199 4421385
4431330 4431442
4436711 4437098
4443518 4443705
4445049 4445232
4447490 4447549
4454837 4455117
4455735 4456040
4458713 4460111
4461625 4461808
4463838 4464001
4465202 4465253
4473012 4473571
4490693 4491535
4509964 4513447
4518439 4518777
4519366 4519802
4520562 4520765
4522638 4522856
4525828 4526106
4532845 4533152
4534989 4535050
4538018 4538433
4543110 4543740
4545648 4545731
4563098 4563539
4569819 4570047
4578316 4578379
4592123 4592620
4593183 4593437
4594736 4594798
4601875 4601990
4605387 4605619
4609501 4612961
4614533 4615892
4618644 4618737
4623424 4623611
4624344 4624559
4628116 4628250
4637345 4637665
4648243 4648604
4649437 4649590
4653440 4653916
4657632 4657817
4671060 4671303
4673789 4675956
4677100 4677507
4681603 4681682
4686040 4687500
4698126 4698323
4699277 4699336
4703780 4703983
4710203 4710452
4720173 4720584
4724670 4724926
4729088 4729374
4736392 4736482
4738396 4738715
4742123 4742737
4746704 4746856
4750435 4750568
4751340 4751397
4753836 4753886
4760603 4760809
4766640 4766940
4770644 4770815
4772385 4773017
4781012 4781245
4791948 4792166
4794121 4794425
4796806 4797354
4800942 4801048
4808238 4808369
4815198 4815295
4822716 4827919
4836718 4836975
4844319 4844665
4845342 4845683
4848507 4848714
4850459 4850546
4851945 4852216
4863691 4864191
4869519 4869578
4871675 4871934
4880874 4880944
4882327 4882430
4889088 4889385
4890068 4890480
4892285 4892527
4898996 4899634
4919181 4924743
4932124 4932239
4936106 4936528
4951749 4951969
4953746 4953983
4962407 4962639
4966093 4966277
4973546 4974002
5016117 5020105
5023363 5023589
5026459 5027023
5039892 5040276
5047846 5047999
5048517 5049007
5056281 5056486
5059881 5059942
5063476 5068474
5073007 5074553
5078888 5078950
5084241 5084527
5092971 5093195
5093710 5094578
5104233 5110336
5119272 5119567
5125341 5125401
5134752 5135535
5138032 5138254
5154944 5155078
5177363 5177466
5183338 5183434
5188605 5188900
5189932 5190140
5202388 5202529
5208611 5208695
5213403 5213598
5214767 5215108
5221954 5222514
5228805 5229139
5229817 5230266
5231664 5231814
5244155 5244307
5245118 5246231
5250065 5250997
5261657 5261796
5266517 5267134
5277550 5278102
5288729 5289002
5293143 5293207
5302229 5302304
5303380 5303527
5319536 5319624
5322595 5322680
5323799 5324519
5331860 5332239
5334303 5334456
5337653 5338051
5342429 5343012
5346382 5346802
5347589 5347794
5348317 5348400
5349186 5349472
5353334 5353733
5356983 5357232
5370202 5370357
5377373 5377436
5385960 5386071
5394524 5394607
5398251 5399290
5401582 5401720
5403266 5403607
5404851 5404980
5407357 5407834
5410347 5410450
5412981 5413235
5424750 5425157
5428015 5428083
5441635 5441982
5444355 5444621
5449256 5449557
5457670 5458326
5459159 5459268
5463975 5464678
5470969 5471213
5488002 5488306
5496231 5496455
5502997 5503733
5510188 5510613
5512341 5512837
5518323 5519556
5531286 5532282
5537322 5537530
5543486 5543812
5547216 5547323
