Salmonella_ancestor_Ancestor_
1 255
1192 1441
5195 5296
11029 11528
20300 20725
21488 21748
22767 23023
25052 25195
26901 27147
28604 29435
31681 31788
40247 40372
42307 45227
45786 45994
46612 46854
47496 49077
53538 53778
55014 57044
57734 58076
63608 64225
64748 66401
67747 67906
78135 78392
81394 81600
83594 83734
84254 84422
86199 87151
105002 105314
110204 111081
116205 116462
118119 118419
124609 124848
125856 126024
133150 134187
136826 136952
142042 142195
144594 145722
156903 157000
162766 162862
167310 169586
170267 171031
173545 173768
174400 174628
176333 176593
178246 179383
181502 181668
185193 186483
187631 189208
195798 197816
205033 205228
209794 209984
211977 212459
213933 214085
218994 219099
219751 220069
223145 223484
224907 225141
240045 240406
243971 244617
245189 245388
247787 248001
249349 249535
254264 254365
256924 257490
259012 260078
262944 263095
264635 264792
275089 275783
276373 276554
278302 278523
280726 281029
289020 295139
299544 299712
301292 304361
306073 306229
306873 307327
307969 308083
310027 310106
315130 315388
320297 320763
325388 325701
330144 330273
335900 336113
336991 337318
339847 340050
341475 341616
344433 345708
346677 346976
347691 348520
358474 359164
361760 361961
362605 363533
365418 365559
367794 367948
368708 369736
373644 373853
374531 374635
375881 375949
376569 377812
382068 383031
383646 383864
385154 385783
391934 392324
394844 395759
400722 400851
408692 409597
411710 411905
420032 420287
426808 426923
428126 429302
430821 431022
432032 432182
432800 435456
436468 436898
449451 449717
454905 455000
456880 457011
459744 459953
465356 466917
474778 485226
486518 486660
489508 490397
495475 495929
497865 498103
499674 501736
507000 507450
512717 512994
516067 516838
522553 523161
523740 524151
527049 527779
532131 532279
537717 537908
539157 539949
541024 541144
551037 551336
559195 561925
567261 567378
570245 571754
574079 574155
579139 580751
587983 588144
590226 591231
593372 593726
595432 595693
597889 598480
601770 601981
609615 609998
616471 616991
619191 619408
624975 625160
626354 626560
627092 627469
632921 633486
640589 640662
647020 648991
661010 661189
666569 666692
667597 667805
668947 669158
673092 673239
673789 676023
678223 678424
683757 684742
685753 687343
688861 689007
692218 692358
699414 699690
700215 701052
701686 702207
707525 707821
708972 709515
710597 710864
713671 713903
714432 714599
715322 716181
717316 717516
727872 728112
732105 736549
737438 737999
739670 740041
741404 741944
742538 742622
744706 744892
750122 750282
754147 754376
759917 760740
769606 770087
773000 773472
775318 775469
776266 776341
780839 782788
783765 785196
788897 789429
795567 796317
800780 801221
804188 804349
807018 807364
808340 808427
811531 811590
812958 813396
814273 815354
817040 818412
819257 819725
822523 822641
823697 825830
827825 827958
831701 832831
834213 834305
838214 838421
839833 841803
842428 843299
849141 849254
850009 850239
853591 853688
855322 856263
856898 856947
857799 859472
860715 861462
866083 866197
868945 869059
886107 886168
888493 888618
891577 891961
896353 896442
897234 897366
900951 902199
906828 907662
915335 915629
918251 919842
920704 921914
922972 923072
926682 926934
931748 932569
933114 933613
935241 935501
936005 936123
937621 937894
940322 940400
945730 946022
946621 946845
950703 952073
953527 954149
954892 956114
960036 960695
964208 964562
977614 977784
981967 982124
983570 983819
985005 985220
987388 988164
990897 991128
999192 1000859
1003350 1003437
1005142 1005440
1007951 1008186
1010014 1010694
1011227 1011483
1012481 1012550
1013740 1014522
1018041 1018161
1020220 1020504
1023669 1023781
1025370 1026026
1028173 1028488
1030606 1030864
1034606 1035600
1037250 1038009
1042604 1042833
1045791 1045963
1047174 1047373
1049982 1050130
1050958 1051467
1052811 1053019
1053677 1054052
1056913 1058128
1058739 1060303
1066835 1067022
1070408 1070776
1071605 1073181
1079627 1080360
1083342 1083538
1086962 1087048
1091626 1093719
1099850 1111349
1113312 1113608
1114231 1114321
1114880 1115095
1118387 1118791
1123337 1123413
1127331 1127855
1128446 1130637
1134127 1134736
1135435 1135985
1136846 1137535
1138080 1138367
1139204 1139362
1149661 1149964
1157431 1157835
1158692 1160112
1162648 1162953
1164691 1164845
1165516 1165729
1166600 1167007
1169262 1169404
1171543 1171686
1177524 1177737
1179396 1179595
1183273 1184024
1185006 1185431
1186132 1186424
1191184 1192206
1193687 1193910
1194971 1195024
1197534 1197767
1199248 1199713
1200536 1200682
1202503 1202759
1203431 1203730
1204487 1204716
1205427 1205630
1212107 1213602
1216363 1216709
1219861 1220037
1221016 1221532
1222938 1223088
1224285 1224621
1225733 1225829
1226824 1227334
1229002 1229092
1234571 1234908
1235492 1236633
1237337 1237458
1238421 1238510
1239055 1241432
1242091 1242682
1244631 1244708
1254281 1254428
1255147 1255372
1256967 1257672
1266934 1267136
1271614 1271851
1274154 1274405
1278018 1278187
1283926 1284240
1285616 1286141
1292050 1292351
1295423 1295555
1299732 1300113
1311335 1311957
1312474 1312946
1314513 1314692
1316144 1316354
1319909 1320001
1331908 1332445
1337677 1337806
1342197 1342425
1343873 1344166
1345019 1345256
1347262 1347520
1351942 1352262
1360012 1360997
1366536 1366686
1368620 1368862
1373712 1374149
1376732 1377288
1380415 1380483
1384180 1385381
1397651 1398346
1398928 1399252
1400608 1400787
1421848 1423478
1432893 1433076
1437313 1438412
1440101 1442752
1448121 1448274
1455523 1455607
1458007 1459009
1460406 1460684
1466473 1467939
1470146 1470416
1477967 1478976
1485041 1485658
1499119 1499278
1501389 1501544
1506056 1508328
1512598 1512789
1516294 1516409
1518547 1519482
1520343 1521159
1527508 1527661
1529418 1529577
1530618 1532413
1534484 1534955
1536278 1536333
1536892 1537566
1539982 1540291
1545617 1545686
1550810 1551306
1551814 1552794
1556057 1556207
1557519 1557760
1560040 1560911
1564742 1564947
1571720 1572492
1579530 1579651
1581515 1581960
1590729 1591880
1592543 1592856
1597249 1597299
1601235 1601337
1607169 1608414
1612360 1612607
1615568 1615631
1624249 1625609
1626295 1626514
1629353 1629594
1632331 1632431
1635206 1635278
1643542 1644166
1649702 1649939
1652928 1653106
1654846 1655141
1655717 1656738
1659861 1660588
1663223 1663625
1669341 1669624
1674521 1675569
1677833 1678310
1687638 1687721
1696818 1697176
1705086 1705257
1707639 1708166
1712543 1713451
1715568 1715910
1716422 1716884
1717928 1718374
1719899 1720105
1725465 1725664
1727092 1728081
1729522 1729803
1732579 1733798
1738966 1739200
1744499 1745568
1746955 1747232
1750410 1750750
1751951 1752796
1753584 1753727
1754273 1754620
1760232 1760421
1763293 1763513
1764311 1764408
1767936 1768144
1768744 1770149
1772818 1773769
1774596 1774923
1776874 1777173
1780008 1783505
1786154 1786213
1786911 1787407
1787944 1788190
1789436 1790540
1791982 1792283
1793881 1794065
1797812 1798306
1799119 1799327
1800092 1800987
1807425 1807619
1811932 1812110
1817118 1817601
1819658 1820199
1822231 1824119
1824750 1825198
1826883 1827607
1829052 1829471
1831932 1833151
1838418 1838638
1842981 1843261
1845406 1845618
1847630 1847795
1849375 1850175
1853255 1854912
1860777 1861298
1871607 1871738
1881047 1881240
1888777 1888880
1894982 1895084
1897360 1897413
1901295 1901687
1908930 1910531
1913508 1914435
1917344 1918660
1926960 1927049
1928034 1928102
1930030 1930319
1932103 1932675
1936847 1937084
1941926 1942201
1946254 1946443
1946953 1947014
1947559 1949235
1952427 1952619
1954378 1955066
1963530 1963816
1967968 1968221
1969676 1969903
1970845 1971541
1972903 1973071
1975788 1975879
1980365 1980583
1981965 1982252
1984600 1987014
1993352 1993591
1994235 1996804
2006534 2006832
2007634 2009096
2014589 2014794
2016414 2016648
2018204 2018368
2020618 2020818
2024061 2024317
2032930 2033114
2034672 2034886
2035835 2036010
2039993 2041198
2043552 2043745
2045653 2046259
2047694 2047910
2048529 2049897
2053215 2054397
2062531 2062940
2063881 2064138
2066766 2068995
2075137 2075362
2080285 2080403
2085124 2085586
2090450 2090740
2092236 2092458
2093626 2094478
2096085 2096156
2098658 2098775
2100449 2100613
2102565 2102805
2107470 2108254
2110069 2110546
2115424 2116035
2116897 2118751
2119632 2120779
2121602 2121694
2124720 2124939
2129804 2130298
2137016 2137235
2141092 2142023
2145352 2147686
2148627 2149132
2149787 2150017
2152346 2152589
2154882 2155473
2157710 2158008
2162975 2163177
2168177 2169037
2173905 2175846
2177773 2178183
2178958 2179776
2181228 2181375
2186371 2186609
2188062 2188346
2189179 2189310
2195265 2196049
2200042 2200981
2204572 2204861
2206617 2206803
2207584 2207745
2209383 2209752
2216325 2217021
2219975 2220234
2226270 2226514
2230880 2232138
2236609 2239086
2243035 2243183
2248593 2249428
2257772 2258046
2259597 2259775
2266005 2266527
2270507 2271024
2271995 2273035
2276441 2276492
2285822 2286911
2287809 2287983
2289215 2289668
2296240 2297024
2297637 2299696
2300540 2300684
2310541 2311370
2311987 2312121
2319503 2319665
2326015 2326303
2329405 2329848
2332029 2332181
2336172 2336452
2337104 2337303
2340793 2341169
2343172 2343269
2343894 2344926
2347508 2352247
2352749 2353488
2356936 2357137
2357872 2358019
2358913 2359623
2362100 2362899
2367191 2367881
2381710 2383438
2386976 2387150
2387658 2387907
2390147 2390424
2393564 2394204
2404678 2404737
2412356 2412861
2419402 2419732
2421698 2421759
2427613 2428015
2432128 2432331
2432862 2433729
2434610 2434896
2442523 2442730
2447141 2447620
2457979 2458179
2459489 2459792
2468663 2468786
2477802 2478709
2492702 2492975
2496451 2496609
2497196 2497801
2499746 2499932
2509365 2509552
2511049 2513420
2516897 2517202
2518871 2519132
2520151 2521797
2527667 2527816
2529787 2530099
2533463 2533987
2544176 2544413
2546394 2547306
2552247 2552429
2557636 2557766
2562343 2562537
2564069 2565472
2567695 2567766
2568292 2569148
2572273 2572413
2574760 2574959
2579388 2579840
2584028 2584599
2585289 2585462
2589092 2589241
2590546 2590684
2595666 2596713
2597612 2597858
2604504 2604813
2607582 2607805
2608803 2609324
2610231 2610321
2611964 2612125
2618103 2618608
2620048 2620400
2630855 2631029
2642946 2643164
2644359 2644519
2648436 2648801
2652677 2653089
2660347 2660609
2661785 2662365
2665607 2666048
2667823 2668079
2670024 2670177
2671032 2671258
2671919 2672248
2672821 2672942
2676266 2676946
2679030 2679238
2688084 2688252
2691433 2692516
2693055 2693431
2693971 2694492
2697459 2697694
2700553 2700831
2701408 2702002
2704239 2704778
2707136 2708861
2718708 2719838
2721864 2722279
2727849 2727950
2730197 2731333
2732821 2733396
2734742 2736784
2737712 2738652
2744114 2744616
2762136 2762284
2770083 2770296
2770852 2772440
2774781 2774926
2776379 2776618
2781889 2782035
2785228 2786034
2787930 2788070
2790355 2791259
2794187 2795029
2795587 2805828
2806894 2807229
2809473 2809629
2814982 2815055
2819270 2819735
2821472 2821755
2823013 2823208
2824488 2824825
2826631 2833152
2833723 2834938
2837641 2838068
2856002 2856361
2861384 2861645
2867069 2867360
2868710 2868870
2869559 2871184
2879666 2881151
2882086 2882415
2883226 2883659
2884438 2884648
2885302 2885521
2888563 2888779
2891199 2891478
2896324 2896444
2897192 2897913
2901741 2901893
2905932 2906432
2907993 2908262
2910948 2911834
2915038 2915284
2916284 2916465
2917712 2917993
2923547 2923750
2930035 2930204
2935806 2935993
2936703 2936864
2937955 2938050
2942345 2942413
2944829 2945327
2956008 2956108
2959330 2960836
2961364 2962409
2963187 2963279
2966637 2967186
2970421 2970674
2971245 2971603
2972231 2972573
2973284 2973466
2975598 2975856
2984078 2984544
2985362 2985803
2986873 2987059
2989340 2989837
2995340 2995838
3001983 3003332
3008470 3008788
3015416 3015881
3022528 3023064
3023802 3024089
3025635 3026033
3032551 3032791
3039154 3040829
3047402 3047629
3050003 3050123
3053782 3054658
3055264 3055359
3057999 3058240
3059480 3059679
3066405 3066555
3067066 3067758
3070403 3070674
3074696 3074885
3076157 3076600
3077690 3078505
3079938 3081237
3083763 3085321
3090387 3090634
3091412 3091685
3094544 3095445
3097040 3097297
3100818 3101027
3104497 3104703
3105388 3105672
3106237 3106885
3109448 3110395
3116457 3116582
3121890 3122217
3125027 3125312
3130651 3131032
3145037 3145669
3147513 3147795
3148752 3148998
3151719 3151879
3153183 3153703
3158017 3158960
3161684 3161907
3164409 3164510
3169813 3169967
3175993 3176184
3176836 3177513
3180702 3181157
3194007 3194827
3206682 3207145
3218112 3218471
3225027 3225657
3226866 3227080
3229412 3229537
3233646 3233732
3243490 3244059
3256670 3258319
3259181 3259418
3261036 3261979
3263739 3264060
3267995 3268090
3272648 3272916
3288671 3288931
3289934 3292223
3293379 3295048
3300547 3301943
3303537 3304167
3308122 3308602
3312718 3312999
3314444 3315589
3316189 3317405
3320439 3320497
3323246 3323966
3324525 3325121
3326098 3326314
3327697 3327851
3330702 3331633
3334301 3334415
3335593 3335818
3337422 3338520
3340733 3343357
3349628 3350687
3352560 3352759
3354271 3354421
3355593 3355902
3357486 3357946
3361442 3362334
3363417 3363587
3369910 3370019
3372948 3373184
3374137 3374371
3375182 3375993
3383831 3384205
3388828 3389090
3396505 3396675
3398027 3399129
3405122 3405388
3408259 3411151
3418437 3418578
3422925 3423103
3428710 3428898
3432603 3433266
3436013 3436508
3437631 3438206
3446960 3447045
3454701 3455300
3458414 3459108
3461581 3461860
3462565 3462775
3463545 3464094
3465787 3466367
3474010 3474103
3474709 3474865
3477710 3479016
3482977 3483053
3484675 3484969
3490219 3490400
3497192 3498228
3500746 3500973
3509342 3509592
3512928 3513291
3519115 3521976
3524625 3525366
3527026 3527908
3529257 3529343
3530281 3530552
3532468 3533452
3535329 3535551
3544533 3544673
3548214 3548747
3551237 3551470
3566619 3572194
3587760 3587941
3591151 3591440
3593909 3594656
3598012 3598688
3599274 3599372
3600314 3601609
3604321 3604882
3605469 3607188
3610106 3610425
3612619 3612814
3615437 3617763
3618270 3618534
3619203 3619682
3626376 3626469
3631020 3633592
3635124 3636823
3637676 3637768
3638412 3638533
3639188 3639366
3645704 3646313
3646849 3647059
3648477 3648670
3650305 3650601
3654140 3654315
3655347 3655638
3658690 3658936
3669696 3669972
3673002 3673302
3674438 3674518
3676157 3676368
3677686 3678293
3681300 3681533
3682083 3682795
3686161 3686596
3688654 3689239
3692990 3694286
3695497 3695773
3698699 3699250
3703808 3704013
3704642 3704935
3705572 3706396
3707438 3707700
3712132 3712679
3715623 3715850
3717300 3717688
3728653 3728882
3729630 3730001
3730617 3730792
3755036 3755204
3757284 3757354
3767338 3767420
3769449 3769588
3776667 3776837
3781243 3781502
3787211 3788422
3789743 3789992
3792748 3794140
3796507 3797438
3806237 3806803
3812322 3812495
3816721 3817566
3818520 3818771
3823870 3824155
3828526 3828716
3834541 3835632
3837701 3838479
3840987 3841466
3850737 3850957
3855079 3856504
3859365 3859623
3869266 3869994
3871611 3871870
3874274 3875804
3881207 3881357
3882226 3883626
3884865 3885361
3887213 3887868
3893201 3893432
3902375 3902946
3907730 3907976
3914235 3914519
3919553 3920244
3921305 3921974
3923965 3924139
3925230 3925425
3928232 3928518
3929718 3929885
3930918 3931847
3936337 3936534
3939710 3939802
3940937 3941235
3945113 3945766
3951765 3952019
3953562 3956638
3962658 3962863
3966769 3967644
3973873 3973997
3977325 3977649
3989162 3989334
3989931 3990166
3996103 3996402
4001985 4002157
4002715 4003250
4006062 4006931
4007691 4008374
4010535 4013647
4015704 4015839
4016523 4016686
4020554 4020734
4022463 4024661
4025508 4032145
4038319 4038571
4039328 4039520
4047190 4047481
4051369 4051616
4055996 4056213
4057188 4057497
4061062 4061241
4071532 4073138
4073641 4073983
4075741 4076108
4076705 4076997
4085161 4086358
4088859 4089089
4093788 4093900
4097502 4098035
4099961 4100175
4105765 4106539
4110585 4110940
4112161 4113059
4113561 4117309
4117977 4118159
4128634 4128790
4129399 4129571
4132404 4133256
4136882 4137453
4145939 4147039
4147659 4147891
4149555 4149836
4151694 4152801
4155592 4155785
4159123 4161546
4167839 4168068
4168666 4168956
4170211 4170353
4173764 4174027
4174619 4174762
4179600 4181281
4183409 4183883
4185265 4185410
4187405 4187847
4195790 4201603
4205495 4205701
4209050 4209999
4211654 4211825
4222730 4224057
4225487 4225833
4229981 4230176
4231199 4233818
4240764 4240909
4244876 4245166
4248758 4248903
4251818 4252060
4256027 4256537
4258873 4259057
4261353 4261988
4262605 4263231
4263806 4264124
4266831 4268926
4269857 4270106
4277036 4277269
4280547 4280629
4281354 4281646
4284210 4284490
4287548 4287746
4288428 4288576
4291931 4292599
4294312 4294590
4295117 4295311
4298326 4298593
4299174 4299622
4302449 4302643
4308837 4309051
4312734 4314427
4317276 4317844
4318446 4320789
4322178 4322411
4324831 4325252
4327108 4327575
4329819 4329875
4330959 4331350
4336118 4336362
4336865 4337045
4340185 4340394
4341001 4341419
4345427 4345698
4346564 4347988
4350984 4356235
4360497 4361488
4364341 4364521
4368074 4368331
4370015 4370854
4378654 4378860
4389621 4390290
4392745 4393945
4394642 4394998
4395507 4395999
4398345 4399089
4407190 4407516
4411207 4413278
4414027 4414117
4414812 4420484
4423185 4423259
4427481 4427651
4429088 4429254
4430790 4430983
4436989 4437284
4440627 4442121
4443742 4444054
4450352 4450695
4451435 4452656
4453324 4453744
4457213 4457412
4459908 4460428
4460966 4461050
4467101 4467531
4472612 4473475
4475295 4475763
4480547 4480766
4482199 4482811
4483469 4483848
4485447 4486709
4488425 4488703
4491360 4491768
4497132 4497276
4500270 4501212
4504250 4504509
4506365 4508325
4514755 4515147
4516347 4516628
4521402 4521462
4523529 4523743
4535046 4535296
4538442 4538520
4541921 4542674
4544169 4545110
4547880 4547996
4552032 4552299
4555543 4555955
4557868 4558156
4559434 4559498
4560033 4560510
4562985 4563284
4574381 4574721
4577903 4578792
4583799 4583966
4586852 4587071
4590886 4591121
4591663 4592575
4593326 4593620
4594697 4594950
4596667 4598247
4604393 4605666
4606695 4607254
4610765 4610975
4624876 4625122
4626252 4626780
4628546 4628847
4630668 4632356
4633047 4633883
4635151 4635772
4640239 4640727
4642096 4645413
4646563 4646701
4647290 4647424
4652217 4653236
4653756 4654313
4655361 4655571
4659801 4660038
4662225 4662312
4664691 4665606
4666171 4668505
4670065 4670293
4673462 4674272
4676956 4677118
4677669 4677827
4681751 4682895
4683519 4684003
4686365 4686959
4696780 4697403
4700730 4700983
4709336 4709579
4721665 4721873
4725010 4727261
4735319 4735467
4738796 4738904
4746623 4746854
4748328 4748669
4751064 4751383
4754831 4755071
4758750 4758911
4765038 4765126
4768009 4768699
4776283 4776723
4778197 4778729
4783331 4783745
4787268 4787628
4801669 4801838
4805961 4806049
4806551 4806942
4807844 4808891
4812921 4813485
4814853 4815598
4819017 4819167
4820825 4821267
4831987 4833112
4834913 4835385
4836282 4836472
4837119 4837283
4837919 4838430
4840652 4840835
4842725 4842933
4843519 4844847
Salmonella_0985_Taxon018_
1 255
1192 1441
5195 5296
11029 11528
16841 16940
20300 20725
21488 21748
22767 24237
26930 33671
39437 39534
41723 41823
51667 51843
54242 54395
59485 59611
62729 63287
70413 70581
71589 71828
78018 78318
79975 80232
83526 84455
85356 85614
91123 91435
95428 95797
99665 100429
104840 104893
105496 105640
106441 106727
109286 109761
112015 112183
112703 112843
113600 114332
114837 115043
118045 118302
126461 126719
128531 128690
129542 130841
131367 131689
132197 132829
139393 139615
140745 141423
142659 142899
145940 146286
149583 149825
150443 150651
153911 154130
156065 156190
164649 164756
166385 167833
169290 169536
171242 171385
174400 174628
178246 178402
179065 179383
181502 181668
185853 185981
189108 189208
205033 205228
209794 211395
211977 212459
213933 214254
218994 219294
220263 222106
232060 234507
242556 242859
245062 245283
247031 247212
255365 256179
258793 258950
260490 260641
263507 263885
266095 266661
274050 274236
275584 275798
278197 278396
278968 279614
298444 298678
303516 303834
305175 305566
308383 308524
309949 313008
319726 319855
320496 322246
324298 324611
329236 331276
331808 332415
334611 335710
336212 336447
339893 339972
341916 342030
342672 342871
343561 343926
349245 350455
355661 359164
361760 361961
363182 363283
364572 364781
368689 369717
370235 370631
372866 373007
374485 374635
378025 378930
386771 386900
390847 392023
395298 395688
403092 404261
407433 408794
410313 410543
412692 413593
414374 415603
416146 417012
418134 418670
427710 427942
429739 429805
436998 437779
439164 440173
445336 445686
447200 448261
449451 451371
454905 455000
456880 457011
459744 461094
465356 465488
470079 470605
471549 471907
474778 475328
486733 486968
488356 488777
496245 497134
507000 507450
512717 512994
522553 523161
523740 524151
527049 527779
532131 532279
537717 541517
542915 543212
551037 551336
565847 565964
569877 571754
574079 574155
579139 579425
587983 588144
590226 590697
593372 593726
595432 595693
597889 598480
599252 600719
601770 601981
609615 609998
617232 617505
619003 619121
619625 619885
621513 622012
628192 628444
631623 632154
633212 633375
636577 636875
639497 640481
647464 648303
657760 657892
658684 658773
666508 666633
673891 675356
686067 686181
688929 689043
693664 693886
697139 697347
698863 699804
701438 701535
704887 705117
705872 705985
711827 712698
716705 716912
720821 720913
722295 723890
727168 727301
728892 729551
730604 731429
732485 732603
733421 733859
734657 734774
735556 735869
741730 742168
743536 743595
747762 748108
748889 749191
750744 750938
753196 754346
758809 759559
760106 760650
765697 766229
769127 769242
770747 771361
772338 772484
778785 778860
779657 779808
781654 782126
791195 791707
794892 795209
800750 800979
804844 805729
808256 809207
812504 812588
813182 813722
814536 815456
816116 817688
827014 827254
831103 832444
835136 835952
837610 837810
839694 840694
841223 841707
844262 844529
845611 846154
847305 847601
852919 853440
855011 855712
856489 856634
857234 860093
861425 861765
862768 862908
866119 866265
869207 869790
871071 871369
876702 876903
879103 879267
881887 882034
886869 887529
888434 888557
893937 894116
895819 896322
900084 902348
906135 906401
914464 914537
921640 922205
927657 928034
928566 930151
935718 935935
940322 940400
945730 946022
950703 951098
955281 955451
976951 978173
979459 979538
980992 982129
982702 983819
985005 985220
987388 988164
990897 991128
995965 999092
999647 1001075
1001617 1003437
1003999 1004173
1005142 1005440
1006585 1008186
1010014 1010694
1011227 1011483
1012481 1012550
1013740 1014522
1020220 1020504
1023669 1023781
1025370 1026026
1028173 1028488
1030606 1030864
1035512 1035600
1037250 1038009
1041971 1042833
1045791 1045960
1047174 1047373
1049982 1050130
1050958 1051467
1052811 1053019
1054599 1056201
1058739 1059157
1060029 1060303
1066835 1067022
1070408 1070776
1071605 1071752
1072989 1073181
1079627 1080360
1083342 1083538
1086962 1087048
1091626 1091867
1099850 1100883
1101387 1102461
1102977 1103651
1104220 1105452
1105955 1111349
1113312 1113608
1114231 1114321
1114880 1115095
1118387 1118791
1123337 1123413
1127331 1127855
1128446 1128635
1131235 1131593
1134127 1134736
1135964 1137545
1138080 1138367
1139204 1139362
1155639 1156854
1158692 1159318
1159870 1160112
1162648 1162788
1164691 1164845
1165516 1165729
1166600 1167007
1169262 1169404
1171543 1171686
1177524 1177737
1179396 1179595
1183273 1184024
1185006 1185431
1186132 1186424
1191184 1191363
1191891 1192206
1193687 1193910
1194971 1195024
1197534 1197767
1199248 1199713
1200536 1201915
1202503 1202759
1203431 1203928
1205427 1206100
1210178 1211234
1212107 1212561
1216363 1216709
1217287 1217617
1219861 1220037
1221016 1221532
1222938 1223088
1224285 1224621
1225733 1225829
1226824 1227334
1229002 1230154
1234571 1234908
1235492 1235679
1236205 1236634
1237337 1237458
1238421 1238510
1244631 1244708
1254281 1254428
1255147 1255372
1256967 1257672
1259110 1260283
1261670 1263470
1266934 1267136
1271614 1271851
1274154 1274405
1278018 1278187
1281845 1284240
1285616 1286141
1286783 1288092
1292050 1292351
1295423 1295555
1299732 1300113
1304214 1304371
1308376 1310362
1313327 1313846
1314513 1314692
1316144 1316354
1319909 1320001
1321017 1321387
1331908 1333747
1337677 1337806
1342197 1342425
1343873 1344166
1345019 1345256
1347262 1347520
1348322 1348601
1351942 1352262
1353329 1354381
1362298 1362370
1365145 1365245
1367982 1368223
1371062 1371281
1371967 1372267
1373049 1373253
1375653 1375737
1382986 1383139
1393674 1393947
1398184 1398367
1429875 1430652
1432008 1432332
1446302 1447080
1450777 1450845
1453972 1454089
1457111 1457548
1458217 1458814
1462398 1462640
1464574 1464724
1470263 1470463
1477683 1477850
1481039 1481863
1489233 1489511
1491698 1491984
1500602 1500665
1503626 1503873
1516609 1517252
1518934 1520070
1523377 1523690
1524353 1525504
1528264 1528835
1534273 1534718
1536582 1536703
1538174 1538996
1542027 1542933
1551286 1551491
1555322 1556193
1558473 1558714
1560026 1560176
1564927 1565423
1573899 1575431
1578667 1579341
1581278 1581749
1583647 1584093
1584754 1585824
1591184 1591383
1592811 1592985
1595241 1595519
1599085 1599156
1602900 1603020
1607740 1608035
1609000 1609953
1612942 1613179
1616794 1620726
1631689 1631810
1642297 1642711
1645767 1647047
1648037 1648192
1652704 1652949
1659246 1659437
1662942 1663732
1664978 1666130
1667638 1667807
1668871 1672519
1679898 1680375
1682639 1683687
1687908 1688016
1688584 1688867
1694762 1694844
1699164 1700246
1701051 1702384
1704415 1704940
1707297 1709186
1719755 1719838
1721497 1722050
1728731 1729293
1737203 1739032
1741613 1741697
1744660 1745568
1746955 1747748
1750410 1750750
1751951 1752237
1753584 1753727
1760232 1760421
1763293 1763513
1764014 1764408
1767936 1768144
1773206 1773984
1775023 1775730
1776874 1777173
1787944 1788190
1788967 1791176
1791982 1792283
1793881 1794065
1797812 1798306
1799119 1799698
1807425 1807619
1811932 1812110
1817118 1817601
1822231 1823055
1824750 1825198
1827349 1827607
1829052 1829471
1832626 1833151
1838418 1838638
1842981 1843261
1845406 1845618
1847630 1847795
1849375 1849738
1850867 1851333
1853255 1853323
1854093 1854912
1860777 1861298
1871023 1871738
1881047 1881240
1888777 1888880
1889514 1889859
1894982 1895084
1897360 1897413
1908930 1909129
1910286 1910531
1913508 1913558
1918141 1918660
1928034 1928102
1930030 1930319
1932103 1932675
1936847 1938233
1941926 1942201
1946254 1946443
1946953 1947014
1947559 1948555
1952427 1952619
1954378 1955567
1964623 1965658
1967968 1968221
1969676 1970745
1971332 1971541
1972903 1973071
1975788 1975879
1980365 1981147
1981965 1982252
1994825 1994974
1998924 1999163
2004524 2004702
2006534 2006832
2009679 2010345
2012816 2012991
2013940 2014154
2015712 2015896
2017431 2018941
2024509 2024765
2028008 2028857
2030458 2030622
2032178 2032412
2034032 2038047
2038623 2040663
2043552 2043745
2044976 2047095
2047694 2047910
2048529 2049897
2055694 2055853
2062729 2062940
2063881 2064138
2066766 2067093
2075137 2075901
2082544 2082782
2084235 2084655
2085352 2085483
2090698 2090752
2095023 2096435
2100745 2101034
2107109 2107163
2108072 2108312
2110264 2110428
2112102 2112219
2116399 2117251
2118419 2118641
2120137 2120427
2124197 2125753
2130474 2130592
2133805 2134527
2135538 2135746
2136521 2136931
2138086 2139704
2145667 2146527
2153587 2153817
2156146 2156389
2158682 2159273
2161510 2161808
2169102 2171218
2172681 2172960
2177469 2177688
2179020 2179838
2184406 2184900
2189765 2189984
2193010 2193102
2194544 2195072
2195953 2196131
2197748 2199280
2204158 2204635
2206450 2206854
2207403 2207745
2209383 2209752
2211519 2212532
2217557 2217697
2218482 2220234
2222753 2223266
2223995 2225128
2226270 2226514
2228230 2228741
2230880 2231109
2233179 2234092
2243035 2243183
2246326 2247137
2247745 2247986
2248878 2249428
2257772 2259811
2266005 2266527
2270507 2271024
2276441 2276492
2285822 2286007
2286632 2286911
2287809 2287983
2289215 2289668
2296510 2296796
2298935 2299696
2300540 2300684
2310541 2310741
2311688 2312799
2319503 2319665
2326015 2326303
2329405 2330345
2332029 2332181
2336172 2336452
2337118 2337303
2340793 2341169
2343172 2343269
2343894 2345415
2347508 2348178
2348698 2351152
2351653 2352722
2354148 2354466
2356936 2357137
2357872 2358019
2358913 2359623
2360141 2361095
2362100 2362293
2367746 2367881
2370868 2371435
2386007 2387150
2387658 2387907
2390147 2390424
2393564 2394204
2395467 2396148
2404678 2404737
2412356 2412861
2419402 2419570
2421698 2421759
2433695 2434896
2442023 2442730
2447141 2447620
2457979 2458179
2459489 2459792
2468663 2468786
2492702 2492975
2496451 2496609
2499746 2499932
2506612 2507166
2509365 2509552
2510164 2510949
2513075 2513420
2516897 2517891
2520151 2520506
2527667 2528610
2529787 2530099
2533463 2533548
2544176 2544413
2546394 2546986
2551927 2551978
2557636 2557766
2561707 2562537
2564069 2564266
2567692 2567766
2572273 2572413
2574760 2577183
2579388 2579739
2584028 2584599
2585289 2585462
2589092 2589241
2591028 2591861
2592859 2593082
2595851 2596160
2611060 2611472
2615348 2615713
2619246 2619790
2620985 2621203
2639385 2639815
2643749 2644101
2645541 2646046
2649892 2652185
2653828 2654169
2659698 2660609
2661785 2662365
2667823 2668079
2670024 2670177
2672821 2673385
2676266 2676376
2679030 2679238
2684391 2684767
2688084 2688252
2691433 2692081
2693971 2694492
2697459 2697694
2700553 2700831
2701408 2702002
2704239 2704778
2707136 2707436
2709908 2711606
2718708 2719196
2724248 2724713
2727849 2727950
2732821 2733396
2734742 2736784
2738454 2738636
2739301 2739844
2740400 2740585
2741727 2741988
2744329 2745056
2745927 2746166
2751437 2752011
2754776 2755034
2757478 2758261
2759903 2760209
2763735 2770302
2770814 2771749
2772615 2773215
2773785 2774964
2776442 2776777
2778093 2779177
2783905 2783995
2784530 2784603
2788818 2788902
2790840 2791303
2792561 2793421
2794036 2794373
2794937 2795637
2796179 2798573
2799347 2799707
2800253 2802257
2807189 2807616
2830932 2831193
2833431 2835018
2836617 2836908
2838258 2838418
2839081 2839225
2841020 2841415
2844240 2844743
2849557 2849705
2857561 2858200
2871284 2872751
2881068 2881151
2882086 2882415
2883226 2883659
2884438 2885521
2888563 2888779
2891199 2891478
2896324 2896444
2897192 2897913
2899725 2901893
2903139 2904628
2905932 2908262
2910948 2912561
2915002 2915284
2916031 2916465
2917712 2917993
2923547 2923750
2935806 2935993
2936703 2936864
2942345 2942413
2944829 2945327
2952243 2953087
2954986 2956108
2959330 2959562
2963187 2963279
2966637 2967186
2970421 2970674
2971245 2971603
2972231 2972573
2973284 2973466
2975598 2975856
2978418 2978552
2984339 2984544
2985368 2985803
2986873 2987059
2989340 2989837
2995340 2995838
3001418 3002154
3008470 3008550
3009054 3009363
3013198 3013603
3019105 3019570
3025423 3025617
3026198 3026315
3026826 3026976
3033702 3033901
3035141 3035382
3038022 3038117
3038723 3040816
3043258 3043378
3045752 3045979
3053613 3054523
3060590 3060830
3067462 3067746
3069292 3069941
3072425 3073240
3076045 3076234
3080256 3080527
3085157 3085321
3090387 3090634
3091412 3091685
3094544 3095445
3097040 3097297
3100818 3101027
3104497 3104703
3105388 3105672
3106637 3106885
3109448 3110395
3116457 3118346
3125027 3126289
3136978 3137056
3145037 3145669
3147513 3147795
3148752 3148998
3151719 3151879
3153183 3153703
3158017 3158150
3161684 3161907
3164409 3164510
3169813 3169967
3175993 3176184
3180702 3181157
3191729 3194148
3198505 3202171
3207976 3208897
3211644 3211852
3216012 3216200
3221807 3221985
3226332 3226473
3233759 3233920
3235915 3236651
3239522 3239788
3245781 3245951
3248235 3248405
3249695 3250390
3255820 3256082
3261179 3261965
3268917 3269728
3270539 3270773
3271726 3271962
3272682 3273606
3281323 3281628
3282458 3282756
3285204 3285800
3286777 3286993
3288376 3288530
3292042 3292312
3294539 3295094
3296272 3296497
3298101 3298324
3301412 3301586
3302783 3303042
3309477 3310366
3311381 3312213
3312715 3313874
3321546 3321806
3334918 3335704
3336412 3337042
3340997 3342033
3345593 3345874
3347938 3348464
3349813 3350280
3353472 3353689
3354772 3354892
3359160 3359620
3361204 3361513
3362685 3362835
3364347 3364546
3366419 3366512
3371108 3371415
3371994 3372262
3376141 3376915
3383655 3383874
3385492 3386491
3392531 3393835
3400851 3401981
3407450 3411264
3415373 3415498
3417830 3418044
3419253 3419883
3420693 3421005
3426439 3426680
3427349 3427970
3435101 3435168
3446960 3447045
3449812 3449986
3454701 3455300
3458414 3458678
3460780 3461043
3461581 3461860
3462565 3462775
3463545 3464094
3466467 3466992
3470274 3471899
3474010 3474103
3474709 3474865
3484675 3484969
3490219 3490400
3495484 3497028
3506010 3506232
3508109 3509093
3511009 3511280
3512218 3512304
3514249 3514535
3516195 3518103
3520220 3522446
3528270 3528633
3531969 3532219
3540588 3540815
3543333 3543921
3548214 3548747
3551237 3551470
3552594 3553838
3558437 3558502
3561645 3564083
3564825 3566123
3566709 3566796
3567756 3570641
3573957 3574246
3577456 3577637
3586352 3587414
3588065 3588552
3593305 3595648
3604759 3605713
3606357 3606449
3607302 3607559
3608594 3609001
3611822 3612029
3612825 3613105
3617656 3617749
3621980 3622302
3624443 3624922
3625591 3625855
3628439 3628688
3631311 3633130
3633700 3634019
3636186 3636403
3636937 3637061
3640441 3643060
3645347 3646147
3646832 3650601
3654140 3654315
3655347 3656182
3658690 3658936
3668948 3669972
3673002 3673302
3674438 3674518
3676157 3676368
3677147 3678293
3681300 3681701
3682410 3682795
3686161 3686596
3688654 3688781
3692990 3693228
3694043 3694286
3695497 3695773
3698699 3701135
3703808 3704013
3706056 3706396
3707438 3707700
3712132 3712679
3715623 3715850
3717300 3717688
3728653 3728882
3729630 3730001
3730617 3730792
3739715 3740281
3749080 3750011
3753493 3753770
3756526 3756775
3758096 3758226
3759069 3759307
3765016 3765275
3769681 3769851
3776930 3777069
3779098 3780321
3789164 3789234
3791314 3791482
3806433 3808398
3809380 3810914
3812002 3812495
3813173 3813634
3816721 3817566
3823870 3824155
3826031 3826491
3831584 3831814
3834126 3838122
3847765 3848023
3850884 3850983
3851643 3852309
3856431 3856651
3868909 3869687
3871756 3872159
3874890 3875422
3878059 3878862
3880502 3882083
3883148 3883626
3886642 3887868
3888963 3889434
3893201 3893432
3894815 3895354
3898214 3898359
3902860 3902946
3907730 3907976
3914235 3914519
3921305 3921974
3923965 3924139
3925230 3925425
3928232 3928980
3929718 3929885
3932446 3932943
3936337 3936534
3939710 3939802
3940937 3941235
3951536 3952019
3953562 3953788
3961080 3962863
3965527 3966048
3966769 3967644
3972357 3972935
3973873 3973997
3977325 3977649
3989162 3989334
3989931 3990166
3996103 3996402
4001985 4002157
4002715 4002927
4003589 4004021
4012577 4012928
4013626 4014296
4014873 4018575
4019796 4020643
4023309 4023421
4024338 4024793
4027023 4027556
4029482 4029696
4035286 4036060
4040106 4040362
4041066 4041877
4044378 4045575
4053739 4054031
4054628 4054995
4056753 4057095
4057598 4057885
4059030 4059204
4069495 4069674
4073642 4073871
4077745 4079250
4080920 4081171
4081759 4084937
4088014 4088277
4091891 4092047
4096007 4096876
4100480 4100594
4106468 4106985
4109172 4110679
4112408 4112652
4114706 4115082
4115802 4116475
4117486 4119392
4120016 4120382
4128264 4128516
4129273 4129465
4136021 4137426
4140573 4141561
4145941 4146158
4147659 4147891
4149555 4149836
4151694 4152801
4155592 4156099
4158750 4159652
4160907 4161197
4161795 4162024
4163782 4165084
4171113 4173473
4174619 4175028
4175767 4176362
4178605 4179637
4180757 4181281
4182088 4183883
4185265 4185410
4187405 4187847
4195790 4199831
4200338 4202286
4205495 4205701
4209050 4209259
4210808 4211825
4223784 4224057
4229981 4230176
4233342 4233818
4244876 4245166
4248758 4248903
4251818 4252060
4258873 4259057
4261353 4262760
4265212 4265290
4273391 4273717
4279411 4279479
4280228 4280318
4281013 4282539
4283449 4284153
4285271 4285363
4286465 4286685
4289386 4289460
4293682 4293852
4295289 4295455
4296991 4298214
4301418 4302244
4310044 4310198
4312567 4312824
4316377 4316557
4319410 4320401
4324663 4326178
4328443 4328702
4329504 4329744
4332910 4334334
4335200 4335471
4340504 4340713
4343853 4344963
4347527 4347807
4350865 4351893
4357629 4357907
4358434 4358628
4361643 4361910
4362491 4362939
4365766 4367352
4370566 4372368
4376051 4376311
4377489 4377744
4380593 4381161
4383824 4384106
4385495 4385728
4388148 4388569
4390425 4390892
4393136 4393192
4398973 4399679
4400182 4400351
4403629 4403862
4410792 4411380
4411972 4412190
4413443 4414067
4418961 4419599
4420176 4422787
4423473 4423754
4424954 4425346
4431776 4432044
4435592 4435851
4442825 4442969
4448501 4450893
4451398 4451676
4454517 4454654
4456253 4456632
4457290 4457382
4459335 4460838
4461436 4463192
4463740 4464806
4466137 4467489
4479051 4479135
4479873 4480193
4480794 4481398
4482689 4482888
4486793 4487345
4488073 4488666
4489610 4489749
4496047 4496359
4497980 4498130
4498800 4498886
4499448 4500340
4502817 4503112
4515025 4515907
4520046 4520852
4521402 4521462
4523529 4523743
4529982 4530525
4534340 4535296
4538442 4538520
4542375 4542674
4544169 4545110
4547880 4547996
4552032 4552192
4556643 4556942
4559545 4559894
4560429 4560493
4561875 4562590
4563972 4564384
4567628 4567735
4574381 4574721
4577903 4578792
4581248 4581694
4583799 4583966
4586852 4587415
4590886 4591121
4593326 4594950
4596667 4596845
4603618 4604293
4610765 4610975
4615501 4616123
4624876 4625122
4626252 4626780
4628546 4628847
4632130 4632356
4634651 4635772
4646555 4647245
4650768 4651220
4652524 4652964
4654438 4656487
4659764 4659986
4663509 4663944
4665418 4665649
4673368 4673476
4676805 4676953
4680099 4683927
4685328 4685812
4686676 4687216
4687858 4688768
4698589 4699212
4702539 4702792
4711145 4711388
4728294 4729070
4730287 4730669
4734445 4734603
4735154 4735316
4739738 4742207
4743767 4744303
4747491 4747581
4749960 4750047
4752234 4752471
4755600 4756911
4757959 4758516
4764848 4764982
4765571 4765709
4770279 4770331
4770905 4770993
4774822 4775628
4776607 4777281
4780960 4781200
4787362 4787628
4801669 4801838
4805961 4806451
4808652 4808891
4819017 4819167
4820825 4821267
4824292 4824981
4832730 4833112
4834913 4835385
4836282 4836472
4837119 4837283
4837919 4838430
4840652 4840835
4841482 4841833
4842536 4842933
4843519 4843774
4845540 4846723
