Ecoli_ancestor_Ancestor_
85416 92568
198333 198402
226574 227950
229631 236047
244266 246450
284471 291555
294857 294967
377695 382748
415707 423786
424292 424450
553408 555578
643910 649400
803128 803497
815192 815693
816266 823489
824212 828413
908275 910310
922829 926008
933256 938097
938769 944521
968023 969537
1013196 1013743
1014294 1017181
1034931 1040497
1125129 1125758
1152015 1158849
1161951 1167551
1209738 1218829
1224163 1225193
1229474 1233070
1304584 1305739
1404542 1407899
1459519 1460549
1550141 1560377
1592758 1594309
1859036 1859950
1861203 1866809
2074631 2076476
2277290 2278599
2290568 2301738
2393897 2396561
2410207 2420900
2488003 2489190
2518408 2521729
2524030 2526272
2552082 2556310
2593837 2605944
2939390 2941974
2957543 2959695
3054365 3061720
3064064 3110812
3124717 3124780
3129204 3132427
3132976 3136645
3160284 3163689
3164190 3168605
3191987 3196953
3290166 3291196
3299059 3300869
3301559 3323524
3489240 3490584
3491251 3493785
3500928 3502282
3502784 3503794
3540310 3550556
3564425 3572375
3851926 3857843
3859202 3865192
3900109 3903844
3978076 3979087
4015128 4016158
4020212 4024916
4025430 4066149
4187830 4206552
4208348 4212482
4241027 4252144
4252678 4254369
4271873 4278810
4299458 4311586
4313856 4316794
4327328 4332841
4361854 4367124
4536297 4542350
4641476 4641652
