Escherichia_coli_O157_H7_EDL933_ancestor
1 294
3745 4261
4858 6566
8679 8811
9315 9440
10732 10795
12710 13135
15289 15550
16110 16683
18059 18427
21346 21471
23854 24205
26258 26443
27701 28783
31459 31971
32592 32835
33785 34174
37833 38049
40014 40547
41868 43435
44625 44760
45994 46597
49663 50436
51503 51796
52396 52457
55846 56023
57827 58177
61760 62316
62911 63779
64781 65120
65798 66093
66646 67429
69681 70146
71461 71596
75048 75578
77613 78062
81219 81869
82634 83829
85293 86124
86838 87263
87948 88039
89053 89249
89884 90399
93165 93304
95085 95356
96664 97234
100211 100469
101066 102469
104408 104513
105962 106407
108242 109239
111595 113898
115365 115917
116488 116786
117977 118939
121041 122121
123155 126147
126734 127022
127647 128132
129633 129737
130725 131085
132992 134163
134872 135146
137529 137784
143065 143480
144702 145405
147445 147987
149994 150145
150799 151063
151864 152104
152708 153289
154719 156523
160146 160852
162192 162385
163913 165324
166544 168366
169683 170802
171606 171818
175011 175160
176174 176548
178803 181865
183508 184544
185829 187071
187656 188406
189816 190562
191138 191572
195083 195651
196493 196919
197518 197976
198584 198692
201490 202616
205226 208259
208778 209212
209758 210367
211922 212300
214028 214900
216814 216889
218241 218908
222030 223019
224184 225057
225924 234557
236205 236955
237695 238070
240989 241092
242049 242388
243816 243907
245461 245647
246373 246539
247412 248141
251858 252877
253510 254151
254959 255723
256957 257048
257604 257771
258345 258394
259192 260168
260966 262933
264747 264972
268442 268846
269517 269759
270445 271127
272713 274266
274923 275340
280585 281287
283622 283825
284356 284420
285732 286425
287084 287837
288370 288667
289323 289490
291075 291488
293911 294482
295938 296425
297036 297654
298972 299048
300434 300892
302953 305378
305986 307942
310715 311681
312644 313503
315563 315679
320575 320765
326633 327300
328206 328536
329252 329569
330284 330453
331159 331565
332272 332357
335602 335721
336600 336742
337483 338187
340067 340196
341277 341596
342125 343066
344137 344564
345219 347767
350258 350465
351039 351108
352253 352467
355935 357437
359079 359706
361334 363042
365050 365121
368607 369030
370132 370672
371287 371546
373812 373929
374669 375853
379160 380085
382055 382123
382906 383175
384397 384648
385333 385407
385989 386462
389041 389384
390346 390466
391378 392891
393740 394388
394916 395961
397379 397888
400171 400936
403157 404970
406970 409738
411087 411308
413367 413757
417691 418032
419460 419748
422460 422840
426288 426731
427251 427477
428385 428440
432412 433409
434115 434502
435070 437741
439438 440400
441678 442014
443636 445221
446580 446699
447953 448158
449612 449842
450970 451175
452261 452498
452999 453279
454123 454354
455131 457511
458328 458722
461058 461287
463189 463603
464980 466011
467080 467305
468636 468847
471707 472121
472754 473287
476027 476185
476714 477000
477756 477981
480173 480316
482321 482572
484750 484986
485851 486350
489386 489543
490090 490401
490964 492539
493202 493451
496120 496923
498398 499500
503745 504667
506674 507201
508383 508552
509088 509285
510415 510668
511187 511469
512510 512726
513333 513515
514099 514432
515804 516534
519748 520255
521150 523357
524795 524974
525504 526628
527165 527344
531556 532008
534833 538134
540698 540866
544922 545215
549338 551294
552286 552824
553661 553853
555551 556114
558858 559136
560033 561165
561698 561800
568850 569030
571974 574490
576268 576874
581331 581661
582792 583557
584818 586096
586872 586964
587763 588060
588698 589053
589741 589875
590969 591761
592262 593020
593674 593857
594522 594625
595894 596504
598675 598946
599736 600832
603867 604027
606499 606775
607395 608584
609237 609349
610054 610657
611789 613739
614270 614649
615206 615895
616566 616828
617680 619590
620195 620603
622728 623964
625079 625803
628194 630203
632218 633058
634764 638474
643121 643740
644684 644833
648323 648557
649969 650170
652740 652880
653411 654031
655352 655545
656269 656871
657374 658242
663927 665941
667058 667365
668650 668903
669689 672242
673709 673929
674462 674723
675442 675540
676321 676494
677513 678085
678900 679658
681050 682361
684079 684848
687155 687629
689662 689962
691654 691894
693090 694036
695189 697179
699944 700795
701439 702087
705855 706678
709725 711604
714994 716117
716641 716958
718323 718706
719275 719597
720381 720674
726402 726481
727182 727330
727835 728098
728915 729588
730457 730635
732245 732389
733853 734237
734824 734878
740861 741130
742103 742377
743286 744811
745466 745535
746685 747177
748975 749124
752291 753255
754276 755656
757360 758173
760913 761114
763202 763292
765582 766440
769691 769876
771100 771389
773958 774839
776281 777143
777655 777899
779148 779253
779795 779990
782986 783273
787847 788117
791335 791606
792772 793069
793928 794041
794724 794962
796736 797454
798412 799123
801339 801921
802604 803964
807281 811497
812938 815187
816763 817200
818033 818162
818688 818944
819485 822619
823535 824056
830450 830593
831530 831622
832592 832950
833462 834760
835478 835941
837540 838231
838996 840146
841049 842236
843447 843846
846429 847125
848680 848773
849518 850202
851746 851911
855792 856762
857466 857899
859568 860348
861124 862489
863453 864851
865863 866384
868459 868765
869349 869643
870499 870588
871669 872417
874625 874760
876557 876680
877749 877944
880929 881889
882438 883088
883680 883888
885789 886029
886718 886933
887976 888350
889683 890185
891192 891750
893236 894125
895369 898304
898858 899112
900381 900832
901468 901748
903227 903470
905983 906373
912309 912578
913789 914033
915097 915729
918437 918570
919335 919594
920162 921361
921959 923090
923754 924624
925362 925414
926424 926667
927255 927325
927975 929684
930675 931186
936487 938573
939274 939989
941065 941203
941776 942143
942680 942770
944060 944296
944994 945127
946807 947129
950504 951093
951966 952032
955308 956472
964446 966689
969122 969636
972272 972790
973852 974039
974570 975516
976487 976635
979679 980368
982635 982835
984078 986045
987488 987568
988323 988430
989643 990301
991310 991929
992641 992860
993629 993876
994518 994810
996133 996912
997670 999336
1000092 1000381
1000965 1001210
1005349 1005536
1010274 1011054
1011922 1013997
1016637 1017821
1019894 1020188
1020699 1020780
1022004 1022794
1023434 1023593
1026829 1026889
1027819 1028073
1035383 1035769
1036312 1036764
1037273 1038094
1040785 1040960
1042538 1043184
1044028 1044182
1045784 1046514
1048511 1049075
1050549 1050712
1052066 1052449
1052987 1053213
1054885 1055402
1056359 1058438
1058993 1059203
1059789 1060170
1061351 1064363
1064876 1065929
1066532 1074604
1075212 1084148
1084732 1099182
1099799 1100706
1101262 1106724
1107293 1110204
1111205 1111341
1111972 1114505
1115232 1119896
1121066 1124221
1124779 1126114
1126908 1128928
1129765 1132448
1132987 1138919
1139866 1144526
1147457 1147915
1149173 1151256
1153424 1153549
1159821 1160901
1162339 1163045
1163907 1164148
1164985 1165071
1166649 1166840
1172202 1172487
1175122 1175366
1180034 1180264
1181416 1181565
1183003 1183237
1184210 1184509
1185982 1186448
1186955 1187451
1188310 1188419
1191839 1192825
1194477 1194695
1195716 1196113
1197010 1197369
1200249 1200474
1201443 1201921
1203320 1203430
1205440 1206586
1208036 1208185
1208880 1210327
1211133 1211754
1212877 1213256
1214139 1215731
1217358 1217647
1221701 1221806
1224038 1224881
1225799 1226106
1226638 1227157
1228528 1228763
1230911 1231198
1231993 1232045
1232809 1233168
1236397 1236643
1238021 1239533
1240043 1240507
1241037 1241386
1242081 1242844
1244084 1244737
1246119 1247705
1249729 1250161
1251442 1254424
1257248 1257427
1258122 1258570
1259657 1260087
1261245 1263936
1264654 1265217
1265971 1266306
1266925 1270895
1271403 1272142
1274266 1278447
1279456 1279599
1280344 1292373
1293807 1297662
1299409 1299860
1302811 1302912
1304822 1305217
1306250 1306631
1308817 1309725
1312907 1313069
1313721 1314083
1322123 1322536
1324033 1324567
1325892 1326768
1327331 1327626
1329402 1330414
1331911 1332392
1333735 1334641
1336112 1336299
1338141 1340295
1340854 1342027
1343215 1344157
1346613 1350040
1352489 1352609
1353167 1353480
1355379 1355805
1357187 1361701
1362305 1362429
1365080 1365474
1366118 1366453
1369082 1369391
1370471 1370560
1371746 1372216
1372966 1373475
1374149 1374286
1377642 1378014
1379482 1380418
1381008 1381689
1382827 1384851
1388272 1388480
1389095 1389501
1391053 1392237
1393055 1394165
1398182 1398474
1400067 1400535
1402509 1403342
1403906 1404376
1407047 1407416
1408186 1409109
1409959 1410331
1412009 1412639
1416844 1417320
1419448 1421281
1424873 1425027
1425745 1425976
1426836 1427195
1429599 1429759
1431316 1431783
1433905 1434869
1435580 1436849
1438045 1438345
1441779 1442117
1442738 1442897
1444053 1444192
1445199 1445294
1446636 1447276
1447815 1449657
1451853 1452073
1452879 1453118
1457021 1471648
1472890 1473682
1474323 1474983
1475516 1478627
1479150 1479477
1480878 1489488
1490017 1492606
1493172 1495284
1495946 1498131
1498870 1501725
1502258 1503140
1503805 1505610
1506242 1530940
1531738 1534369
1535206 1536450
1537030 1544926
1547689 1548046
1548705 1549083
1550204 1551166
1552268 1553167
1553881 1554043
1554945 1555709
1556463 1557171
1559695 1559762
1560994 1561190
1562368 1562639
1565586 1565764
1569695 1570862
1572039 1574075
1576777 1576924
1589548 1589743
1591530 1593160
1594287 1594621
1595589 1595711
1599803 1600098
1602412 1602588
1603206 1603710
1606790 1608403
1610031 1610359
1612930 1613690
1618780 1618877
1621552 1622352
1623380 1623611
1624856 1625167
1626689 1627127
1630509 1631057
1631661 1631738
1632728 1634087
1634632 1635304
1637711 1641459
1642039 1642799
1645613 1658672
1659197 1661875
1663317 1664438
1665568 1665826
1674691 1675116
1675727 1676011
1676760 1677546
1678134 1678321
1679367 1679894
1682573 1682687
1684274 1685835
1686462 1686685
1687707 1688222
1688927 1689343
1690741 1690896
1692894 1694116
1695334 1697387
1697974 1698507
1699830 1700303
1703371 1703688
1705589 1706865
1709210 1709277
1711660 1712777
1713400 1713596
1714909 1715480
1716872 1717935
1718501 1722760
1724327 1724547
1725209 1725823
1727076 1727337
1728836 1731618
1732417 1732539
1733798 1735239
1736029 1736242
1738015 1738270
1739562 1739827
1741960 1744720
1745238 1745308
1747124 1749989
1750522 1750651
1755081 1755692
1756214 1756586
1757262 1757453
1757958 1758234
1759323 1759700
1761451 1761665
1762406 1762485
1763036 1763265
1765905 1766082
1767025 1767164
1767935 1768565
1769119 1770035
1770749 1772328
1773846 1774017
1776440 1776579
1777403 1777489
1778827 1779584
1784010 1785810
1786617 1786692
1792144 1792339
1792845 1793778
1795488 1796092
1797377 1797504
1798922 1799100
1799751 1799858
1803916 1804651
1805299 1805587
1806150 1806246
1808154 1808415
1809817 1810590
1811100 1813483
1814002 1814062
1817753 1818134
1820251 1821290
1822522 1822682
1825961 1826507
1833743 1834437
1837233 1837474
1838930 1839181
1842213 1847133
1847787 1849398
1850765 1851638
1853831 1854561
1855117 1855298
1856049 1857892
1859042 1878972
1879557 1881849
1882356 1882637
1883242 1885421
1886004 1886203
1886899 1887566
1888234 1890634
1891295 1894420
1895051 1895759
1896919 1898651
1900887 1902306
1902831 1903857
1904592 1913560
1914729 1918514
1919341 1920850
1921589 1921793
1922514 1935119
1935647 1937811
1938321 1938795
1942226 1942775
1946522 1946991
1948533 1949829
1950565 1950841
1952428 1952478
1957269 1958087
1958716 1958809
1960360 1960806
1961467 1962669
1964769 1964909
1966644 1966929
1968148 1968422
1973087 1975136
1977726 1977976
1978650 1978733
1980933 1981387
1983270 1984247
1986138 1986312
1987818 1988563
1990028 1990149
1990743 1991107
1992102 1992437
1993785 1995026
1996385 1998048
1999014 1999385
1999914 2000166
2001171 2001573
2002274 2004023
2004635 2006149
2010050 2010601
2013158 2013661
2014289 2015019
2016881 2017157
2019048 2019361
2021349 2021501
2025670 2027688
2031918 2032906
2035060 2036135
2038031 2039008
2043396 2044752
2045459 2045935
2046839 2049705
2052523 2052770
2054236 2055394
2056356 2057120
2059168 2059984
2061711 2062101
2063171 2064120
2064766 2065163
2069040 2070079
2070689 2071797
2073488 2073615
2074163 2074433
2078811 2079223
2079978 2080046
2081700 2083063
2084261 2086284
2088059 2088612
2091523 2091661
2092303 2092527
2094671 2094854
2096998 2097480
2098729 2098820
2099322 2099542
2100050 2100336
2102950 2103222
2104055 2104285
2106690 2107339
2108335 2108958
2110524 2111524
2112249 2112403
2114239 2114682
2116901 2117661
2118181 2118504
2119373 2119585
2122565 2123104
2123680 2124692
2125200 2125570
2126132 2127685
2128301 2129245
2129857 2133447
2134523 2141628
2142604 2148986
2149605 2149774
2155385 2155891
2158388 2158670
2159332 2160469
2164506 2164946
2167549 2167761
2170249 2171819
2173325 2173820
2177591 2177839
2178894 2182222
2188098 2190893
2193855 2194951
2197439 2197792
2198652 2200237
2200836 2201792
2203701 2204186
2204711 2204953
2206879 2207841
2208537 2209964
2212602 2215305
2216029 2216901
2217599 2217785
2218608 2219755
2222931 2224439
2225553 2225764
2226874 2227016
2230129 2230221
2233351 2233600
2234116 2234351
2235567 2236709
2238222 2238665
2239390 2240079
2240764 2242906
2244978 2246550
2247245 2247457
2249494 2254228
2258838 2259517
2261801 2262076
2265947 2266354
2268634 2269173
2270409 2270746
2272579 2272956
2278078 2278322
2281458 2282168
2285426 2285479
2286972 2289129
2289838 2290245
2291798 2292065
2294984 2295337
2295929 2296740
2298370 2301268
2301961 2305214
2306034 2338687
2339219 2340851
2342945 2346109
2346654 2348226
2351320 2351761
2352400 2353431
2355908 2356063
2356642 2357032
2358040 2358718
2359430 2359626
2360924 2361131
2362412 2365703
2366648 2367385
2368419 2368632
2371882 2372985
2374379 2374766
2376466 2376967
2379029 2379881
2380665 2381118
2381650 2381946
2384180 2384334
2384930 2385208
2386194 2388865
2390482 2390657
2391740 2391975
2394225 2395752
2396264 2396666
2397254 2397457
2397971 2398215
2398745 2400473
2403747 2403970
2404756 2405680
2409798 2410229
2413288 2414033
2414878 2417513
2418936 2419247
2420347 2420953
2423210 2425911
2427371 2427552
2428711 2428932
2429715 2429990
2433118 2433823
2434551 2434611
2435416 2435536
2436334 2437889
2438870 2438985
2441233 2441753
2442292 2442533
2446564 2446841
2447914 2448150
2449978 2450273
2454184 2454433
2455309 2456173
2457880 2458362
2459868 2461633
2462195 2462803
2467545 2467624
2470752 2471046
2471573 2471731
2472851 2473447
2476377 2476883
2477704 2477965
2479370 2480077
2481136 2483359
2483926 2484411
2487094 2488764
2492003 2492200
2494921 2495078
2496138 2496417
2497947 2498109
2499368 2499959
2500719 2500794
2502572 2503137
2505853 2506102
2506608 2507611
2508719 2509765
2511383 2514129
2514735 2517246
2519957 2521278
2522362 2524325
2526297 2526600
2527546 2529780
2530917 2531321
2531910 2532467
2533116 2534537
2535912 2536521
2538151 2538380
2539146 2539661
2540605 2540820
2542944 2543025
2544253 2544474
2545148 2545536
2547154 2547956
2548532 2549856
2551210 2551518
2553251 2553338
2554013 2554096
2554772 2555333
2561487 2561677
2562361 2563050
2565897 2566720
2567705 2569056
2569901 2571146
2572581 2573271
2576649 2576698
2577335 2577510
2578053 2578135
2588979 2589073
2589931 2590012
2591330 2591665
2593662 2593909
2594796 2595394
2597728 2599080
2605702 2606596
2608080 2608595
2610366 2611779
2612485 2613548
2614156 2614930
2615457 2615692
2619280 2619581
2620611 2622442
2623549 2623863
2624752 2625676
2627551 2628288
2630008 2630139
2631435 2631501
2633646 2635730
2641138 2641889
2643033 2643706
2647169 2647427
2649404 2650150
2650883 2651359
2652067 2652772
2653397 2653942
2654825 2655001
2657099 2657515
2660666 2660942
2661666 2661914
2662956 2663320
2663935 2664591
2665470 2665670
2667141 2667434
2669277 2670262
2673935 2674084
2675975 2676317
2677467 2677789
2680321 2681041
2682236 2682639
2686661 2686937
2689227 2690586
2691120 2691813
2694599 2698956
2699626 2700283
2700791 2701297
2706804 2707830
2708548 2709058
2712675 2715669
2718585 2719026
2719935 2720103
2720654 2720818
2721481 2722604
2724363 2724564
2726645 2726814
2728949 2729718
2731030 2731611
2733722 2734379
2736291 2737129
2737802 2738639
2739532 2739728
2740966 2741506
2742181 2743301
2743984 2744594
2748976 2749250
2750554 2750777
2755193 2755427
2756531 2756731
2758370 2758521
2760996 2761560
2762328 2762690
2763367 2768361
2768862 2774930
2775662 2776240
2777077 2785781
2786312 2786527
2787166 2794281
2794875 2795038
2797711 2797997
2798672 2800147
2800909 2800967
2802154 2802323
2803203 2805584
2806126 2806837
2807863 2808367
2809854 2810219
2810931 2811029
2812991 2813123
2814091 2814666
2816023 2816079
2817928 2818257
2822174 2823706
2824398 2826796
2827491 2827784
2829380 2832622
2834143 2834382
2835454 2835560
2836068 2838220
2843586 2843782
2845248 2845761
2846553 2846910
2847447 2848477
2851177 2851514
2852088 2852723
2854924 2855921
2857253 2857443
2858044 2858170
2859032 2859404
2859998 2860192
2862753 2863248
2864062 2865353
2870640 2871114
2874933 2875254
2876104 2877585
2878751 2879081
2880873 2881574
2882094 2882371
2885487 2885843
2886693 2887350
2888834 2889699
2894602 2894897
2896114 2896463
2896968 2897325
2898519 2898591
2900494 2900939
2903010 2903256
2906591 2906980
2909122 2909317
2913353 2913747
2916651 2916709
2917278 2917725
2918525 2918870
2920176 2920444
2923537 2923660
2925265 2925685
2927454 2928226
2928754 2931537
2932146 2932895
2933857 2934953
2935659 2935744
2936416 2937884
2938600 2938740
2940394 2943180
2946138 2946868
2948588 2950741
2951795 2952362
2953001 2953537
2955360 2955899
2959852 2961051
2964364 2964860
2965376 2965549
2966860 2966945
2968643 2969029
2971469 2973135
2974644 2974792
2975517 2976272
2977944 2980628
2982065 2982595
2984409 2984514
2985143 2986984
2987488 2990228
2990952 2992762
2993292 2995193
2996653 2998448
2999202 2999296
3000098 3001732
3002373 3002563
3003179 3004654
3005632 3005899
3006460 3006738
3007721 3010893
3011471 3012759
3014193 3015536
3017297 3017980
3018558 3018792
3019592 3019967
3021318 3021400
3022923 3028405
3029228 3029615
3032498 3033642
3034452 3035171
3039642 3039865
3043534 3044099
3047036 3047443
3048137 3048827
3049575 3049884
3050482 3050758
3051529 3052655
3053888 3053979
3058269 3058491
3059089 3059510
3060979 3061058
3062261 3062510
3063405 3063467
3065450 3065668
3076151 3078884
3079412 3080287
3083362 3083735
3084341 3084676
3086850 3087046
3088439 3089060
3091515 3091847
3093196 3093443
3096000 3096336
3097183 3097643
3098619 3099119
3099735 3100721
3101290 3102530
3103572 3105666
3111152 3111491
3114343 3115386
3120067 3120548
3121072 3121412
3124108 3124460
3126904 3131184
3134066 3134525
3135088 3135789
3136306 3136993
3137789 3138150
3139179 3141208
3142155 3142297
3144217 3144296
3145299 3145558
3146174 3147808
3148887 3149143
3152676 3153485
3157642 3158109
3158869 3159444
3160769 3161854
3162396 3163262
3163844 3164284
3164895 3166208
3166722 3166845
3167547 3168107
3172339 3173308
3180786 3181088
3184127 3184505
3190291 3190462
3192362 3193475
3199354 3200768
3201360 3202138
3202887 3203819
3206103 3206450
3208379 3209164
3210538 3210786
3211360 3212446
3214616 3214852
3216438 3216710
3218615 3220726
3221428 3221557
3222200 3222815
3224200 3224405
3227650 3227721
3228827 3228981
3230531 3230670
3232928 3234909
3236822 3237120
3242758 3243094
3244057 3244382
3247728 3248360
3249242 3249717
3254965 3255259
3256142 3256738
3259178 3259679
3260420 3260790
3264118 3266392
3266977 3267222
3267796 3267890
3269563 3270011
3270816 3270921
3272597 3273010
3273882 3274155
3274935 3275200
3277212 3277574
3278660 3279355
3285875 3286237
3293936 3294890
3295932 3296146
3296811 3297472
3298600 3298977
3299842 3300760
3305568 3305637
3307951 3308064
3309316 3309777
3310556 3313081
3315481 3316085
3319156 3319511
3320230 3320505
3321212 3321365
3322915 3323192
3323833 3324004
3324886 3325556
3326135 3327665
3332367 3332604
3333487 3333657
3335929 3336473
3337844 3337932
3339954 3340250
3340804 3342622
3343713 3344457
3345052 3345673
3346487 3347085
3347838 3348363
3348933 3349244
3353286 3353447
3354012 3354425
3355243 3355442
3360969 3361193
3361797 3362768
3363759 3364157
3364801 3367974
3373871 3374280
3374845 3375402
3376684 3377033
3378466 3378569
3380078 3381560
3382395 3382582
3383135 3383595
3385116 3385668
3386710 3387586
3390497 3390604
3391159 3391316
3398462 3398641
3399144 3399265
3400440 3400661
3401533 3402083
3404824 3405511
3406783 3406857
3408206 3408276
3410785 3411253
3414901 3415179
3418446 3419697
3422636 3423210
3423859 3424158
3426912 3428747
3433889 3434507
3435050 3435689
3436380 3436528
3438428 3438978
3443330 3443550
3444085 3445431
3446055 3446992
3448539 3448906
3449791 3450663
3451516 3453683
3455549 3455782
3456371 3456608
3458217 3458919
3459827 3460217
3460719 3462043
3465513 3466195
3469215 3471062
3473630 3474479
3476731 3476926
3479706 3480529
3481459 3481509
3482226 3482448
3483678 3483953
3484500 3485959
3487666 3488237
3488876 3490312
3492836 3493297
3493891 3493982
3496253 3496440
3497739 3499456
3500153 3500743
3503774 3504478
3505466 3506672
3512423 3512807
3513796 3515026
3515661 3515846
3520320 3520560
3521135 3521267
3523276 3524437
3525016 3525294
3528498 3529007
3532267 3532526
3534849 3535176
3535692 3536240
3538050 3538704
3539964 3540235
3540990 3542291
3544675 3544922
3548563 3548809
3550254 3555209
3555775 3556263
3557398 3557575
3558373 3559697
3561096 3561504
3564706 3565279
3566083 3575045
3576130 3576451
3577016 3578831
3581853 3582774
3583557 3583826
3586417 3586776
3588052 3588437
3594192 3594678
3596921 3597430
3599353 3600150
3601186 3601293
3601856 3602599
3603546 3605828
3610499 3611216
3613866 3614820
3619731 3620578
3621286 3622251
3623587 3624626
3625428 3625677
3627296 3627469
3628352 3628733
3630969 3632107
3633237 3633389
3636408 3637188
3638725 3638808
3639321 3639577
3640733 3640979
3642443 3643280
3644159 3644640
3645147 3645284
3647823 3648457
3650235 3650582
3653454 3654011
3655154 3658317
3659671 3661945
3662480 3662694
3663728 3664252
3665556 3666435
3669255 3669350
3670090 3670577
3672042 3672547
3675416 3675746
3677427 3677668
3680081 3680630
3686396 3687568
3688450 3689848
3690846 3690921
3691771 3692458
3692991 3693255
3694515 3694795
3696444 3696631
3698141 3698710
3699381 3699632
3703407 3703634
3708812 3709228
3709882 3710409
3711984 3712809
3713406 3713535
3715118 3715271
3718380 3718823
3720150 3720919
3725406 3725599
3726850 3727702
3729798 3730755
3731608 3731895
3732642 3732743
3736283 3737623
3739536 3740968
3742271 3742420
3743921 3744202
3745896 3746076
3746615 3746718
3747358 3748648
3749153 3749363
3749873 3750450
3754016 3754250
3757416 3757807
3759777 3759956
3760502 3760665
3761701 3761930
3762443 3762774
3763477 3763588
3764108 3764521
3765465 3765682
3768238 3768761
3769691 3770475
3771721 3772676
3773511 3773688
3778184 3778498
3779403 3779819
3780918 3782040
3783354 3784068
3784803 3784963
3789916 3791507
3792138 3792311
3792985 3793062
3793869 3793956
3797328 3797402
3798045 3799546
3801005 3801221
3802557 3802683
3807616 3807909
3811194 3811505
3812080 3813309
3814030 3814324
3815604 3815820
3819210 3819830
3820932 3821615
3822241 3822605
3825555 3826649
3828791 3829025
3829642 3830037
3830797 3831071
3831913 3832977
3833812 3834027
3835283 3836007
3838430 3839106
3840304 3841310
3842097 3842168
3844233 3845387
3845963 3846230
3848279 3848377
3849569 3849823
3850739 3850961
3852421 3852665
3853327 3853384
3854157 3854209
3855341 3855549
3857656 3859231
3859801 3860363
3865709 3866532
3867244 3868272
3872756 3872920
3874330 3874867
3875396 3876183
3877259 3877345
3880661 3880857
3882732 3883108
3883894 3884266
3884785 3884868
3885540 3885760
3887154 3887228
3890109 3890800
3891451 3891608
3895747 3896321
3897957 3898214
3898863 3899382
3901373 3901720
3902332 3902890
3903573 3904035
3904730 3906177
3906706 3907137
3908970 3909691
3914205 3914273
3915767 3915949
3917191 3917366
3918162 3920738
3921263 3921521
3922819 3923526
3929345 3930139
3934174 3934739
3936014 3937073
3939064 3939388
3940582 3942145
3943766 3944050
3946644 3947000
3947792 3950260
3952307 3953037
3954469 3955048
3956889 3963416
3964080 3964878
3965543 3965632
3969084 3969378
3970534 3972705
3973340 3973735
3978026 3978367
3978964 3980524
3984572 3985969
3988773 3988856
3991171 3991303
3993043 3993094
3993771 3994079
3995165 3995464
3996068 3996422
3997330 3998023
4000038 4002016
4003112 4004390
4004939 4005061
4005572 4006128
4007110 4007837
4009783 4010409
4012602 4012760
4015953 4016087
4020050 4021166
4021993 4022766
4025586 4025830
4026913 4027140
4028535 4028835
4030198 4031429
4032640 4032996
4034098 4034336
4034886 4035034
4035578 4035942
4036762 4037068
4040184 4040414
4042064 4042152
4043443 4043751
4044865 4045014
4045690 4046270
4046870 4047402
4048153 4048221
4049623 4049688
4051589 4054143
4054908 4055630
4057228 4059885
4061555 4062205
4063241 4064342
4065977 4066455
4067032 4067315
4075960 4076256
4076788 4076913
4077622 4079511
4082894 4083213
4084027 4084221
4085402 4085478
4088169 4088368
4090664 4091267
4092278 4092687
4095610 4095802
4096465 4096967
4097471 4097659
4098540 4099170
4101551 4101933
4102961 4103337
4105962 4106346
4109494 4109644
4110513 4110661
4115508 4115610
4117427 4118793
4121093 4122565
4123269 4123979
4129106 4129332
4131803 4132131
4132727 4133028
4134201 4134528
4136625 4136816
4138621 4138845
4139537 4140364
4142292 4142620
4144151 4144604
4147832 4148393
4149513 4149747
4150268 4152205
4153522 4153806
4154404 4154694
4155914 4156109
4156896 4157432
4165491 4165737
4171368 4171475
4173448 4174301
4174807 4174982
4181331 4181499
4183281 4185296
4185926 4187313
4187999 4188631
4190001 4190634
4192961 4193380
4193990 4194137
4195706 4196894
4197516 4197795
4204969 4206158
4208741 4209693
4210295 4210782
4211322 4211466
4215110 4216117
4216824 4217033
4217671 4218302
4219619 4220716
4221979 4222978
4223870 4223949
4226868 4227894
4232252 4232349
4234658 4234728
4235456 4235763
4237738 4237831
4239912 4240038
4241796 4241854
4244395 4244596
4246291 4252251
4253973 4254882
4255905 4256718
4258306 4258743
4260234 4260852
4262182 4262327
4262880 4263823
4264344 4264545
4265334 4265508
4266393 4266516
4267116 4267299
4268803 4269348
4270327 4271829
4273141 4273383
4276466 4276916
4277793 4278511
4282771 4283918
4285866 4286144
4287341 4287461
4288690 4288907
4289899 4291012
4291665 4292840
4293561 4293726
4295948 4296273
4296840 4298354
4299187 4299580
4301241 4301915
4304278 4304597
4307432 4308073
4311606 4311945
4312956 4313106
4315459 4316576
4319901 4320178
4325290 4325427
4326380 4326442
4327332 4327544
4331726 4331799
4336657 4336770
4337774 4337828
4340959 4341514
4343448 4344293
4344824 4347992
4348969 4349237
4351987 4353288
4354082 4354730
4358320 4358784
4365888 4366237
4368665 4369197
4369765 4369935
4372903 4373772
4377073 4377591
4380251 4381052
4385187 4385260
4385826 4386011
4388758 4388887
4389549 4390059
4390612 4392377
4394506 4394994
4396080 4396241
4396922 4397118
4399830 4401293
4401916 4401999
4403206 4404598
4405109 4405266
4406673 4406797
4408225 4408432
4411781 4411985
4412571 4412679
4413350 4414332
4414972 4415171
4421217 4421385
4422879 4423315
4424324 4424635
4427703 4428903
4429576 4430340
4431035 4432195
4432830 4432950
4435262 4437317
4442568 4443177
4443737 4443791
4444999 4445232
4445737 4447549
4450126 4451208
4452622 4453036
4455723 4456279
4459258 4460106
4463450 4463533
4465160 4465343
4466073 4466557
4467113 4467365
4468277 4468537
4469173 4469395
4470924 4471389
4472150 4473821
4474356 4474972
4476601 4476930
4478352 4479600
4480522 4481280
4482334 4483006
4483568 4484781
4485394 4485477
4487212 4488089
4489207 4489295
4491288 4491482
4493657 4495221
4496103 4496380
4499391 4500232
4503249 4503526
4504275 4504873
4507842 4507963
4508625 4508865
4510002 4513447
4515646 4516204
4517068 4517827
4518334 4520033
4520638 4521261
4522613 4522917
4524616 4525421
4526028 4526481
4530904 4531195
4534858 4535275
4535897 4537569
4538215 4538433
4539644 4540648
4543322 4544880
4546052 4546940
4550506 4550809
4551334 4551878
4553486 4554684
4555281 4556460
4558843 4559661
4562167 4562308
4562822 4563312
4565422 4565502
4568405 4568779
4569563 4569940
4571164 4571434
4572364 4574759
4575439 4576003
4577242 4577488
4578087 4578379
4578996 4580050
4584220 4584397
4585656 4587424
4588790 4589032
4589813 4590327
4591727 4593844
4596509 4596559
4598110 4598638
4599830 4600183
4600685 4600933
4601617 4601806
4602819 4602956
4603647 4603838
4605387 4605619
4606446 4606551
4607370 4607820
4611612 4613026
4614335 4614463
4616389 4616912
4620369 4620583
4623379 4623810
4629175 4629911
4631647 4632129
4633017 4633213
4634347 4634614
4635430 4635774
4638556 4639343
4640833 4641052
4642077 4642613
4644182 4644382
4645321 4649444
4650890 4650962
4655240 4655980
4657010 4657243
4659295 4659874
4661957 4662224
4665657 4665889
4667051 4667324
4668718 4668800
4669873 4670169
4671778 4672046
4673279 4676533
4677100 4678148
4678687 4678769
4682360 4682715
4686735 4687590
4693045 4693133
4694148 4695484
4697252 4697541
4698126 4698323
4699775 4700031
4701177 4701873
4703778 4707003
4709311 4709947
4711784 4712127
4713021 4713098
4713915 4714181
4714881 4715203
4716705 4718041
4720230 4720402
4721227 4721617
4724670 4724914
4727013 4727320
4729049 4729374
4730559 4732041
4733167 4733800
4734576 4734668
4735202 4735343
4739565 4739935
4741281 4741469
4742088 4742418
4743376 4743952
4744687 4744890
4746037 4747148
4747761 4751240
4759825 4760638
4762733 4763023
4764288 4765047
4768602 4769191
4770625 4770815
4772743 4773061
4774315 4774655
4775282 4775512
4776137 4776361
4779950 4781245
4783498 4784517
4789252 4789888
4791001 4792614
4793545 4795842
4796646 4797354
4798115 4798172
4800893 4801430
4802393 4806488
4808238 4808721
4809556 4810175
4812098 4813127
4815198 4815283
4820475 4820886
4822378 4827901
4831987 4832838
4834359 4834881
4835406 4837577
4838188 4839278
4841273 4841610
4842755 4843493
4845342 4849946
4851508 4852101
4855862 4856215
4856812 4857798
4862982 4864139
4864944 4865794
4867249 4867939
4868499 4868999
4869540 4869589
4870336 4871099
4872047 4872487
4876401 4876605
4877767 4879580
4881412 4883340
4884523 4884676
4885703 4886139
4887219 4888197
4889490 4890709
4892872 4893072
4894714 4895695
4897056 4897150
4899438 4901053
4902225 4903738
4906658 4909982
4912443 4913799
4914305 4914604
4915202 4916343
4919181 4924430
4924936 4926003
4927136 4927535
4928572 4928701
4933641 4933708
4935202 4935777
4937812 4938412
4945635 4945776
4947221 4947817
4949405 4949887
4950880 4951095
4951749 4951969
4953256 4953498
4958364 4958766
4959706 4959782
4964939 4965411
4966093 4966618
4969908 4970381
4972851 4975228
4978142 4978416
4979594 4979686
4982079 4982292
4982871 4982934
4984484 4984749
4991318 4991368
4992390 4992512
4994324 4994628
4996719 4996821
4998085 4998969
4999748 5000637
5001305 5001559
5003372 5003602
5005394 5006190
5007366 5007837
5008817 5009300
5010086 5010907
5011821 5012006
5013537 5014046
5016339 5020365
5023339 5024078
5027570 5028625
5029401 5029708
5030222 5030420
5031029 5031214
5035049 5035650
5038403 5038622
5039256 5039380
5040041 5040267
5040814 5041591
5042960 5043265
5044274 5045318
5046924 5047230
5047846 5047999
5049563 5051857
5052567 5052722
5053586 5053877
5055008 5055203
5057402 5058137
5059164 5059231
5059881 5059942
5061069 5061788
5063241 5069809
5070471 5071176
5071742 5074995
5076094 5076588
5077950 5078328
5078858 5079150
5079736 5080116
5080666 5081663
5084888 5084937
5087458 5090309
5091032 5091231
5092008 5093153
5093710 5094052
5094702 5095618
5096203 5096656
5100425 5101883
5104227 5110432
5112895 5113374
5115535 5116610
5117283 5117339
5117947 5118132
5122169 5122697
5124277 5125971
5127195 5128118
5129516 5129767
5130402 5130712
5131437 5132088
5134412 5134661
5137922 5138218
5140772 5140919
5142101 5142650
5144729 5145026
5150369 5150572
5151316 5151547
5152678 5153007
5153712 5153775
5154365 5156542
5159119 5159948
5161757 5163207
5163922 5164021
5165009 5165415
5166200 5166833
5171519 5172516
5173091 5174067
5174763 5175755
5176385 5176549
5178129 5178332
5179497 5179981
5181018 5181215
5182901 5183658
5186805 5187190
5189009 5189318
5193233 5194787
5195977 5196792
5197720 5198166
5198835 5199110
5201109 5201495
5204858 5205515
5206240 5206433
5208445 5208974
5210302 5210903
5214145 5214901
5216166 5216348
5218767 5218851
5219473 5221706
5223020 5224082
5225702 5226123
5229885 5230258
5230923 5234588
5235482 5235551
5238168 5238459
5241186 5241885
5243479 5243595
5244155 5245515
5246108 5246790
5247938 5248398
5249014 5249416
5253013 5253069
5253765 5254015
5258221 5259433
5261657 5261796
5262763 5263216
5265397 5268491
5269632 5269807
5271128 5272141
5274302 5274635
5276100 5276322
5277400 5277805
5279824 5281235
5281783 5283150
5283955 5285951
5291040 5291294
5293143 5293535
5294752 5294880
5299512 5300413
5300951 5301014
5302078 5303568
5304937 5305212
5307952 5308055
5308565 5308672
5309272 5309354
5313425 5313893
5317127 5317833
5320998 5323015
5324031 5324524
5325755 5326560
5328615 5329251
5331430 5332924
5334778 5335425
5336043 5336145
5337587 5338010
5341854 5342551
5343083 5343161
5344959 5345704
5346725 5347187
5348028 5348228
5349397 5349475
5351384 5352708
5354920 5355472
5356108 5356220
5356983 5357210
5359215 5359413
5359920 5360156
5360865 5361321
5364542 5364926
5365597 5365870
5368574 5368953
5369489 5372511
5374962 5375256
5377246 5377852
5378579 5380038
5383560 5384468
5386794 5387014
5388602 5389062
5389759 5392060
5394524 5396150
5398251 5400271
5401288 5401941
5403105 5403771
5404547 5405059
5406048 5406547
5407331 5407834
5410886 5411165
5412932 5413235
5417283 5421001
5422073 5422649
5423244 5424012
5424750 5425019
5426853 5427659
5428283 5428756
5429511 5429752
5430546 5430981
5431888 5432440
5433389 5433821
5435740 5436054
5436956 5437752
5440090 5440469
5442960 5443669
5444796 5444920
5446656 5446824
5448933 5451341
5453718 5454027
5455981 5456150
5457129 5458062
5459488 5459752
5467004 5467226
5471572 5471629
5472910 5474057
5476674 5476976
5479616 5479758
5481941 5483751
5484256 5484875
5486503 5486715
5488819 5489013
5489962 5490408
5491092 5491493
5494571 5494871
5495529 5495688
5496230 5497228
5499342 5499538
5501031 5501596
5503057 5503628
5507222 5507818
5511519 5511922
5512980 5513474
5514067 5514256
5514848 5515417
5516011 5516534
5517626 5517788
5520194 5520499
5523372 5523796
5526401 5526639
5527209 5528135
5529060 5529184
5530214 5530878
5533265 5533455
5534772 5535083
5535598 5535851
5537322 5537530
5538091 5539656
5540719 5541009
5541647 5541951
5542608 5542788
5543461 5544665
5545401 5545606
5546929 5547323
