Ecoli_ancestor_Ancestor_
3255 3544
8874 9052
13888 14079
21758 21894
32989 33227
35797 35887
38541 38777
41871 42169
47363 47535
60604 61015
65184 65313
65954 66085
66834 67263
70297 70415
75761 75832
82236 83247
91391 93039
102173 102335
103661 103923
114876 115057
126207 126454
132461 132656
147087 147415
153291 153602
155489 155770
194728 195001
199552 199977
210468 210640
221527 221639
235359 236003
239629 239914
245065 245176
246350 246597
257388 257656
269595 269728
272328 273004
290744 290859
293433 293619
294522 294870
328602 328977
338111 338402
339417 339685
359345 359484
362138 362454
377372 383430
389185 389370
395385 395472
413984 414616
418969 424406
428341 428410
460543 460824
462892 463203
467217 467468
500555 500665
507859 508079
515225 515522
524247 524302
548834 548926
550137 555506
563370 563703
565115 565481
602179 602322
605282 605546
619109 619175
630948 631277
644010 649257
663965 664374
670348 670809
690900 691058
696110 696181
697371 697527
704672 704969
744597 745104
748246 748374
767755 767944
768598 768999
773052 773140
803219 803458
809033 809094
817220 817800
822769 822886
825085 828398
845943 846141
855971 856218
872101 872168
883381 883437
899268 899339
919064 919325
923566 924263
937667 938903
951519 951581
965426 965657
968041 969835
970446 970757
991057 991157
1006428 1007907
1008892 1009215
1015004 1015087
1019256 1019443
1029755 1030547
1036699 1036947
1041152 1041583
1042937 1043124
1049731 1050010
1051835 1051947
1063401 1063486
1092569 1092650
1096682 1097868
1107818 1108069
1112022 1112135
1119719 1120363
1123786 1123854
1130900 1131001
1133562 1133865
1152059 1152210
1160429 1160544
1161912 1167278
1198694 1198909
1208605 1208693
1224148 1225153
1228612 1229216
1231113 1231389
1258072 1258252
1278129 1278258
1287646 1288455
1304063 1304215
1316411 1316521
1332985 1333087
1341514 1341662
1351040 1351241
1357250 1357417
1372960 1373166
1392233 1392361
1402928 1404591
1458520 1458812
1459557 1460496
1462239 1462362
1507826 1507996
1521805 1521962
1544196 1545093
1562865 1562995
1588543 1589536
1593209 1594334
1608238 1608613
1634951 1635389
1638061 1638193
1645229 1645422
1690511 1690842
1692571 1692891
1697117 1697342
1699727 1699995
1730178 1730257
1752035 1752258
1789672 1789911
1793223 1793748
1831592 1831789
1859225 1864679
1878898 1879113
1892048 1892242
1923203 1923282
1934151 1934534
1938223 1938291
1956948 1957248
1961818 1961927
1975609 1975965
1993578 1993677
2042888 2043008
2046344 2046609
2075285 2076562
2097835 2097894
2109237 2109475
2122207 2122375
2129566 2129737
2138125 2138297
2164866 2165107
2175728 2175999
2197527 2197834
2216619 2216732
2226416 2226734
2232357 2232539
2259696 2259879
2285849 2286305
2300446 2301786
2316469 2316527
2328761 2329359
2334020 2334084
2355862 2356324
2367034 2367325
2413204 2413494
2419475 2420536
2424632 2424877
2440053 2440414
2445680 2445972
2474174 2474560
2487957 2489146
2492429 2492559
2504305 2504958
2520680 2521685
2523604 2524529
2530010 2530084
2556077 2556266
2561297 2561435
2592329 2592496
2595262 2595582
2605456 2605900
2623227 2623276
2637307 2637422
2650985 2651144
2653213 2653586
2665479 2666008
2666964 2667054
2670263 2670390
2677294 2677647
2680144 2680449
2685657 2685917
2690974 2691279
2696983 2697198
2711362 2711435
2721215 2721430
2750252 2750314
2792148 2792237
2806471 2807029
2819139 2819464
2823492 2823579
2841452 2841896
2868988 2869291
2873683 2873813
2876923 2877210
2908879 2909032
2939354 2939775
2944424 2945078
2954011 2954434
2956055 2956880
2967936 2968040
2976699 2976901
3019101 3019798
3037554 3037644
3038536 3039010
3048140 3048459
3057988 3058454
3060923 3061018
3061820 3062341
3065722 3065980
3075837 3075994
3086106 3086158
3092814 3093074
3100532 3100619
3122403 3122623
3124478 3124736
3129937 3130812
3136256 3136368
3147109 3147254
3149318 3149561
3150885 3151287
3163103 3163645
3164224 3166945
3183927 3184211
3193661 3194666
3202947 3203647
3205975 3206256
3245399 3245571
3279077 3279326
3286819 3287146
3290204 3291322
3305477 3305768
3320456 3320557
3329169 3329250
3333981 3334281
3346589 3346671
3353507 3353652
3413958 3414101
3422111 3422213
3454658 3454931
3474534 3474635
3493244 3493744
3495400 3496461
3517258 3517490
3528694 3528811
3540496 3540877
3543332 3543634
3544792 3544897
3559551 3559780
3570136 3570228
3587220 3587305
3600030 3600133
3621960 3622398
3625993 3626169
3637471 3637557
3640719 3640925
3659791 3659939
3674101 3674400
3693551 3693752
3722077 3722177
3735185 3735466
3738898 3739190
3761946 3762230
3763085 3763191
3794435 3794726
3830269 3830714
3837657 3838407
3851970 3853011
3855805 3856413
3857650 3858657
3859337 3859444
3860368 3861167
3863931 3864015
3874481 3874652
3876675 3876826
3886923 3887068
3899852 3900065
3901852 3902755
3905131 3905369
3928610 3928824
3940470 3940526
3941401 3941501
3960442 3960703
3966971 3967054
3981552 3982698
4001423 4001530
4006668 4006858
4009541 4010573
4015113 4016119
4022868 4023934
4027408 4027565
4042656 4042761
4050197 4050627
4060802 4060866
4064183 4064795
4080734 4081024
4110472 4110615
4116781 4117029
4125048 4125174
4174114 4174376
4188510 4188703
4197931 4198997
4208313 4209445
4212400 4212451
4214040 4214323
4221455 4221705
4233129 4233387
4247387 4247454
4263328 4263523
4273511 4273689
4274502 4275476
4280578 4280822
4281688 4281794
4294359 4294554
4299500 4300264
4310791 4311529
4315850 4316750
4319142 4320159
4329967 4330190
4331415 4331672
4332227 4332797
4361954 4367240
4378313 4378426
4379955 4380084
4381006 4381250
4390346 4390523
4404940 4405043
4420945 4421232
4423037 4423167
4436302 4436368
4449525 4449896
4464172 4464450
4510233 4510499
4514524 4514641
4536341 4537936
4540015 4541320
4552496 4552800
4557265 4557969
4591201 4591388
4598021 4598325
4614965 4615179
