e_coli_k12_gi_556503834_ref_NC_
1 55
19895 20465
223564 224043
224759 225738
227328 227493
228197 228853
258007 258577
274524 275070
279262 279992
290540 291302
357575 357675
381226 381599
382150 382493
525972 526540
575160 575691
580408 580871
688420 688952
696617 696891
729901 729987
731157 731520
736482 736762
737322 737492
738062 738207
781279 781576
1049927 1050450
1097077 1097560
1269280 1270406
1286941 1287171
1299593 1300124
1396138 1396669
1432373 1434348
1466520 1466756
1468008 1468350
1468901 1469309
1532583 1532816
1634713 1634923
1636055 1636793
1650940 1651450
1978602 1979171
2066725 2067126
2069014 2069381
2069932 2070174
2102318 2102849
2289488 2290014
2304482 2304798
2521165 2521429
2726161 2726746
2727450 2727615
2729205 2730169
2730885 2731273
2818065 2818362
2996458 2996801
2997352 2997588
3130165 3130771
3186194 3186435
3186986 3187328
3366125 3366656
3423526 3424345
3425049 3425214
3426804 3427774
3428490 3428895
3470263 3471069
3583501 3584113
3619372 3619596
3620766 3621084
3622299 3622763
3624374 3624493
3625145 3625378
3652605 3653137
3708458 3708516
3762363 3762587
3763757 3764075
3765290 3765728
3767468 3767569
3941541 3942080
3942796 3943683
3945273 3945438
3946142 3946797
4027436 4027542
4035264 4035803
4036519 4037498
4039087 4039252
4039958 4040508
4166398 4166931
4167647 4168620
4170210 4170375
4171079 4171757
4207942 4208419
4209135 4210022
4211612 4211777
4212481 4213067
4296057 4296281
4325912 4326241
4498280 4498520
4499071 4499413
