Buchnera_aphidicola_Baizongia_pistaciae_0985
1 161
19580 19638
25776 25975
35329 36049
36827 37067
38957 39232
43532 43661
47016 48313
49053 49124
51557 51669
58561 58681
60508 61168
66924 67081
68711 70057
76569 76665
79159 79354
88074 88205
89369 89639
99223 99624
105999 106088
107620 107723
110299 110469
111452 112651
119363 120251
120975 121322
123848 125675
126849 127115
132997 133134
136592 137533
138974 139660
145845 147009
148423 148549
151788 152184
155585 155869
162422 162664
163983 164853
167421 167574
171027 171283
172676 172818
179500 179883
182290 182588
186373 186947
190632 190864
200117 200412
204225 204460
214512 214899
216255 217184
221144 221326
223357 223896
225512 225802
248081 248367
271936 273435
281788 281922
293052 293137
295340 296036
305642 306215
308265 309202
318341 319642
325105 325876
327823 327963
330629 330895
332574 333103
343070 343122
345400 345742
348960 349246
351320 351588
368191 369444
370073 371979
373103 373357
374082 374229
379160 379355
380408 380480
386205 386471
391927 392497
399320 399507
409015 409132
412396 412942
415202 415477
420386 420649
430441 433020
442404 442619
443298 445156
447070 447922
450860 450970
452557 453024
455033 455126
455669 455758
457865 458107
458974 459099
465085 465182
469038 469358
479293 479382
481255 482223
482775 483925
492007 492476
500590 500747
503551 504039
520328 520807
523209 525488
531709 531816
548799 549198
553019 553224
563632 563747
564350 564762
571138 574143
587156 587400
602873 604305
608270 608781
615901 615980
Buchnera_aphidicola_Baizongia_pistaciae_ancestor
1 161
19580 19638
25776 25975
35855 36049
36827 37020
38957 39232
43532 43661
47016 47507
49053 49124
51557 51669
58561 59458
60508 61168
66924 67081
76569 76665
79159 79354
88074 88205
89369 89633
99223 99624
102995 103129
105536 105890
107921 108103
112063 114610
115797 115950
123535 123777
127502 127786
131187 131583
134822 134948
136362 137526
142413 143190
145838 146779
149417 150374
156256 156522
162049 162396
163120 163255
163777 164008
171652 171919
172902 173072
175648 175751
177283 177357
183286 183373
189359 189501
190894 191150
193404 193541
203593 203828
207641 207936
217189 217421
223328 223896
225512 225802
234406 234587
236895 237161
239827 239967
241914 242685
249549 262856
271317 271808
272527 273988
283791 283876
286600 286775
296381 296577
303790 305852
306378 306546
313584 314521
316571 316783
319423 319709
332278 333029
343070 343122
345400 345742
348960 349246
351320 351588
368909 369011
371577 371979
373103 374229
379160 380480
382430 382689
386093 386576
389574 389750
396084 396271
403094 403664
412396 412942
415202 415477
420386 420649
442404 442789
447565 447922
450860 450970
452557 453024
455033 455343
471632 472120
474924 475081
476632 477519
479929 481129
483195 484824
492244 492456
493448 494416
496289 496378
506313 506633
510489 510586
516572 516697
517564 517806
519913 520002
520545 520807
523209 523308
524806 525488
531709 531816
548799 549198
553019 553224
563632 563747
564350 564762
573902 574143
587156 587400
604189 604305
608270 608781
615901 615980
