gi_556503834_ref_NC_000913.3_
223680 225738
239153 239302
257963 258570
268696 268805
270272 272010
274010 274104
279218 279825
290496 291296
339662 339848
349594 349686
375267 375365
381313 381884
391764 392908
525785 526862
566835 567979
574641 575885
578265 578441
608062 609296
687902 688990
729567 733237
734203 735104
736707 737972
896148 896217
915099 915191
1049883 1050490
1094300 1095444
1096961 1097141
1207618 1207749
1269148 1270461
1286704 1286881
1299554 1300638
1395882 1397187
1427803 1428432
1431825 1432792
1466726 1467019
1467965 1469295
1632615 1634677
1635352 1636837
1650898 1651493
1708807 1708918
1978558 1979165
2035025 2035110
2066255 2067300
2068996 2070218
2101801 2102888
2170229 2171374
2288974 2290058
2304390 2304615
2514328 2515562
2519111 2519303
2521308 2521465
2662363 2662449
2726119 2731430
2776879 2776946
2817737 2818196
2996416 2997637
3130201 3131285
3186776 3187371
3194617 3194733
3365607 3366663
3383589 3383672
3423314 3428853
3583533 3584140
3619246 3621885
3624234 3625438
3652085 3653175
3666260 3667381
3700056 3700204
3764932 3765798
3767275 3767551
3941503 3946769
4027476 4027574
4035257 4040745
4094393 4094535
4166354 4171706
4176042 4177054
4209703 4213109
4296003 4296324
4326047 4326246
4498236 4499456
4507191 4508624
4518816 4519185
