Ecoli_ancestor_Ancestor_
3255 3544
11239 11299
13033 13373
25085 25410
28489 28711
41848 42169
43762 44037
46004 46054
54859 55112
65184 65341
65940 66085
66834 67263
67957 68481
70297 70415
71409 71749
75287 76263
82236 83247
86440 86556
91391 92426
103661 103923
105012 105249
119168 119479
122559 122686
126207 126442
134976 135134
147087 147390
152618 152691
153291 153606
155489 155770
167320 167393
170168 170454
171230 171380
182623 182746
194728 195040
199567 199977
208442 208510
210468 210678
213141 213293
221527 221616
235359 235724
239629 240074
245040 245176
246350 246597
257223 257444
265348 265600
271941 272264
281998 282190
285615 286059
289673 289862
293433 293636
294522 294870
311136 311208
328602 328977
339416 339685
347155 347291
354174 354351
359164 359641
362138 362454
366100 366176
369056 369978
377224 383739
389185 389370
394973 395285
413884 414752
418974 424406
433457 433634
434604 434801
438274 438426
444305 444417
460530 460827
462892 463203
463997 464219
467217 467466
477080 477372
485181 485675
500557 500665
503541 503761
507793 508079
518843 518972
524247 524625
525360 525584
533695 533806
535329 535487
549809 555506
557312 557500
563370 563721
565115 565481
579036 579345
582312 582389
588083 588245
596121 596206
619105 619175
630948 631277
640697 640899
644010 649257
656908 657041
664103 664374
674008 674134
682711 682852
686768 687096
696056 696181
698824 699077
704672 704969
708216 708875
748246 748374
752177 752244
761175 761380
768598 769002
773052 773140
774507 774783
784378 785040
795017 795266
803219 803458
809033 809094
817648 817800
822384 822693
824050 824168
825085 826273
827768 828300
831755 832315
839291 839377
845877 846141
853191 853569
855971 856221
860950 861139
869004 869430
876569 876669
883313 883437
889623 889808
904915 905042
914613 915015
920151 920242
923566 924471
937667 938675
942798 943054
952050 952176
952939 953103
955840 956350
965426 966111
968041 969264
970759 971289
975918 976069
979011 979110
982247 982815
1003104 1003167
1006386 1007562
1008834 1009214
1015810 1016055
1022089 1022418
1027833 1027908
1029221 1029917
1040841 1041574
1049731 1050010
1051835 1051947
1063401 1064132
1066242 1066324
1086806 1086982
1087578 1087719
1092464 1092650
1096696 1097070
1097574 1097868
1102651 1102817
1107818 1108586
1111956 1112071
1114098 1114156
1119719 1120351
1123843 1124400
1130900 1131001
1135199 1135450
1147289 1147383
1152114 1152184
1155787 1155892
1160191 1160588
1161912 1167478
1178496 1178724
1185798 1185924
1198723 1198964
1208605 1208693
1209483 1209887
1212780 1213894
1218537 1218831
1224148 1225153
1226454 1226795
1228715 1229116
1242971 1243160
1246419 1246502
1252969 1253086
1257356 1257986
1269919 1269971
1287646 1288012
1303861 1304215
1305507 1305985
1306998 1307117
1320035 1320180
1322738 1322878
1323897 1324331
1327846 1327951
1332995 1333050
1341727 1341827
1351040 1351241
1359399 1359449
1364984 1365057
1403105 1404591
1405806 1406097
1412976 1413149
1414779 1414968
1422620 1422679
1440904 1441033
1459557 1460496
1462196 1462362
1469845 1470064
1475663 1475789
1484711 1484882
1517944 1518429
1528211 1528957
1533014 1533192
1538832 1538940
1544683 1544955
1555682 1556137
1557842 1558042
1562865 1562995
1589288 1589536
1593209 1594334
1597711 1597894
1608254 1608655
1614253 1614512
1616472 1616703
1634942 1635389
1645229 1645812
1658080 1658362
1692571 1692891
1697096 1697554
1710598 1711703
1713878 1714241
1727675 1727949
1730178 1730257
1752035 1752258
1763710 1764141
1765496 1765658
1783160 1783424
1787349 1787590
1789672 1789911
1792835 1792992
1793605 1793748
1798339 1798526
1820757 1821089
1824895 1825250
1831594 1831832
1835920 1836211
1852616 1852763
1859225 1864643
1865605 1865685
1875258 1875493
1891137 1891277
1899633 1899778
1913929 1914123
1934233 1934534
1937549 1938321
1944639 1944742
1946672 1946881
1950058 1950292
1957328 1957415
1969924 1970087
1974472 1974626
1975609 1975965
1993540 1993722
1997513 1997591
2011578 2011651
2028676 2028822
2046343 2046609
2052223 2052296
2066780 2066857
2075285 2076562
2086799 2087149
2088829 2089000
2089505 2089874
2094631 2094866
2097835 2097894
2109217 2109581
2149299 2149590
2171158 2171261
2175728 2175965
2177665 2178052
2178854 2179417
2187249 2187364
2192635 2192729
2193409 2193669
2197527 2197834
2212670 2212951
2217325 2217379
2232132 2232539
2238407 2238488
2256403 2256532
2259696 2260161
2264763 2264936
2285876 2286305
2291859 2292194
2294876 2295145
2300446 2301786
2326502 2327864
2328485 2328673
2338778 2338990
2345499 2345622
2355862 2356324
2366999 2367325
2368788 2369266
2377209 2377477
2401915 2402324
2405123 2405383
2412599 2412691
2413204 2413682
2419475 2420536
2438703 2439002
2440053 2440414
2445650 2445972
2474000 2474560
2487957 2488899
2492315 2492559
2504309 2504958
2507541 2507648
2515426 2515476
2519263 2519705
2520680 2521685
2523601 2524529
2525471 2525646
2532121 2532261
2549938 2550180
2556077 2556161
2558364 2558541
2592175 2592496
2595262 2595582
2601727 2601856
2605456 2605900
2608043 2608168
2615365 2615508
2628734 2629102
2637307 2637788
2646733 2647067
2650985 2651144
2653306 2653577
2654685 2654824
2670221 2670390
2678858 2679059
2679794 2680483
2696983 2697195
2721086 2721430
2739099 2739459
2749270 2749667
2750252 2750314
2753932 2754283
2757972 2758030
2773161 2773400
2799690 2799999
2806471 2807029
2823492 2823579
2836237 2836446
2842234 2842523
2847717 2848002
2870936 2871053
2873683 2873813
2876906 2877210
2883995 2884358
2896256 2896383
2906351 2906412
2911390 2911813
2922561 2922796
2923993 2924169
2935919 2936275
2939354 2939775
2942841 2942890
2944424 2945030
2954011 2954434
2956055 2957321
2958612 2958860
2961479 2961661
2967936 2968300
2973353 2973690
2987117 2987305
2997657 2997928
3003590 3003760
3005833 3006340
3019101 3020093
3027457 3027868
3038536 3039010
3045408 3045661
3049200 3049471
3057988 3058673
3062441 3062713
3065722 3065980
3076970 3077165
3098870 3099210
3104828 3104944
3111019 3111130
3122403 3122623
3124478 3124804
3129457 3130378
3136256 3136366
3154712 3155038
3163103 3163645
3164224 3167332
3168338 3168391
3176373 3176624
3181086 3181747
3184148 3184211
3186873 3186927
3193661 3194666
3202494 3202815
3203316 3203976
3205975 3206266
3209464 3209729
3215854 3216216
3220543 3220801
3261786 3262009
3276493 3276850
3279079 3279326
3290204 3291211
3305496 3305768
3313744 3314118
3322058 3322391
3322947 3323021
3333981 3334281
3344710 3344970
3346542 3346671
3353507 3353621
3364748 3365101
3365637 3365885
3368587 3369159
3385562 3385848
3401602 3401871
3413958 3414101
3421010 3421219
3436579 3436631
3442119 3442488
3465753 3465996
3467250 3467498
3474503 3474635
3481509 3481771
3493153 3493744
3495400 3496461
3515483 3515610
3517253 3517536
3519537 3519646
3520997 3521187
3528868 3529429
3540496 3540877
3544792 3545097
3550415 3550512
3560894 3561193
3562738 3562976
3570136 3570228
3584032 3584189
3587220 3587735
3596354 3596568
3597371 3597492
3599992 3600133
3602471 3602593
3621019 3621231
3621960 3622093
3625991 3626169
3637471 3637574
3644641 3644960
3655072 3655170
3659791 3659939
3677629 3677798
3683669 3683750
3684564 3684645
3693551 3693740
3702613 3702783
3717648 3718144
3722077 3722177
3723975 3724130
3724812 3725032
3735162 3735466
3738898 3739190
3751646 3752159
3763085 3763191
3770197 3770340
3792856 3793184
3794435 3794726
3804387 3804620
3820756 3821043
3830156 3830605
3840389 3840563
3855805 3856413
3857650 3858657
3860368 3861193
3862237 3862481
3870292 3870720
3871331 3871565
3874481 3874669
3876675 3876826
3895024 3895291
3899852 3900065
3901852 3903175
3919153 3919388
3929664 3930526
3935597 3935808
3939102 3939165
3940470 3940676
3948331 3948987
3960427 3960803
3961370 3961491
3965002 3965181
3966971 3967118
3981195 3983189
3988422 3988693
3992959 3993199
4002142 4002678
4009371 4010396
4015113 4016119
4017581 4017725
4022868 4023934
4032362 4032444
4042656 4042761
4045624 4046200
4048600 4048681
4050197 4050387
4054367 4054471
4080734 4081041
4089560 4089686
4103186 4103816
4112847 4112984
4116927 4117029
4119312 4119428
4121425 4121632
4124690 4125174
4134503 4134789
4157266 4157492
4160983 4161317
4176525 4176729
4188504 4188703
4197931 4198997
4203924 4203977
4208306 4209445
4214040 4214323
4217243 4217300
4223988 4224192
4233044 4233387
4239094 4239394
4244400 4244550
4245785 4246202
4247387 4247454
4250444 4250507
4263616 4263758
4273511 4273692
4274380 4275476
4281688 4281810
4294480 4294554
4299500 4300264
4310791 4311867
4315850 4316779
4317652 4317833
4318708 4320159
4329965 4330190
4330890 4331672
4332227 4332797
4361954 4367240
4369649 4369768
4378287 4378426
4379962 4380214
4381006 4381250
4384257 4384440
4385253 4385361
4390346 4390542
4397780 4397991
4404940 4405017
4411016 4411788
4423037 4423167
4436302 4436368
4450620 4450676
4456668 4456861
4468814 4469018
4482685 4482801
4490735 4491634
4494818 4494950
4505510 4505623
4513973 4514646
4524734 4525137
4526812 4527162
4534295 4534525
4536341 4538068
4540415 4541320
4547618 4547686
4552501 4552800
4557237 4557969
4561967 4562185
4570672 4570750
4580739 4580915
4589684 4590045
4591201 4591388
4596332 4596505
4598021 4598312
4601414 4601532
4608245 4608756
4614864 4615179
4619172 4619368
4639138 4639391
Ecoli_0955_Taxon012_
3879 4282
5957 6307
13440 13670
15921 16056
16990 17213
26763 26831
31646 31945
36382 37114
42679 42855
61409 61627
68829 69190
70346 70533
75477 75650
77166 77457
80559 80677
87390 87901
98317 98513
115649 115853
122191 122402
129640 129836
141085 141215
152464 152755
159235 159312
178013 178206
184198 185349
197030 197096
203121 203203
205443 205551
206364 206547
209554 209798
212378 212517
221036 221155
224062 224350
259132 259372
260614 260839
271955 272096
272971 273152
296250 296324
303250 303313
313723 313865
323618 323799
343350 343417
344602 345019
345733 346404
351410 351710
357417 357760
366612 366816
373504 373561
376481 376764
382447 382498
392065 392172
402101 402300
414075 414279
429487 429821
433312 433538
456015 456301
472309 472391
482603 482708
485571 486147
488547 488628
490144 490334
494314 494418
520681 520988
529507 529633
538418 538477
542553 543037
546095 546302
548299 548415
550698 550800
554743 554880
564552 565088
579991 580135
588673 589631
597605 597845
602111 602382
607615 608173
623686 623833
625623 625802
629313 629434
630114 630377
641817 642473
650128 650334
651639 651702
654996 655207
678268 678328
684952 685564
686608 686852
707241 707367
732013 732280
737460 738037
742278 742429
744435 744623
747539 747773
754006 754120
756892 757066
760199 760648
769761 770048
776873 777182
788405 788705
791983 792138
798926 799149
817159 817516
819745 819992
837231 837305
837861 838194
846134 846508
850945 850995
854484 854756
879183 879441
890666 890761
895248 895345
905727 906026
914969 915061
928865 929022
932437 932952
941187 941401
944825 944966
947304 947426
965852 966064
966793 966926
970824 971002
982304 982407
997562 997660
1004624 1004772
1022462 1022631
1028502 1028583
1029397 1029478
1038384 1038573
1047446 1047616
1062481 1062977
1066910 1067010
1068808 1068963
1069645 1069865
1073042 1073098
1079995 1080299
1083731 1084023
1096479 1096992
1100887 1101048
1106681 1108024
1115030 1115173
1137514 1138017
1139268 1139559
1149466 1149699
1157661 1157921
1159493 1159622
1166458 1166572
1172122 1172299
1180904 1181190
1197593 1198165
1200867 1201115
1212563 1212832
1226909 1227029
1241895 1242149
1249293 1249510
1250885 1251075
1258756 1259185
1261186 1261469
1263112 1263239
1284981 1285569
1288946 1289098
1296951 1297213
1304087 1304219
1311224 1311472
1312726 1312969
1336234 1336603
1342091 1342143
1357503 1357712
1374588 1374950
1375684 1376524
1380397 1381058
1383459 1383522
1391961 1392503
1393203 1393494
1395830 1396153
1396654 1396975
1408775 1409040
1423945 1424053
1425838 1426058
1427913 1428239
1433424 1433528
1434357 1434417
1439691 1439801
1458147 1458473
1469738 1470212
1479674 1479785
1485860 1485976
1491594 1491934
1513639 1513834
1515526 1515617
1524523 1525224
1527297 1527467
1528026 1528093
1533129 1533400
1546655 1546913
1558666 1558937
1562476 1562729
1580269 1580680
1603499 1603687
1617805 1617932
1627900 1627961
1644110 1644345
1645542 1645718
1657468 1657824
1665973 1666579
1678673 1678962
1680161 1680409
1683028 1683210
1689485 1689849
1694902 1695543
1706446 1706809
1728255 1728372
1731002 1731132
1734225 1734529
1742802 1743087
1748281 1749352
1754358 1754567
1776753 1776992
1782917 1782979
1783564 1783961
1808298 1808356
1822522 1822831
1829303 1829861
1841971 1842296
1846324 1846411
1878807 1879370
1885640 1885911
1888073 1888232
1901429 1901910
1910115 1910483
1918978 1919117
1929453 1929806
1936710 1936879
1943153 1943352
1944087 1944776
1949946 1950210
1961276 1961488
1984122 1984237
1990282 1990542
2003695 2003855
2032283 2032605
2037841 2038202
2039253 2039552
2048296 2048346
2064414 2064856
2068752 2069065
2070622 2070797
2077272 2077412
2080120 2080340
2081719 2081800
2095089 2095331
2101228 2101312
2103515 2103692
2137326 2137647
2147200 2147388
2148009 2148786
2171803 2172090
2180728 2180997
2183679 2184014
2197318 2197816
2210937 2211110
2215712 2216177
2219341 2220186
2231649 2231752
2236219 2236456
2238156 2238745
2244932 2245057
2252254 2252397
2258840 2259160
2262478 2262690
2269199 2269322
2290699 2291025
2292488 2292966
2300909 2301177
2325615 2326024
2328823 2329083
2333901 2334009
2334581 2334662
2358584 2358875
2367400 2367707
2382349 2382407
2382976 2383226
2415270 2415416
2434987 2435636
2438219 2438326
2450100 2450578
2451091 2451183
2462859 2462913
2481739 2482020
2487477 2487757
2492910 2492969
2495938 2496173
2500930 2501299
2501804 2501975
2512607 2512685
2520138 2520320
2530410 2530497
2539031 2539225
2550721 2550794
2554779 2555135
2556118 2556272
2560657 2560820
2594882 2595028
2607859 2608125
2613739 2613812
2631902 2632234
2633418 2633768
2640512 2640746
2643923 2644132
2646062 2646165
2652483 2653255
2656270 2656569
2676681 2676875
2703285 2703365
2712938 2713173
2723392 2723537
2731893 2732033
2738041 2738188
2754593 2754884
2758972 2759210
2765556 2765909
2769715 2770047
2790617 2790667
2792278 2792465
2797056 2797199
2797812 2797969
2800893 2801132
2803214 2803455
2807380 2807644
2825146 2825308
2838546 2838769
2855532 2855979
2865819 2866402
2872742 2873017
2878670 2878952
2900792 2900854
2904174 2904632
2908837 2909157
2934468 2934831
2949083 2949256
2955220 2955346
2964268 2964439
3007768 3008275
3012268 3012398
3017221 3017421
3019126 3019581
3030308 3030580
3032593 3032992
3036323 3036431
3058486 3058718
3060677 3060936
3063000 3063431
3066534 3066935
3077295 3077478
3080898 3081193
3085653 3085901
3105510 3105876
3122798 3122927
3132593 3132666
3141649 3141794
3144352 3144492
3145511 3145945
3147530 3147660
3153811 3154012
3166900 3167000
3172002 3172057
3177101 3177206
3189163 3189213
3190533 3190652
3191665 3191719
3203927 3204093
3211576 3211795
3246818 3246915
3275619 3275808
3276620 3276894
3279123 3279202
3310881 3310933
3327052 3327203
3337718 3337835
3342822 3342969
3344302 3344385
3347644 3347833
3359415 3359627
3364341 3364584
3365119 3365455
3370098 3370392
3375727 3375920
3378015 3378356
3379928 3380677
3382111 3382199
3387827 3388003
3391840 3392081
3412080 3412308
3412953 3413016
3428191 3428377
3432423 3432797
3433301 3433595
3438378 3438544
3443545 3444313
3449825 3449883
3455867 3456178
3466627 3466728
3469809 3469903
3481742 3481993
3483504 3483625
3487841 3487911
3491514 3491619
3495918 3496315
3499032 3499230
3503822 3503998
3526672 3527218
3538857 3538969
3540794 3541073
3547543 3547867
3549043 3549963
3560887 3561583
3562896 3562971
3568386 3568715
3574749 3574994
3581590 3581970
3614735 3614886
3634454 3634964
3637701 3637865
3638628 3638754
3641229 3641499
3647750 3648006
3666484 3666773
3670562 3670653
3683521 3683591
3685762 3685889
3697958 3698518
3705494 3705580
3712080 3712344
3719394 3719653
3722174 3722424
3727153 3727342
3735333 3735633
3742772 3742872
3750812 3750997
3757183 3757307
3766636 3766754
3768111 3768910
3773004 3773584
3781710 3781771
3787346 3787585
3795538 3795787
3805764 3806426
3816021 3816297
3817664 3817752
3821802 3822206
3829424 3829629
3841543 3841684
3845600 3845928
3864486 3865145
3868392 3868689
3874284 3874537
3877180 3877305
3884582 3884686
3907078 3907206
3911009 3911076
3916670 3916796
3926430 3926701
3949905 3950107
3959527 3959856
3971629 3971699
3978999 3979187
3986802 3987168
4000723 4001032
4009871 4009932
4017808 4017893
4039787 4039967
4040526 4040995
4055317 4055475
4056998 4057109
4062574 4062831
4065220 4065444
4066179 4066557
4071832 4071961
4082725 4083011
4089035 4089255
4104588 4105082
4112974 4113070
4117915 4118129
4119980 4120165
4125768 4126282
4142297 4142704
4153153 4153638
4160238 4160292
4169752 4169929
4170899 4171096
4174569 4174721
4180600 4180712
4195087 4195223
4200189 4200634
4207798 4208173
4225567 4225639
4243139 4243342
4247076 4247265
4250716 4251160
4254585 4254777
4271679 4271813
4279285 4279554
4283224 4283401
4291188 4291504
4295150 4295226
4298106 4299028
4306274 4306336
4307790 4308110
4309541 4309932
4312081 4312789
4322732 4323029
4344939 4345191
4351532 4351855
4355080 4355445
4369188 4369277
4377511 4377663
4380126 4380336
4382294 4382362
4397642 4397954
4419424 4419574
4420350 4420636
4435034 4435315
4437198 4437513
4438113 4438186
4443414 4443717
4458004 4458120
4475225 4475487
4476576 4476813
4494123 4494250
4499785 4500292
4505862 4506115
4512428 4512857
4513551 4514075
4515891 4516009
4517003 4517343
4520881 4521857
4528094 4528624
4530343 4530402
4534677 4534727
4537968 4538113
4538712 4538869
4542692 4543017
4547398 4547487
4552316 4552375
4560067 4560302
4561539 4561761
4571306 4571840
4574898 4575219
4577431 4577771
4587260 4587549
4597469 4597686
4602498 4602751
4612915 4613031
4620965 4621864
4625048 4625180
4635740 4635853
