e_coli_k12_gi_556503834_ref_NC_
1 3695
4319 6412
7041 12087
12637 15376
16780 16954
17659 18267
18904 21930
22563 23466
24049 33530
34273 35954
36538 39188
39845 42012
42636 43442
44048 47127
48455 53728
54465 58401
58944 64551
65066 65204
65787 69919
71665 75275
76416 78062
78599 78736
79326 82276
82951 85133
85669 87742
88510 89900
90401 90462
91110 92856
93445 95788
96411 101445
102182 103104
103833 105582
106315 107961
108538 108797
109635 115587
116425 119536
120242 125301
125836 130946
131587 134959
135884 137983
139604 140813
141349 143934
144645 152274
152818 156291
157004 164571
165279 171013
171793 176643
177155 179064
179579 181010
181557 184510
185046 186350
186977 187970
188610 189644
190227 190752
191343 193392
194028 199356
199948 200262
200521 214033
214556 216799
217864 225300
229006 232221
233141 235593
236231 237838
238425 239658
240765 243092
243917 244220
244823 246480
247027 254705
255959 257601
257908 260673
261211 261748
262451 265429
265962 268740
269302 269513
270218 276652
277229 280111
280358 281350
282137 284093
284634 285216
286102 289290
289522 289762
290411 292588
293372 296345
297105 298086
298883 304312
304516 312597
313200 319347
319848 320688
321377 324392
325125 327318
327877 331539
332089 332295
332910 334513
335531 337900
338547 341261
342088 343426
344035 344118
344860 354735
355267 359276
359965 361475
362477 362929
363506 366130
366899 371804
372607 372761
373877 374022
374577 380968
381260 386429
387009 388017
388841 398102
399457 400961
401502 402834
403378 404451
405004 407680
408193 419123
419782 424143
424776 427321
427924 428283
428851 436343
436893 442684
443303 449830
450595 457449
458019 464051
464557 465482
466161 466994
467546 470174
471250 473186
473996 476833
477446 479891
480644 486339
487081 489582
490580 491580
492114 493625
494180 494495
495038 497331
497882 498564
499118 499946
501074 505489
506383 515471
515982 528116
528798 529513
530674 532743
533267 534652
535291 537170
537694 546633
547558 554038
554713 555939
556569 557447
557969 562641
563267 579164
579695 580036
580637 580795
581699 586968
587620 588297
588949 591309
593176 604258
605775 626173
626698 631184
632048 632161
632761 634250
634964 636901
637960 639128
639643 639705
640959 643419
643946 644650
645468 663110
663740 667591
668141 669529
670136 676761
677268 677619
678267 690079
690608 691328
691915 694209
694743 698071
698848 702271
703051 703134
703859 706361
707052 718157
718853 718957
719481 729108
731136 737221
738537 742590
743112 743491
744021 745552
746678 748289
749035 752455
752959 753923
754446 758784
759291 763206
763760 771239
772185 774981
775532 777796
778352 779522
780053 793992
794566 798554
799196 801945
802841 804131
805004 807451
808004 808394
809211 811374
811884 816188
816798 819368
819881 821867
822445 829026
829397 829637
830286 833497
834027 834854
835743 840065
840586 842127
842712 844978
845732 845807
846387 859266
859827 863084
864299 869840
870451 871354
871981 872900
873502 873991
874493 882557
883139 888027
888536 890290
891250 892995
893100 897287
897794 907732
908340 910234
910801 911478
912065 912253
912881 915689
916213 921468
921993 922395
922980 925857
926545 927202
928001 933271
934520 938308
938825 945773
946403 948697
949258 951692
952254 956822
957951 966695
967429 968211
969325 969861
970732 971835
972979 974928
975486 975806
976329 979455
980266 986731
987281 989616
990192 990808
992194 992782
993389 994936
995493 1000885
1001469 1002944
1003524 1004628
1005181 1008147
1009298 1011866
1012756 1013538
1014348 1015331
1016582 1020005
1020934 1023795
1024329 1025451
1026314 1027115
1027718 1029114
1030330 1031529
1032760 1036713
1037632 1042195
1042725 1043397
1043935 1044165
1045022 1049326
1050546 1056852
1057391 1063872
1064602 1066246
1066850 1068862
1069931 1070276
1070805 1071114
1071907 1073372
1073889 1082108
1082689 1092474
1093219 1098540
1099132 1099901
1100474 1101303
1101854 1103594
1105079 1105244
1105799 1108053
1108726 1112224
1112875 1120101
1121427 1124433
1124979 1125421
1126148 1126295
1126977 1127700
1128531 1130746
1131450 1146648
1147265 1150137
1150775 1151750
1152257 1158714
1159603 1164138
1164675 1166595
1167258 1171020
1171754 1174748
1175279 1177576
1178099 1181295
1181932 1182877
1183510 1183612
1184253 1189097
1189633 1190620
1191165 1192192
1193070 1195148
1195697 1196374
1197121 1197569
1198073 1201706
1202220 1207475
1208417 1211082
1211579 1222610
1223185 1231114
1231648 1232538
1233314 1241186
1241725 1243700
1244449 1246582
1247638 1249923
1250600 1252331
1252947 1255478
1256014 1258526
1259105 1261134
1261336 1263048
1263927 1264193
1265657 1268772
1269502 1275186
1275924 1276169
1276975 1296251
1296829 1297183
1297753 1303709
1304251 1308128
1308673 1308771
1309499 1309885
1312141 1314303
1314875 1315651
1316179 1320399
1321051 1321903
1322557 1325582
1326524 1331160
1331781 1336501
1337054 1338580
1339141 1342259
1342865 1351528
1352259 1352481
1353119 1357178
1357692 1359683
1360261 1363847
1364409 1365995
1366656 1371772
1372490 1380484
1381029 1381113
1381622 1383395
1384176 1386465
1387074 1387901
1388640 1391852
1392414 1395209
1395923 1401977
1402531 1404915
1405460 1406193
1406810 1416208
1417013 1417711
1418267 1418349
1418895 1419307
1419901 1421736
1422396 1428942
1429557 1431606
1432170 1432558
1433968 1439556
1440097 1442093
1442626 1442918
1443618 1450507
1451183 1453276
1453973 1457943
1458797 1459501
1460077 1461109
1461839 1469215
1470517 1474732
1475323 1484395
1484960 1486927
1487598 1489958
1490506 1495312
1496140 1497033
1497559 1500146
1500698 1502831
1503491 1509392
1510386 1517504
1518123 1520943
1521448 1522690
1523327 1524459
1525273 1525462
1526200 1526430
1527126 1528555
1529217 1534400
1534915 1535030
1535768 1538119
1539009 1539712
1540444 1540779
1541739 1547280
1547524 1547613
1547935 1549467
1550182 1552929
1553475 1556391
1557072 1565427
1566022 1570652
1571661 1572271
1572789 1576304
1576824 1578691
1579344 1579701
1580500 1580620
1581171 1581386
1581949 1583531
1584314 1592554
1593344 1604584
1605162 1605352
1605869 1607364
1610403 1615060
1616134 1617437
1618324 1620925
1621473 1629159
1629822 1632468
1633173 1634692
1635255 1637581
1638153 1638202
1639061 1649494
1649790 1654308
1654920 1661637
1662385 1668084
1668600 1671003
1671713 1678446
1679157 1680703
1681423 1684651
1685452 1690462
1691458 1692648
1693402 1693583
1694452 1701135
1701709 1704475
1705286 1707054
1707581 1708295
1708792 1711397
1711991 1712516
1713049 1720994
1721994 1729153
1729892 1733139
1733723 1734407
1734962 1735124
1735629 1737087
1737774 1738017
1738722 1751675
1752268 1753595
1754583 1762086
1763259 1765391
1765901 1767768
1768890 1770319
1771000 1771333
1771975 1778262
1779052 1779360
1779977 1793026
1793631 1796037
1796617 1799524
1800228 1804299
1804851 1807888
1808430 1810396
1810907 1817243
1817982 1818229
1819483 1819614
1820240 1822296
1822917 1824150
1824930 1832694
1833203 1834636
1835201 1835797
1836386 1839572
1840236 1840434
1840943 1841075
1841620 1843018
1843735 1849230
1849771 1862752
1863417 1865665
1866286 1878670
1879418 1887265
1887961 1888047
1888829 1891180
1891799 1891917
1892426 1907319
1908759 1916016
1916569 1917633
1918226 1924107
1925176 1930443
1930987 1932208
1932741 1932919
1933480 1935727
1937289 1942225
1942888 1946505
1947320 1949489
1950227 1951120
1952048 1955186
1955802 1959807
1960314 1961930
1962468 1963496
1964271 1965706
1966259 1966817
1967817 1967984
1968862 1977577
1978086 1979980
1980528 1983138
1983663 1989911
1990471 1990827
1991594 1995900
1996671 2002499
2003106 2003288
2003832 2005185
2005698 2006561
2007147 2009279
2010142 2011561
2012200 2012959
2013826 2019048
2020001 2023687
2024202 2029859
2030594 2034625
2035166 2040250
2040751 2043098
2043689 2047694
2048282 2055833
2056432 2064543
2065255 2076085
2076940 2076990
2077370 2077963
2078462 2081474
2082383 2088536
2089159 2090685
2091238 2093496
2094104 2096167
2096783 2100891
2101640 2104850
2105357 2106452
2107078 2107219
2107817 2114413
2114937 2115555
2115672 2118959
2119735 2128069
2128776 2131484
2132165 2136700
2137304 2141929
2142501 2143053
2143799 2151045
2151651 2154116
2154627 2155496
2156075 2164992
2165527 2167218
2167746 2169900
2172152 2175549
2176304 2178485
2179033 2180281
2181461 2186048
2186873 2195110
2197110 2199320
2199999 2203671
2204277 2205121
2205665 2206294
2206954 2208255
2208915 2212096
2212645 2214095
2214608 2217446
2218130 2220869
2221627 2227723
2228246 2235019
2235734 2241889
2242433 2243275
2244221 2245671
2246525 2254340
2254930 2256477
2257509 2257625
2258314 2258587
2259121 2259407
2260035 2261325
2262022 2266838
2267665 2268414
2269174 2271907
2272755 2280166
2280685 2280945
2281882 2282454
2282854 2291632
2292177 2294544
2295146 2299689
2300709 2303644
2304184 2307956
2308670 2313153
2313709 2315713
2316284 2319864
2320483 2322718
2323245 2323469
2323975 2324659
2325437 2326462
2326977 2331127
2331932 2336266
2336950 2346463
2346985 2356972
2357652 2358339
2358840 2361497
2362126 2363066
2363596 2364562
2365105 2366767
2367279 2371231
2371800 2372792
2373299 2374868
2375456 2384334
2385986 2387957
2388580 2390800
2391417 2396686
2397380 2404233
2404790 2407028
2407583 2408185
2408926 2410050
2411911 2415027
2415611 2416906
2417414 2417665
2418214 2421371
2423766 2431337
2432180 2434511
2435370 2441254
2441879 2443181
2443690 2444667
2445473 2447295
2447873 2448329
2449172 2450119
2451559 2452018
2452610 2456968
2457519 2459815
2460323 2461414
2462044 2464971
2465669 2466201
2466861 2472118
2473120 2474683
2475197 2477706
2478307 2479739
2480523 2483329
2483831 2484379
2485587 2487711
2488393 2491113
2491769 2493829
2494482 2494596
2496905 2497026
2497587 2503557
2504819 2508870
2509452 2510326
2510877 2512633
2513587 2517075
2517711 2519032
2520491 2525850
2526848 2527574
2528110 2528971
2529611 2531929
2532485 2534045
2534708 2545283
2545851 2552546
2553362 2562390
2563016 2563226
2563953 2567663
2568171 2570075
2570633 2571718
2572262 2572545
2574186 2577432
2577997 2584356
2585061 2585896
2586409 2591475
2591987 2593023
2593785 2594523
2595329 2599040
2600053 2601675
2603236 2603796
2604573 2609901
2610733 2613216
2613694 2615701
2616434 2618463
2619014 2621223
2622126 2622349
2623134 2625534
2626850 2637293
2637896 2640447
2641160 2641727
2642360 2650047
2651116 2651917
2652442 2655394
2656088 2666546
2667131 2669288
2670175 2676177
2677265 2679622
2680566 2684506
2685595 2689250
2689652 2690006
2690662 2693985
2694618 2701541
2702057 2706860
2707544 2709435
2710034 2714540
2715143 2720250
2721148 2724481
2725109 2736222
2736880 2740358
2740905 2748289
2749056 2750086
2750773 2754299
2754835 2755119
2756008 2757226
2757761 2761257
2762921 2763777
2764456 2766036
2767033 2778135
2778490 2780405
2781472 2781838
2782516 2782755
2783170 2786953
2787617 2790453
2791046 2804809
2806109 2814229
2814987 2819514
2820031 2822100
2822717 2823275
2823793 2835113
2836145 2836992
2837637 2839413
2840688 2846041
2846670 2851316
2851957 2853018
2853547 2855670
2856455 2856701
2857573 2860949
2861517 2864328
2865022 2866263
2867324 2870661
2871454 2872832
2873556 2873686
2874338 2880804
2881992 2885339
2885953 2886743
2887421 2889839
2890374 2895388
2896933 2898317
2898959 2902059
2903180 2905191
2905893 2905950
2906468 2906887
2907740 2912256
2912823 2913952
2914531 2916926
2917477 2917971
2919126 2920672
2921232 2925610
2926248 2926780
2927414 2928752
2929382 2930979
2931502 2934133
2935144 2939076
2940123 2944817
2945595 2948205
2948817 2949010
2949613 2950715
2951330 2955911
2956682 2956856
2957644 2958706
2959444 2972823
2973495 2974088
2974609 2976882
2977417 2977589
2978164 2979638
2980575 2984947
2985761 2987566
2988512 2995233
2995754 2998413
2999101 3001279
3002326 3009025
3009618 3010366
3012292 3017204
3018373 3021022
3022023 3023594
3024176 3027886
3029655 3033551
3034150 3034719
3035750 3037370
3037980 3041308
3041848 3043943
3044719 3045361
3045925 3046578
3047378 3047778
3048560 3051019
3051621 3055597
3056305 3063035
3063558 3063801
3064592 3074263
3075230 3075592
3076349 3076682
3077288 3078941
3079669 3081345
3081914 3082666
3082753 3083045
3083650 3085562
3086145 3087491
3088419 3091971
3092588 3097225
3097796 3103124
3103798 3104426
3104934 3108508
3109036 3109250
3110066 3112017
3112723 3113785
3114415 3114559
3115087 3121998
3122876 3124851
3125527 3127624
3128448 3129953
3130143 3131539
3132226 3135256
3136148 3136628
3137167 3138641
3139920 3140067
3140602 3142246
3142924 3143479
3144052 3144808
3145506 3153950
3154635 3161138
3161777 3162943
3163605 3168055
3168712 3175333
3176023 3177496
3178799 3180056
3180592 3184435
3184985 3189573
3190414 3191393
3192008 3195917
3196479 3209768
3210320 3212106
3212712 3218640
3219168 3221256
3221915 3222618
3223905 3227380
3228394 3230051
3230562 3230629
3231161 3236990
3237702 3242285
3243778 3244054
3244629 3247061
3248090 3251305
3251878 3262211
3263058 3265146
3265674 3267118
3267630 3271662
3272266 3274724
3275254 3278571
3279340 3286325
3286908 3287006
3287919 3293869
3294377 3296356
3296804 3299697
3300302 3304648
3305177 3305779
3306554 3313201
3313973 3315016
3315649 3324545
3325172 3331814
3332389 3337937
3338672 3341017
3341933 3343821
3344383 3356728
3357480 3362293
3362887 3363050
3363607 3364115
3364637 3365247
3366754 3377332
3377839 3378104
3378718 3395380
3395888 3397315
3398139 3405237
3405886 3409675
3410292 3421571
3422138 3429512
3430305 3432562
3433126 3447755
3448357 3461336
3461976 3469383
3470061 3473223
3473731 3474584
3475599 3477864
3478392 3480586
3481832 3482841
3483014 3492547
3493288 3493354
3493896 3494363
3494932 3500221
3500929 3501994
3502495 3506349
3506939 3511306
3511916 3517510
3518127 3522322
3522909 3528510
3529307 3534858
3535540 3553456
3554133 3555863
3556476 3557244
3557974 3562316
3562871 3563238
3563844 3568690
3569533 3569798
3570429 3573027
3573930 3579062
3580203 3593241
3593817 3596227
3596750 3597755
3598392 3616188
3616779 3620834
3621894 3627854
3628548 3636181
3637414 3642808
3643523 3646505
3647635 3650750
3651480 3656438
3657031 3663869
3664414 3665390
3665895 3667788
3668465 3671259
3672250 3673177
3674119 3675082
3675932 3676345
3676895 3677032
3677656 3687956
3688657 3690236
3690885 3691299
3692800 3693571
3694159 3696179
3696734 3701662
3702343 3702483
3703546 3703677
3704273 3711283
3711818 3716936
3717522 3719844
3720505 3720581
3721179 3721263
3721830 3726007
3727191 3728590
3729416 3730538
3731087 3739334
3739930 3740482
3741068 3742994
3743592 3747980
3748529 3751656
3752177 3752303
3753070 3754033
3754567 3764675
3765896 3770706
3771225 3773467
3774265 3777330
3777871 3778774
3779333 3782819
3783651 3787938
3788587 3788837
3789515 3795200
3795734 3796292
3796962 3799602
3800653 3803104
3803721 3805261
3806101 3806194
3806907 3811029
3811195 3811474
3811998 3812516
3813153 3813268
3814797 3815684
3816222 3818253
3818772 3820168
3820741 3822605
3823236 3825282
3826433 3826901
3827421 3829051
3829903 3831873
3832403 3832807
3833392 3839448
3840052 3841524
3842038 3849446
3850092 3852354
3853045 3857708
3858252 3860454
3861043 3868285
3868838 3871612
3872292 3874190
3874851 3876259
3876814 3878629
3879444 3886533
3887320 3889281
3890341 3890758
3891357 3899734
3900379 3903115
3904454 3906858
3907400 3914454
3914965 3916055
3916697 3924977
3925724 3927436
3928263 3928631
3929387 3934062
3934748 3934993
3935927 3936882
3937629 3940072
3940589 3940819
3941433 3946949
3947224 3952200
3952721 3956891
3957421 3959446
3959743 3962870
3963487 3963623
3964197 3966050
3966585 3974205
3974798 3977022
3977650 3981057
3981635 3982406
3982515 3986107
3986792 3990848
3991434 3992840
3993990 3995607
3996181 3999116
3999700 4004072
4004681 4005736
4006252 4010026
4010629 4018050
4018708 4023184
4023727 4028472
4029086 4030522
4031138 4033249
4033767 4040835
4041541 4042599
4043283 4049550
4050937 4051831
4052407 4052896
4053507 4061457
4062052 4064639
4065155 4076014
4076539 4078752
4079565 4088944
4089553 4090883
4091347 4095397
4095938 4112053
4112626 4114277
4114845 4117336
4118688 4119795
4120926 4132287
4132858 4137975
4138494 4152690
4153258 4157578
4158383 4158890
4159979 4161197
4161984 4163149
4163741 4166023
4168552 4173295
4173803 4174394
4175557 4175758
4177133 4177561
4178244 4178775
4179563 4180653
4181868 4182333
4182875 4184155
4184733 4188682
4190006 4191991
4192671 4193453
4193981 4197880
4198468 4203916
4204019 4205149
4205709 4206658
4207215 4213137
4213772 4220667
4221303 4225414
4225945 4232575
4233236 4257700
4258204 4260862
4261361 4264325
4264920 4267159
4267828 4271200
4271929 4277113
4277677 4278062
4278666 4278826
4279347 4288345
4288850 4294910
4295425 4296754
4297303 4299102
4300049 4303828
4304363 4306124
4306664 4308193
4308752 4308802
4309645 4315021
4315699 4318919
4319514 4321958
4322660 4329414
4329973 4330195
4330761 4338522
4339205 4342944
4343571 4346226
4346792 4346914
4348111 4357722
4358324 4361759
4362548 4366578
4367379 4368244
4369497 4371308
4371805 4378435
4379035 4380068
4380939 4388530
4389319 4391333
4391852 4396543
4397318 4400883
4401171 4401277
4401804 4402361
4403514 4408856
4410495 4420557
4421145 4426921
4427416 4428659
4429321 4430882
4431397 4433379
4433988 4434121
4434576 4437190
4437816 4439421
4439942 4447700
4448237 4449075
4449610 4450932
4451458 4452441
4452985 4453534
4454293 4456663
4457202 4461682
4462284 4464370
4464939 4470847
4471665 4472256
4472988 4474068
4474721 4476871
4477561 4479231
4479746 4486708
4487359 4487652
4488287 4488715
4489317 4495660
4496163 4497317
4497915 4498180
4499955 4510750
4511309 4517990
4518535 4520904
4521445 4530073
4530662 4537616
4538140 4538583
4539190 4543043
4543733 4546293
4546920 4547812
4548325 4548818
4549594 4552464
4553053 4554770
4555299 4563223
4563752 4569242
4569765 4573908
4574559 4574714
4575839 4581642
4582294 4585724
4586384 4586577
4587087 4590943
4591492 4595468
4596105 4598315
4598882 4599339
4599886 4600517
4601022 4601514
4602252 4611563
4612112 4612879
4613406 4621555
4621892 4633735
4634269 4640275
4640847 4641652
