e_coli_k12_gi_556503834_ref_NC_
1 205
998 2100
2980 4447
5073 6133
8693 9830
10720 14418
15133 16741
18208 22819
24415 27679
29885 30424
30939 32574
33302 34997
36742 37659
38628 39455
40001 40962
42094 43671
44380 45345
46258 46432
47967 48450
49032 49905
50442 53394
54152 55044
56585 58079
58646 59721
60524 61827
62590 63437
64314 65571
66100 66441
66564 66733
69096 69470
70700 70852
71417 73602
74377 74920
75610 78193
79196 79689
80256 80382
81174 81542
82043 83048
84104 84676
85843 87079
88591 89474
90339 91733
92519 93404
94259 95712
96371 96573
97977 102561
103435 106770
107425 107859
108663 109971
110588 111792
112394 114390
115753 116125
116999 117657
119367 119502
120399 121671
122757 122956
124104 125091
126209 126985
128454 131555
132325 132555
133652 140107
140653 142307
142970 145084
145675 147176
147898 148480
149028 149678
151055 151879
152460 153836
154417 155252
156027 157212
158155 161655
163071 163681
164982 166162
167064 167248
167784 167915
168632 169243
169936 171217
171890 176140
177213 177382
177922 178777
179426 180116
180670 183202
185259 187227
188395 188444
189684 191757
192729 193600
194135 194863
195487 195735
196584 198080
198636 199114
201090 202433
203297 206003
208526 209481
209996 211574
212159 213237
214233 216400
217326 217711
218720 219153
220264 222678
223229 228959
229551 230410
230958 231909
232454 234225
234929 235374
235926 236583
237980 239282
240140 242172
243061 244029
244834 246184
246722 249074
249672 254562
255519 255690
256354 257907
259966 260089
260628 262263
262847 265088
265952 266510
267417 268349
268890 270351
273579 276432
277283 277718
278536 281183
281843 282350
283078 283323
283875 285309
285904 286645
288602 291818
292518 292745
293347 297603
298178 301460
302081 302313
303432 303916
306167 307134
308539 308736
309507 310342
312528 312723
313831 317847
319573 319958
320509 321175
321710 322063
323427 325506
326024 326073
326655 327365
327869 329547
330349 331864
332451 333784
334634 335719
336245 337765
338612 341556
342809 345503
346059 348208
348834 349057
349787 349972
350107 350197
350816 350991
351757 353789
354329 355546
356420 360307
360973 361987
362764 363121
365682 366209
367051 368060
369645 370780
371824 373520
374224 374469
375049 375731
376583 378579
379259 379745
380832 384127
385535 386166
386682 387301
388089 389329
390008 391432
392969 394180
394872 396739
397278 397858
398719 399738
400525 401977
403957 404766
406204 406778
407651 410574
411228 411666
412414 412846
413594 414096
414811 415303
415885 416888
418739 418982
419646 422019
422782 423561
424128 426578
427540 427891
428804 432628
433856 436141
437049 437561
438624 440446
441110 442316
442961 444194
444729 445077
445606 446563
447215 447601
448444 450609
451155 453909
454869 460118
461003 461531
463154 463504
466075 466249
467099 468851
469561 469823
470618 474297
476112 478948
479880 480508
481528 482505
483020 485543
486344 487476
488660 489173
489710 490290
490915 491837
492341 495715
496509 496654
497457 497776
498690 502100
503489 505271
505837 508954
509888 510099
511553 512580
513997 518484
519045 519822
520401 520630
521446 522016
523870 526611
527751 528656
529185 530847
533819 534231
535242 537195
538427 539459
540784 542520
543871 546480
547141 547796
548678 550956
551722 552035
552543 553557
554273 554327
554998 559387
560105 564064
565583 568918
569519 570434
571435 573886
574541 579179
580215 582105
583317 584005
584913 585582
587254 590931
591445 592005
592814 595663
596268 596833
597422 599290
599994 600321
601003 602229
603374 603527
604420 604797
605990 614741
615408 615682
616332 616755
617891 619110
620373 622248
622977 624109
624923 625315
625863 627397
628062 628929
630290 630790
631555 632641
635249 635500
636591 638504
639025 641062
641651 641855
642888 644303
645568 646547
647811 647969
649190 650266
650767 650853
651521 655859
656366 656961
658454 659647
660317 660913
661531 663248
663935 665964
666585 668795
669457 669631
670662 671065
672183 676191
677208 677337
677912 678733
679251 679834
680598 681399
682307 683237
683784 683955
684899 685561
686117 687142
687946 688959
689682 690296
690818 691947
692477 694060
694736 697263
698093 699053
701665 702469
703088 703395
704368 705928
707360 710765
711550 712034
712705 713930
714822 716132
716902 717392
718454 718673
719885 721095
721649 722642
724134 724354
725223 725485
726704 726756
727336 729030
732966 733422
733961 735089
735831 735967
736711 737963
739148 739697
740490 741464
742111 742950
745034 745291
746466 749906
751061 754192
755655 757119
757754 758682
759270 760751
762047 762233
763722 764050
766073 766602
767481 767978
768968 769809
770434 772497
773269 775357
775959 783628
784825 786123
786855 787065
788221 788688
789313 792726
793280 794007
794576 797307
798888 800323
800826 801427
801963 803507
805392 807480
809428 809799
811348 811732
812341 813413
814066 814116
815686 819232
819940 826657
827182 827253
827916 828868
829457 832291
833520 835645
836215 836906
837757 838335
838865 839974
840672 844440
845204 845661
847017 848571
849198 850293
851459 852045
852802 853459
855015 856242
857288 859841
860419 861367
862029 863436
864160 864401
864962 865709
867008 868818
870412 871545
872082 873779
874727 877950
878530 878764
879433 880679
881200 881256
881794 884134
884734 884890
886077 886432
887195 888935
889567 891032
892404 893486
894943 895768
896473 896582
897627 898084
898924 900013
900645 902550
903346 911465
912151 913785
914398 916480
917167 918767
919269 919528
920229 925355
926091 927205
928046 928259
929236 932186
933089 933691
934330 938001
938669 938866
940620 942005
942690 948472
949217 949415
950587 950902
952393 952627
953925 954985
955620 959749
960727 962239
962880 964180
965112 965462
966315 966882
967396 968495
969403 969998
970687 972909
973998 974613
975122 980151
981006 981927
982820 982943
983524 983583
985328 985780
986426 988908
989489 989676
990680 993934
994621 995932
998069 998761
1000619 1002856
1004028 1006984
1007487 1007747
1008322 1008860
1009634 1009723
1010483 1014825
1015540 1017055
1017660 1018261
1018965 1021563
1022794 1023318
1024209 1024498
1025310 1025698
1026266 1029367
1030248 1034180
1034767 1035170
1037790 1040529
1041259 1041730
1043993 1044185
1044900 1045658
1046243 1046432
1046936 1048886
1049632 1054001
1055072 1056172
1056907 1060218
1060757 1060899
1061568 1062379
1062974 1063530
1064062 1066696
1067225 1067859
1068635 1068840
1070579 1071716
1072282 1073447
1074310 1074721
1075367 1076385
1077284 1077691
1078507 1084140
1085457 1089558
1091638 1092847
1093438 1095488
1096190 1097644
1098490 1099699
1101344 1103426
1104557 1104607
1105369 1106928
1108116 1110716
1111380 1114502
1115153 1115348
1116958 1117791
1119984 1121308
1122219 1123839
1124536 1125406
1125928 1127807
1129416 1130149
1130702 1131378
1131920 1132430
1133806 1136152
1136708 1138058
1138772 1138967
1139501 1142218
1143039 1143897
1144507 1145268
1145952 1146911
1147626 1147676
1148462 1148911
1149468 1149697
1150209 1150415
1151718 1152497
1153778 1155301
1155808 1156286
1156880 1159113
1159765 1160870
1161378 1161506
1162927 1163448
1163975 1164909
1165456 1165668
1166237 1166711
1167428 1169967
1172186 1172942
1175734 1176892
1177529 1177645
1178183 1178993
1179664 1181838
1182472 1183905
1185360 1188736
1189286 1189348
1189995 1190708
1191518 1193256
1193978 1194495
1195046 1196217
1197625 1198953
1200631 1200767
1202240 1202681
1203624 1204437
1204979 1205309
1205857 1209075
1209740 1211814
1212428 1212761
1213747 1218874
1220288 1220793
1221766 1221916
1222445 1222634
1223309 1224181
1225457 1226586
1227204 1228603
1229460 1231700
1232529 1233741
1234267 1234794
1235333 1235908
1236417 1236598
1237364 1237893
1238413 1239265
1239863 1240080
1240589 1241334
1242923 1244652
1245179 1246229
1247737 1248241
1249038 1249821
1252016 1253062
1253870 1255599
1257055 1259710
1260815 1261353
1262165 1263491
1264268 1266117
1266769 1267112
1267632 1269562
1270197 1272062
1272978 1273758
1274740 1275000
1275723 1275882
1276606 1278088
1278734 1278801
1279563 1280002
1281791 1282449
1283342 1283659
1284314 1284496
1285176 1286035
1286725 1288681
1291404 1293877
1294406 1295093
1297319 1299493
1300698 1301266
1302304 1302580
1305413 1306170
1306719 1307186
1307971 1308090
1308734 1309077
1309888 1311716
1312340 1314474
1315141 1315453
1316387 1318578
1319329 1321904
1322454 1323541
1324205 1326658
1327864 1328087
1328701 1332233
1333143 1333978
1335850 1338885
1339998 1341527
1342194 1343447
1347184 1348186
1349420 1350513
1351261 1352741
1353596 1354736
1355457 1357093
1357691 1359076
1360180 1361907
1363181 1363875
1364429 1367810
1370778 1371353
1372072 1372556
1373079 1374264
1375473 1376247
1377997 1378256
1379399 1379674
1380549 1382339
1383016 1383930
1384835 1385360
1387076 1388635
1389227 1390877
1391486 1391906
1392735 1392823
1393324 1394003
1396138 1399800
1400390 1401403
1401991 1403082
1403850 1405603
1406825 1407421
1407982 1411871
1412606 1414518
1415025 1415130
1416473 1418119
1421514 1422064
1422896 1425209
1425731 1427541
1428050 1431230
1434730 1435448
1435958 1436775
1437443 1437864
1439264 1439595
1441501 1442591
1443424 1444625
1446229 1446520
1447064 1447840
1449111 1451355
1451914 1452139
1453206 1453582
1454092 1458327
1458903 1459187
1460155 1460731
1461240 1462026
1462530 1462739
1463959 1467058
1467956 1471345
1471982 1472392
1473831 1475268
1476992 1478764
1479431 1479965
1481482 1483520
1484051 1489076
1489600 1489943
1490470 1490854
1491604 1493126
1494633 1495583
1497610 1498370
1499852 1500880
1501424 1501666
1502443 1502895
1504312 1507389
1508140 1509497
1510950 1512160
1512782 1521164
1521955 1523514
1525189 1525817
1527744 1527818
1529070 1529766
1530964 1533927
1534459 1535000
1535772 1536196
1536853 1538690
1539389 1540250
1542082 1543867
1544650 1545014
1545519 1545750
1546495 1547483
1548152 1551338
1551921 1552808
1554165 1554918
1555500 1555850
1556420 1556655
1557403 1558142
1558675 1561475
1562387 1562944
1563973 1564445
1565001 1566779
1568823 1569800
1570440 1570600
1572085 1573186
1573701 1573851
1574556 1575462
1575997 1576332
1577498 1577604
1579279 1581722
1582258 1582751
1583677 1586510
1587850 1588228
1588790 1592609
1593330 1598066
1598696 1599090
1600681 1601401
1602454 1605653
1607868 1608656
1609213 1609367
1610048 1610803
1611340 1611914
1612882 1618034
1618888 1620093
1620927 1621297
1621907 1622017
1622579 1622671
1623446 1624810
1625463 1627134
1629031 1629239
1631838 1635622
1636579 1636632
1637191 1639446
1640841 1641059
1641780 1646564
1647161 1648077
1649578 1651929
1652457 1653789
1654307 1658592
1659977 1660145
1660720 1661888
1662561 1663329
1664002 1665008
1665670 1667298
1667872 1672056
1673301 1673594
1674175 1675535
1676157 1676670
1677207 1677884
1678735 1679502
1681382 1681432
1682272 1683223
1685243 1685544
1686081 1686838
1687616 1694221
1694902 1695871
1696775 1699146
1699702 1700064
1700869 1701284
1701851 1702016
1702520 1702742
1703534 1705031
1705625 1706264
1706906 1707908
1708762 1711097
1711810 1712272
1713406 1714584
1715765 1717476
1718388 1718886
1719877 1720367
1723310 1723388
1724893 1725059
1725892 1726924
1727434 1729552
1730108 1732051
1732885 1734321
1734883 1735577
1736337 1737120
1737625 1739402
1740014 1740248
1740942 1741668
1742831 1743468
1744127 1747014
1747908 1748128
1748756 1748958
1749575 1751280
1751839 1756833
1757742 1758557
1759628 1760123
1760791 1761256
1762164 1763621
1764730 1765925
1769399 1769761
1770393 1771486
1772013 1777321
1778014 1780083
1780650 1781831
1782245 1783669
1784525 1789645
1790875 1791243
1792025 1792434
1793180 1795295
1796322 1796557
1797115 1797178
1798437 1801261
1801961 1802575
1803096 1804344
1806416 1807865
1809080 1809286
1809812 1813312
1814240 1814487
1815069 1816885
1817836 1819476
1820030 1820506
1821505 1822344
1822947 1824026
1826098 1826474
1827057 1828344
1828990 1830116
1830887 1831278
1832283 1833123
1833743 1835356
1835908 1836406
1837340 1837884
1838385 1838662
1839932 1841820
1842704 1843141
1843708 1843898
1844472 1844758
1845481 1848320
1849595 1849819
1851656 1853847
1854932 1856396
1857202 1860804
1861958 1863156
1863670 1863801
1864340 1865886
1866442 1866977
1868837 1869500
1870206 1871625
1872298 1874347
1874870 1875722
1876638 1877505
1878024 1878639
1879152 1879536
1881249 1881636
1882187 1882702
1884218 1885048
1885920 1887150
1887684 1888391
1889377 1890477
1891228 1891486
1891989 1892252
1892925 1893122
1894027 1894581
1895111 1898785
1899485 1901394
1902338 1903418
1907409 1908032
1909720 1910343
1910934 1913325
1913832 1914471
1914992 1915322
1915935 1918199
1918704 1920376
1920987 1921765
1922412 1923135
1924240 1926309
1927531 1927675
1928455 1929557
1930068 1931833
1932352 1932834
1933531 1935619
1938314 1938912
1939565 1940198
1942693 1944852
1945746 1946421
1947595 1947984
1948489 1949033
1949564 1951406
1951956 1952052
1952582 1953739
1954293 1954413
1955254 1958432
1961077 1961463
1962345 1963512
1964336 1965396
1966360 1966809
1967325 1967835
1968472 1968589
1969120 1970691
1971722 1973056
1973596 1975571
1976186 1976321
1976929 1978063
1978503 1981665
1982462 1983082
1983615 1986437
1987077 1987252
1988447 1988983
1990383 1990787
1992118 1992338
1993330 1995061
1995826 1996284
1996788 1997549
1998322 1999093
1999886 2000471
2001665 2010976
2011503 2012732
2013294 2013559
2015906 2018898
2019566 2020104
2020834 2022093
2022677 2023650
2024471 2024855
2025552 2026780
2027633 2030852
2032555 2033258
2034804 2037333
2038152 2040156
2041057 2041509
2042025 2044250
2045253 2045549
2047031 2049356
2049924 2053530
2054150 2055320
2057970 2062214
2063153 2064427
2066210 2068939
2070444 2071422
2071946 2072496
2073250 2074244
2075248 2075868
2076530 2077786
2078519 2078833
2079466 2081964
2082847 2083675
2085859 2088152
2088806 2089180
2089916 2090145
2090922 2091044
2091562 2092387
2094703 2094958
2095986 2097993
2099216 2104369
2104952 2106769
2107329 2111822
2113570 2114827
2116416 2117095
2118654 2120499
2121059 2121248
2122001 2122604
2123351 2123487
2125173 2125737
2126714 2127621
2128614 2129316
2129856 2131596
2132115 2133845
2136082 2136545
2137616 2138091
2139176 2139640
2140229 2142454
2143108 2146142
2147119 2150556
2151451 2154345
2155397 2157618
2159063 2159413
2160618 2164162
2164805 2166050
2166600 2170076
2170169 2171974
2172841 2174986
2175872 2176912
2177487 2177584
2178195 2178255
2179259 2179513
2180024 2180309
2180867 2181565
2182287 2182992
2183815 2184727
2185583 2186289
2187046 2187690
2188400 2189025
2189965 2191533
2192267 2193060
2194207 2194456
2196293 2196822
2197762 2198434
2199363 2200094
2200623 2201109
2201795 2203503
2204525 2204690
2205927 2206292
2206833 2207562
2208152 2208902
2209478 2210375
2210981 2215339
2215956 2216130
2216814 2217470
2217988 2218897
2219400 2221113
2221832 2224318
2225246 2226638
2227568 2229508
2230744 2233952
2235655 2236789
2237329 2239499
2240648 2242208
2242892 2244102
2245206 2247161
2247888 2248516
2249581 2249828
2250677 2251651
2252894 2254630
2255166 2256093
2258070 2258257
2258847 2259912
2261144 2261664
2262548 2264664
2265335 2269935
2270837 2271090
2272882 2274183
2275035 2275106
2275695 2276108
2276644 2279008
2279899 2280194
2280886 2281796
2282686 2284678
2285883 2285984
2287009 2288287
2288843 2290444
2291347 2292335
2293040 2293121
2294739 2296203
2296910 2297771
2298798 2299516
2300961 2301209
2301798 2301850
2302544 2303057
2303863 2304827
2305352 2309426
2310787 2311338
2312015 2313391
2313897 2317270
2317807 2318806
2319525 2320044
2321476 2321930
2322472 2322676
2323448 2325200
2325853 2326922
2327539 2327612
2328992 2330279
2331087 2331244
2331833 2332008
2332884 2335594
2337435 2338141
2338969 2342180
2343042 2343561
2344110 2344916
2345752 2346063
2346997 2347315
2348203 2349664
2350750 2351507
2352253 2354406
2355403 2355498
2357629 2358659
2359358 2364234
2364745 2366041
2366651 2369392
2371049 2372380
2373294 2374634
2375155 2378155
2379590 2382682
2383285 2385451
2386766 2387614
2388209 2389693
2390362 2390443
2391286 2391906
2392568 2394318
2394836 2396664
2397308 2401510
2402129 2404204
2404748 2406791
2407354 2409343
2410043 2410663
2413153 2415178
2416554 2417290
2419596 2421461
2422074 2423201
2424067 2425017
2425556 2427346
2427920 2428436
2429428 2429787
2430337 2432384
2433458 2434625
2437224 2438013
2439374 2439570
2440252 2440902
2441412 2442918
2443634 2443785
2444389 2445938
2446699 2447779
2449566 2454619
2455407 2456214
2457067 2458425
2459204 2459687
2460430 2461439
2462714 2463615
2464425 2464474
2465444 2465646
2466357 2469921
2470763 2472617
2473247 2474814
2475431 2478452
2479121 2479428
2480005 2480151
2480695 2482891
2484029 2488058
2488785 2490155
2490923 2491812
2492338 2494886
2495975 2497410
2498214 2498997
2499521 2499601
2502085 2503229
2505526 2506956
2507924 2510337
2510863 2511954
2512515 2512702
2516505 2518594
2519360 2528399
2528982 2530550
2531427 2532511
2533469 2533994
2534518 2535032
2536066 2536998
2538239 2538720
2539376 2540233
2540865 2541032
2541680 2542658
2544241 2544740
2545258 2547385
2548808 2549023
2549439 2549620
2549868 2550633
2551653 2551783
2552573 2553102
2553926 2556283
2556840 2556946
2558105 2559811
2560974 2564840
2565742 2568236
2568940 2570033
2571107 2576507
2577711 2579998
2581632 2582039
2583189 2583469
2584813 2585935
2586442 2586498
2587033 2588633
2590299 2590925
2591456 2592398
2592906 2596659
2597298 2597516
2599175 2602245
2603054 2603284
2603820 2605672
2606242 2610475
2611214 2611335
2612794 2613095
2614561 2615213
2615903 2622826
2623423 2626686
2627503 2629308
2630757 2631342
2632253 2635410
2636231 2636623
2637316 2638642
2639479 2639745
2641399 2642941
2643453 2644122
2644720 2644871
2645519 2646721
2647285 2648439
2649250 2651115
2651622 2651824
2652342 2652518
2653026 2655697
2656348 2658898
2659430 2659581
2660170 2667589
2668933 2671608
2672235 2673511
2674064 2674187
2674738 2674986
2675599 2679161
2681561 2682508
2683044 2683761
2684826 2687220
2688171 2688613
2689345 2690576
2691090 2691180
2692302 2693164
2693686 2694063
2694654 2696904
2697509 2697724
2698234 2699682
2700220 2700545
2701447 2701796
2702478 2702802
2704346 2705598
2706984 2708713
2709806 2710146
2710755 2713137
2714101 2714359
2715359 2715524
2716103 2716807
2717606 2718242
2718994 2721323
2722562 2725166
2725716 2732135
2732655 2732744
2732901 2733378
2734204 2735567
2736324 2737417
2738103 2739072
2739670 2740023
2741134 2741665
2742641 2744892
2745914 2747411
2748266 2749312
2750713 2751111
2751615 2756023
2757218 2757838
2758908 2759080
2760259 2761271
2762390 2763556
2764449 2768629
2769139 2771379
2771929 2771996
2772774 2774352
2775738 2777684
2778314 2778650
2779301 2780608
2781680 2781729
2782502 2783134
2784101 2784470
2785092 2785948
2786948 2787257
2788003 2790660
2791428 2791621
2792302 2793175
2793974 2794355
2795449 2796050
2796633 2797448
2798077 2798778
2799657 2800177
2800991 2801063
2801730 2803246
2803972 2804151
2805059 2806102
2807162 2808750
2809419 2810555
2811643 2813506
2814380 2814475
2816393 2816886
2817496 2820690
2821752 2823266
2824116 2824303
2824843 2825052
2825950 2829395
2831161 2832600
2833194 2834803
2836405 2837971
2839059 2839278
2839809 2839968
2840836 2841647
2842633 2844096
2844964 2845674
2846934 2847426
2848391 2850165
2851038 2851110
2851635 2852164
2855923 2856707
2858500 2858711
2859286 2860589
2861201 2863268
2863936 2864188
2864766 2866042
2866560 2866855
2867499 2869531
2870186 2871652
2872953 2873202
2873956 2874152
2874841 2875645
2876216 2876470
2877523 2879062
2880640 2881518
2882121 2884643
2885864 2886305
2887214 2888547
2889210 2889641
2890159 2890428
2892461 2893788
2895050 2895542
2896365 2897122
2897923 2899265
2899952 2900466
2901218 2901482
2904409 2911502
2912364 2912979
2915469 2916253
2916888 2919780
2920576 2920693
2921422 2923554
2926078 2927074
2929068 2929723
2930546 2931533
2932111 2932288
2933491 2934451
2934988 2935288
2935868 2937073
2939252 2940153
2940774 2944713
2945438 2948304
2948832 2949059
2949762 2952179
2952708 2954829
2955424 2960252
2960771 2963511
2965226 2966736
2967557 2968817
2969406 2970169
2971107 2976362
2976885 2977204
2978474 2978677
2979413 2979843
2980828 2981182
2981751 2984240
2984913 2985907
2986417 2987247
2988269 2988340
2989007 2989651
2990179 2993515
2995016 3001114
3001641 3002754
3003314 3005077
3006240 3007667
3008186 3008579
3009099 3010120
3010735 3011071
3011873 3015723
3016459 3016699
3017451 3017754
3019342 3020407
3021010 3021071
3021848 3025719
3026570 3026805
3027443 3029006
3029771 3030029
3030620 3031787
3032302 3033486
3034627 3034677
3035315 3035704
3036210 3036676
3037331 3037732
3038458 3038855
3039373 3039933
3040911 3041828
3042352 3046851
3047972 3048146
3048652 3048847
3049423 3050656
3051713 3053351
3054570 3054742
3055522 3055987
3057281 3058254
3058814 3059509
3060102 3060350
3060983 3061943
3062689 3063083
3064306 3067056
3069472 3071553
3072961 3073337
3074245 3075305
3075838 3078159
3079034 3080996
3081500 3083860
3084782 3087278
3087827 3090031
3090811 3091025
3091667 3092833
3093629 3094118
3094802 3096281
3097920 3099004
3100082 3100545
3101070 3103880
3105362 3106617
3108681 3110742
3112274 3113494
3114172 3117645
3118269 3119573
3120483 3120683
3121245 3121998
3122696 3123337
3123895 3127191
3128954 3138239
3138890 3140507
3141175 3144287
3145090 3151806
3152534 3156708
3157332 3158034
3159682 3160037
3161379 3161992
3162620 3163337
3164035 3164883
3165443 3165742
3166714 3170726
3171420 3171725
3172992 3174273
3175796 3178295
3178867 3180631
3181335 3183306
3184383 3184678
3185693 3187427
3187534 3188436
3189238 3189447
3190135 3194916
3195873 3197550
3198176 3198650
3199822 3200119
3200632 3200694
3201415 3201611
3202347 3202581
3203485 3203548
3204279 3208159
3210552 3211093
3211629 3212572
3213525 3214095
3214638 3214783
3216411 3217088
3217659 3218037
3218552 3219333
3220654 3221051
3221689 3221989
3222938 3222997
3223611 3223807
3224344 3224417
3224930 3226093
3227590 3228310
3229180 3229420
3230006 3231559
3233166 3234263
3234804 3236675
3237481 3238503
3239281 3240444
3241203 3245290
3246014 3246717
3247408 3247789
3250342 3252160
3252700 3253115
3255068 3256284
3257955 3261580
3262317 3263152
3263879 3267648
3268854 3270403
3271129 3271972
3274312 3274682
3275332 3276836
3277882 3278391
3279464 3280718
3281387 3283802
3286545 3286756
3287531 3287753
3288400 3289785
3290350 3290701
3291429 3291742
3292382 3293858
3294631 3294963
3295670 3295847
3296822 3298071
3299057 3300120
3300646 3301918
3302744 3302907
3304773 3307658
3308834 3311216
3311847 3312554
3313325 3314061
3315474 3316789
3318252 3318475
3320097 3321247
3322384 3323982
3324649 3324940
3325481 3326461
3327139 3327919
3328478 3328730
3329443 3329998
3330691 3331965
3333924 3338039
3338764 3339229
3341479 3343502
3344288 3346956
3347692 3347940
3348466 3349683
3352161 3352458
3353084 3353748
3354843 3358729
3359942 3360718
3361526 3362800
3365651 3366710
3367523 3367669
3368179 3370395
3370938 3371901
3372404 3372952
3374512 3376495
3377616 3377745
3378317 3378473
3379585 3380087
3381860 3382671
3384302 3384929
3386636 3387887
3388607 3388945
3389577 3390476
3391789 3393002
3393605 3395475
3396232 3397104
3398139 3398977
3399829 3404980
3405574 3406524
3407137 3408467
3409128 3409654
3410430 3411833
3413591 3413915
3414742 3415877
3416457 3419290
3419912 3420611
3421268 3429921
3430506 3433622
3434995 3435389
3436013 3438230
3440053 3440507
3441501 3441568
3442152 3442611
3443192 3443857
3445638 3446276
3447726 3448346
3448912 3449062
3450782 3451310
3451832 3452465
3454219 3455763
3456513 3457047
3457550 3459699
3460844 3461199
3461741 3463908
3464776 3466476
3467204 3468276
3469628 3471461
3472029 3472967
3473509 3474994
3475735 3479164
3480635 3481325
3482038 3482134
3482704 3483909
3485277 3485772
3486493 3486816
3487430 3489082
3490100 3491554
3492330 3493193
3494282 3494982
3495550 3496305
3497003 3497657
3498175 3498815
3499630 3500117
3500652 3504185
3505195 3508559
3509192 3510506
3511025 3511422
3512530 3512860
3513612 3514647
3515804 3519647
3520180 3520311
3520919 3523123
3523931 3525088
3526516 3527335
3528187 3528380
3529140 3534078
3535461 3535850
3536435 3536792
3537653 3538653
3539772 3540449
3541411 3543737
3544407 3544700
3545555 3547641
3548252 3548957
3549518 3549785
3550395 3551070
3551835 3552067
3553527 3553616
3554224 3555507
3556193 3556410
3556921 3560571
3561126 3561382
3562144 3563820
3564403 3566360
3567353 3567446
3568057 3568529
3569128 3569319
3570566 3571139
3572465 3574574
3575793 3576187
3576867 3581464
3582569 3586254
3586941 3587579
3588950 3589548
3590526 3591138
3591770 3592398
3593659 3594101
3594710 3595798
3596577 3596758
3597991 3599122
3599728 3600188
3602822 3603023
3603696 3603988
3604768 3605249
3606021 3607518
3608159 3609187
3609793 3610121
3611307 3612304
3612930 3614653
3615164 3615515
3616147 3624899
3625980 3626310
3627808 3629551
3630345 3630453
3631581 3631864
3632722 3634178
3635430 3636089
3638046 3638929
3639430 3640350
3641315 3641764
3642436 3642924
3644462 3647210
3648161 3648391
3648492 3648707
3649305 3651294
3652015 3653261
3653886 3653944
3654701 3656905
3657765 3657996
3658811 3659289
3660076 3668787
3669334 3672111
3672632 3673402
3675024 3675286
3676031 3676767
3677647 3678208
3678885 3679131
3681408 3681801
3682590 3685565
3686400 3687119
3688362 3690083
3690771 3691848
3693265 3694681
3696081 3697149
3698165 3705212
3706042 3707992
3708526 3708723
3709298 3710188
3710947 3711182
3712460 3714707
3715216 3717506
3718603 3719175
3719839 3719974
3720079 3723947
3724587 3725951
3726514 3726565
3727240 3728177
3728848 3729739
3730297 3731502
3732665 3732943
3734163 3737905
3739023 3740083
3740604 3741779
3743653 3744751
3746271 3747303
3748190 3748420
3749002 3749628
3750242 3750899
3751440 3751750
3755249 3757826
3758419 3760782
3761920 3766284
3766836 3769878
3770468 3770703
3771332 3771980
3772675 3774330
3775587 3775872
3776466 3777140
3778049 3778417
3779130 3781339
3784135 3787112
3787865 3788324
3789041 3790087
3790643 3791526
3792074 3793188
3794059 3794436
3795476 3795575
3796184 3796472
3797209 3802456
3804139 3805652
3806321 3808094
3808765 3811402
3813461 3814488
3815195 3818986
3819603 3820549
3821266 3822806
3824042 3824933
3825437 3825649
3826495 3827194
3828332 3830004
3830645 3834955
3835494 3836703
3837359 3837943
3839181 3840157
3841102 3842441
3844514 3848374
3849840 3851113
3851815 3852185
3853742 3854562
3855065 3855170
3855726 3856051
3856881 3858439
3859833 3859951
3860470 3861251
3862232 3862571
3863529 3863856
3864399 3868135
3868656 3869469
3869994 3871169
3872455 3873909
3874751 3879041
3879712 3881270
3881946 3883634
3884201 3884985
3885571 3885759
3886833 3887463
3888458 3890881
3891422 3891540
3892318 3894974
3895517 3896973
3897497 3897603
3899269 3901676
3902432 3903117
3903801 3903982
3904713 3905402
3909114 3912150
3912686 3914712
3915269 3915873
3916385 3917278
3917807 3920758
3921289 3923859
3925228 3926009
3926779 3927245
3928013 3928951
3930593 3930864
3931617 3933477
3934643 3938223
3938847 3939203
3940227 3940597
3941112 3941661
3943364 3947154
3948599 3949611
3951046 3955101
3955672 3956231
3957112 3957456
3958095 3958354
3959322 3959524
3962473 3963081
3963780 3965035
3965891 3967347
3968246 3968692
3969550 3970237
3971112 3971434
3971944 3976207
3976977 3977608
3978395 3979686
3980208 3981494
3982822 3983174
3983868 3984346
3984887 3984980
3986081 3986334
3987156 3987710
3988999 3989225
3990282 3990747
3992821 3994351
3994923 3995316
3996087 3998592
3999802 4000108
4000826 4001851
4002467 4005664
4006239 4006445
4007146 4009895
4010546 4014502
4015837 4016250
4016757 4017743
4018543 4018914
4019461 4019838
4021476 4022760
4023403 4026482
4027016 4028085
4028712 4029697
4030556 4030925
4032303 4032847
4033516 4033574
4035214 4036987
4041614 4041743
4042247 4042958
4043955 4044795
4046031 4046402
4047715 4058549
4059565 4060856
4062654 4063988
4064622 4065199
4066128 4068005
4069102 4070149
4070754 4070839
4071489 4072405
4073356 4074002
4074550 4074604
4075214 4077938
4078545 4083891
4084626 4085226
4085916 4087692
4088906 4089306
4089855 4090770
4091550 4091994
4093362 4093481
4094013 4095979
4097105 4097355
4098570 4099716
4100246 4100483
4101459 4101848
4103727 4104814
4105737 4106407
4106914 4107209
4108368 4110853
4112905 4113389
4114043 4114453
4115750 4115906
4116408 4116497
4117052 4118076
4119196 4119791
4120528 4122330
4123151 4124667
4125611 4126060
4126899 4127125
4127701 4128365
4128881 4130796
4131571 4134514
4135924 4137755
4138337 4139078
4140257 4141833
4142649 4143406
4144065 4145504
4146026 4146459
4147230 4147723
4148274 4149353
4150717 4151534
4152971 4153841
4155070 4155462
4156089 4156888
4157642 4159589
4161101 4162582
4163292 4165128
4166612 4171884
4173072 4174502
4175256 4175907
4177039 4177158
4177732 4178645
4179148 4180277
4180906 4181608
4183052 4184497
4185263 4188840
4189728 4189875
4190912 4193376
4193926 4194421
4195394 4196569
4197168 4197985
4198498 4198604
4199861 4202262
4203371 4203533
4204221 4204504
4205101 4206804
4207701 4214424
4215244 4221027
4221690 4222783
4223332 4224271
4224792 4225710
4227074 4228229
4229040 4229750
4230301 4231664
4232275 4234297
4235116 4235199
4235706 4237892
4238434 4239098
4239620 4239730
4240289 4240499
4241038 4241335
4241884 4243838
4244569 4244899
4246765 4247050
4247826 4248780
4250356 4251122
4251632 4252087
4252738 4252945
4253784 4254691
4255361 4255558
4256136 4256511
4257044 4258386
4259018 4259358
4260053 4262588
4263254 4264667
4265242 4268166
4269048 4272331
4274464 4275245
4275851 4276117
4277486 4278263
4279083 4279532
4281642 4282545
4283218 4284508
4285116 4286090
4288886 4290524
4291269 4291955
4292486 4292562
4293197 4294065
4295228 4296732
4297310 4298392
4298968 4300609
4301963 4302747
4303391 4303574
4304348 4305618
4306281 4306510
4307074 4307184
4307959 4308232
4309212 4309660
4310516 4311048
4311579 4313686
4314254 4315640
4316232 4316390
4317132 4318682
4319292 4320475
4321488 4321752
4322500 4324682
4325321 4326713
4327810 4328686
4329400 4329469
4330022 4330239
4331378 4332549
4333204 4333926
4335397 4338367
4339257 4340919
4341447 4346037
4347236 4350007
4351122 4352908
4353545 4355479
4356152 4357337
4358006 4358427
4359227 4361985
4362564 4363499
4364014 4367731
4368339 4368403
4369034 4370694
4371329 4372494
4373226 4373919
4374627 4376168
4376905 4377616
4378192 4378962
4380615 4381411
4382194 4382399
4382910 4383174
4384011 4385081
4385902 4387771
4388670 4389653
4390800 4394673
4395953 4397569
4398167 4398971
4399473 4401878
4402588 4402833
4403376 4403801
4406079 4406539
4407061 4407721
4408325 4412359
4413267 4413602
4414348 4415567
4416540 4420637
4421253 4422630
4423261 4424329
4425961 4427178
4427697 4429625
4430367 4430635
4431190 4434627
4436025 4436449
4437355 4437655
4438830 4439972
4441381 4443723
4444572 4444727
4445776 4446523
4447157 4449979
4450912 4454413
4455331 4456490
4457211 4457321
4458516 4458594
4459176 4461291
4462985 4463429
4464019 4464300
4465251 4466446
4467581 4470708
4471279 4471375
4472233 4473963
4474685 4474961
4475739 4476142
4477013 4478465
4479808 4479901
4480481 4481310
4481969 4483343
4483915 4485809
4486313 4487399
4488047 4488325
4488946 4490354
4491654 4492368
4494465 4495393
4497436 4500180
4500782 4501578
4502355 4502607
4504339 4504622
4505558 4506296
4507162 4510825
4512308 4512997
4513927 4514712
4516124 4521621
4522902 4523112
4525200 4526079
4527100 4529249
4529903 4531115
4531727 4532041
4532566 4537850
4538663 4538960
4539835 4541463
4542260 4544141
4544649 4547331
4548552 4548878
4549762 4551365
4552241 4553701
4554206 4554476
4558023 4560812
4561755 4561976
4562484 4562655
4563251 4564976
4565772 4567583
4568262 4569281
4569968 4571343
4571935 4572106
4573212 4574409
4574957 4575351
4575889 4576525
4577099 4577377
4578157 4578588
4579201 4581178
4581768 4587245
4588798 4589413
4590110 4590525
4591247 4591719
4592224 4593071
4594003 4596995
4597714 4602122
4603334 4604649
4606033 4606378
4607292 4610253
4611213 4611727
4612229 4613782
4614402 4615406
4615956 4616524
4618274 4618774
4619398 4619866
4620714 4621355
4623600 4626478
4627612 4628124
4628667 4634124
4634769 4635419
4636922 4637414
4639422 4640489
4641284 4641652
