gi_556503834_ref_NC_000913.3_
223526 227493
228464 228906
258007 258577
270638 271662
274054 275039
279327 280013
290540 291161
349880 349972
357575 357675
381876 382493
391807 392873
566870 567936
574627 575690
580516 581263
608106 609252
687945 688953
696754 696862
731157 731570
732089 733154
734247 734999
736444 736594
737239 737492
780858 781145
1049841 1050450
1094343 1095404
1097077 1097537
1270247 1270326
1299593 1300600
1396138 1397144
1466538 1466756
1468008 1469295
1470325 1470417
1528446 1529075
1532021 1532816
1552226 1552403
1570769 1571703
1632735 1634929
1636370 1636632
1650942 1651490
1978602 1979171
2066364 2067200
2069039 2070174
2101845 2102707
2170268 2171329
2289015 2290014
2304546 2304913
2514372 2515519
2521140 2521252
2726161 2728175
2729205 2729938
2730857 2731393
2996458 2997595
3130242 3131247
3186129 3187328
3365687 3366622
3423481 3428809
3470263 3471095
3583526 3584210
3619372 3620045
3620766 3621084
3621698 3622763
3624831 3625378
3652129 3653186
3708458 3708535
3762363 3764971
3765513 3765730
3767319 3767368
3941541 3946850
4035264 4040487
4166398 4171951
4208066 4213085
4295934 4296290
4325948 4326154
4498280 4499430
4507557 4508582
