gi_556503834_ref_NC_000913.3_
19873 20359
223717 228928
239172 239300
257985 258549
266453 267003
267868 268063
270294 271892
274032 274248
279239 279804
290710 290958
375123 375248
381337 381884
391786 392886
525610 525972
566857 567957
574662 575565
580386 581971
608084 609274
687924 688825
729678 733145
734423 735016
736682 737061
737190 738559
780919 781767
1049982 1050468
1094322 1095422
1096961 1097141
1208518 1208712
1223641 1223840
1269170 1270341
1286785 1287546
1299719 1300620
1396264 1397165
1427841 1428574
1431847 1431988
1432641 1434659
1466726 1467019
1467987 1469295
1528504 1529323
1531788 1532183
1532749 1532838
1634727 1635838
1636893 1637343
1650920 1651471
1708738 1708943
1978827 1979066
2066253 2067133
2069018 2070194
2101826 2102723
2170251 2171351
2288996 2289893
2304840 2304988
2470910 2471104
2514350 2515540
2726469 2731211
2768582 2769036
2769667 2769813
2770711 2771062
2778213 2778413
2947462 2947610
2996438 2997614
3130366 3131269
3186173 3187349
3365927 3366530
3423476 3423990
3426804 3428831
3583632 3584122
3620145 3620405
3621963 3622754
3623912 3625400
3652107 3653010
3666282 3667362
3762479 3765745
3766362 3766570
3767297 3767502
3941754 3946749
4035242 4040530
4094493 4094595
4153571 4153693
4166376 4171854
4176156 4177032
4209703 4213089
4296156 4296303
4498883 4499434
4507536 4508602
4518649 4519162
