gi_556503834_ref_NC_000913.3_
66564 66648
223702 225738
228675 228928
257985 258599
270616 271684
279240 280035
290518 291324
339757 339848
375267 375365
381337 381884
391785 392890
566848 567958
574663 575713
580909 581285
608084 609274
687924 688972
729879 730458
731135 733176
734815 735021
737203 737990
1049982 1050468
1094322 1095422
1097038 1097325
1269170 1269907
1286963 1287071
1299571 1300622
1396118 1397166
1432351 1432665
1467986 1469295
1528404 1529097
1531968 1532721
1633027 1634945
1650920 1651471
1978645 1979193
2066253 2067222
2069017 2070196
2101823 2102871
2170246 2171351
2288996 2289982
2304390 2304615
2514350 2515540
2726139 2731226
2996438 2997614
3130223 3131267
3186172 3187349
3365650 3366677
3392070 3392161
3423336 3428917
3583504 3584122
3619350 3619410
3621963 3622646
3624343 3625400
3652107 3653159
3666282 3667260
3762479 3765575
3941670 3946872
4027511 4027609
4035242 4040723
4094310 4094493
4166376 4168137
4168698 4171888
4176156 4177032
4207920 4208000
4209703 4212881
4296097 4296433
4325925 4326161
4498883 4499435
4507536 4508602
