Escherichia_coli_O157_H7_ancestor
13400 13680
25285 25446
38250 41537
56680 57393
99734 101660
111723 112030
118100 118188
154292 154559
156302 156637
182829 183004
248888 252738
257739 257983
264956 265059
274674 274881
277725 277849
290261 290328
297377 297819
305741 306039
312393 312484
315969 316284
327973 328038
338890 339013
355371 355625
366384 366597
367319 367552
373210 373416
377097 383204
385279 386210
386940 387927
410538 410778
412895 412973
434194 434252
449938 450309
457593 464872
481307 481362
492542 492592
497492 497605
513055 513270
535514 535659
572957 573254
575315 575598
581711 582000
610146 610435
612806 612945
621860 622080
663676 664818
669924 670194
671802 671914
682003 682115
683893 684037
717602 717898
719318 719489
725573 726036
727314 727391
727935 728847
733930 734249
735136 735187
736721 736998
739535 739671
740929 741313
742786 743960
745909 747741
748609 749115
755967 756900
762398 763001
765917 766141
795223 795439
796436 796747
810186 810443
821743 821881
831718 831887
835924 836126
841333 841524
857652 857783
861451 861534
884067 885279
888612 888829
893603 893801
896664 896713
898086 898154
905798 906588
926217 926457
948317 948561
971106 971156
996734 996880
998170 998285
1030621 1030847
1032508 1033367
1033974 1035680
1036329 1036923
1041552 1041837
1042414 1044515
1045141 1046153
1051299 1051620
1052226 1054738
1055500 1056135
1064699 1065680
1066911 1073518
1074110 1077010
1153360 1153873
1155152 1155447
1157954 1158345
1168332 1168429
1177454 1177650
1178649 1178745
1187767 1188001
1218089 1218484
1229439 1229706
1252688 1253664
1254207 1255073
1255616 1256566
1257144 1257620
1261559 1262154
1264014 1264349
1267571 1267890
1269067 1269743
1271518 1271696
1273718 1276475
1278654 1280779
1282076 1293485
1295595 1296275
1297052 1302604
1303923 1304678
1310183 1310532
1311299 1311725
1321029 1322488
1323077 1325231
1328108 1328619
1344879 1345424
1350449 1352589
1355356 1357254
1361697 1361796
1362993 1368309
1369673 1370015
1370537 1371009
1371550 1376273
1377083 1378622
1379509 1379709
1380459 1384006
1385213 1386774
1388554 1391294
1392818 1392935
1422797 1423316
1424451 1424781
1426471 1426739
1448550 1449029
1457055 1457826
1469130 1469296
1502882 1502957
1577014 1577072
1578856 1579335
1580818 1581237
1606144 1607169
1608824 1609213
1637240 1637882
1643502 1643612
1667668 1667870
1698559 1698623
1706251 1706469
1714788 1715007
1764818 1764876
1767718 1768060
1777647 1777791
1790879 1791418
1808653 1810919
1811457 1812971
1816461 1816685
1818562 1829752
1830855 1832911
1833658 1838247
1839067 1839698
1840304 1843537
1844114 1845573
1846703 1848550
1849051 1849245
1850786 1850986
1852250 1854496
1855351 1855748
1858276 1858329
1861267 1864427
1865622 1865728
1867305 1867855
1870664 1873122
1873757 1874081
1876479 1876800
1877427 1878468
1879516 1883636
1884967 1885477
1886408 1889043
1889893 1892664
1893212 1893449
1894188 1894968
1903387 1903608
1912327 1912493
1925603 1925980
1929817 1929879
1937963 1938184
1943134 1951683
1960653 1961197
1976673 1976877
2001293 2001905
2004418 2005301
2005943 2007239
2013978 2014200
2059192 2059396
2060144 2060234
2085920 2086089
2090538 2090667
2112637 2112932
2135692 2135968
2139972 2140123
2188877 2189054
2191317 2193512
2200082 2201586
2203097 2203334
2204808 2205541
2206340 2208052
2208611 2209488
2210471 2212245
2214207 2217766
2221203 2221930
2222540 2225959
2226668 2227000
2229540 2229751
2232367 2232419
2240801 2241002
2255132 2255682
2258516 2260721
2264582 2264673
2269545 2269673
2270461 2272457
2277039 2278071
2278659 2278800
2282710 2283035
2310502 2311067
2319649 2319968
2336053 2336373
2347238 2347467
2348212 2348867
2352406 2353742
2354509 2354566
2355905 2355995
2362132 2363143
2364851 2366163
2370775 2371139
2400963 2401263
2402520 2403208
2406015 2407788
2408589 2419365
2421463 2423631
2425825 2427703
2431723 2431944
2451491 2451618
2509839 2511300
2525314 2527478
2542875 2545411
2546537 2546794
2547422 2547625
2548825 2549127
2564866 2565042
2567834 2567996
2594166 2597011
2599998 2600098
2600660 2601722
2611332 2611562
2612904 2613193
2626535 2626677
2652164 2652416
2662438 2663485
2675555 2675745
2676822 2676968
2685198 2685350
2707578 2711752
2712392 2720237
2721490 2722494
2723346 2723645
2726653 2729937
2732543 2736808
2740692 2742298
2750929 2752396
2761698 2761932
2774038 2774096
2786980 2787063
2791658 2791735
2827377 2827531
2829498 2829861
2831383 2831765
2858639 2858692
2861243 2861413
2863772 2863999
2871519 2871738
2877813 2877888
2894401 2895167
2897965 2898247
2902315 2903208
2912564 2912922
2918408 2918573
2921405 2921524
2938365 2938561
2944424 2944473
2958838 2962076
2969157 2969456
2984740 2984905
2995429 2996066
2999106 2999922
3016097 3016780
3019478 3020389
3021125 3022287
3022972 3023201
3037567 3037663
3044543 3045128
3049160 3049314
3066731 3067128
3070420 3070728
3085178 3085281
3090164 3090309
3101799 3102514
3103044 3103257
3105821 3106347
3106933 3109136
3116254 3116445
3121990 3122594
3126309 3126378
3129761 3130006
3131146 3131470
3133351 3133414
3134754 3135077
3155125 3155188
3189609 3189711
3192011 3192065
3192606 3192923
3241275 3242170
3251681 3252589
3265916 3266201
3275747 3282025
3289031 3289100
3291585 3291758
3292913 3292979
3296819 3297226
3297998 3298056
3298698 3299994
3327832 3327898
3335863 3336330
3349905 3350215
3383883 3384353
3387899 3388160
3405179 3405236
3417808 3418513
3425064 3425127
3434237 3434597
3439531 3441256
3451392 3451726
3459516 3459661
3475918 3476204
3489693 3489758
3500732 3500888
3510111 3510190
3525351 3525464
3538176 3538359
3569272 3571350
3573566 3573776
3580005 3580243
3594114 3595221
3604153 3604239
3606818 3608085
3612256 3613144
3613830 3614461
3634929 3635118
3644369 3645077
3647860 3648184
3652367 3652833
3669201 3669766
3676996 3677267
3688480 3693732
3700570 3700860
3722715 3722923
3818168 3818453
3827574 3827893
3839366 3839534
3852974 3853151
3954647 3954779
3957147 3957207
3974364 3974661
3975209 3975261
3996952 3997464
3999632 3999818
4017106 4017172
4018539 4018767
4026689 4026881
4043297 4043636
4044476 4044601
4067111 4067302
4082588 4082645
4087450 4087621
4109142 4109360
4135357 4135678
4139223 4139559
4213975 4214295
4248014 4248119
4280989 4281123
4290424 4290501
4305519 4305756
4306325 4309483
4350214 4350418
4367754 4372857
4401795 4401871
4403881 4404309
4408847 4414115
4432251 4432510
4448593 4448737
4457284 4459280
4459974 4460578
4462321 4462495
4464841 4465213
4466207 4466402
4490643 4490887
4525379 4525572
4531597 4531885
4536988 4537154
4552959 4558331
4572320 4572671
4604611 4604719
4613211 4614227
4649334 4654852
4669159 4669730
4670717 4671203
4682524 4682827
4684884 4684959
4689393 4689459
4692049 4692127
4709968 4710057
4724339 4724674
4752300 4752681
4755656 4755928
4756453 4756974
4774176 4774508
4803631 4803854
4813800 4814119
4822834 4823100
4833539 4834296
4838972 4840098
4845340 4845552
4854025 4854233
4854815 4854911
4856845 4857475
4859182 4861391
4862524 4862845
4881307 4884734
4897491 4897569
4943667 4943993
4950437 4950713
4965628 4965915
4968442 4968586
4980516 4981287
5008843 5009074
5030803 5030885
5045475 5045739
5052457 5052754
5063772 5063899
5105555 5105712
5109367 5109767
5110936 5111387
5134764 5134865
5146590 5146852
5150505 5150762
5185468 5185568
5186762 5188442
5198947 5199375
5214512 5214793
5221790 5221919
5225993 5230987
5232465 5233578
5238044 5238303
5254635 5254714
5256168 5256505
5357739 5357834
5364075 5364347
5381946 5382075
5391079 5391280
5398282 5398580
5455196 5455491
5460749 5460964
5476225 5476376
