Buchnera_aphidicola_Schizaphis_graminum_0935
8980 9437
13446 13655
16222 16338
20523 20624
24604 24835
27716 27900
41213 41435
45516 45691
80923 81197
85907 86023
153371 153679
185550 186125
222106 222257
330504 330727
392532 392643
458377 458461
513884 514165
529002 529069
535389 535753
553783 553931
633532 633823
707990 708116
709803 709919
719327 719535
771156 771412
784612 784750
881352 881466
890397 890671
1076375 1076711
1095606 1095918
1114116 1114249
1137482 1137638
1139653 1139788
1155808 1156041
1165101 1165286
1182774 1182882
1219452 1219738
1274082 1274289
1363441 1363664
1461152 1461295
1483274 1483341
1493583 1493936
1554632 1554704
1666696 1666786
1758822 1759035
