e_coli_k12_gi_556503834_ref_NC_
1 19130
19768 22523
23091 24257
24796 47490
48286 62189
62704 82132
82710 105257
105922 145020
145869 171160
171665 212452
212805 212905
213113 283672
284507 288327
288840 290499
291402 297608
298153 304669
305220 305464
305989 312555
313139 328922
329603 349229
349765 391567
392973 403621
404156 406547
407150 498117
498646 506926
507490 509540
510091 512155
512706 517154
517720 613955
614580 686766
687299 755617
756228 813533
814069 827842
828419 942227
942802 948122
948657 951253
951832 960415
960973 980702
981227 1001364
1001893 1001985
1002409 1046527
1046619 1054178
1054950 1089441
1090019 1103498
1104075 1125249
1125850 1129332
1129854 1141058
1141586 1165215
1165743 1184683
1185265 1191226
1191731 1218862
1219410 1244195
1245085 1249852
1250358 1253094
1253800 1268467
1268995 1269052
1269557 1275349
1275882 1362417
1363037 1376412
1377279 1405277
1405912 1418085
1418630 1432310
1433043 1433314
1433977 1450231
1450761 1467909
1469314 1469810
1470657 1504159
1504655 1505399
1505949 1570640
1571100 1583104
1583638 1596211
1596803 1606766
1607498 1619106
1619769 1651548
1651643 1681668
1682375 1688169
1688725 1694253
1695153 1709950
1710906 1716056
1716573 1717396
1718081 1758939
1759718 1762700
1763558 1779845
1780018 1797876
1798384 1804995
1805893 1825462
1826189 1839150
1839725 1851752
1852281 1855810
1856317 1881059
1881860 1891731
1892244 1954517
1955188 1974278
1975005 1988832
1989420 2016524
2017080 2034358
2035031 2065285
2066116 2082041
2082564 2089631
2090149 2158161
2159103 2181067
2181813 2199751
2200442 2252903
2253561 2259879
2260586 2285527
2286220 2331405
2332039 2336437
2337139 2373232
2373799 2416654
2417281 2423733
2424319 2463975
2464603 2484583
2485151 2496343
2496900 2514263
2515749 2521807
2522570 2530821
2531361 2545959
2546519 2554542
2555311 2563052
2563647 2594504
2595155 2614486
2615387 2635817
2636388 2677356
2678014 2685071
2685686 2741711
2741963 2742068
2742286 2746089
2746605 2848189
2848414 2848547
2848794 2887309
2887813 2943417
2944243 2948842
2949372 2978862
2979376 2979997
2980212 2980306
2980845 2984935
2985487 3001776
3002327 3015018
3015576 3020469
3021036 3023948
3024564 3024941
3025507 3081078
3081895 3196381
3196978 3221931
3222613 3223003
3223730 3274879
3275469 3276931
3277454 3295700
3296351 3297379
3297951 3365555
3367023 3407559
3408514 3434065
3434682 3455177
3455701 3475334
3476433 3486791
3487579 3489155
3489704 3528526
3529059 3545485
3546117 3582261
3582775 3586060
3586576 3597118
3597648 3598523
3599121 3620765
3621447 3624306
3625159 3631595
3632213 3690657
3691252 3698412
3699213 3761919
3763028 3763096
3763326 3776593
3777652 3781153
3781341 3789532
3790353 3793995
3794522 3822146
3822690 3867131
3868374 3881466
3881982 3885889
3886790 3895641
3896506 3897368
3897976 3910082
3911089 3923915
3924445 3925853
3926409 3959458
3959893 3961648
3962168 4007815
4008430 4014249
4014761 4021244
4021761 4049620
4050153 4122757
4123276 4135410
4136102 4166286
4172300 4175868
4176657 4198277
4198877 4199770
4200623 4213164
4213248 4230463
4230994 4239045
4239490 4326659
4327411 4329063
4329569 4391236
4392087 4394260
4394784 4401097
4402004 4418144
4418668 4423907
4424493 4425263
4425789 4441571
4442241 4474482
4475216 4497403
4497904 4522994
4523633 4527713
4528313 4581054
4581746 4582116
4582645 4611606
4612412 4627488
4628047 4641652
