e_coli_k12_gi_556503834_ref_NC_
1152 1274
15173 16632
23699 23835
32203 32376
34542 34679
42662 42718
46509 47391
50039 50586
57685 57799
66745 66829
92482 92580
99417 99692
106072 106165
132591 132977
140121 140293
153621 154167
196154 196473
200545 200614
204658 204772
205557 205766
223220 228906
230180 230345
231178 231341
237862 238121
242392 242464
253197 253258
258007 258577
259113 259185
262604 262706
270536 271664
279331 280502
281078 281428
282211 282534
290428 291304
295955 296110
311355 311445
312778 313245
315287 316547
330063 330278
340024 340115
349787 349972
350126 350213
373190 373247
374969 375263
380688 381259
391801 393039
401441 401649
408126 408220
411492 411586
415191 415577
424879 424972
431179 431875
441027 441095
445078 445260
486893 487274
504328 504391
512058 512732
525519 526554
532259 532340
538572 538625
541056 542120
555627 555716
566856 567936
570886 571069
574685 575686
580780 581177
587568 588136
602122 602242
617496 617553
630920 631096
635771 636342
642077 642146
686146 686273
687945 688934
696344 697313
702440 702568
718362 718567
729846 733136
734790 734858
736619 738331
748577 748842
750099 750453
751056 751140
770579 770818
772653 772920
780838 781822
784323 784664
802851 803346
807598 807999
818291 818850
850918 850996
856223 856285
858503 858905
864823 865136
891574 891995
894469 894537
899573 899951
915102 915253
937111 937313
940545 940706
954834 955098
957301 957472
962102 962181
968490 968868
982665 982835
985944 986472
989032 989482
994884 995085
996691 997038
1002302 1002420
1015345 1015424
1049839 1050415
1054443 1054599
1072117 1072210
1076987 1077380
1080718 1080846
1091252 1091309
1094343 1095672
1097293 1097659
1098812 1099135
1102165 1102222
1108325 1108377
1113589 1113751
1122630 1122995
1125063 1125164
1126659 1126751
1139732 1140231
1168816 1169076
1182644 1183298
1197404 1197526
1206181 1206276
1218358 1218842
1232584 1232663
1234946 1235139
1241006 1241101
1244175 1244341
1269085 1270154
1285746 1285823
1286907 1287691
1298332 1298764
1299637 1300600
1352347 1352470
1382167 1382694
1384719 1385070
1396165 1397144
1407532 1407667
1411046 1411209
1414592 1415005
1422085 1422221
1432373 1435086
1443785 1444283
1445237 1445641
1463087 1463274
1466431 1466513
1468008 1469295
1473691 1474127
1481052 1481184
1485985 1486438
1493357 1493423
1500761 1500829
1527512 1529123
1531754 1532629
1535050 1535325
1537527 1537843
1547454 1547585
1552273 1552645
1569103 1570083
1570769 1571703
1577917 1578236
1584695 1584814
1587132 1587260
1605259 1605640
1622851 1622960
1629242 1629436
1632870 1634100
1634715 1634923
1636024 1636994
1639353 1640163
1650942 1651482
1653065 1653199
1664621 1664728
1678691 1678951
1682363 1682570
1687212 1687432
1693368 1693420
1706737 1706904
1708636 1708810
1727953 1728236
1740054 1740468
1746362 1746485
1752972 1753086
1772048 1772854
1794104 1794211
1812812 1813072
1817162 1817525
1821331 1821442
1852542 1852670
1891894 1891945
1904941 1905040
1935461 1935545
1942341 1942543
1950241 1950446
1977922 1978015
1978602 1979099
1982247 1982317
1987163 1987309
2000146 2000605
2031900 2032105
2039604 2040337
2065834 2067200
2069039 2070172
2082088 2082349
2090337 2090750
2097759 2097990
2101858 2103377
2114078 2114235
2117799 2117898
2128292 2128444
2162905 2162970
2182891 2183368
2210589 2210988
2216822 2216931
2228893 2230179
2235403 2235479
2242435 2242686
2243532 2243605
2270349 2270579
2277930 2278190
2289018 2291365
2301670 2301811
2304547 2305863
2324485 2324577
2344315 2344893
2350885 2351037
2390084 2390159
2409248 2409518
2454263 2454957
2470673 2471039
2472005 2472204
2478792 2479547
2506133 2506776
2511311 2512133
2514430 2515591
2517181 2517378
2520937 2521746
2536760 2536924
2537941 2538471
2548360 2549001
2567861 2567934
2568138 2568237
2575039 2575303
2580074 2580455
2581731 2581893
2587845 2588052
2604247 2604372
2613178 2613607
2619828 2619894
2626958 2627274
2629734 2629881
2635541 2636095
2672911 2673082
2684717 2685158
2695680 2695809
2698049 2698357
2704216 2704578
2720016 2720380
2726199 2731374
2736687 2736808
2743099 2743429
2745295 2745437
2751477 2751636
2765357 2765457
2770566 2770982
2776624 2776900
2791712 2791867
2810718 2810844
2817862 2818549
2819833 2820072
2828225 2828439
2829050 2829110
2834230 2834342
2881832 2882029
2887082 2887422
2894796 2895292
2911113 2911165
2918120 2918271
2940076 2940551
2945430 2945525
2947259 2947513
2960600 2960651
2992073 2992450
2996397 2997592
3014240 3014826
3035521 3035581
3054171 3055055
3060837 3060887
3061828 3062077
3066165 3066273
3101693 3101833
3107966 3108021
3110370 3110722
3116248 3116396
3125320 3125601
3128307 3128773
3130142 3131247
3160284 3160387
3168314 3168605
3177343 3177392
3178047 3178253
3185526 3187594
3209788 3210253
3212116 3212197
3258293 3258396
3269917 3270142
3272332 3272796
3273706 3273935
3289022 3289386
3315223 3315325
3324845 3325188
3364881 3364969
3365651 3366772
3376161 3376217
3380241 3380305
3384265 3384443
3388082 3388371
3392070 3392161
3404548 3405089
3409550 3409792
3423492 3428895
3453492 3453745
3468997 3469070
3470803 3471178
3484714 3484847
3501664 3502042
3525340 3525468
3530644 3530815
3531977 3532161
3537868 3537994
3571062 3571379
3581035 3581190
3583526 3584473
3599063 3599149
3620070 3622348
3623836 3625392
3633085 3634376
3637187 3637363
3649696 3649843
3652129 3653137
3659839 3659888
3666304 3667238
3672171 3672512
3715452 3715678
3728239 3728347
3741996 3742047
3742907 3743072
3744470 3744574
3753825 3753900
3757664 3758064
3762363 3765756
3767134 3767712
3770002 3770631
3779276 3779431
3781407 3781606
3785084 3785259
3790850 3790953
3817050 3817725
3824619 3824742
3834895 3835248
3839881 3839975
3844206 3844560
3847951 3848019
3861595 3861938
3865699 3865876
3875377 3875937
3899318 3899411
3903276 3903511
3905780 3906266
3910551 3910741
3930539 3930676
3941541 3946850
3948816 3949115
3968560 3968809
3973749 3974042
3995449 3995610
4004785 4005097
4027414 4027476
4035264 4040746
4073478 4073749
4081488 4081660
4083046 4083275
4086378 4086847
4089346 4089736
4094252 4094572
4099294 4099522
4108225 4108699
4122759 4122819
4157616 4157757
4164648 4164846
4166398 4168102
4171762 4171866
4176128 4177078
4177913 4178261
4186248 4186376
4190472 4190715
4191748 4191843
4192408 4192503
4193725 4193912
4207716 4208072
4209849 4213065
4214648 4214948
4215754 4215870
4236641 4236867
4268128 4268246
4271388 4271573
4275850 4276002
4281602 4282003
4283200 4283284
4295905 4296306
4321878 4322167
4325854 4326203
4336912 4336975
4341733 4342247
4344614 4345497
4359218 4359283
4369266 4369766
4377592 4378015
4381035 4381296
4388600 4388771
4392522 4392598
4412446 4412581
4417611 4417750
4459800 4459868
4465405 4465529
4477637 4478166
4479830 4480283
4498263 4499412
4507210 4508679
4518357 4518617
4524258 4524584
4539402 4539475
4550517 4550574
4558437 4558726
4562803 4563370
4565630 4565699
4576391 4576626
4595279 4595402
4599207 4599483
4606068 4606930
4614321 4614456
4616787 4616928
4627748 4628170
4634897 4635849
4637585 4638013
