Ecoli_ancestor_Ancestor_
1 1046
13754 37220
78747 82136
88384 92568
114475 117322
144237 150751
156253 163608
197868 203143
237571 246213
288615 297559
377742 383851
384404 384919
399149 411323
413837 425925
489580 513082
553408 557621
643910 664777
666324 669165
692000 692842
693474 700523
716762 717113
722734 739490
818268 828804
870431 882458
883050 898207
908397 922744
924600 937627
938769 944457
968023 968273
971532 973095
1006417 1006608
1007327 1022713
1027728 1030651
1152015 1154386
1161951 1169851
1217044 1225193
1232604 1239520
1276000 1279030
1323677 1324752
1369625 1371477
1375242 1378147
1381713 1392821
1393368 1403456
1404084 1404653
1407955 1428782
1429295 1447454
1454580 1464841
1520894 1535246
1535802 1578557
1593189 1597550
1712581 1724398
1750850 1751337
1753880 1757862
1767227 1771331
1772253 1772667
1776284 1778978
1791634 1796879
1838669 1844965
1853837 1854128
1859374 1864638
1893443 1901948
2075258 2090581
2278655 2282980
2300800 2315376
2352602 2368423
2376936 2381283
2390838 2394237
2419431 2420575
2440657 2456764
2487970 2495123
2520733 2521729
2523560 2537275
2550707 2554454
2570405 2572480
2573109 2584982
2602654 2626636
2646696 2649680
2650208 2652707
2653939 2660696
2711070 2728103
2780976 2798239
2805924 2806298
2808346 2825991
2826593 2834290
2939390 2939906
2945948 2946286
2957522 2958189
2959131 2968739
3015209 3020079
3058825 3059112
3059619 3061629
3062621 3119882
3129057 3158491
3159641 3165125
3165806 3168605
3186426 3194651
3263289 3263786
3276056 3291196
3357463 3368842
3480068 3482747
3493660 3493840
3494765 3495304
3496423 3496504
3502338 3509792
3521833 3551037
3557161 3557541
3560272 3567348
3573082 3576193
3761546 3791311
3808413 3811168
3827461 3836943
3855761 3856601
3857632 3861085
3873033 3881763
3882348 3891836
3892577 3894483
3899972 3903899
3976644 3978939
3998097 4006914
4007440 4007965
4009015 4009162
4015128 4035270
4043990 4073807
4106091 4116180
4116728 4126488
4151761 4158172
4193978 4196552
4197896 4203346
4208348 4209489
4240723 4252200
4272720 4278810
4279377 4305782
4310979 4311586
4314386 4316794
4319135 4322770
4332234 4332841
4361854 4365477
4367180 4382438
4402409 4404522
4427830 4435103
4490146 4537515
4540706 4550731
Ecoli_0975_Taxon016_
15442 20124
165306 173370
223520 260852
270608 273276
273830 275040
276086 281233
281920 284966
290496 291296
331672 336462
380280 387402
391764 393728
439099 443020
451025 469059
566835 567979
574646 581586
592743 595661
671758 709254
710090 722073
734345 739722
829314 874542
1030588 1039711
1049883 1050490
1088522 1095444
1096568 1101564
1110792 1113898
1159901 1170283
1182147 1215890
1236237 1244179
1255636 1284359
1289486 1324496
1333380 1338204
1347730 1351565
1390896 1405848
1430317 1434658
1468201 1470424
1529720 1531445
1537715 1541051
1549025 1570627
1574894 1588002
1599484 1608365
1610962 1622009
1631729 1632582
1633325 1659474
1803640 1810620
1818581 1818936
1821127 1831122
1968643 1969763
1978717 1979015
2066338 2086162
2089160 2098301
2115055 2123928
2125356 2135794
2136455 2146700
2153396 2170371
2171345 2184458
2200022 2203152
2213740 2214900
2230833 2239234
2289066 2307768
2312205 2313331
2514328 2523024
2691864 2706412
2720047 2721166
2729783 2743617
2814576 2819417
2823633 2824048
2836980 2842397
2928269 2935682
2970284 2991268
2991824 3000395
3050528 3052106
3058165 3069010
3073560 3077974
3080880 3082021
3177482 3182209
3196436 3197466
3203047 3203862
3204368 3205651
3206157 3209475
3220032 3221205
3358256 3366641
3387772 3389343
3423765 3451621
3452217 3456555
3479564 3487686
3490169 3495119
3495649 3507960
3508539 3511051
3535894 3555931
3583533 3584387
3619328 3622781
3652091 3653119
3666260 3668421
3682463 3695007
3764487 3765772
3772592 3776118
3776808 3779656
3836817 3838380
3841813 3851258
3868126 3890225
3921290 3921416
3922075 3950248
3952375 3954152
3968072 3979822
3980334 3988078
4029933 4041202
4102684 4117736
4128144 4129504
4130008 4141244
4141829 4147009
4152242 4154091
4193114 4193949
4223792 4224015
4303233 4311956
4406113 4427140
4434607 4439997
4446623 4459892
4462991 4473214
4476172 4485983
4488942 4503759
4515725 4517405
4520190 4525814
4526337 4528573
4529141 4532711
4536212 4541862
4573872 4589527
4637026 4641652
