Ecoli_ancestor_Ancestor_
1 1046
13754 37220
85615 92568
115110 117322
144237 150751
197868 203143
226574 246213
288615 297559
377742 383851
384404 384919
399149 411323
413837 425925
489580 513082
550265 557621
646870 664777
665362 669165
692000 692842
693474 700523
716762 717113
818268 828804
870431 882458
883050 937627
938769 944457
968023 968273
971532 973095
1006417 1022713
1027728 1030651
1163598 1169851
1217044 1239520
1276000 1279030
1323677 1324752
1369625 1378147
1381713 1392821
1393368 1403456
1404084 1407899
1421912 1428782
1429295 1447454
1454580 1464841
1520894 1535246
1535802 1578557
1593168 1597550
1710284 1724398
1750850 1757862
1767227 1778978
1791634 1796879
1838669 1844965
1853837 1854128
1859374 1864638
2075258 2090581
2300800 2315376
2351525 2375641
2376936 2384848
2419431 2420575
2440657 2440962
2487970 2489000
2520733 2521729
2523560 2537275
2550707 2554454
2570405 2572480
2573109 2584982
2602654 2626636
2646696 2649680
2650208 2660696
2711070 2728103
2780976 2798239
2805924 2825991
2826593 2834290
2939390 2939906
2953967 2954848
2956000 2958189
2959131 2968739
3058061 3059112
3059619 3116747
3118750 3126363
3129057 3158491
3159641 3171244
3186426 3194651
3261120 3275575
3290166 3291196
3480068 3482747
3493660 3493840
3494765 3495304
3496423 3509792
3540977 3548347
3573082 3576193
3767356 3791311
3806291 3811168
3827461 3836943
3855761 3856601
3857632 3861085
3870296 3881763
3882348 3891836
3892577 3894483
3899972 3903899
3972610 3978939
3998097 4006914
4007440 4007965
4009015 4009162
4010496 4012483
4015128 4035270
4043990 4073807
4101346 4116180
4116728 4126488
4192102 4196552
4197896 4199040
4208348 4209489
4240723 4252200
4272720 4278810
4279377 4300308
4310874 4311586
4314386 4316794
4319135 4322770
4332234 4332841
4361854 4382438
4400158 4404522
4427830 4435103
4490146 4537515
4540706 4550731
Ecoli_0975_Taxon016_
15442 20124
159622 163961
165306 173370
205161 207877
223520 260852
270608 273276
273830 275040
276086 281233
281920 291296
331672 336116
380280 393728
432632 443020
451025 464314
566835 567979
574646 578441
580364 581586
592743 595661
671758 709254
710090 722073
734345 739722
823504 874542
1023456 1042401
1049883 1068971
1094298 1095444
1096568 1101564
1110792 1113898
1159901 1170283
1236237 1249190
1255636 1264799
1284840 1324496
1333380 1351565
1390896 1405848
1430317 1432436
1468201 1470424
1472096 1474001
1529720 1541051
1549025 1570627
1574894 1592928
1599484 1608365
1610962 1622009
1631729 1659474
1803640 1810620
1821127 1829130
1978717 1979015
2066338 2086162
2089160 2114464
2115055 2123928
2125356 2135794
2136455 2152823
2153396 2170371
2171345 2184458
2196567 2199966
2238051 2241265
2289066 2313331
2514328 2523024
2691864 2706412
2718239 2745783
2817782 2818196
2823633 2824048
2839467 2842397
2922131 2935682
2970284 2991268
2991824 3000395
3050528 3052106
3058165 3069010
3073560 3077974
3080880 3082021
3177482 3177766
3196436 3197466
3203047 3203862
3204368 3205651
3206157 3209475
3220032 3221205
3365611 3366641
3387772 3389343
3423765 3451621
3452217 3456555
3457118 3464381
3479564 3507960
3508539 3511051
3535894 3555931
3583483 3584387
3619328 3622781
3652091 3653119
3666260 3667381
3668060 3668421
3692597 3695007
3764487 3765772
3772592 3776118
3776808 3779656
3836817 3890225
3921290 3921416
3922075 3950248
3952375 3956323
3968072 3979822
3980334 3988081
4029933 4041202
4102684 4117736
4128144 4129504
4130008 4141244
4141829 4147888
4152242 4154091
4193114 4193949
4223792 4224015
4303233 4311956
4427196 4439997
4462991 4473214
4476172 4486618
4488942 4503759
4532767 4541862
4573872 4589527
4622031 4641652
