e_coli_k12_gi_556503834_ref_NC_
15430 16676
19851 20517
66611 66775
223498 223624
225362 225636
228872 228951
239098 239325
248209 248310
257963 258620
270527 271706
279198 280056
290496 291346
339803 340034
357518 357729
374967 375272
377421 377489
391764 392929
508614 508754
525785 526843
551391 551479
566835 567979
574663 575676
578306 578496
580367 581362
581721 581867
596980 597058
687923 689002
696507 696862
729567 733172
734203 735125
736360 736706
737736 737860
737973 738687
780632 781654
1049850 1050511
1094300 1095444
1097197 1097604
1269139 1269926
1286751 1287293
1299608 1300621
1396095 1397210
1427888 1428507
1466175 1466684
1467965 1469281
1531941 1532671
1552104 1552314
1570725 1571846
1632535 1634969
1635496 1635838
1650877 1651493
1708575 1708670
1978982 1979215
2066231 2067244
2068996 2070240
2101821 2102834
2170229 2171383
2288968 2290071
2304501 2305029
2347195 2347277
2470980 2471064
2471974 2472068
2514263 2515562
2518036 2518150
2521228 2521466
2726128 2731433
2817648 2818335
2996403 2997636
3130255 3131268
3186151 3187371
3269846 3270071
3365628 3366688
3392195 3392309
3423317 3428853
3583478 3584140
3624234 3625455
3648161 3648391
3652108 3653181
3708467 3708634
3762319 3765772
3766367 3766683
3767258 3767591
3941479 3946891
4027461 4027560
4035226 4040833
4094357 4094626
4153447 4153692
4166568 4171697
4176054 4177050
4208056 4213100
4295867 4296212
4325890 4326299
4392415 4392582
4498236 4499481
4507169 4508626
4606118 4606601
4614318 4614610
