e_coli_k12_gi_556503834_ref_NC_
1 1408
2093 2247
3146 4383
5165 5851
6372 7769
8369 9812
10867 11781
12633 12784
13451 13704
14232 26374
27341 30525
31406 31660
32181 33102
33660 36961
37777 47951
48536 50326
51322 51844
52923 54620
56366 56789
57805 58175
58933 59309
60447 62386
62897 67369
68775 80324
81123 83061
83987 85400
85952 86934
87451 89762
90944 97382
98146 107103
108139 109073
110319 120087
120804 127895
129619 130515
131204 132336
134335 134727
135230 139152
140488 140669
141736 144041
144739 147904
148508 153025
153630 153789
154798 155941
156497 160175
161127 166227
167340 170182
170754 170827
171778 177208
177997 178275
179085 180414
180915 185777
186687 193219
193939 196169
197039 197552
198053 200516
201139 201996
202689 203368
204626 209270
210035 210279
210904 212555
213172 228855
229007 232475
233028 234259
234983 235165
235748 237670
238187 239793
240590 242298
243133 253570
254677 256036
256727 264492
265327 272683
273276 280939
281856 282111
283297 283425
283975 285756
286033 288424
288997 290633
291941 294158
295048 296008
296607 296775
297273 297423
298613 299371
300097 303065
303591 305928
306438 310086
310619 312661
313225 317500
318101 319149
319762 320021
320540 326236
326861 335703
337132 337401
339640 341254
342190 342430
343008 343232
344214 344769
345392 347161
347814 355226
355799 358328
359115 359485
360037 366077
366958 370009
371686 378269
378886 379586
380310 384196
384794 385190
386322 386564
387083 387412
388289 389535
390151 392968
393159 393318
394304 394531
395618 397829
399092 399182
399793 408738
408978 409087
409508 412614
413315 413536
414092 414157
415034 416751
417279 417505
418038 422272
422898 425810
426545 435766
436287 436460
437516 439121
439741 446742
448049 453581
454136 455998
456515 456734
457665 466439
466941 469296
470270 471333
471967 479494
480219 480475
481479 483381
484092 487592
488402 491209
492077 502715
503317 504091
504632 505918
506489 512872
513779 514101
514923 515395
515964 516772
517632 519910
520423 528576
528796 528891
529098 529693
530310 531726
532244 532346
533319 536813
537787 538740
539631 540555
541458 543174
544127 545669
546222 546841
547450 549935
550675 552095
552836 557952
559778 559972
561820 561921
562136 562950
563559 564098
564802 570787
571295 576788
577678 578210
578794 579442
580098 581362
581502 582524
583374 586125
586752 590906
591558 592787
593442 593869
594424 601154
601687 604058
604916 605136
605693 606498
607341 607479
609363 610680
611221 613169
615117 621748
622379 625196
625747 625938
626706 637994
638594 640537
641260 641357
641575 648086
649141 650603
651331 658657
659517 669128
669793 671776
672369 673337
674561 678153
678968 680688
681299 683068
683759 691345
691889 692762
693724 701702
702591 705007
705903 706110
707112 707339
707852 713093
713611 715848
716569 716859
717467 719444
719984 722849
723583 727118
727733 743401
744621 745818
746422 747827
748472 748553
749078 751362
751965 754872
755507 755933
756480 758519
759027 761938
762572 763071
763913 767091
767695 775090
775613 775940
776926 779301
779851 782501
783011 788747
789436 790430
791175 799817
800692 804680
804906 804973
805198 806406
808493 809984
810614 814427
815322 819254
819902 820990
821513 822553
823352 824910
825897 826288
826825 827120
827893 829419
830361 837056
837629 840393
840935 844485
845020 848488
849523 849582
850210 851102
851915 858774
859669 865389
866056 866573
867172 868906
869471 869635
870145 870932
871775 872099
872643 885069
885657 886646
887266 888313
888831 891201
891978 892114
892955 900101
900728 906058
906745 911736
912688 920687
921344 921434
922163 924777
925294 925988
926571 927246
927906 929405
930297 930471
931231 939463
940012 943351
943963 944971
945791 946032
946608 955884
956926 960000
960792 966737
967350 973506
974599 979176
980069 982256
982875 983044
983721 989323
990177 999752
1000350 1004120
1005059 1015109
1016357 1019405
1020206 1025475
1026052 1027769
1028673 1028977
1029568 1035065
1035580 1036972
1037707 1040366
1040924 1041484
1042031 1042364
1042985 1043176
1044396 1046339
1046858 1047576
1048095 1050545
1050894 1052704
1053531 1056121
1056862 1057382
1058446 1060833
1061810 1063167
1064256 1069572
1070148 1075739
1076314 1076538
1077278 1079102
1079925 1081047
1081814 1083490
1084027 1085701
1086399 1096214
1096892 1097351
1097613 1097916
1098489 1101058
1101603 1103326
1103839 1103959
1104584 1106696
1107326 1108074
1108625 1111073
1111870 1116491
1117010 1121625
1122538 1123041
1123620 1128175
1129807 1131212
1131809 1137019
1137520 1137787
1138336 1138759
1139396 1149145
1150539 1154075
1155039 1163677
1164367 1166597
1167406 1167738
1168413 1170438
1171002 1172774
1173307 1176873
1177948 1180335
1180423 1181149
1181718 1192101
1192647 1201456
1202094 1204511
1205033 1221596
1222338 1222572
1223408 1223681
1224474 1233371
1233971 1234087
1235026 1237864
1238529 1240439
1241407 1247807
1248585 1248986
1249771 1254914
1255492 1257828
1259120 1260948
1261803 1264344
1265087 1265507
1266497 1269324
1269899 1274121
1274857 1275824
1276330 1278133
1279061 1280534
1281056 1286016
1286597 1287602
1288638 1291777
1292447 1295691
1296394 1298883
1299391 1300930
1302548 1303952
1304763 1306758
1307462 1308746
1309797 1311286
1312319 1316017
1316658 1317310
1318200 1319276
1319875 1322029
1322539 1323110
1323801 1328360
1328865 1332604
1333202 1344340
1344574 1344660
1345111 1351374
1352027 1354080
1355071 1355328
1356637 1360140
1361375 1362143
1362633 1367299
1368105 1377469
1378309 1381005
1381644 1382563
1383485 1386982
1387964 1388816
1390544 1395271
1395813 1399943
1401058 1401876
1403083 1406016
1406566 1406927
1407606 1412688
1413835 1414567
1415479 1415579
1415786 1419963
1420706 1421622
1423083 1424873
1425382 1429383
1430041 1430163
1430379 1435150
1435756 1436223
1436787 1436966
1438291 1439498
1440512 1441042
1441610 1441690
1441930 1444644
1445170 1449598
1450258 1454222
1455263 1459977
1460422 1460525
1460807 1462653
1463223 1464547
1465253 1467908
1470852 1471854
1472449 1475210
1476522 1480313
1480897 1486101
1487001 1495542
1496102 1497794
1498536 1499600
1500199 1502096
1502721 1507071
1508186 1510744
1511620 1513473
1514188 1514915
1515479 1525486
1526059 1526714
1527402 1528279
1529085 1529763
1530619 1534732
1535345 1536385
1537179 1540310
1542136 1542863
1543702 1544975
1545576 1554967
1555493 1556091
1556648 1563658
1564420 1565472
1566292 1568295
1569061 1570489
1572028 1576599
1577338 1580367
1580988 1581585
1582120 1583308
1584971 1585102
1586169 1587821
1588503 1590355
1591016 1592781
1593383 1595484
1596188 1604149
1605627 1606980
1609124 1611250
1612074 1614295
1614977 1617342
1617876 1620156
1621048 1622756
1623367 1626271
1626928 1628106
1628623 1632068
1633099 1633933
1635171 1635838
1637174 1640939
1641909 1644548
1645204 1647207
1648225 1648516
1649051 1650294
1650821 1652224
1652984 1653611
1654205 1656248
1656835 1662878
1663599 1665677
1667334 1669192
1669739 1675022
1675580 1678265
1678790 1682646
1683686 1689238
1690030 1693667
1694177 1694263
1695156 1696740
1697430 1700992
1701627 1702804
1703325 1703426
1703672 1703766
1704547 1707831
1708572 1713565
1714380 1716876
1717503 1719426
1720276 1725684
1726208 1729462
1730673 1732081
1732700 1734319
1734835 1736471
1738236 1747153
1747822 1754908
1755647 1756054
1757456 1757599
1758166 1760509
1761612 1764713
1765232 1768319
1768893 1771738
1772471 1773404
1773951 1777983
1778668 1779612
1780207 1781513
1782032 1782794
1783528 1785091
1785724 1792105
1792719 1802484
1803123 1808456
1809038 1809605
1810430 1811489
1812012 1812748
1813263 1814112
1815172 1818791
1819863 1822594
1823177 1827367
1827982 1830177
1831109 1833516
1834081 1842116
1843095 1844860
1845386 1852442
1853228 1857135
1858052 1859058
1859620 1859867
1860807 1862471
1863429 1870641
1871386 1871559
1872296 1873318
1873833 1874245
1874760 1875469
1876336 1877120
1877717 1878715
1879718 1884673
1885554 1889059
1889670 1896905
1897443 1899171
1899827 1903618
1904133 1906005
1906743 1908367
1909060 1910308
1910992 1915915
1916421 1918836
1919352 1923444
1924140 1924446
1925402 1925519
1926407 1940524
1942524 1951414
1952011 1955767
1955971 1959267
1960713 1962244
1962816 1966854
1967140 1967290
1967505 1968720
1969501 1971243
1971792 1971953
1972711 1974085
1975241 1975783
1976525 1982084
1983107 1997968
1998711 2003006
2003559 2004988
2005880 2011796
2012323 2013639
2014341 2019981
2020583 2020775
2021344 2022557
2025222 2030700
2031494 2033077
2033980 2035494
2036017 2036804
2037728 2042039
2043033 2047592
2048867 2049571
2050497 2051184
2051957 2053863
2054408 2058002
2058543 2062286
2063033 2063868
2064486 2065588
2066189 2075103
2076485 2078615
2079133 2081992
2082796 2083510
2084106 2084416
2085280 2086202
2087096 2089191
2089927 2091166
2091697 2093772
2094445 2098320
2098888 2107972
2108990 2122229
2122901 2124712
2125491 2129812
2130352 2130447
2130709 2130836
2131446 2138839
2139642 2142428
2143641 2146664
2147808 2152527
2153415 2154820
2155615 2158297
2159162 2160925
2162122 2170168
2171784 2173070
2173852 2180573
2181317 2181528
2182076 2182822
2184022 2184324
2184948 2188473
2188994 2196732
2197414 2200711
2201215 2206605
2207470 2208308
2208980 2210330
2211567 2211902
2212446 2215399
2216423 2225760
2226956 2228904
2229748 2241344
2241938 2243270
2243852 2244055
2244905 2246626
2247149 2248318
2248898 2250918
2251932 2263552
2264130 2264609
2265174 2266232
2267070 2267854
2268384 2271847
2272946 2273166
2274670 2275640
2277347 2280602
2281310 2283638
2285268 2285359
2286125 2291518
2293096 2294227
2295260 2297743
2298357 2298711
2299519 2301996
2302854 2307741
2308254 2319174
2319828 2323047
2323578 2328061
2328563 2330913
2331535 2332672
2333274 2333366
2334135 2334953
2335528 2344056
2344738 2348694
2349667 2350319
2351079 2351610
2352294 2355954
2356495 2356596
2357007 2358264
2359947 2360019
2361409 2362972
2363502 2365213
2366154 2367678
2368659 2373259
2373822 2381294
2382085 2383412
2383959 2387614
2388161 2389929
2390689 2391991
2392542 2395017
2395682 2396309
2397911 2398395
2399806 2401606
2402829 2404085
2404827 2413236
2413531 2413642
2413997 2414106
2415014 2415205
2415950 2422280
2423421 2423939
2424520 2426713
2427286 2432197
2432895 2434844
2435848 2436496
2437332 2443050
2443648 2445018
2445562 2449507
2450252 2453929
2454430 2456162
2456730 2457304
2458129 2459584
2460452 2460684
2461501 2462216
2462772 2468085
2468752 2473802
2475070 2479034
2479339 2479427
2479742 2488859
2489364 2490907
2491799 2493669
2494776 2495118
2495782 2497146
2497932 2500914
2501794 2502069
2502612 2503164
2503295 2504927
2505511 2517613
2518117 2518231
2518393 2519136
2519915 2522357
2523120 2535445
2536138 2537541
2538057 2542939
2543535 2547052
2548198 2549606
2550617 2552698
2553501 2557022
2557643 2557809
2558449 2558799
2559382 2564535
2565104 2565160
2565725 2566414
2566985 2568610
2569120 2575276
2575845 2576035
2577668 2578626
2579152 2584456
2585778 2588600
2589242 2591598
2592212 2605705
2606306 2607257
2607848 2608408
2609046 2612483
2613213 2616044
2616742 2621459
2622047 2622886
2623615 2624169
2624733 2625777
2626338 2632356
2632963 2633394
2634155 2634993
2636124 2638740
2639278 2639811
2640730 2641628
2642159 2652000
2652688 2653483
2653842 2653932
2654831 2660504
2661670 2665895
2666506 2681066
2682315 2682554
2683119 2689456
2690297 2690678
2691240 2692542
2693477 2695404
2695959 2698303
2698872 2699119
2699658 2700850
2701353 2707701
2708964 2713146
2713666 2714280
2714923 2716288
2716816 2719125
2719864 2723099
2724349 2734229
2735309 2739874
2740403 2740612
2741125 2744888
2745403 2749750
2750457 2752146
2752716 2753511
2754038 2755976
2756529 2762448
2762976 2770521
2772373 2778414
2779404 2785052
2785654 2789726
2790268 2792726
2793327 2793584
2794663 2795386
2796117 2808291
2808870 2814258
2815423 2822984
2825154 2826262
2826781 2827958
2828651 2828975
2829741 2831286
2832066 2833233
2833965 2836117
2836718 2840297
2840831 2844471
2845419 2847854
2848462 2851139
2852916 2854419
2855333 2856648
2857186 2857914
2858591 2858875
2859865 2867216
2868064 2869325
2869952 2873275
2874153 2875944
2876692 2880580
2881108 2885771
2886894 2892496
2893071 2895972
2897633 2899653
2900580 2901810
2902369 2902998
2903512 2904504
2905100 2906233
2906994 2907789
2908550 2909010
2911176 2911636
2912929 2915009
2915644 2916385
2917412 2920606
2921304 2925571
2926119 2926246
2927732 2929131
2929943 2935465
2936136 2937884
2939083 2944942
2945603 2953124
2953856 2954403
2955190 2955297
2957008 2957174
2957821 2964813
2965779 2965975
2966780 2967903
2968524 2973101
2975129 2979778
2980324 2983976
2984678 2985409
2986624 2987720
2988708 2991509
2992050 2992935
2993922 2998102
2998857 3010973
3011514 3013834
3014498 3014729
3015598 3017060
3017651 3018263
3018855 3020150
3020670 3021342
3022596 3025643
3026245 3026468
3027078 3028461
3029156 3033051
3033850 3036693
3037361 3037419
3037945 3045741
3046704 3050932
3051557 3058807
3059527 3060670
3061190 3065609
3065816 3065912
3067353 3068107
3070032 3072891
3073486 3073593
3074386 3079137
3079804 3080465
3081437 3084788
3085375 3090493
3091314 3091536
3093218 3096642
3097612 3100671
3101173 3102721
3103241 3107480
3108061 3109256
3109807 3112034
3112837 3115007
3115692 3117664
3118935 3119880
3120946 3121052
3121272 3121520
3122086 3123747
3124295 3127040
3127822 3134411
3135303 3136021
3137430 3137586
3138344 3141563
3142077 3145335
3146035 3147567
3148132 3157455
3158289 3160862
3161465 3161631
3162221 3168530
3169268 3172940
3174235 3174866
3175436 3176449
3177063 3177158
3177882 3179962
3181019 3181299
3183247 3183399
3184075 3187427
3188014 3189162
3189725 3191894
3192497 3193888
3194901 3195275
3195433 3200345
3200902 3206383
3206957 3208405
3208987 3210313
3210831 3211481
3212122 3214392
3215341 3222321
3222985 3224411
3225342 3236607
3237149 3240531
3241388 3244059
3244623 3246115
3246623 3250800
3251381 3258585
3259929 3260449
3261611 3265445
3266085 3285977
3286553 3288132
3288710 3289317
3290252 3292987
3293836 3297167
3297908 3301364
3302609 3304453
3305006 3305367
3306047 3306899
3308233 3317210
3318038 3321131
3321692 3324939
3325807 3330977
3331869 3332297
3332831 3336389
3337253 3338485
3339261 3341083
3341607 3341919
3342817 3343933
3344682 3350404
3350985 3352203
3353303 3354664
3355587 3364947
3365586 3369582
3370443 3373613
3374300 3375307
3376115 3378008
3378536 3380836
3381464 3381694
3382216 3383397
3384975 3388564
3389076 3393718
3394659 3397805
3398975 3401202
3402145 3402347
3402849 3402991
3403696 3406159
3407587 3408349
3408982 3412486
3413012 3416746
3417251 3421200
3422459 3430021
3430623 3431620
3432826 3436178
3438420 3443361
3444301 3444423
3445091 3445434
3445979 3446942
3447598 3452629
3453271 3453610
3454391 3455295
3455863 3456925
3457447 3460071
3460773 3466678
3467300 3469675
3471329 3474598
3475354 3477533
3478264 3478353
3480134 3482907
3483435 3486756
3487304 3488228
3489057 3492490
3493310 3494667
3495673 3498003
3498570 3501071
3502566 3515457
3515977 3517152
3517930 3518322
3518863 3527257
3527868 3530343
3531311 3533749
3534753 3538139
3539300 3539885
3540681 3545556
3546682 3550619
3551247 3551564
3552572 3553324
3553833 3557668
3558223 3559401
3559927 3561327
3561917 3562138
3562804 3567943
3568565 3582270
3582771 3588237
3588730 3591084
3591632 3596991
3597984 3598821
3599572 3602406
3602907 3603041
3604109 3604331
3606338 3607081
3607596 3609762
3611280 3614835
3615488 3616922
3617635 3623925
3625017 3633099
3633660 3634253
3635163 3635276
3635858 3637684
3638260 3639336
3640153 3642224
3642729 3643000
3643501 3648748
3649283 3651844
3653756 3656668
3656905 3656993
3657378 3658085
3658812 3659855
3660416 3664654
3665382 3671779
3672511 3674728
3675284 3678897
3679747 3680533
3681177 3689813
3690789 3692918
3693420 3694317
3694970 3697625
3699192 3703048
3703762 3707614
3708131 3713244
3713839 3719134
3719674 3721590
3722242 3724779
3725884 3726271
3727379 3727557
3728096 3728158
3728697 3733929
3734481 3736902
3737722 3739301
3739952 3743544
3745637 3746342
3747110 3747405
3748083 3749343
3750345 3755911
3756544 3757493
3758171 3762161
3765464 3779746
3780445 3788597
3789573 3789924
3792274 3798732
3799336 3800622
3801816 3807318
3807919 3812614
3813341 3814171
3815684 3817581
3818091 3824568
3825214 3825827
3826448 3828543
3829398 3829892
3830105 3830199
3830652 3832756
3833366 3834772
3835387 3835469
3836296 3837130
3838576 3846718
3847265 3847731
3848397 3857603
3858184 3859887
3860499 3866744
3867741 3868527
3869085 3870163
3871394 3872109
3872883 3873032
3873707 3876327
3876965 3880438
3881017 3881342
3881992 3887702
3888306 3890152
3890766 3892464
3892997 3893099
3894017 3894128
3895206 3905449
3906607 3909003
3909507 3914972
3915505 3916810
3917653 3919009
3919517 3920329
3921284 3923847
3924393 3924954
3926797 3928344
3928923 3931033
3931746 3933084
3934210 3937913
3938638 3950129
3950920 3951925
3952973 3953828
3954329 3956264
3957715 3963962
3964651 3965312
3965880 3967455
3968882 3974878
3975430 3979429
3981655 3985276
3986306 3986602
3987394 3989460
3990095 3991664
3992240 3993307
3994344 3997151
3998371 4000409
4001523 4005848
4006422 4011285
4012320 4014063
4015395 4017274
4018028 4019374
4019905 4020439
4021004 4022004
4022766 4023527
4024093 4025151
4025971 4030641
4031675 4035170
4040765 4047078
4048439 4048525
4049294 4055742
4057093 4059633
4059840 4059912
4060167 4070257
4070445 4070782
4071346 4074129
4074975 4075598
4076099 4078121
4078874 4079140
4079792 4086275
4086810 4087704
4088245 4111420
4112334 4112951
4113530 4128020
4128744 4135021
4136079 4137157
4137755 4142074
4142894 4144952
4145577 4155131
4155937 4156460
4157359 4162931
4163476 4163700
4165113 4175493
4175946 4178439
4179031 4182761
4183417 4183544
4184125 4186443
4186988 4195481
4196009 4197323
4198096 4202316
4203152 4215841
4216943 4222662
4223190 4224991
4225895 4225984
4226417 4227866
4228574 4230435
4231018 4232056
4232776 4240274
4240846 4241484
4242218 4245699
4246504 4247002
4248111 4256819
4257508 4258216
4258941 4259259
4259980 4262164
4263184 4265853
4266381 4266472
4266679 4269277
4270474 4274874
4275965 4279120
4279755 4280791
4281511 4282088
4283047 4286599
4287116 4289271
4289934 4293769
4294286 4299518
4300276 4300373
4300692 4301682
4302294 4303207
4303902 4308995
4309907 4311940
4312678 4313615
4314625 4334209
4334741 4337803
4338387 4344880
4345696 4351496
4351707 4351808
4352253 4360008
4360980 4361417
4361972 4365507
4366476 4367057
4368602 4372194
4373057 4376268
4376946 4378800
4379330 4379707
4380242 4380656
4382011 4384104
4384898 4385735
4387127 4391085
4391864 4393902
4394618 4395812
4397273 4399626
4400300 4401818
4402589 4402974
4403854 4404575
4405628 4409577
4410145 4412625
4413483 4417226
4417771 4420048
4421057 4425045
4425578 4426106
4426867 4428969
4429502 4431722
4432291 4433886
4434416 4435731
4436300 4438133
4438637 4439782
4440681 4443605
4444519 4449026
4449755 4449997
4450863 4455508
4456115 4457845
4458485 4463818
4464406 4467153
4467693 4469541
4470203 4475293
4475901 4476245
4477451 4478178
4478704 4480138
4480668 4481906
4482658 4485851
4486914 4489253
4490480 4490559
4490785 4497650
4498181 4499604
4500286 4501479
4502296 4502924
4503478 4503590
4504287 4509013
4509822 4510757
4511412 4513084
4514202 4520969
4521519 4522253
4523012 4526388
4527181 4527293
4527911 4530411
4531314 4531466
4532245 4532993
4535007 4535592
4536965 4539975
4540059 4542649
4544055 4547153
4549735 4552614
4553193 4555670
4556388 4556624
4557429 4561187
4561880 4563216
4563721 4567604
4568371 4575922
4576512 4578093
4578686 4582300
4582806 4584110
4584678 4590887
4591452 4591763
4592279 4593351
4594124 4596390
4597850 4599184
4600242 4616432
4617299 4622393
4622986 4629668
4630333 4631025
4631673 4632539
4633072 4634081
4634648 4637958
4638850 4641652
