Buchnera_aphidicola_Schizaphis_graminum_0985
3201 3376
3954 4117
8306 9240
15217 16139
17459 17585
20221 20747
25361 25499
27891 28065
35688 36099
37118 37567
38805 38921
42422 42702
43346 43792
50775 50933
59000 59158
63483 63593
67238 67312
77225 77388
80405 80980
83334 84062
85535 85779
86422 86531
88481 88924
94669 94849
99777 99884
101335 102281
103270 103501
104215 105216
109903 110491
122937 123115
123623 124108
126833 126911
131044 131319
133446 133621
134982 135036
139517 139613
147297 147478
154978 155195
156504 156768
161706 161819
162937 163045
165156 165285
167272 167346
170707 170803
175371 175522
177398 178037
180345 180752
182338 182561
188709 189185
195469 195545
203849 204764
208481 209695
215991 216235
219487 219808
220481 220544
221371 221625
225267 225966
230651 231105
233414 233501
234267 235112
239854 240196
242718 243662
247409 247704
250947 251608
255011 255596
257641 257786
259542 260357
260619 260792
266308 266595
270927 271253
272021 272738
273712 273844
275620 275904
276534 277207
279242 279517
282316 283137
289904 290037
294601 295348
297981 298056
303246 303334
308382 308602
318035 318496
320234 320376
324003 324708
325850 326050
327089 327291
332057 332235
345049 345228
351162 351540
352655 352794
353627 355101
357357 358201
358786 358970
363518 364361
366474 366633
375392 376124
378435 381819
383822 384492
387594 387742
390792 390901
395108 395279
396304 396471
397566 397805
400111 400374
421644 421870
428671 428774
433416 433521
436902 437301
446637 447114
448128 448319
449449 449933
453346 454081
456957 457237
468609 468814
473113 473367
475534 475679
478285 478455
479648 479862
482437 482717
489375 489513
491002 491073
495663 495935
496536 497051
498818 498986
506760 506853
510545 510620
512576 512861
514351 514600
520534 520699
524987 525550
530005 530075
531666 531792
532420 532623
534324 535106
536262 536439
537174 537789
539338 539553
546355 546777
549206 549388
551326 551512
553390 553730
560990 561578
563732 564871
566509 566709
568162 568334
571883 572331
578330 579132
579826 580052
582644 583307
590374 590502
592023 592111
597317 597409
607256 607561
608421 608652
614300 614401
617978 618031
619592 619836
621556 621847
622801 622938
631057 631346
638376 638659
642251 642723
645280 645568
647807 647898
650885 651008
651645 652367
656912 657206
661712 661840
663916 663990
665453 665648
669476 669978
671902 671990
682420 682705
686604 686975
687096 687667
689058 689643
691101 691478
692220 692499
694453 695029
696207 696285
699411 699585
700610 700709
703394 703573
705902 706153
707479 707736
711637 712276
713532 713841
716691 716931
720486 720571
723107 723365
727332 727451
730700 730783
733652 733955
735239 735362
736563 736624
737567 737688
742347 742448
744196 744822
745969 746645
753261 753445
761965 762446
768286 768557
784857 786071
788698 788931
790054 790230
799666 800082
803335 803666
805107 805404
817296 817486
821643 821867
828916 829094
834782 834899
837109 837298
839247 840034
842660 842957
860504 860589
866682 866797
869265 869593
871408 871647
872936 873129
875832 876030
876707 876816
883036 883125
883679 883875
890166 890521
893292 893768
901365 901500
929959 930261
930782 932487
938830 939105
941050 941198
945403 945479
953675 953894
958172 958350
960676 960877
961508 961582
968083 968190
972765 972881
977460 977586
979502 979827
984064 984151
990584 990939
993889 994312
994853 994946
997456 997721
1003172 1003302
1011497 1011883
1023125 1023992
1028128 1028299
1030368 1030428
1039410 1039677
1040625 1040723
1042617 1042810
1053074 1053322
1056852 1057136
1067642 1067776
1074710 1074948
1077054 1077178
1086375 1086492
1087079 1087336
1092423 1092523
1096048 1096208
1100415 1100955
1102365 1102637
1108692 1108986
1110760 1110837
1114980 1115183
1121011 1121300
1121804 1122323
1123009 1123536
1128529 1128765
1137426 1138374
1141439 1141534
1153830 1154651
1161758 1162019
1164380 1164813
1168084 1168283
1174915 1175047
1186334 1186634
1189379 1189540
1191916 1192274
1193832 1194075
1195867 1196061
1198063 1198581
1205830 1206004
1207712 1207949
1211941 1212280
1215872 1216072
1223954 1224040
1228215 1228473
1229735 1230595
1242282 1242537
1250559 1250838
1251484 1252265
1252981 1253289
1257612 1259251
1271076 1271995
1272649 1272703
1273250 1274828
1282818 1283165
1284970 1285127
1293698 1294024
1294736 1294934
1299763 1299911
1308989 1311977
1312484 1312682
1313373 1313571
1314102 1314188
1319552 1319805
1322172 1322921
1326507 1326774
1328124 1328369
1328913 1329150
1332008 1332965
1342158 1343024
1353313 1353661
1357704 1358021
1360644 1361027
1368405 1368638
1370389 1371511
1374410 1378461
1378995 1380588
1381097 1382969
1384261 1385029
1385791 1389060
1390120 1390268
1392842 1393132
1393867 1400512
1401181 1402294
1402990 1404696
1405270 1408191
1412655 1413130
1414050 1414168
1416139 1416321
1419668 1420080
1429138 1429682
1430258 1430745
1435295 1436483
1440983 1441172
1450337 1450957
1459234 1459390
1467331 1467808
1471893 1472300
1476057 1476231
1476746 1477512
1480754 1480876
1483165 1483898
1484603 1485216
1490761 1491217
1493093 1493207
1493717 1493884
1497494 1499205
1501593 1501821
1504244 1504753
1505416 1505575
1508282 1508568
1509891 1510169
1511812 1512154
1516767 1517383
1522560 1522689
1526301 1526565
1531772 1532865
1534184 1534533
1535125 1535354
1536007 1536557
1541806 1541900
1544091 1544687
1549147 1549825
1555681 1555973
1557501 1557659
1563279 1563401
1564905 1564985
1574261 1574508
1576300 1576885
1577430 1577838
1580386 1581038
1589063 1589455
1590572 1590727
1605927 1606372
1608209 1608462
1609789 1609893
1610510 1610581
1611536 1611755
1612912 1613079
1625750 1626063
1634603 1634825
1638718 1639570
1650821 1652002
1656235 1656334
1663655 1663755
1672062 1672188
1674585 1674776
1675457 1676405
1679574 1679848
1680614 1681587
1682383 1682528
1688122 1688265
1693800 1694685
1695776 1695983
1701246 1701377
1706438 1706487
1712881 1713027
1714518 1714607
1726793 1727033
1728907 1729462
1735296 1735582
1738051 1739312
1742968 1743194
1743940 1744229
1744801 1745193
1747888 1747994
1748598 1748722
1753738 1754019
1755755 1756017
1757173 1757337
1760722 1761625
1765372 1766866
1767770 1768498
1769082 1771664
1772178 1774510
1776304 1776906
1777596 1778364
1779498 1779653
1780464 1782395
1783455 1786460
1788105 1788648
1789654 1789766
1790535 1791785
1792295 1794591
1795729 1796225
1796729 1798155
1799074 1799211
1799840 1801512
1802262 1802419
1804203 1804469
1810063 1810200
1813611 1813688
1822377 1822466
1828636 1828931
1831395 1832603
1834872 1835084
1839994 1840634
1844581 1845476
1848368 1848747
1851491 1852053
1863808 1864010
1866775 1867147
1868745 1869870
1871438 1871711
1873390 1873481
1874390 1874596
1877131 1877480
1878374 1879693
1881556 1881624
1886992 1887125
1889139 1889521
1892056 1892775
