gi_556503834_ref_NC_000913.3_
20437 20487
223702 225738
257985 258599
270618 271684
274032 274104
274626 275072
279305 279855
290518 291324
340024 340115
349594 349686
375100 375266
381337 381884
391785 392890
508718 508818
566848 567958
574663 575713
608084 609274
687924 688972
729879 733150
734225 735021
736460 738595
781222 781767
1049982 1050468
1094322 1095422
1097038 1097325
1269170 1270341
1286963 1287109
1299571 1300466
1396118 1397166
1427827 1428193
1432351 1434659
1467986 1469295
1528319 1529097
1532486 1532874
1552226 1552403
1634631 1634945
1635916 1636815
1650920 1651471
1978645 1979193
2066253 2067222
2069017 2070196
2101823 2102871
2170246 2171351
2288996 2289982
2304390 2304728
2514350 2515540
2521128 2521253
2726141 2729601
2730885 2731408
2817860 2818473
2996438 2997614
3130223 3131269
3186172 3187349
3269843 3270048
3365629 3366677
3423336 3428917
3583632 3584122
3619350 3620472
3621324 3622785
3624432 3625447
3652107 3653159
3666282 3667260
3763541 3764237
3765544 3765776
3767297 3767505
3941739 3946872
4035242 4040564
4094310 4094401
4166376 4171888
4176156 4177032
4207920 4213089
4325925 4326247
4498883 4499435
4507535 4508604
