Buchnera_aphidicola_Baizongia_pistaciae_ancestor
9826 9986
17301 17362
18054 18151
19943 20216
22129 22404
27082 27249
36327 36627
38675 38861
51508 51915
53729 53977
66014 66581
76352 77065
80398 80662
83977 84233
85140 85817
91435 91587
96486 97225
100486 100565
106307 106616
112752 113021
116025 116138
120335 120421
124817 125039
126610 126699
129695 129759
138052 138377
140101 140310
149829 150436
152784 152910
153760 154038
155995 156160
161020 161466
163355 163498
171306 171584
181128 181461
184287 184871
189543 189812
192248 192526
195958 196192
198708 199002
200344 200577
201627 201764
203148 203410
207679 207936
216185 216401
224276 224574
230823 231169
233445 234282
241306 241458
243344 243566
245735 245936
248079 248451
254132 254391
256453 256750
258205 258763
260119 260670
261665 261944
265405 265938
268962 269181
269789 269966
272169 272805
278509 278866
280756 281547
282683 282812
283316 283479
288733 289081
291904 292048
292648 293007
297232 297756
298480 298788
304970 305203
309982 310106
314609 315304
319152 320014
321165 321392
326222 326430
330857 330954
334601 335576
337006 338245
338915 339041
341415 341613
342737 343338
345141 345404
345957 346049
357105 357324
359209 359421
371182 371477
373102 373821
374759 375042
386627 386783
389605 389941
398487 398849
418624 418853
422622 422708
423371 423421
425508 425765
426312 426520
429570 429746
432695 432932
434751 434800
437113 437268
438391 438591
439241 439781
440407 440471
449462 449535
455256 455343
459072 459149
469194 469684
482011 483068
488050 488678
489751 490409
499818 500468
501625 501938
505920 506036
509762 509872
512920 513301
523814 524107
536412 536494
537769 537856
542839 542910
544474 544973
562920 563363
565848 565934
569641 569771
576295 576978
578637 578846
580921 581258
583716 583947
584653 584810
588869 588978
597258 597668
603469 603924
605543 605793
610472 610762
611285 611402
612954 613506
615102 615377
