e_coli_k12_gi_556503834_ref_NC_
909 1008
1572 2245
7844 7917
8652 8810
9666 10082
11678 12990
15420 16633
17700 18167
18986 19353
19895 20506
24081 24358
26725 26774
27590 28960
29472 29732
32705 32938
33951 34640
38632 39260
39785 39873
41792 41888
42633 43092
43681 45104
47431 47852
49852 49910
52160 52571
54825 55785
56354 57117
60239 60842
62968 63177
64435 64826
66642 66733
67602 68043
68566 69003
69528 70083
73724 74004
76350 76868
77373 77509
78378 79033
79604 80387
81104 81419
83038 83087
85317 85379
88728 89032
89632 90063
92009 93851
96677 96852
98006 98716
99545 100780
104885 104985
114872 114975
116911 116997
117582 117831
118980 119178
119883 120210
122344 122618
123428 123995
124614 124700
125279 125528
127855 128930
129549 129943
131276 132502
133249 133531
134903 135037
138053 138153
140215 140432
144639 145947
147985 148516
149546 151244
151944 152089
154374 154497
157096 157170
159273 159557
160520 160873
164224 164355
166479 167155
167743 168296
168936 169026
169527 169843
170935 171350
172739 172809
175616 175782
177923 178008
178711 179074
179953 180269
180776 180829
182983 183103
185178 186080
188699 188836
190035 190372
191004 191070
192076 192151
193511 194372
196616 197416
199020 199254
201112 201189
203190 203369
205680 207055
212347 212520
214882 215093
216365 216967
219365 219481
220206 221638
222662 228974
229686 229953
232402 232642
234687 234811
235525 235652
236941 237235
238347 238494
241069 241597
243925 244459
245716 245899
247923 247979
249078 249746
250671 250803
257437 259411
259921 260902
264625 264943
266340 266690
267214 267367
268744 268920
270446 271669
272812 273357
273889 275059
275738 275986
279262 280490
281008 281727
282292 283630
285902 286351
290290 291430
292151 292294
294673 294821
298119 298282
299686 300607
301316 301397
302209 302610
303728 303791
305926 306328
307326 307565
308361 308526
310155 310390
312469 312651
314413 314640
315268 316707
317608 317746
318471 318918
319905 319988
320925 321580
322093 322605
323200 323554
326032 326274
327438 327554
328384 328475
336268 336556
338278 338711
339781 340279
342816 343406
344233 344407
346101 346223
346911 347174
348264 348985
349730 349826
355576 355638
357018 357675
358586 358788
360368 360436
367817 367871
369952 370104
375268 375854
376975 377045
378222 378327
379861 380383
381329 382496
384956 385680
388035 388131
388953 389073
390812 392919
393493 393613
401508 401706
403648 403717
407833 408604
410014 410066
413863 413953
415120 415232
417860 418014
422785 423509
425754 425830
426402 426731
427543 427924
429317 429439
430818 430902
432697 433169
438173 438538
440771 441020
444080 444234
446750 447681
450284 450618
454043 454161
456018 457278
459741 460156
460808 460890
463030 463145
466578 466650
467717 468165
470524 470998
471973 472190
475092 475662
477944 482235
487698 487757
490373 490492
491863 492014
493348 493878
495252 496825
497977 498197
499370 499825
500994 501050
502153 502274
503280 503371
504135 504638
505683 506038
509241 509390
510923 510995
512787 512860
516866 517106
517906 518389
523718 524773
526426 526711
527381 527942
528626 529541
530777 531718
533622 533975
534919 535183
537450 537563
539093 539582
541722 541814
543010 543532
545882 545992
547203 547983
551293 551674
552441 552994
554814 554880
555414 556628
558603 558927
559723 559940
563336 563450
564441 564575
566870 568008
568958 569265
572530 573133
573800 575733
576600 576740
578080 578551
580395 581263
581796 581972
582610 582748
587286 587898
594135 594904
598176 598554
600309 600385
608083 609890
611170 611598
612528 612669
614846 615331
616388 616496
618595 619380
620857 621376
622113 622198
623381 623490
625288 625473
626276 626395
630747 631844
633244 633325
633844 634689
635766 635891
636970 637513
638790 639416
639975 640220
640770 640971
642140 642721
643288 643426
644361 644609
645921 646665
647940 648079
649075 649347
650623 650674
651626 651899
653581 653646
655633 655982
657726 657777
659493 660090
661380 662093
663675 663907
664507 665015
666351 667213
668556 668952
669743 669931
670674 671043
671600 672668
673398 673815
677248 677448
679459 679538
680324 680580
681090 681467
683302 683474
686362 686513
687531 689050
691688 692737
693266 693721
694964 695324
696981 697629
702235 702312
703839 704643
706146 706371
706895 706951
708911 709168
713197 713295
714497 714810
715969 716045
716605 716951
718593 718664
721861 722046
722776 722856
723428 723507
724297 724613
725258 725388
727792 728166
729439 733584
734247 735316
736390 738604
741770 742257
742999 743481
744229 744625
746039 746193
746782 747032
749556 749775
752273 752495
753303 755488
764434 764879
765681 765916
768142 768219
772232 772311
773924 774015
777189 777511
778072 778554
779554 779711
781108 781841
783790 783933
786475 786938
790930 791669
792775 793372
794469 794535
795213 795310
797089 798711
800272 800331
802941 803489
804303 805265
807718 808247
809668 810704
812127 812884
814179 815100
815860 816012
817433 817842
820086 820512
822759 822835
823627 823936
831518 832151
833557 835012
835895 836309
837628 838331
841872 842093
843563 843710
847311 847681
848377 848767
850313 850446
854461 856059
857406 857478
859582 859660
860791 860887
861764 862363
863566 863877
864933 865005
865687 866632
868762 868839
869506 870305
874608 875642
876580 876645
879514 879661
880347 881257
882198 882774
887083 887138
890899 891290
895923 897217
897866 898255
902053 902905
907960 908260
911981 912148
914613 915063
916494 916549
917847 918044
919803 919902
921652 922039
923924 926241
928570 928851
929377 929550
930739 930975
931984 932061
933848 934119
934930 935175
939623 939865
941472 942602
947458 948144
948932 949033
952330 953170
953690 953841
956445 956843
959910 959981
962413 963394
966871 966969
970454 970564
971448 971537
973128 973428
974518 974663
977313 978272
983018 983714
985095 985191
987478 987539
988109 988700
989505 989665
990568 990636
992075 992165
992736 992841
994302 994401
997085 997249
999941 1000092
1001074 1001324
1011650 1011721
1012787 1012939
1015086 1016222
1016942 1017046
1021000 1021125
1022993 1023099
1023896 1023999
1024595 1024669
1027701 1028622
1029200 1029278
1030402 1031035
1033417 1033700
1038920 1039434
1042776 1043339
1047988 1048077
1048772 1048917
1049927 1051018
1053405 1054139
1055126 1056115
1057332 1057409
1058449 1058699
1059907 1060002
1060520 1060708
1062249 1062488
1065660 1065995
1067925 1068080
1069297 1069367
1070022 1070668
1071196 1071329
1073222 1073282
1073897 1073977
1074660 1074859
1075953 1076260
1077335 1077645
1079185 1079752
1081245 1081294
1083289 1083388
1084968 1085274
1086312 1086501
1087789 1088106
1089284 1089379
1090257 1090443
1094282 1095818
1097060 1097560
1098548 1098729
1102352 1102404
1105962 1106137
1108203 1108280
1109369 1110416
1112653 1112726
1114821 1116665
1117248 1117761
1118849 1119001
1119617 1120050
1121068 1121283
1122640 1123377
1126348 1126447
1128770 1128840
1133812 1134316
1137550 1137607
1138844 1139096
1139618 1140609
1144137 1144251
1144853 1145179
1145697 1145771
1147346 1147864
1148396 1148767
1152118 1153344
1155820 1156427
1158097 1158339
1160243 1160336
1161088 1161220
1161752 1162996
1165210 1165477
1166338 1166478
1168320 1168488
1170024 1170112
1172800 1173271
1173837 1174601
1176479 1176593
1178410 1179134
1180115 1181180
1181865 1181942
1182970 1183193
1183837 1184773
1186296 1186432
1187417 1187491
1189891 1191985
1194198 1194695
1196988 1197051
1198141 1198678
1199615 1199715
1202418 1202704
1205609 1205708
1209627 1209689
1211122 1211237
1211971 1212166
1214929 1214981
1216103 1216186
1218130 1218709
1220614 1221427
1222537 1222665
1223365 1223477
1226139 1226272
1227239 1227605
1228336 1228910
1231138 1231689
1234143 1234748
1235309 1236375
1238477 1238913
1240552 1240714
1244148 1244282
1244929 1245027
1247331 1247678
1251493 1251952
1255089 1255204
1255858 1256204
1256866 1256923
1259112 1259381
1262340 1262448
1266829 1266908
1267608 1268234
1269192 1269729
1270935 1270999
1271893 1272655
1273365 1273423
1274528 1274720
1275581 1275763
1276303 1277240
1279423 1279517
1282821 1283024
1284515 1285582
1286845 1287127
1288402 1288539
1289640 1291359
1292974 1293526
1294942 1295522
1296130 1298078
1298846 1298954
1299576 1300628
1301239 1301555
1302159 1302705
1304583 1304829
1307044 1307378
1310183 1310516
1313974 1314974
1315610 1315898
1317604 1317912
1318490 1318557
1320377 1320707
1321320 1322271
1322953 1323594
1325613 1325801
1326389 1326728
1327795 1328139
1330692 1330745
1333105 1334197
1337927 1338261
1340393 1340901
1343276 1343366
1344362 1344431
1346104 1346223
1346768 1346887
1347407 1347672
1350671 1351525
1352820 1353301
1353972 1354084
1359789 1359872
1360898 1361647
1363849 1363909
1366518 1367136
1367949 1368064
1368830 1369558
1371841 1371940
1372654 1372747
1378057 1378813
1380328 1380727
1382456 1382572
1386104 1386161
1386671 1386928
1387634 1388001
1389262 1389614
1390117 1390455
1392999 1393251
1395287 1395351
1396079 1398843
1399500 1399552
1402064 1402149
1403302 1404000
1405223 1405803
1406316 1406614
1408702 1408830
1410172 1410221
1410843 1410987
1412298 1412415
1413296 1413392
1414448 1414505
1415841 1416905
1418797 1419185
1419922 1421412
1422278 1422411
1423236 1424569
1427841 1428332
1430132 1430316
1431273 1434646
1435174 1436220
1439246 1439316
1440699 1440960
1442084 1442346
1443321 1443653
1447314 1448404
1450009 1450059
1450775 1451136
1451893 1451960
1454459 1454992
1456205 1458060
1459331 1459548
1462827 1462915
1466367 1466756
1467315 1470443
1470982 1471539
1473003 1473060
1475876 1476198
1477896 1478247
1479498 1479587
1480565 1481699
1483549 1483699
1485267 1485354
1487292 1487408
1488025 1489807
1490383 1490466
1492358 1492542
1493411 1494789
1496430 1496775
1498530 1499131
1500691 1500854
1502085 1502188
1505863 1507485
1508335 1508651
1510340 1510418
1511371 1511570
1512423 1512528
1514089 1514738
1516169 1516919
1520296 1521110
1522683 1523229
1526770 1526819
1528880 1529335
1531827 1532816
1535724 1536495
1538745 1538883
1540256 1540541
1543168 1543867
1544689 1544874
1545404 1545992
1549843 1549919
1551030 1551342
1551980 1553109
1554758 1555566
1558848 1559791
1561311 1561507
1564386 1564658
1565918 1566247
1567732 1567797
1570375 1571931
1574200 1574451
1575584 1576520
1577102 1577201
1577728 1578195
1579667 1580222
1582640 1582774
1586505 1586838
1588736 1590222
1592482 1592580
1596244 1596370
1597181 1597499
1604005 1604631
1606037 1606360
1609136 1609214
1610339 1610941
1611608 1611862
1613319 1613510
1614995 1615228
1616376 1616742
1618966 1619132
1620478 1620547
1621089 1621154
1621722 1622299
1624344 1624409
1628601 1629222
1630870 1631842
1633049 1635292
1635797 1636793
1638458 1638804
1640709 1641804
1647214 1647578
1648711 1648966
1650425 1651508
1652678 1652932
1654358 1655656
1657128 1657304
1660684 1660845
1661720 1662385
1666960 1667903
1668413 1668490
1669541 1669607
1670321 1670745
1673079 1674448
1675463 1676213
1677455 1678841
1681380 1681472
1682006 1682227
1683186 1683308
1686004 1686161
1686692 1687372
1689900 1689972
1693100 1693288
1696179 1696338
1699959 1700131
1702203 1702747
1703444 1703505
1704284 1704513
1707182 1707752
1712325 1712723
1714699 1714809
1715332 1715547
1717012 1717295
1720408 1721270
1728466 1728521
1729061 1729243
1731657 1731919
1733366 1733995
1737236 1737834
1739170 1739256
1740605 1741044
1743335 1743412
1744016 1744069
1744736 1745098
1751725 1752220
1753298 1753847
1754677 1755059
1755683 1756203
1756993 1757396
1760361 1760412
1762501 1762585
1763534 1764215
1764833 1765210
1771192 1771368
1773233 1773340
1778706 1778856
1780333 1780988
1783178 1783586
1784204 1784944
1790509 1790678
1791410 1792135
1793323 1793697
1794413 1795935
1798065 1798286
1798911 1799041
1800107 1801720
1802953 1803438
1807015 1807312
1809968 1810082
1813965 1814060
1815288 1815395
1815924 1816076
1816914 1816964
1818121 1818804
1820019 1820636
1823600 1824169
1827239 1827617
1830124 1830525
1831477 1832129
1833060 1833187
1834874 1834960
1835729 1836093
1837676 1837878
1839632 1839687
1843890 1844513
1846885 1847507
1851281 1851330
1854439 1854858
1855411 1855556
1858027 1859188
1861994 1862747
1863564 1863699
1864577 1864981
1866919 1867066
1870471 1870581
1872792 1873160
1873956 1874654
1877333 1877508
1879809 1880140
1883126 1883309
1885906 1885986
1890461 1890588
1894711 1895189
1896892 1896995
1898017 1898204
1901417 1901522
1903073 1903522
1904476 1904821
1905875 1906234
1906768 1906833
1908157 1908373
1908997 1909364
1910227 1910696
1911794 1912317
1914738 1914796
1916794 1917081
1918053 1918296
1918878 1918999
1920287 1921183
1922127 1922448
1923856 1923935
1924943 1924998
1928157 1929563
1930341 1931023
1932003 1932548
1934027 1934553
1937097 1937175
1938077 1939101
1946608 1946749
1951205 1951305
1952237 1952341
1953588 1954056
1954886 1955132
1959892 1959993
1961165 1961343
1962958 1963519
1964059 1964555
1965377 1965455
1971643 1971777
1974283 1974483
1978187 1979211
1983854 1984217
1985817 1986359
1987456 1988027
1988799 1989226
1989762 1989854
1990814 1991278
1993086 1993326
1996538 1996619
1998126 1998210
2000254 2000451
2001557 2001635
2002171 2002233
2003446 2003757
2005358 2005441
2006210 2006627
2011584 2011821
2015493 2017303
2018585 2019921
2021772 2021988
2023130 2024211
2025038 2025661
2026901 2027003
2029999 2031152
2032705 2032923
2033734 2033876
2034676 2035071
2036802 2037051
2038045 2038797
2040577 2040643
2042151 2042335
2044630 2045372
2046028 2046137
2046688 2046896
2050852 2051013
2051836 2051970
2057107 2058458
2062276 2062477
2063675 2063756
2066224 2068080
2068705 2070515
2073748 2073965
2081200 2081311
2081858 2082360
2084007 2084131
2084698 2084935
2085740 2086251
2088634 2088720
2091668 2091930
2093123 2093192
2094044 2094254
2096184 2096550
2097629 2097809
2099299 2099431
2101068 2101183
2101828 2103366
2104039 2104513
2112370 2112422
2117133 2117269
2118143 2118945
2121313 2121429
2122767 2122887
2124399 2125841
2127711 2128323
2129112 2130216
2131268 2132333
2136512 2136611
2137614 2138582
2139402 2139552
2141160 2142746
2143341 2143798
2144876 2144975
2146828 2147535
2149461 2149556
2150156 2150307
2151579 2151930
2153051 2153110
2155181 2155655
2156163 2156759
2158483 2159169
2160109 2161609
2162797 2163083
2165267 2165397
2166881 2167253
2168364 2168753
2170137 2171399
2173298 2174002
2174889 2175454
2177165 2177281
2179806 2179961
2181883 2182522
2183041 2183269
2184924 2185070
2188251 2188409
2190443 2190840
2193395 2194389
2195337 2195411
2196966 2197044
2197881 2198213
2205342 2206427
2207630 2207954
2208751 2209437
2211206 2211893
2212767 2213012
2215306 2215804
2222870 2222982
2223558 2223723
2225406 2225694
2226816 2227591
2230073 2230133
2231396 2231460
2235188 2235264
2237153 2237245
2238197 2238578
2242600 2244109
2244915 2245082
2246281 2246342
2249111 2249285
2250407 2251170
2254929 2255052
2256394 2256451
2257054 2258227
2259081 2259367
2263517 2263780
2264413 2264893
2266121 2266938
2269342 2270185
2270998 2271190
2271878 2272097
2275453 2276435
2280031 2280083
2280656 2280773
2281920 2282146
2283015 2283096
2283603 2284113
2284775 2285060
2285714 2285838
2289015 2290318
2296978 2297109
2297750 2297807
2300644 2301486
2302229 2302329
2304499 2305113
2307501 2307569
2309097 2309220
2310666 2313003
2314366 2314573
2315423 2315908
2316826 2317025
2318701 2319478
2325287 2325793
2326968 2327090
2328304 2328668
2331213 2332238
2332812 2334290
2335678 2336081
2337963 2338073
2339317 2339831
2341445 2341551
2342198 2342632
2346133 2346907
2348514 2348627
2350784 2352450
2353522 2353581
2354186 2355146
2355712 2355874
2357037 2357446
2359579 2359901
2360592 2360701
2361231 2361366
2363620 2363867
2365405 2365535
2367376 2367986
2372640 2372740
2373283 2373519
2378722 2379327
2380944 2381077
2382592 2382920
2383421 2383829
2384417 2384474
2385581 2385778
2387029 2387561
2388829 2388886
2391176 2391482
2393557 2393653
2394998 2395105
2397573 2397796
2402784 2403830
2404938 2405081
2405786 2405843
2406911 2407074
2408197 2408530
2411888 2412037
2412755 2412834
2413597 2413729
2415206 2415293
2421400 2421534
2422436 2423056
2423860 2424237
2425088 2425151
2426632 2427139
2428067 2428160
2429111 2429517
2433364 2433514
2434408 2434526
2436844 2437911
2439213 2439574
2440755 2440873
2443536 2443706
2446230 2446296
2449219 2450116
2450794 2450944
2453969 2454176
2455081 2455145
2455991 2456209
2458749 2459405
2460251 2460308
2461068 2461126
2465738 2466834
2467894 2468074
2469511 2469583
2470835 2471259
2472446 2472874
2473425 2473557
2476357 2476613
2479483 2480762
2483782 2483865
2486647 2487281
2488919 2490112
2491014 2491718
2496805 2496859
2499074 2499564
2503099 2503688
2504215 2504302
2509177 2509639
2511051 2511668
2513298 2513808
2514372 2515572
2518342 2518453
2521351 2521806
2524963 2525737
2529050 2529205
2532729 2532936
2533815 2533965
2535154 2535513
2537235 2537744
2538415 2538491
2540419 2541092
2541601 2541825
2543483 2543671
2545167 2545376
2546454 2547333
2549352 2549686
2550780 2551161
2551908 2552493
2553253 2553519
2554429 2554494
2556102 2556728
2557575 2557823
2559617 2559874
2567105 2567188
2571588 2571728
2572932 2573278
2577927 2578032
2579551 2580246
2581929 2583347
2583984 2584843
2586381 2586448
2588129 2588501
2589220 2589345
2591962 2592059
2593565 2594268
2595627 2595813
2598565 2598615
2599880 2600999
2601828 2602349
2603040 2603592
2605134 2605555
2612005 2612319
2614155 2614309
2616424 2616621
2618897 2618953
2621105 2621573
2622330 2622586
2628141 2628627
2632212 2632752
2635830 2636315
2637051 2637331
2639355 2639618
2642699 2642915
2645526 2645787
2649470 2650358
2651715 2651796
2656445 2657362
2658548 2659219
2662351 2662780
2665615 2666298
2667822 2668938
2670004 2670159
2671926 2672114
2672856 2673651
2674269 2674823
2678283 2678496
2679400 2679766
2680855 2681116
2682260 2682367
2683530 2683636
2684601 2684731
2685504 2685700
2686225 2686558
2688598 2688749
2689265 2689384
2690264 2692750
2694331 2694489
2695892 2696343
2699000 2699424
2699931 2700280
2704270 2704407
2704939 2705049
2705651 2705928
2706941 2707030
2709713 2710077
2712873 2713119
2714909 2715051
2715599 2715792
2716675 2717096
2717624 2717694
2719074 2719854
2720508 2720759
2722923 2723370
2725793 2731568
2732541 2732594
2733588 2733755
2739139 2739381
2741327 2741626
2748239 2749238
2753554 2753695
2754525 2755415
2756932 2757046
2757896 2758146
2759993 2760124
2760772 2761020
2761847 2762714
2763853 2763960
2764744 2765630
2766176 2766274
2767276 2767655
2770221 2770289
2772075 2773892
2774506 2774559
2775713 2775810
2777834 2778139
2780894 2781329
2782020 2782103
2784681 2784915
2788334 2788486
2790451 2790532
2791764 2792656
2794635 2794794
2795784 2795864
2796542 2796933
2800279 2800337
2802988 2803130
2803848 2803989
2804867 2805774
2806720 2806803
2808212 2808451
2809722 2809919
2810558 2811289
2811890 2812240
2812768 2812850
2815326 2815887
2818767 2819537
2820413 2820893
2822570 2823051
2824261 2824648
2825308 2825434
2828638 2829268
2830291 2831054
2833319 2833506
2834097 2834158
2836371 2837227
2837859 2837948
2838652 2839290
2841863 2841983
2845193 2845363
2846953 2847392
2850457 2851212
2852382 2853371
2854087 2854810
2856423 2856495
2857427 2857701
2858212 2858301
2859566 2859997
2862165 2862829
2863900 2864366
2866101 2866829
2867561 2867829
2868425 2868561
2869262 2869728
2870330 2870455
2874391 2874496
2875330 2875623
2876411 2876633
2877269 2877319
2878164 2878311
2880421 2881075
2882287 2883353
2884421 2884640
2885883 2886889
2887479 2887894
2888834 2889082
2892204 2893010
2899750 2900175
2901455 2901523
2903241 2903329
2904156 2904284
2904899 2905293
2905904 2906009
2906922 2907188
2908570 2908622
2909616 2909939
2911172 2911241
2911919 2912026
2912763 2912977
2914416 2914535
2916932 2917024
2919847 2920411
2920995 2921402
2923025 2923729
2925001 2925094
2925928 2926100
2927427 2927481
2928596 2929089
2932823 2932910
2933944 2934429
2935187 2935241
2936503 2936718
2939722 2941516
2945415 2945544
2946239 2946301
2948549 2948638
2949338 2949436
2951207 2951519
2952075 2952582
2955468 2956015
2956959 2958066
2959496 2959546
2960371 2960525
2961361 2961614
2963757 2963817
2964373 2964983
2965596 2966153
2967806 2967877
2968636 2968730
2969341 2969556
2974195 2974272
2975073 2975558
2976685 2976884
2980939 2981419
2984781 2984945
2985836 2986407
2987140 2987192
2988987 2989103
2989714 2989993
2991597 2991661
2992351 2992473
2994582 2994878
2996401 2997678
2999630 2999912
3000694 3000852
3004208 3004528
3005431 3005940
3006547 3006678
3007410 3007542
3008916 3009180
3009893 3009995
3010908 3010967
3011617 3012643
3013192 3013424
3014141 3014323
3015479 3015568
3016904 3017621
3018361 3018664
3019801 3019934
3022758 3022894
3024038 3024178
3025359 3025571
3028076 3028518
3029512 3029797
3030451 3030666
3032123 3032197
3033514 3034053
3038062 3038362
3039902 3040151
3044724 3045033
3048603 3048670
3049658 3049777
3051260 3051320
3052216 3052426
3053543 3053686
3054559 3054612
3063138 3063229
3065390 3065528
3067838 3068413
3074261 3074648
3075988 3076077
3077545 3077690
3079354 3079613
3083374 3083476
3085069 3085742
3086625 3086688
3088257 3088585
3090191 3090246
3090999 3091086
3092399 3092846
3095176 3095302
3097704 3097834
3101431 3101733
3102542 3102615
3103419 3103544
3104601 3104759
3106108 3106196
3106793 3107010
3107966 3108197
3112952 3113497
3119398 3119978
3123082 3123598
3124661 3124995
3125535 3125699
3130240 3131257
3132798 3133090
3133956 3134440
3135094 3135439
3136412 3136849
3139362 3139424
3140329 3140607
3141522 3141596
3143916 3143986
3144530 3144639
3146148 3146378
3147791 3149148
3154098 3154224
3154836 3154921
3156330 3156387
3157136 3157246
3160540 3161446
3163308 3163408
3171135 3171263
3172706 3172913
3175639 3176232
3176865 3177484
3178529 3178620
3180458 3180725
3185158 3187778
3194288 3195170
3195803 3195907
3197752 3198219
3199304 3200703
3201580 3201796
3202550 3202796
3203701 3203829
3208273 3208656
3209902 3210002
3210582 3210866
3213054 3213323
3214462 3214555
3215070 3215311
3216224 3216892
3218823 3219613
3221322 3221873
3222448 3222880
3223638 3223795
3225216 3225473
3226767 3226894
3229296 3229377
3230107 3230196
3231146 3232208
3235138 3235289
3236930 3237705
3240084 3240149
3243166 3243407
3244580 3245111
3248111 3248268
3250018 3250077
3252026 3252316
3253680 3253828
3258172 3258309
3258973 3259161
3264369 3265093
3266495 3266798
3267410 3267497
3268061 3268123
3269240 3269323
3271182 3271763
3277183 3277714
3278408 3278627
3279345 3279517
3283676 3283880
3290421 3290613
3291533 3291692
3292899 3293064
3293603 3293769
3296552 3296867
3297529 3298022
3301707 3301875
3305295 3305429
3306160 3306371
3307362 3307687
3309730 3309850
3313951 3314015
3317378 3317857
3319415 3319906
3320417 3320739
3322649 3324168
3325237 3325496
3329280 3329412
3330195 3330319
3332052 3332374
3332897 3333026
3334240 3334361
3337827 3337950
3338856 3339974
3341244 3341413
3343206 3343365
3346951 3347389
3349683 3349932
3353263 3353329
3354967 3355425
3356398 3356559
3361501 3361962
3362517 3362615
3365636 3366720
3367650 3367699
3368327 3368539
3371291 3371736
3373319 3373920
3375148 3375493
3376105 3376391
3377907 3378294
3378835 3378972
3380069 3380267
3381242 3382814
3383951 3384321
3387085 3387360
3392799 3393399
3394709 3395268
3396468 3397558
3398258 3398921
3399463 3399513
3400077 3400134
3403841 3403980
3405811 3406026
3407886 3408097
3408605 3408718
3409974 3410403
3412831 3413389
3415910 3416505
3418468 3419250
3422159 3429715
3432329 3432434
3433033 3433180
3433919 3434192
3435305 3435508
3436021 3436112
3437917 3438101
3441230 3441329
3442625 3442699
3445447 3445550
3446081 3446520
3448397 3448470
3451166 3451421
3453387 3453645
3454952 3455438
3456511 3456711
3460658 3460716
3463226 3464683
3465518 3466831
3467569 3468115
3470168 3471179
3471952 3472645
3474087 3474189
3477248 3477630
3478931 3478984
3479700 3479821
3481353 3481797
3483406 3483620
3486774 3486952
3493190 3494005
3494744 3494810
3495623 3495762
3497159 3497255
3497959 3498277
3499230 3499859
3501670 3501849
3504017 3504082
3511132 3512392
3513091 3513342
3514303 3514365
3516942 3517150
3522810 3524078
3524972 3525063
3528888 3530141
3532975 3534155
3536781 3536991
3539757 3539973
3541303 3541375
3542719 3542788
3545017 3545404
3547320 3547717
3548954 3550626
3553375 3553507
3554908 3555025
3556576 3556799
3561929 3562382
3566729 3567075
3568120 3568365
3573141 3573577
3575532 3575642
3577284 3578292
3579566 3580188
3581908 3582194
3583517 3584101
3587064 3587806
3589188 3589276
3592851 3592939
3594330 3594582
3595373 3595548
3596453 3596935
3600020 3603674
3605318 3605560
3606310 3606575
3608857 3609063
3613976 3614276
3615774 3616417
3619316 3625728
3631906 3632047
3633675 3633745
3634599 3635668
3639174 3640029
3644466 3645199
3647337 3647509
3649229 3650730
3652129 3653137
3657090 3657349
3658580 3658716
3660777 3661208
3662090 3662627
3663382 3663625
3666304 3667323
3671128 3671244
3673503 3673661
3674383 3674989
3675599 3675696
3678508 3678616
3679840 3679920
3680645 3680908
3681792 3682029
3682834 3682885
3683794 3684038
3688909 3689270
3691202 3691329
3694797 3695593
3697524 3697609
3700063 3700161
3702781 3702848
3704702 3704905
3705619 3705804
3707249 3709012
3709678 3711807
3714038 3714423
3715398 3715472
3716559 3716641
3720047 3720141
3720782 3720955
3721631 3722633
3726665 3727415
3728479 3728917
3731343 3732488
3734896 3735101
3736100 3736781
3737653 3738852
3740947 3741107
3741810 3743579
3744464 3744860
3745787 3746541
3747434 3748562
3749459 3749552
3750670 3751190
3751840 3752434
3753039 3753307
3756637 3756730
3757733 3757842
3759490 3759542
3761985 3765730
3767319 3767368
3772941 3773032
3775057 3775480
3777275 3777853
3779879 3780385
3781229 3781341
3782630 3783768
3784673 3785255
3786356 3786565
3787743 3789909
3791923 3792327
3794351 3794744
3795818 3795896
3797283 3797909
3801094 3801709
3802471 3802552
3807840 3808138
3810200 3810525
3811088 3811921
3816492 3816742
3819750 3820609
3821526 3821892
3822541 3823575
3824957 3826519
3827538 3827803
3830374 3830446
3834262 3834823
3838081 3838833
3841154 3841271
3842523 3842648
3843837 3843904
3844926 3844980
3846360 3847301
3848812 3849624
3850254 3850339
3853517 3853569
3854080 3854171
3855214 3855334
3858961 3860455
3861168 3861277
3862632 3862692
3864194 3864658
3870395 3871304
3872266 3872487
3873504 3874058
3876746 3876904
3880169 3880423
3881887 3881985
3883713 3883879
3889161 3889634
3896040 3896149
3901841 3902266
3904764 3906026
3907053 3907220
3908450 3908650
3910223 3910343
3911122 3911285
3911813 3912087
3916338 3916418
3917564 3917883
3919643 3920198
3921553 3921798
3924546 3924785
3926462 3926549
3927354 3927644
3929760 3930430
3933397 3934950
3940498 3940576
3941532 3947331
3948145 3948199
3950161 3950573
3951629 3952033
3958493 3959113
3960585 3961839
3963622 3963699
3965171 3966797
3967591 3969097
3969846 3970591
3972343 3972436
3974677 3974780
3975745 3976709
3979247 3979334
3980485 3980557
3981075 3981150
3982022 3982902
3983576 3983652
3985042 3985118
3986011 3986150
3988887 3989459
3990828 3991066
3991651 3992349
3994159 3994344
3995389 3995491
3997312 3997463
4002531 4002605
4003298 4003838
4005183 4006031
4007342 4007423
4008183 4008586
4010222 4010690
4015569 4016358
4019662 4019793
4021545 4022170
4022932 4023248
4024730 4025466
4026758 4027434
4029353 4029427
4030352 4030508
4031318 4031577
4032806 4032944
4035151 4042089
4044876 4044954
4047742 4047876
4049562 4050290
4054635 4054981
4057651 4058352
4059171 4059248
4062285 4062642
4065489 4066169
4067253 4067408
4071515 4071608
4072206 4072398
4073168 4073240
4074311 4074583
4075510 4075713
4077239 4077393
4080015 4080120
4080860 4081511
4082970 4083039
4085160 4085302
4088784 4089247
4091561 4091694
4092831 4094656
4098306 4098402
4100923 4101180
4103379 4104252
4104913 4104963
4110003 4110107
4113491 4114294
4118510 4118573
4119139 4119342
4120566 4120941
4126128 4126192
4127698 4128303
4128857 4129749
4130414 4130952
4131778 4133257
4139953 4140313
4142519 4142601
4144007 4144169
4144712 4145445
4146495 4146573
4150044 4150103
4155384 4155901
4157797 4157922
4159274 4159438
4160231 4160400
4163377 4163658
4164351 4164439
4166398 4172121
4172651 4172776
4173964 4174409
4174932 4177136
4183595 4184240
4185439 4185875
4186550 4186628
4187441 4187515
4190088 4190160
4190672 4190768
4193317 4193415
4194726 4194776
4197133 4197518
4198120 4198223
4202669 4203292
4204771 4205067
4205700 4206448
4207066 4207137
4207754 4213067
4214247 4214659
4216905 4217076
4219821 4220030
4222574 4222675
4223874 4224140
4225706 4226500
4227301 4227586
4229752 4230137
4232223 4232421
4233138 4233283
4235903 4236370
4237325 4237476
4238424 4239100
4243334 4243484
4245899 4246409
4248315 4248367
4249055 4249614
4251969 4252792
4254828 4255249
4256487 4256621
4257673 4258149
4260364 4260579
4261678 4261777
4265239 4265455
4266750 4268403
4270527 4271296
4272051 4272155
4272758 4272949
4274149 4274576
4275645 4275829
4277675 4277770
4279297 4279500
4282791 4283528
4284552 4284604
4288640 4289097
4290986 4291675
4292370 4293320
4294963 4295583
4296129 4296415
4298550 4299008
4299697 4299952
4300836 4300990
4301854 4301968
4303195 4303499
4305831 4306430
4307256 4307572
4308196 4308554
4310043 4310197
4313377 4313503
4314996 4315453
4316443 4317098
4321714 4321817
4322811 4324213
4325555 4326685
4329529 4329611
4330810 4331112
4332975 4333121
4333646 4333717
4335156 4335318
4335870 4335979
4336716 4336820
4337531 4338012
4339963 4340201
4343760 4344338
4345461 4346861
4347639 4347813
4349446 4349690
4350273 4350369
4352656 4352741
4354084 4354158
4356338 4357064
4358040 4358177
4362663 4362889
4363464 4363597
4364110 4364300
4365969 4366092
4368174 4368443
4369057 4369638
4370589 4370901
4371670 4371767
4372438 4372581
4373704 4374517
4375929 4376187
4377431 4377495
4378856 4379597
4382364 4383001
4384303 4384469
4385974 4386799
4388722 4388846
4389610 4389818
4392514 4393391
4394376 4394717
4401003 4401828
4402369 4403406
4404368 4405665
4406489 4406887
4408153 4408291
4413313 4413788
4416008 4416101
4420380 4420481
4424821 4425077
4425947 4426025
4427323 4427662
4430705 4431110
4431961 4432442
4433302 4434413
4440550 4440687
4445513 4447086
4448077 4448252
4452984 4453230
4454875 4454942
4456979 4457072
4458219 4458556
4459108 4459413
4460430 4460566
4464626 4464804
4466285 4466502
4467934 4468486
4472100 4472663
4473332 4473460
4475623 4475674
4479115 4480013
4483029 4483141
4484491 4484601
4485309 4485687
4489885 4489966
4493827 4494127
4495951 4496238
4497765 4499534
4501279 4501344
4507557 4508864
4510381 4510798
4518058 4518665
4520646 4521578
4523044 4523139
4525656 4526133
4528757 4529179
4534823 4535278
4536980 4537034
4537805 4538233
4539510 4539578
4540476 4540899
4541746 4541845
4545684 4546117
4547326 4547929
4548608 4548796
4552081 4552187
4553069 4553201
4554820 4555086
4557886 4558920
4561638 4561925
4563955 4564205
4572038 4572834
4576912 4577140
4577862 4577913
4578610 4578765
4582305 4582396
4583218 4583276
4586427 4586948
4588302 4588376
4589909 4589973
4592346 4593447
4594080 4594141
4597502 4597891
4599701 4600032
4600778 4601010
4603451 4603783
4604617 4604741
4606530 4606635
4607376 4608064
4612917 4613387
4614551 4615482
4616286 4616459
4618277 4618424
4619151 4619304
4620308 4620779
4624736 4624970
4626047 4626577
4633698 4634238
4635715 4636011
4640780 4640858
