Ecoli_0980_Taxon017_
1 1374
8406 8687
11395 11693
15442 20674
24233 24484
35954 36198
37868 38130
48589 48823
52222 53153
60236 60484
63371 63721
66312 66540
77868 78127
80190 80441
84140 84488
86509 86780
89543 89637
91200 91341
100576 100822
114255 114609
116712 118365
123003 123108
128176 128451
135916 136166
140840 141151
143883 144181
153292 153525
155155 155881
159805 160944
161959 163949
173697 174000
178883 179213
180707 180981
182737 183043
188191 188428
207933 208818
215303 215601
223680 229714
233832 234111
236708 237015
239171 240649
244931 245252
247537 247893
252779 255363
257561 258570
260939 261290
264133 264357
268917 269238
270207 271706
274010 275094
277146 280664
281284 282263
290689 291296
309182 310884
312984 313276
315284 316428
318162 318440
320814 321087
329557 329901
331294 331635
335452 336462
337972 338141
341652 341764
379583 379791
381315 382456
391764 392908
396480 396791
398750 399117
403936 404295
407100 407320
415871 416246
419702 419969
426443 426712
428256 428621
443213 443470
444785 450969
489495 490131
493182 493408
494756 495065
503073 505526
506584 506840
511410 511726
515728 515963
532283 532570
533916 534154
538741 538972
547275 547656
552105 552390
559256 559554
567898 567979
574642 575730
580364 581307
587731 587952
594211 594503
608062 609280
613615 613670
620181 620442
623086 623353
631416 631686
645277 645531
654663 654896
657888 658175
670796 671040
675105 675355
675883 676121
681836 682058
683904 686718
688302 689286
694939 697583
704318 704730
705585 705851
707907 708747
710926 713516
720737 721776
732616 734289
742075 742448
747956 748198
749813 752199
753067 759955
763541 763771
770430 770671
776532 776773
777559 777821
778808 779580
782447 782523
799167 799437
803314 804663
816057 816288
817163 817457
824621 824856
829314 829597
831842 836660
837187 837481
842029 842412
846328 846570
861436 862072
867415 873343
874598 874902
880889 881127
898390 899549
905479 905705
913406 913677
926504 926798
929086 929341
933635 934830
937899 938133
941991 942258
947215 951028
954763 959440
973742 974016
979882 980149
981161 982462
988203 989145
1003716 1003936
1005851 1009388
1049883 1050490
1065206 1065484
1069027 1069327
1072792 1073026
1075486 1075752
1077088 1080814
1094437 1095444
1097016 1098027
1105535 1105835
1107551 1107879
1110792 1111134
1112201 1112456
1137372 1141615
1147237 1147476
1152353 1152605
1157871 1159849
1163725 1164043
1171251 1171499
1175508 1175750
1182175 1184149
1185281 1185349
1194500 1194814
1205901 1206142
1213555 1213817
1217415 1217768
1226889 1227111
1230410 1230688
1233719 1233941
1238603 1238827
1241445 1241697
1251620 1251882
1258063 1258345
1259767 1260015
1261050 1261362
1264269 1264529
1289231 1289339
1301758 1301991
1304712 1304790
1306714 1308575
1313244 1313503
1332998 1333324
1337120 1338204
1347741 1347868
1351720 1352004
1365601 1366625
1373367 1375095
1378574 1378874
1382119 1382343
1385356 1385681
1386663 1386936
1392360 1394016
1411136 1411366
1428051 1428216
1432488 1434681
1441311 1441644
1443531 1443756
1459430 1459675
1462625 1462957
1468044 1470462
1474114 1476520
1483095 1483336
1488196 1488495
1490520 1490779
1510540 1510897
1529408 1529744
1537724 1538011
1546890 1550378
1553344 1553678
1555664 1557030
1558673 1558905
1574505 1574838
1588058 1589179
1593150 1593404
1594052 1594284
1595116 1595367
1599802 1600754
1603753 1604594
1605305 1605537
1610962 1611350
1619057 1620345
1621793 1622009
1631397 1633206
1638451 1642145
1644518 1644814
1650898 1651414
1659653 1659936
1672135 1672192
1687104 1687336
1690612 1690870
1693530 1693859
1702191 1702537
1704511 1704841
1705676 1705957
1707138 1707519
1708051 1709389
1714951 1715282
1717742 1718003
1721151 1727241
1727946 1729101
1732164 1735497
1737129 1738991
1755097 1756385
1760299 1760537
1765057 1765351
1767139 1767362
1769197 1771105
1776437 1776664
1779250 1779481
1782383 1782665
1795518 1795681
1798699 1798924
1810531 1810620
1819713 1819984
1821238 1822070
1831159 1831433
1842517 1846721
1849565 1849910
1853095 1854344
1875799 1876021
1879961 1882485
1915676 1915902
1920690 1920914
1927245 1930051
1933588 1933872
1936758 1936865
1938642 1938995
1954111 1954407
1954916 1955139
1958917 1959178
1959851 1960093
1965616 1965951
1971543 1971666
1978717 1979165
1993248 1993474
1996977 1997218
2009695 2009916
2017935 2018311
2025383 2025738
2028782 2029011
2062171 2064177
2066338 2067245
2069075 2078275
2079063 2079361
2091509 2091825
2101409 2101737
2110031 2110259
2116357 2116594
2118369 2118709
2121718 2121988
2136327 2136616
2140830 2143213
2145616 2146700
2159400 2159620
2163810 2164094
2165580 2165802
2170599 2171373
2175074 2175346
2176156 2176518
2177740 2178013
2180848 2181103
2204247 2204537
2214826 2215107
2227960 2228298
2241430 2241814
2244720 2245750
2250830 2251061
2262429 2262653
2269109 2269407
2275128 2275372
2279511 2280489
2281925 2282217
2288974 2290058
2296826 2297082
2304515 2304957
2319437 2319714
2321206 2321526
2333813 2334914
2338337 2339152
2343268 2343515
2353864 2354130
2366090 2367237
2370058 2370410
2372900 2373162
2385670 2385893
2391856 2392640
2398692 2398989
2400208 2400485
2402983 2403268
2419236 2423034
2427900 2430253
2434172 2434408
2438234 2438497
2457994 2458170
2459527 2460259
2464622 2464882
2467347 2467627
2470113 2470378
2477593 2477847
2484271 2484504
2493893 2494133
2500223 2500466
2502761 2503086
2507279 2507588
2514328 2515724
2518692 2518986
2523080 2523405
2527541 2528489
2543323 2543686
2546036 2546153
2548007 2548360
2556430 2558279
2564705 2568833
2575659 2577833
2583711 2583964
2591040 2591330
2593125 2593345
2597698 2597945
2603238 2603473
2608351 2610392
2613574 2613865
2662219 2662389
2665507 2665814
2675303 2675613
2681001 2681266
2683839 2685852
2697054 2702367
2706475 2708075
2719931 2720274
2720872 2721153
2724536 2724831
2731731 2731969
2738611 2738845
2740308 2740562
2757778 2759642
2762697 2762933
2764820 2765100
2769011 2769298
2776022 2776249
2781597 2784297
2791103 2791342
2802049 2802328
2804957 2805576
2807980 2808883
2818137 2818196
2823240 2823577
2827541 2827771
2831388 2831641
2839467 2839521
2855138 2855442
2857607 2857875
2863764 2863955
2870304 2871999
2875180 2876183
2879927 2880240
2881344 2881592
2882589 2882810
2886121 2886361
2887150 2887521
2893827 2894060
2901186 2901462
2903038 2903325
2904822 2905632
2915491 2915711
2921471 2922195
2933171 2933394
2938173 2938462
2941939 2942234
2952861 2953143
2957301 2957550
2961947 2962195
2963373 2963611
2965534 2965777
2967454 2967813
2971702 2971938
2974536 2974866
2984836 2985164
2990650 2990924
2995569 2998046
3004987 3005283
3009383 3009613
3020309 3021512
3029240 3029483
3033076 3033457
3039942 3040221
3050842 3051067
3052879 3053223
3055089 3055346
3057274 3057494
3062330 3062593
3069800 3070120
3080696 3080919
3085669 3085928
3098514 3098782
3100294 3100593
3111866 3112102
3118735 3118784
3125151 3125397
3130041 3130343
3137203 3137445
3145379 3145700
3149809 3150122
3156121 3156378
3167648 3170244
3171586 3171824
3172684 3172933
3180137 3182849
3186776 3187292
3190025 3190375
3198049 3198313
3199713 3199940
3204818 3205083
3212376 3212601
3213267 3213531
3214303 3214548
3221446 3221767
3222406 3222711
3226338 3226671
3230949 3232304
3241565 3246701
3251056 3251353
3253990 3254242
3258582 3258932
3267570 3267821
3274523 3274637
3281677 3281917
3285861 3286187
3287876 3290605
3294778 3295093
3298448 3299536
3320350 3324462
3324985 3325334
3334077 3334244
3339019 3339250
3341954 3342823
3344009 3344135
3361817 3365152
3365889 3366202
3373779 3374687
3381773 3383524
3389521 3389795
3392210 3392323
3396265 3396485
3423314 3430429
3441492 3441780
3442814 3443094
3446018 3446253
3455402 3456539
3461321 3461594
3464868 3465243
3468441 3469383
3471094 3471349
3479544 3480242
3484482 3486153
3497678 3503703
3508139 3508483
3511146 3511504
3512850 3513070
3531108 3531269
3531775 3532036
3533540 3533792
3543261 3543484
3544569 3544813
3558211 3559135
3583533 3584140
3587112 3587416
3589204 3589428
3598670 3598923
3609720 3612576
3617321 3617653
3619400 3622844
3623488 3624918
3652091 3653175
3657939 3658913
3666260 3667381
3682129 3682424
3687916 3688170
3692597 3695239
3698888 3699204
3702920 3703144
3706617 3706919
3710187 3710441
3716354 3716574
3717379 3717607
3723076 3723309
3731617 3731884
3736860 3736917
3737875 3738096
3739426 3739683
3762593 3762971
3766574 3768125
3769260 3769511
3775023 3775311
3778664 3778898
3783687 3783970
3797527 3799583
3805930 3807338
3811300 3811534
3813738 3813882
3822306 3822632
3823533 3823780
3829741 3830106
3838733 3838983
3840769 3842080
3854897 3855221
3856745 3856984
3881559 3881829
3888672 3890225
3895256 3896173
3905155 3906037
3912596 3912836
3913996 3914259
3920983 3921234
3924166 3924431
3926027 3928110
3937354 3937668
3941031 3946889
3958469 3959427
3962166 3962393
3965198 3965574
3970961 3971239
3985916 3986177
4004350 4004669
4009075 4009309
4012019 4012249
4020877 4021243
4032036 4032261
4033990 4041722
4049358 4053095
4058358 4058691
4072061 4074237
4076742 4077035
4081455 4081786
4084966 4085325
4088507 4091449
4094014 4094559
4102256 4102749
4107698 4117550
4119748 4120092
4122691 4124261
4127465 4128091
4129962 4130449
4134343 4134600
4135178 4135410
4137396 4137630
4141681 4141773
4157910 4158820
4167741 4167865
4170992 4171283
4178177 4178442
4184115 4188667
4190345 4190668
4193571 4193978
4217458 4217712
4220821 4221113
4223868 4223946
4227101 4227446
4236747 4237045
4246713 4248914
4257201 4257468
4260185 4260479
4261298 4261568
4264854 4265075
4274647 4275091
4306743 4311798
4314153 4314460
4316308 4316807
4330727 4331046
4338527 4338840
4346915 4347135
4353289 4353416
4367244 4367566
4374087 4374885
4379329 4379617
4386528 4386788
4388112 4388344
4392063 4403358
4407526 4407785
4411108 4411379
4423593 4423820
4426322 4427140
4427703 4427971
4431936 4432216
4437787 4438013
4438517 4438776
4444599 4444833
4446696 4446954
4457020 4457177
4462991 4464132
4473270 4475098
4476172 4476416
4477719 4477951
4481741 4481997
4485763 4485983
4488942 4489179
4492803 4493161
4499494 4500372
4502746 4502919
4503696 4503759
4515724 4515804
4520205 4520450
4524740 4524981
4525937 4526315
4528629 4532235
4536200 4537319
4542043 4542899
4554417 4555514
4563371 4563650
4573448 4573816
4582184 4587583
4589408 4590510
4598425 4598685
4626744 4627006
4629197 4629423
4631690 4631936
4632988 4633243
4637220 4637735
4639524 4639822
Ecoli_ancestor_Ancestor_
1 218
3221 3510
8308 8620
30321 30600
40398 40766
43948 44750
61704 61784
66185 66430
70720 70961
71917 72295
73175 74879
78271 82124
83346 85613
91999 92568
101706 102073
103308 103534
104608 104852
106155 106387
110177 110433
114199 114419
117378 117654
121278 121597
128492 128808
133146 133784
143850 144108
145971 146205
152028 152287
152791 153017
158588 158868
162833 164023
166984 167211
179425 183278
202460 202692
204016 204276
211187 211475
215919 216717
223238 223560
237388 237515
249595 249918
251596 251863
258936 259249
267324 267544
273698 274006
288408 288662
291771 292063
294818 294896
298051 298396
307697 307995
319511 321892
328151 328418
331135 331429
332248 332518
335804 336025
377693 381101
385103 385410
387258 387908
391959 392193
394179 395246
399883 400169
401161 401453
404657 404829
414716 418883
422286 422589
428639 429121
430992 431570
434697 434988
441882 442147
447820 448176
452513 455847
471669 473247
488291 488548
496245 496790
501985 502297
505479 505838
509018 509349
513769 514062
516567 516875
518423 518743
532113 532446
537709 537946
540421 541446
549082 549319
553408 553717
555420 555578
558543 558768
569561 569927
578555 578785
581495 581729
586135 588603
604627 604888
619565 619843
625230 626125
628411 628638
647223 647440
649143 649773
653136 653450
662694 663033
666373 666638
669570 669821
676545 676808
677968 678208
685705 688179
693484 694960
708975 711460
733820 735907
751821 752071
760698 761063
767024 767271
768172 768498
781695 782073
788362 788613
794125 798000
802789 803072
816629 816863
825032 826546
828469 829036
835378 835645
843953 844186
849655 850908
856821 857075
860343 861366
864118 864342
868058 868374
870659 871893
873223 873480
889352 891761
893965 894199
902634 902888
908380 908675
938373 938713
965886 966152
967960 969537
971460 973483
978228 978452
980852 981084
987686 988239
991881 992134
1001376 1001600
1003388 1003692
1016647 1018078
1022769 1024384
1024890 1025151
1026655 1026907
1028008 1028493
1036376 1036599
1037684 1037928
1048371 1049337
1051326 1052250
1059461 1059696
1077734 1077954
1079300 1079658
1082321 1082665
1087101 1087329
1092962 1093203
1094354 1094702
1105765 1106053
1107087 1107367
1110291 1110526
1120641 1120812
1125594 1125867
1129141 1129516
1136950 1137648
1145843 1146098
1163598 1167490
1194319 1194539
1198481 1198594
1201009 1201283
1208742 1209031
1216117 1216266
1220439 1220754
1224853 1225197
1250646 1250995
1259738 1259844
1277526 1277872
1279307 1279645
1280602 1281911
1294439 1294670
1299445 1299632
1304617 1304943
1308887 1309127
1316167 1317536
1331693 1331933
1336288 1336585
1339222 1339474
1343814 1344164
1352802 1353053
1368093 1369358
1376256 1381208
1385721 1385986
1390864 1392755
1400429 1400779
1407955 1408249
1410621 1417268
1421912 1422214
1429074 1429316
1437250 1437571
1441680 1441993
1447992 1448249
1459519 1459859
1462171 1463695
1464555 1464804
1472008 1472069
1478702 1478938
1490211 1490510
1492022 1492290
1504876 1505135
1509885 1510108
1520684 1521004
1528211 1528474
1533310 1533530
1535458 1535715
1537581 1537925
1539737 1539962
1550583 1550862
1557347 1557728
1561321 1561564
1577327 1578847
1581191 1581421
1585521 1585817
1592758 1593737
1599880 1600154
1605640 1605968
1615938 1616268
1618866 1620837
1634548 1634852
1637017 1637285
1643174 1643365
1649714 1650040
1655290 1655593
1657227 1662220
1665531 1665771
1666560 1667559
1673237 1673470
1680596 1680872
1682448 1682735
1686017 1686237
1696096 1696906
1697744 1699270
1700881 1701605
1712581 1712804
1717583 1717872
1721349 1721644
1729560 1732553
1736711 1736960
1741800 1742043
1743966 1744204
1745382 1745630
1746868 1747223
1751112 1751337
1759163 1759416
1763033 1763263
1767227 1781865
1782880 1785847
1788476 1788755
1799462 1799701
1806507 1806755
1814555 1814782
1821506 1821793
1825704 1825984
1827871 1828107
1831162 1831387
1832675 1836187
1838260 1838498
1845140 1845374
1846837 1847091
1853306 1854128
1859374 1859500
1861203 1864687
1868795 1869070
1870113 1870395
1880303 1880538
1885649 1886438
1896673 1896778
1898339 1898634
1902017 1902298
1902896 1903239
1909538 1909803
1915191 1915501
1924990 1925297
1928415 1928585
1976939 1977230
1978522 1978630
1984508 1984761
1991837 1992127
1992965 1994142
1998495 1998742
2004035 2004270
2009148 2009398
2010929 2011189
2021971 2022101
2023955 2024308
2032378 2032613
2033964 2034227
2036774 2039908
2044714 2044768
2047118 2047481
2062315 2063263
2067399 2067724
2071818 2072112
2075080 2075202
2083216 2083525
2087718 2088043
2090338 2090581
2096671 2096911
2110455 2110740
2113238 2113515
2114734 2115031
2127830 2128053
2140561 2143257
2148592 2148849
2154864 2155100
2158926 2163730
2167846 2168093
2178442 2178708
2184675 2189223
2190668 2190890
2192338 2194580
2195788 2196026
2198123 2198373
2210186 2210419
2216843 2217097
2224312 2224577
2227063 2227343
2229808 2230068
2235219 2236579
2243581 2243710
2255890 2256991
2269278 2271367
2285847 2286289
2293722 2293978
2301490 2301830
2308587 2308879
2315432 2315676
2321397 2321695
2328151 2328375
2337081 2338131
2339743 2339974
2345054 2346084
2348990 2349374
2362506 2362844
2375697 2375978
2385418 2387596
2409701 2409956
2412791 2413064
2414286 2414648
2415458 2415730
2419431 2419512
2420631 2421661
2433809 2434125
2443709 2444037
2452331 2452559
2458657 2461009
2464018 2464288
2478627 2478916
2488660 2489000
2501700 2501920
2506110 2506394
2507880 2508102
2512899 2513235
2520733 2521157
2524250 2524466
2528520 2528633
2548130 2550226
2556388 2557300
2561793 2562022
2565066 2565421
2572493 2572869
2580888 2581109
2593586 2593827
2597330 2597556
2598278 2598395
2622762 2623115
2626351 2627152
2638231 2638527
2639036 2639259
2643037 2643298
2643971 2644213
2649736 2650071
2653939 2654046
2656932 2657216
2660753 2661137
2663615 2664455
2667679 2667905
2672693 2678349
2705877 2708636
2714783 2715005
2730867 2731577
2733181 2737705
2742225 2742519
2744307 2744530
2747924 2748273
2753605 2753832
2756418 2756649
2759551 2759833
2771977 2772719
2784326 2784551
2787569 2787788
2796881 2799238
2808327 2808601
2819685 2819958
2823667 2823889
2826733 2827078
2831175 2831512
2835407 2835707
2848043 2852070
2857632 2860684
2863832 2864158
2874845 2875080
2877898 2878178
2883285 2883666
2884847 2885128
2885963 2886293
2888267 2888613
2896945 2897274
2899934 2900192
2903468 2903700
2923879 2923936
2930868 2931151
2939962 2940996
2945990 2946286
2948659 2948777
2968795 2968866
2969904 2970210
2979454 2979842
2985267 2985499
2986210 2987051
2990050 2990765
2997044 2997331
3006210 3006397
3008100 3008335
3012770 3017471
3033299 3033632
3049232 3049464
3051107 3051410
3054459 3054793
3057759 3058714
3079907 3080264
3086357 3087361
3100025 3100284
3102309 3102608
3107468 3107709
3113154 3114228
3118688 3124781
3137876 3138209
3140096 3140321
3155995 3156240
3159190 3164553
3165181 3165860
3167082 3175784
3179263 3179563
3182808 3183032
3186045 3186370
3187352 3187625
3193049 3193961
3211825 3212055
3217161 3217437
3224900 3225203
3238800 3239084
3242936 3242989
3255408 3255641
3280447 3280629
3290166 3290506
3295046 3295372
3301608 3301920
3302835 3303818
3314867 3315126
3320365 3323588
3326275 3326535
3329442 3329754
3330789 3331037
3332459 3332741
3338922 3339184
3349107 3349359
3351977 3352201
3356863 3357085
3360116 3360394
3363693 3363824
3368898 3369139
3376552 3376814
3380412 3380765
3405179 3405523
3406655 3406906
3408372 3408629
3415054 3415296
3419305 3419553
3426761 3427079
3430955 3431306
3432699 3432933
3438199 3438451
3443328 3443567
3449189 3449409
3453205 3457574
3478348 3478603
3479670 3480012
3482925 3483253
3484969 3485269
3492777 3495304
3509990 3510294
3513434 3513716
3515052 3515318
3517778 3518012
3521477 3521777
3525320 3525598
3584946 3585512
3589197 3589279
3590386 3591644
3594713 3594947
3598805 3601270
3604029 3604080
3604854 3605074
3620260 3620587
3627685 3628908
3634774 3635048
3649350 3649577
3653872 3654111
3655429 3658778
3661463 3661718
3664006 3664300
3677127 3677398
3685099 3685325
3689594 3690150
3691255 3691545
3709677 3709915
3715902 3716206
3723164 3723389
3744234 3744476
3748392 3752444
3753323 3753617
3759018 3761490
3765948 3766183
3768860 3769417
3773347 3774747
3791367 3791637
3798915 3800972
3806983 3809172
3811224 3811530
3812983 3813245
3814031 3814272
3820133 3820374
3827033 3827263
3842793 3843036
3845125 3845437
3852172 3852584
3853439 3853705
3855761 3856601
3858780 3861370
3880470 3880717
3884207 3884448
3886063 3886305
3891813 3892186
3893544 3895266
3899972 3901758
3904086 3904407
3906599 3906900
3908746 3908968
3914683 3914921
3915449 3915699
3919764 3920008
3932629 3932916
3935908 3936141
3945273 3945527
3959118 3959388
3967451 3967718
3970362 3970623
3977134 3977187
3978767 3981468
3996301 3996593
4002852 4003073
4015818 4016162
4022825 4022906
4031250 4032311
4038414 4038699
4043148 4043529
4051832 4052063
4056650 4056888
4058234 4058521
4074841 4075076
4079078 4079394
4083964 4084220
4087511 4087731
4095739 4096048
4097396 4097622
4105364 4106351
4139835 4140093
4145696 4146019
4147334 4147591
4162183 4162548
4164092 4164361
4170835 4171102
4174558 4174933
4183484 4183704
4186509 4186868
4191687 4192054
4194013 4194324
4198959 4199040
4208920 4209489
4211013 4211221
4249040 4249308
4250818 4250987
4252678 4254442
4259169 4259510
4260903 4261247
4269717 4269990
4272364 4272642
4274376 4274457
4277528 4277820
4279920 4280151
4281380 4281622
4308541 4308850
4314386 4315654
4316454 4316794
4320264 4320597
4321566 4321887
4326447 4326671
4329514 4329865
4332897 4335708
4337739 4338025
4339350 4340505
4342911 4343267
4345552 4345873
4350155 4350517
4353086 4354096
4356693 4356972
4365168 4365477
4375203 4376274
4386181 4387315
4396426 4396659
4398289 4398568
4412969 4413272
4418155 4420253
4422009 4422315
4427463 4427700
4435744 4437421
4445791 4446102
4450776 4451026
4458491 4458766
4462181 4462523
4468310 4469502
4470160 4470408
4474332 4474439
4478416 4478671
4479723 4479969
4482236 4482462
4484653 4484915
4512974 4513234
4521149 4521442
4526132 4528230
4529261 4532548
4541369 4545339
4556809 4557053
4558723 4558985
4569444 4569678
4573077 4574008
4581091 4581339
4584226 4584576
4587167 4591014
4598723 4598982
4601045 4601296
4604329 4605343
4607364 4607635
4610398 4610466
4612029 4612196
4621431 4621677
4639524 4639822
