Salmonella_0909_Taxon010_
1 255
1836 1975
16456 16697
46804 46972
51817 52153
81162 81279
93607 93717
102116 102182
108373 108488
135432 135520
159950 160373
164280 164332
188501 188557
206400 206464
212327 212524
216552 216808
218277 218533
267009 267132
268298 268497
289271 289344
320171 320278
346028 346151
360930 361161
368375 368443
375917 375985
379137 379205
422027 422118
425869 426477
439556 440001
515297 515432
532108 532377
541480 541987
556771 556975
578161 578426
588701 588914
598121 598170
611807 611899
628658 628913
632255 632369
634366 635017
636397 636594
652948 653151
655126 655278
658764 659050
675682 675801
681710 681993
719920 720076
728938 729008
733832 733895
736932 737195
804189 804717
806092 806197
820978 821042
848416 848471
886473 886754
900490 900595
938133 938401
952435 952663
958193 958438
966134 966398
967500 967860
1007211 1007351
1017427 1017659
1039181 1039639
1052111 1052198
1065860 1065969
1066629 1066884
1097882 1098153
1101342 1101453
1102591 1102710
1135770 1136033
1170069 1170194
1204725 1204945
1253348 1253512
1256730 1257578
1270966 1271156
1281945 1282383
1333010 1333067
1396048 1396139
1409464 1409900
1412366 1412580
1421536 1421717
1424666 1424818
1428848 1429164
1445412 1445696
1455843 1455958
1457277 1457537
1464222 1464274
1471293 1471469
1478560 1478664
1491886 1492015
1528234 1528460
1548706 1548947
1565366 1565681
1588603 1588709
1612920 1613039
1634368 1634757
1641085 1641234
1646197 1646606
1653346 1653970
1674512 1674762
1704610 1704694
1709319 1709395
1727617 1727771
1735647 1735826
1736441 1736571
1738698 1738749
1750117 1750281
1774734 1774949
1783280 1784018
1786984 1787079
1790921 1791225
1794182 1794406
1811996 1812154
1812846 1812991
1823520 1824182
1841516 1841626
1853362 1853539
1860994 1861317
1878328 1878574
1907394 1907814
1923153 1923315
1944713 1945017
1946879 1947762
1965945 1966154
1972339 1972621
1995601 1996174
2005222 2005575
2011742 2011935
2027039 2027094
2028233 2028419
2036777 2036892
2065225 2065356
2083681 2083924
2134146 2134284
2150193 2150509
2201580 2201912
2242314 2242496
2257442 2257857
2262190 2262362
2280940 2281099
2301799 2302199
2303366 2303716
2317268 2317449
2321152 2321229
2323226 2323279
2327293 2327350
2333494 2333642
2365099 2365926
2368088 2368289
2376277 2376404
2380530 2381273
2396199 2396475
2410985 2411196
2419402 2419713
2424927 2425090
2437689 2437997
2466841 2466927
2492074 2492211
2537239 2537457
2545462 2545646
2555750 2555829
2558141 2558214
2566443 2566723
2591538 2591746
2592304 2592551
2612322 2612810
2615738 2615918
2618106 2618216
2621390 2621462
2627847 2628016
2638931 2639055
2669754 2670031
2672818 2674204
2676677 2676754
2687423 2687631
2691060 2691719
2702973 2703157
2728794 2729094
2750053 2750156
2754788 2755395
2773215 2773500
2778434 2778653
2786877 2786991
2799239 2799488
2849910 2850631
2854279 2854528
2887061 2887118
2895046 2895289
2908076 2908251
2912614 2912837
2924633 2924772
2927981 2928262
2948423 2948558
2977941 2978098
2987945 2988818
2999397 2999693
3005866 3005930
3012614 3012797
3013361 3013554
3030434 3030724
3038464 3038817
3081794 3082204
3089843 3091763
3106330 3106536
3110863 3111067
3112913 3113413
3130861 3131023
3138128 3138344
3146243 3146537
3190638 3190854
3202786 3203110
3276728 3276883
3281029 3281143
3333718 3334152
3344089 3344164
3359264 3359495
3361730 3361803
3374257 3374459
3381213 3381359
3417814 3418413
3466801 3467387
3479439 3479579
3485954 3486381
3492224 3492540
3506235 3506559
3538814 3538919
3540824 3544267
3580557 3580659
3614140 3614362
3650243 3650403
3663024 3663142
3670938 3671268
3687352 3687420
3687955 3688306
3690425 3690691
3691193 3691269
3695661 3695751
3738003 3738063
3743117 3743297
3756625 3756911
3771456 3771642
3780772 3781231
3820580 3820959
3832133 3832490
3858598 3858778
3861037 3861141
3862855 3863156
3865334 3865398
3882513 3882736
3891767 3891837
3919088 3920273
3932355 3932753
3943460 3943788
3956398 3956714
3964181 3964459
3966822 3967034
3992888 3992987
3999203 3999426
4025408 4025655
4029590 4029766
4034259 4034505
4039336 4039433
4041111 4041172
4062700 4062820
4074941 4075209
4077601 4077867
4090422 4090642
4120351 4120589
4126732 4126911
4134713 4134925
4154806 4154868
4162838 4162980
4176749 4176992
4180588 4181115
4195184 4195431
4196099 4196312
4208015 4208270
4214827 4215009
4232021 4232131
4233705 4234172
4248217 4248376
4251220 4253550
4264952 4265004
4271898 4271975
4280620 4280819
4301548 4301613
4306100 4306381
4311307 4312027
4318876 4318960
4324760 4324847
4343740 4344021
4350302 4350462
4387601 4387687
4394059 4394308
4427745 4427806
4444374 4444625
4446328 4446396
4448431 4448509
4463815 4464091
4523394 4523533
4526402 4526752
4548508 4548847
4554076 4554276
4561198 4561321
4569572 4569713
4618007 4618327
4631505 4631892
4637938 4638151
4640919 4641044
4663035 4663095
4698110 4698172
4717910 4718013
4718720 4718835
4725232 4725304
4730873 4731001
4739269 4739484
4750332 4750627
4756008 4756223
4797731 4797826
4838386 4838528
4856067 4856237
Salmonella_0920_Ancestor_
1 255
1836 2391
63879 64225
66208 66653
78616 78688
79708 79807
84257 84385
92537 92868
97104 97161
103716 104011
109222 109607
115252 115784
140665 140986
144956 145032
172475 172585
189464 189760
202938 203412
204427 204487
209371 209584
212352 212481
257186 257235
284772 285744
289074 294472
298158 298497
320253 320603
323318 323611
335530 336113
349550 349691
388834 389194
393000 393078
424307 424464
449061 449412
470436 470522
479890 480163
499032 499475
506951 507671
514520 514604
520404 520491
526608 527129
546842 546963
574112 574445
586649 586892
596606 596892
605350 605654
610555 610670
624240 625346
630167 630390
634108 634426
651769 651981
654344 654622
662089 662890
735397 735576
741729 741957
761925 762165
819524 819656
822875 822972
827803 827997
830250 830557
831841 832001
832542 832703
838845 839126
855767 856077
858289 858816
861985 862144
880022 881107
887014 887481
890370 890514
909830 910240
910919 911375
912426 912673
921076 921402
925257 925512
934278 934331
952197 956677
972752 972803
975700 977253
980495 980681
989811 990270
996777 996990
999594 999808
1000763 1000859
1025068 1025636
1028514 1028807
1029398 1029924
1038707 1038785
1041245 1041529
1060998 1061284
1062370 1062718
1075231 1075532
1077246 1077350
1079609 1079789
1099756 1099983
1100489 1101982
1102498 1105050
1105911 1106071
1109012 1109107
1109697 1110870
1114262 1114780
1135535 1135822
1136595 1137144
1147724 1147792
1148327 1148678
1150897 1151641
1184986 1185441
1189788 1189890
1223693 1224711
1259474 1259634
1299561 1300147
1318714 1319141
1339128 1339319
1360510 1360742
1363468 1363668
1377563 1377765
1402771 1402912
1406021 1406256
1419851 1419931
1440923 1441025
1446585 1446877
1466227 1466400
1515717 1515923
1542123 1542331
1605967 1606324
1616000 1616695
1617957 1618029
1625897 1626002
1660123 1660237
1678670 1678886
1686785 1687079
1713372 1713498
1732624 1732779
1742172 1742582
1763297 1763513
1775445 1775769
1828454 1828522
1830203 1830439
1842885 1843656
1853139 1853501
1860068 1860677
1865021 1865654
1879138 1879249
1881330 1881465
1906181 1906347
1913291 1913405
1925653 1925945
1949922 1950000
1956745 1957139
1969896 1970166
1976394 1977060
1984947 1985074
1996324 1996581
1999345 1999625
2013119 2013396
2027123 2027366
2035290 2035351
2040916 2041198
2045473 2046265
2048346 2048794
2058018 2058202
2081254 2081477
2094244 2094585
2100437 2101044
2105676 2105779
2118609 2118705
2123233 2123357
2130448 2131007
2134436 2134644
2150997 2151191
2153149 2153263
2159710 2159890
2169656 2169937
2173146 2173353
2187666 2187966
2215037 2215206
2250502 2250749
2251307 2251515
2276330 2276610
2287224 2287303
2299478 2299754
2316598 2316816
2318796 2318968
2324821 2325005
2343227 2343507
2348754 2349600
2350506 2351606
2361836 2361999
2373257 2373514
2384546 2384736
2390647 2390905
2407796 2407877
2418437 2418670
2450633 2450967
2457979 2458241
2461780 2462523
2480051 2480199
2483874 2483992
2486906 2487072
2490103 2490160
2503602 2503815
2507759 2507944
2508517 2508586
2510732 2510949
2524507 2524853
2575122 2575271
2579319 2579840
2608586 2610532
2611815 2612160
2628200 2628337
2631418 2631564
2634138 2634191
2636188 2636346
2674793 2675366
2690989 2691127
2700088 2700542
2715110 2715316
2728339 2728523
2735264 2735406
2736039 2736574
2737751 2738569
2747994 2748555
2754431 2754603
2758806 2759212
2780900 2781202
2790075 2791233
2795642 2800748
2804663 2805685
2826988 2832539
2836405 2836642
2837830 2837894
2859641 2860074
2863883 2864036
2870432 2870688
2876899 2877108
2879644 2879818
2902753 2903019
2905400 2905666
2911212 2911272
2918572 2918880
2945987 2946233
2960394 2960498
2965822 2967039
2969886 2970330
2984590 2984685
2988228 2988823
2990081 2990923
2991788 2992012
3013027 3013185
3013877 3014022
3025062 3025277
3041915 3042413
3068653 3068830
3092780 3092936
3107227 3107422
3121945 3122119
3151969 3152229
3181257 3181757
3194306 3194827
3196081 3196714
3204097 3204391
3248601 3248797
3269786 3270046
3271365 3271463
3281627 3281911
3298159 3298475
3306428 3306534
3316604 3317408
3350574 3350804
3367223 3367538
3414163 3414447
3470980 3471306
3474111 3474865
3476193 3476385
3481881 3481938
3519177 3521293
3524943 3525366
3545328 3545415
3549799 3550156
3566963 3570117
3570648 3572129
3577621 3577811
3598409 3598890
3635150 3635668
3667545 3667803
3677691 3677911
3704542 3704680
3723107 3723370
3725609 3725915
3732255 3732811
3742646 3743104
3755576 3755663
3769325 3769434
3770094 3770349
3816491 3816561
3830120 3830348
3852964 3854834
3871546 3871686
3881762 3881994
3892105 3892465
3904651 3904920
3932650 3933038
3972511 3972594
3977523 3977585
3999968 4000023
4003456 4003824
4010751 4010999
4011504 4011639
4017532 4017815
4025621 4030759
4055516 4055779
4108815 4109553
4111707 4111758
4112320 4113990
4115386 4117495
4135864 4136283
4139636 4139888
4141763 4141966
4148761 4148824
4153648 4153762
4167127 4167383
4173764 4174037
4195913 4201366
4207030 4207273
4214273 4214338
4242571 4242784
4290670 4290773
4310472 4310629
4328680 4328785
4342624 4342941
4345427 4345502
4350975 4356424
4360717 4360768
4361541 4361680
4369179 4369377
4380958 4381401
4399002 4399307
4402599 4402713
4403782 4404204
4414874 4420062
4430683 4431007
4437607 4437808
4443251 4443420
4446517 4446709
4450143 4450336
4472965 4473033
4489249 4489677
4493037 4493585
4519075 4519166
4560041 4560510
4584642 4584725
4596637 4596841
4623280 4623511
4624520 4624776
4626245 4626447
4628208 4628259
4630529 4630726
4701947 4702057
4719612 4719680
4731608 4731660
4735567 4735990
4781068 4781224
4795776 4795882
4810538 4810648
4815192 4815530
4826468 4826723
4856067 4856237
