gi_556503834_ref_NC_000913.3_
19937 20423
223606 227630
228552 228864
258049 258535
274095 275009
279881 279971
290582 291210
339757 339848
391849 392831
566912 567894
580796 581221
608148 609210
687987 688910
734289 734972
1049969 1050408
1094385 1095362
1097102 1097442
1269965 1270320
1299635 1300558
1396180 1397102
1427947 1428245
1432415 1434205
1468050 1470375
1528468 1529033
1532362 1532774
1552176 1552226
1650984 1651408
1978644 1979129
2066316 2067163
2069081 2070132
2101887 2102807
2118464 2118560
2170310 2171287
2289057 2289973
2304635 2304877
2514414 2515477
2726203 2727171
2729205 2729601
2730950 2731169
2996500 2997553
3130282 3131205
3186236 3187286
3269846 3269958
3365692 3366614
3423803 3428799
3583568 3584058
3619414 3620957
3621740 3621885
3624601 3625336
3652171 3653095
3666346 3667196
3762405 3765704
3941583 3946808
4035306 4040704
4153447 4153692
4166440 4171824
4176220 4176968
4207984 4209567
4210164 4213023
4295976 4296240
4325989 4326158
4498321 4499371
4507599 4508540
