e_coli_k12_gi_556503834_ref_NC_
66564 66648
223564 225736
258007 258577
270638 271662
279327 280013
290540 291302
340024 340115
349880 349972
357575 357675
375048 375185
391807 392873
566870 567936
574685 575691
580408 581263
608106 609252
687945 688952
696507 696618
696754 696862
729901 730436
731157 731394
732089 733154
734784 734999
736682 737061
737225 737708
781223 781745
1050004 1050450
1094343 1095404
1097220 1097560
1269192 1270291
1299593 1300600
1396138 1397144
1466407 1466756
1468008 1469295
1528426 1529075
1552226 1552403
1570769 1571703
1632835 1634923
1635938 1636230
1650942 1651450
1978602 1979171
2066275 2067200
2069039 2070174
2101845 2102849
2170268 2171329
2289015 2290014
2304390 2304728
2514372 2515519
2518036 2518150
2521107 2521421
2726161 2731273
2817784 2818196
2947553 2947624
2996458 2997595
3130240 3131247
3186194 3187328
3269846 3270071
3365651 3366656
3423358 3426756
3583526 3584100
3621698 3622763
3624347 3625378
3652129 3653137
3708458 3708535
3762363 3764920
3765513 3765730
3941541 3946850
4035264 4040746
4153571 4153693
4166398 4171866
4176178 4177010
4207942 4213067
4295905 4296233
4325907 4326274
4498280 4499413
4507557 4508582
4614568 4614668
