Salmonella_0914_Taxon015_
1 255
2394 2524
3461 3937
6484 6605
15547 15798
16841 17115
19707 19930
25402 25585
27496 27707
28488 29510
30579 30645
33765 33882
34519 34968
35657 36901
40654 41015
42536 42757
45776 46068
46596 47397
48655 48963
52515 52801
56822 57129
57882 58165
60321 60782
62711 63003
65011 65163
65916 66063
70413 70962
73090 73181
74243 75116
78641 78908
80507 81185
86022 86235
86830 87046
88358 88746
92426 92810
93502 93696
95040 95649
96233 96329
97207 97665
98725 101647
102362 102472
103568 104754
105496 105572
107634 108405
116362 116534
117749 117821
119201 119968
129542 129615
131374 131468
134169 134257
144121 144178
145965 146220
147056 147390
150935 151538
155264 155358
160451 161587
164262 164359
169196 170258
175807 175920
182239 182298
186102 186332
188804 189318
190983 191776
193496 193608
194822 195041
200156 200435
204636 205574
206088 206261
217172 218015
220138 220313
221406 222553
227348 227836
233987 234500
239350 239959
241256 241823
242640 243341
245189 245399
246516 247026
247691 248004
251760 252152
253961 254321
257740 257939
260842 261255
263689 264326
265089 265591
270676 271158
273033 273481
274214 275300
276865 277266
278440 278580
279317 279367
286332 286821
288128 288806
293975 294194
294845 294937
295588 296629
300315 301474
303219 303848
304528 304708
305699 305944
306576 306714
308884 309023
312765 312878
315110 315165
317982 318164
318861 318947
321239 321532
326011 326577
329199 329746
332892 333435
334259 334507
335798 336461
337184 337415
340855 341450
341986 342596
343591 344219
344760 344856
349685 349899
350555 350804
353562 353818
355738 356096
357577 358048
359115 359731
360444 360855
362869 362988
365505 365884
368706 369062
370388 371075
372724 374361
374983 375765
376270 376771
378488 378888
383391 383547
390177 390279
391637 391762
394061 394803
398179 398627
408213 408275
410349 410562
413063 413437
414240 414298
416849 416996
420464 420581
421146 421291
423049 423258
424052 424373
425021 425278
425944 426059
427706 428058
429545 429627
430952 431215
435825 436040
437399 437519
439205 441198
443942 444283
446068 446869
452499 452718
453321 453859
460632 460729
461262 462248
464181 465244
468147 469231
471972 472549
474027 474534
478768 478907
481618 482222
483476 483608
492280 492454
494303 494725
496807 497904
499338 499442
502521 506409
507150 509536
512712 513083
516359 516862
521860 522064
525790 526971
529349 530057
531247 532276
533470 533710
535156 535447
536672 537238
538097 538183
538950 539138
539755 539946
541595 542112
544894 545381
548159 548287
551225 551563
552281 553609
557007 558021
560138 560461
565109 565363
565908 565976
567894 569079
570344 570687
572925 573185
577479 578308
579362 579602
581804 581958
582875 583146
584402 584868
586181 586280
587168 588806
590355 591948
597831 598217
598927 599203
604156 605168
606074 606899
609285 609508
612793 613537
619057 619590
620252 620669
621400 621865
623518 624034
626757 626907
628018 628284
633874 634190
637816 637954
639315 639705
643835 644284
649010 649528
654254 654558
655736 655808
656374 656646
657980 658252
661709 661974
663357 663933
665070 665168
665960 666198
668884 669016
669723 670243
672517 672707
675282 675409
677553 678935
681862 682149
686129 686304
686884 687322
689320 689407
692532 693758
694886 695009
698093 698461
700026 700518
701367 701448
702014 702317
703129 703505
704099 704312
705642 706055
706732 706814
714188 714869
715841 716938
721325 721521
722547 723385
724570 725067
732043 732724
733693 733834
740001 740129
744497 744759
752196 752566
755272 755742
757892 758011
761811 762467
763854 764183
766455 766885
767633 767935
769450 770347
772784 773034
776643 776884
778064 778685
781064 781849
782854 783040
790880 791104
793454 793518
794416 794710
795983 796333
797425 797854
801049 801147
803169 803397
804914 804981
807780 807894
811174 812033
812841 813426
815044 815514
816207 817058
820927 821133
823925 824227
825422 825531
826618 826746
828895 829316
833705 833967
836012 836283
842780 842876
843908 844041
846027 846329
850019 850722
852086 852539
853268 853509
856726 857898
859705 860128
862468 862668
863301 864209
866535 867276
869117 869379
874355 874627
875461 875761
877003 877362
878723 878874
881086 881620
883819 883962
885180 885868
887984 888136
895369 896456
897308 897501
898084 898520
899530 899728
900291 900431
901299 902001
903176 903976
904495 905022
909333 910788
911863 912620
913289 913426
913941 914534
924053 924954
930636 930760
932219 932788
938140 938472
944019 944356
945340 945630
947999 948204
949788 949974
951299 951462
951992 952061
955243 955424
960528 960673
962944 963108
965006 965197
967507 968122
976125 976472
978139 978632
981267 981499
982526 983243
984275 984470
994498 994873
998272 998403
1000942 1001043
1001983 1002110
1003592 1005565
1008237 1008660
1012047 1012480
1016420 1017047
1021479 1021576
1022168 1022441
1024903 1025605
1027555 1027906
1028722 1029549
1034820 1034871
1038197 1038352
1039330 1039612
1042433 1042491
1044937 1045117
1046652 1046815
1048417 1048555
1050578 1050917
1052117 1052421
1053298 1053572
1054640 1055685
1059368 1059488
1061515 1061730
1062334 1062906
1064438 1065118
1065687 1066333
1067187 1067360
1069968 1070125
1071331 1071572
1072202 1072329
1073046 1074096
1074794 1075277
1075838 1076697
1079022 1079364
1086037 1086103
1087043 1087368
1091388 1092455
1097919 1098180
1100330 1100582
1105292 1105397
1106065 1106507
1110097 1110889
1111703 1112006
1113133 1113249
1113930 1113980
1115383 1115574
1117285 1117892
1122092 1123291
1129105 1129205
1130645 1131117
1135883 1136167
1137286 1137824
1138883 1138969
1151021 1151326
1153477 1153912
1154747 1155753
1157067 1157515
1163693 1163963
1165939 1166677
1168162 1168889
1169553 1170125
1175312 1175439
1176520 1176652
1178716 1179104
1180035 1180110
1182133 1182838
1186605 1186972
1188067 1188415
1189492 1189658
1191187 1191248
1192555 1192842
1193752 1193910
1195422 1195659
1196378 1196686
1197948 1198184
1200919 1201005
1201734 1201915
1203431 1203770
1206369 1207347
1211277 1211577
1213171 1213520
1215508 1216177
1217308 1217573
1219774 1220301
1220980 1221115
1223593 1224180
1227094 1227338
1228120 1228436
1229180 1229437
1230664 1230850
1232173 1233506
1234984 1235763
1237521 1237750
1242277 1242717
1243837 1244379
1244925 1245620
1246912 1247206
1250640 1250778
1252822 1253607
1255481 1255702
1256953 1257037
1259941 1260236
1262203 1262512
1267319 1267522
1271906 1272246
1280169 1280883
1282305 1282848
1283907 1284240
1289570 1289657
1290883 1291484
1293432 1293497
1295423 1295572
1298114 1298322
1299732 1300454
1302237 1303243
1310144 1310573
1311776 1312220
1316451 1316638
1333639 1334461
1336547 1336649
1338844 1339511
1341616 1342182
1345766 1346114
1350589 1351290
1353329 1354103
1355621 1355917
1356466 1356639
1357670 1357733
1358996 1359283
1364029 1364461
1365145 1365410
1366430 1367141
1369204 1369285
1370098 1370243
1371574 1371866
1373223 1373285
1374718 1374871
1375411 1375548
1377123 1377437
1382975 1383199
1390417 1391080
1395790 1396153
1396710 1397241
1400539 1400652
1402454 1402600
1403161 1403491
1405324 1405624
1406450 1406630
1408557 1409273
1411195 1411637
1412316 1412750
1415401 1415692
1416614 1417086
1419852 1420110
1420938 1421118
1423196 1423443
1424703 1425239
1426643 1426852
1428551 1428738
1429875 1430046
1439549 1439620
1443558 1443734
1444327 1444554
1446246 1446373
1447293 1447469
1448723 1450117
1452376 1452990
1454490 1454804
1456469 1456720
1457414 1457467
1464747 1464852
1468470 1468797
1478340 1478517
1479904 1481150
1481662 1482352
1483524 1484386
1486807 1487052
1488912 1489133
1494561 1495044
1496363 1497118
1504574 1505521
1506601 1506959
1508678 1509194
1509884 1510296
1511914 1512517
1513304 1513411
1518114 1518298
1530167 1530519
1531819 1531944
1534284 1534401
1539536 1539706
1542027 1542933
1547359 1548087
1550396 1551186
1551740 1551843
1553090 1553221
1553893 1554205
1557107 1557164
1558248 1558315
1559344 1559526
1560059 1560125
1561186 1561338
1565487 1565545
1567799 1567900
1569525 1570367
1572188 1572254
1575700 1576566
1578655 1579450
1585305 1585699
1587065 1587163
1593602 1594101
1597931 1598431
1601498 1601908
1604411 1604824
1605406 1606233
1608093 1608287
1611058 1611227
1614967 1615323
1616348 1617743
1618440 1618694
1621143 1621282
1621931 1622226
1624537 1624796
1625624 1625798
1627070 1627133
1628482 1628740
1636112 1636494
1638035 1638291
1639943 1640152
1641679 1642682
1643692 1644261
1648383 1648629
1652199 1652419
1653908 1654247
1658221 1660247
1662340 1662855
1664029 1664377
1664959 1665302
1666668 1667174
1668137 1668573
1669875 1671073
1674854 1675329
1682486 1682539
1683612 1683739
1684828 1684949
1685500 1685558
1686463 1687643
1691134 1691358
1692959 1693120
1694315 1694772
1696909 1697019
1702433 1703718
1704903 1705143
1708585 1709915
1711501 1711681
1712318 1713209
1713971 1714157
1715603 1715870
1717375 1717493
1726233 1727279
1727922 1729015
1730697 1730931
1732310 1732403
1733311 1733629
1735122 1735220
1739764 1740298
1744300 1745091
1747325 1747796
1753645 1753833
1755400 1755467
1756049 1756512
1759600 1760246
1762249 1762494
1764835 1765781
1766812 1767262
1769963 1770535
1771148 1771529
1772287 1773420
1775335 1775594
1782106 1782333
1783835 1784173
1789389 1790254
1795947 1796809
1797523 1797960
1799344 1799931
1801152 1801327
1803626 1804306
1806194 1806420
1806961 1807058
1808751 1809508
1815881 1816269
1822559 1822830
1824259 1824560
1825369 1825523
1827360 1827551
1830598 1830716
1831727 1832220
1835994 1836598
1837833 1838035
1840335 1840624
1845738 1845898
1849296 1849366
1850749 1850915
1852924 1853096
1855972 1856395
1858839 1859799
1860394 1860469
1863805 1863917
1869725 1869814
1872468 1872829
1873338 1873506
1877163 1877808
1878452 1879590
1880121 1881465
1883143 1883292
1884132 1884476
1885635 1885758
1886843 1886962
1888672 1888765
1890107 1890326
1892772 1893222
1895556 1895648
1900089 1900311
1906204 1906499
1907370 1907477
1910348 1910416
1910934 1911410
1913148 1913690
1914275 1914420
1919505 1920263
1923421 1924813
1925653 1927192
1935424 1935713
1937509 1938226
1939987 1940788
1944568 1944715
1946064 1946426
1949534 1950555
1953427 1953617
1957042 1957257
1960234 1961067
1961661 1961808
1966952 1967286
1970260 1970762
1971850 1972119
1974100 1974410
1974998 1975274
1976395 1976694
1977762 1977825
1978330 1978432
1979196 1979680
1980365 1980705
1981466 1981801
1982597 1982878
1983529 1984075
1990690 1990950
1993891 1994019
1995099 1996219
1997114 1997362
1998651 1998936
1999570 1999627
2000461 2000728
2005560 2006312
2009788 2009905
2011455 2011877
2013437 2013536
2018253 2018388
2025517 2025608
2027041 2027215
2032108 2032821
2033682 2033769
2034316 2034808
2035950 2036237
2037961 2038921
2040663 2041190
2050054 2050379
2052079 2052582
2053794 2053845
2054393 2054679
2057056 2057269
2058549 2058829
2069140 2069521
2073975 2074057
2074575 2074642
2075403 2075455
2080923 2081029
2085572 2085836
2087063 2087457
2092245 2092388
2096041 2096249
2097376 2097610
2098660 2098725
2101441 2101710
2102577 2103469
2107078 2110057
2112262 2112746
2113959 2114418
2115654 2115762
2116338 2118003
2118784 2119009
2129498 2129873
2130466 2130587
2134507 2134558
2137269 2137473
2138900 2138996
2139896 2140252
2141934 2142157
2143708 2145542
2147317 2147548
2148201 2148340
2149339 2149617
2153877 2154555
2155103 2155535
2158013 2158707
2161371 2161676
2162391 2162998
2168262 2168806
2169307 2171117
2172472 2173208
2176876 2177353
2179425 2179565
2180789 2180975
2183350 2184306
2185050 2185767
2188777 2189103
2189806 2189928
2191351 2191519
2192058 2192284
2194004 2194091
2197474 2197648
2198364 2198543
2199796 2200085
2200636 2200969
2201539 2201648
2203264 2203317
2204145 2204392
2205601 2206216
2206717 2206792
2207531 2209805
2211356 2211591
2212828 2213322
2215037 2215206
2217489 2217640
2220606 2221988
2222753 2223153
2224884 2225006
2227101 2227600
2229539 2230608
2238194 2238651
2239186 2239510
2243479 2243925
2245538 2245821
2249113 2249717
2251307 2252160
2257506 2257672
2260346 2261017
2261573 2262251
2267120 2267539
2269373 2270408
2270976 2271229
2273567 2274033
2275821 2276906
2277429 2278028
2280028 2280497
2281016 2281654
2290950 2291139
2292526 2292665
2295605 2295844
2296501 2296755
2298591 2299163
2301240 2301605
2302284 2302966
2304139 2304434
2305894 2306454
2307031 2307182
2308265 2308730
2311871 2312449
2317068 2317244
2318622 2319883
2320742 2321063
2321712 2322101
2324404 2324470
2326880 2327536
2330618 2330882
2334676 2334964
2336545 2336803
2337461 2337659
2338351 2338573
2339893 2340118
2342356 2343072
2344180 2344299
2345960 2346227
2347145 2347616
2348635 2349647
2350210 2350422
2351653 2351716
2355099 2355387
2356939 2357443
2358139 2358217
2358745 2358813
2359378 2360043
2361632 2362454
2364354 2364707
2365251 2365533
2367248 2367590
2368425 2368604
2369367 2369560
2372365 2372435
2373396 2373627
2375786 2376018
2378560 2378696
2380834 2380948
2382937 2383384
2385621 2385800
2386875 2387056
2387658 2387762
2389600 2389752
2390536 2391411
2392976 2393333
2404133 2404961
2409925 2410077
2411054 2411176
2411705 2411938
2416617 2416924
2417763 2418403
2421300 2421833
2435038 2435196
2435961 2436168
2437321 2437994
2438723 2439116
2441011 2441122
2442840 2443195
2444385 2445165
2449116 2450330
2451598 2451880
2453255 2453515
2454886 2455526
2457922 2458605
2461399 2461713
2462313 2462523
2464418 2464612
2474050 2474959
2475511 2475940
2479703 2479871
2484198 2484339
2487958 2488424
2488925 2489234
2490303 2490463
2492115 2492479
2493107 2494227
2497345 2497694
2498437 2498713
2499333 2499932
2502490 2503081
2503954 2504345
2505945 2506162
2507210 2507466
2508694 2509145
2511664 2511730
2512400 2512741
2513321 2513449
2514481 2514846
2518964 2519154
2520794 2521099
2524494 2524629
2525339 2525513
2526201 2526433
2528530 2529522
2532471 2532623
2536298 2536948
2540579 2541059
2541891 2541958
2542589 2542999
2544112 2544402
2548668 2549258
2549952 2550942
2553288 2554665
2556506 2556929
2557435 2558212
2561707 2562204
2565865 2566134
2569006 2569080
2571021 2571380
2571994 2572713
2576802 2577054
2579131 2579313
2580915 2581198
2584028 2584189
2585646 2585971
2588656 2588833
2589609 2590028
2593120 2593207
2593743 2595342
2601543 2601955
2602738 2603103
2604850 2605728
2607074 2607567
2608707 2608890
2612124 2612580
2615151 2615858
2621753 2622043
2623138 2623597
2626345 2627639
2629302 2629540
2631758 2632180
2634245 2634533
2638650 2639131
2640164 2641221
2641821 2641918
2642589 2642676
2646176 2646282
2650389 2650511
2652075 2653659
2654312 2654495
2656829 2657540
2658682 2659003
2662252 2662362
2672189 2672388
2674143 2674203
2675696 2676726
2687189 2687426
2690296 2690533
2692060 2692623
2695340 2695480
2696133 2696328
2698696 2699164
2700499 2700636
2706410 2706484
2713294 2713533
2714087 2714299
2714867 2715056
2716402 2716862
2718153 2718437
2720213 2720463
2723672 2724520
2725486 2725674
2726754 2727254
2727872 2727991
2731359 2731429
2733073 2733436
2735706 2735927
2742149 2742968
2744153 2744250
2745549 2746055
2746720 2746973
2747799 2748460
2749030 2749630
2750925 2751378
2751943 2752298
2752968 2753040
2754549 2754991
2755501 2755565
2757480 2757804
2759738 2759981
2760921 2761364
2762657 2762847
2764863 2765083
2768277 2768594
2769163 2769346
2771006 2771115
2773444 2773574
2778188 2778804
2783794 2784896
2786053 2786399
2788759 2788970
2789620 2790170
2793695 2794871
2795607 2795879
2798377 2798557
2799311 2799418
2802817 2803022
2803637 2804138
2805594 2805959
2806942 2807152
2810426 2810699
2811442 2811721
2813760 2814709
2816671 2817272
2820235 2820468
2822978 2823271
2827256 2828005
2828903 2829081
2832892 2833322
2834715 2834933
2837478 2837854
2840196 2841928
2842626 2842907
2844759 2845007
2846889 2847041
2848426 2848822
2855572 2856043
2857793 2858623
2860308 2860460
2861317 2861465
2862629 2863602
2864228 2865548
2867481 2868043
2869001 2869256
2870432 2870736
2872004 2872596
2874066 2874216
2876695 2877956
2883226 2883411
2885495 2886597
2888550 2888760
2889412 2889625
2890946 2891436
2896251 2896593
2900393 2900672
2902188 2902265
2902933 2903321
2905224 2905606
2907555 2907750
2908284 2909125
2909966 2910565
2914926 2915226
2918136 2918392
2919471 2920315
2923052 2923405
2924226 2924760
2926581 2927597
2931081 2931200
2933522 2933999
2935715 2936609
2939383 2939504
2941226 2942136
2944600 2944857
2945581 2946267
2948776 2949046
2951147 2952602
2954069 2954364
2961094 2961487
2970568 2970654
2971590 2971838
2975779 2976072
2978590 2978678
2979334 2979655
2980627 2981030
2982215 2982836
2983416 2983978
2985368 2985513
2988048 2988132
2988641 2989471
2990586 2990923
2991758 2992091
2995994 2996391
2997542 2997763
2998765 2999329
3002425 3003249
3005035 3005261
3006916 3007070
3007599 3007833
3009632 3011071
3011603 3011958
3013389 3013769
3017034 3017477
3021835 3022232
3025420 3025518
3026649 3027306
3028919 3029186
3030559 3030673
3031680 3032365
3038658 3039045
3049908 3050291
3051413 3051903
3054546 3054621
3057150 3057340
3063486 3063598
3064999 3065313
3067875 3068740
3070308 3070493
3075592 3075754
3076323 3077646
3081290 3081824
3082566 3082971
3087457 3087844
3092780 3092987
3096040 3096663
3098662 3099248
3100253 3100718
3103132 3103281
3106298 3106439
3107779 3107947
3110860 3111120
3114682 3115119
3118896 3118993
3120590 3120642
3121958 3122326
3127999 3128060
3130775 3131270
3134565 3134814
3137591 3137807
3146398 3147065
3149779 3149904
3150801 3150920
3151969 3153434
3158250 3158508
3159802 3159958
3160546 3160894
3161668 3161994
3162771 3163035
3165235 3165564
3168810 3169977
3171174 3173034
3174773 3174828
3177363 3177885
3190164 3190291
3191136 3192290
3193140 3193200
3196658 3196932
3198757 3200541
3204055 3204553
3205861 3206792
3207952 3208075
3208664 3208740
3212055 3212150
3214225 3214283
3214809 3215035
3223361 3224178
3228209 3229264
3229872 3230754
3231840 3231994
3233168 3234188
3234742 3234799
3235335 3235707
3237291 3237366
3241784 3242431
3246442 3246883
3247501 3247632
3249320 3249688
3251118 3251385
3257338 3257943
3259253 3259377
3260676 3261222
3262842 3263522
3265010 3265453
3269349 3269440
3269979 3270217
3270898 3271407
3275975 3276347
3279322 3279604
3280523 3280874
3281746 3282696
3288198 3288468
3289517 3289671
3291385 3291526
3293400 3294580
3295842 3296087
3298286 3298819
3301207 3301319
3304277 3306324
3307957 3308371
3309484 3310299
3313623 3313808
3315236 3315526
3316063 3316384
3318013 3318191
3319841 3320385
3320944 3321417
3325061 3326373
3329321 3329524
3331893 3332197
3334253 3334821
3335823 3335890
3337641 3338320
3340322 3340610
3342081 3342519
3343620 3343740
3347567 3347642
3348954 3349258
3352700 3352826
3353417 3353656
3355852 3356304
3360211 3360513
3361710 3362260
3363911 3364740
3367696 3367942
3368525 3369373
3372567 3373545
3374170 3374341
3374889 3376394
3381980 3382700
3385176 3385352
3385928 3386004
3388860 3389266
3390293 3391175
3392531 3392682
3393461 3393848
3394418 3395261
3395958 3396438
3397359 3397624
3399749 3400124
3401559 3401951
3402898 3403270
3405943 3406722
3409379 3409455
3411152 3412519
3418324 3418454
3420757 3420841
3421606 3422760
3426780 3426943
3433834 3434187
3436768 3436941
3438765 3439001
3441787 3442188
3448520 3448857
3451171 3451397
3452354 3452433
3453037 3453286
3453955 3454255
3456084 3456133
3458141 3458605
3459631 3459791
3460486 3460653
3465071 3465390
3466304 3466390
3467998 3468106
3471174 3472066
3474667 3474720
3478745 3478988
3479820 3480270
3486560 3487152
3487738 3488454
3489837 3491202
3491927 3492842
3495994 3496557
3503414 3503642
3510316 3510484
3511009 3511974
3515215 3515633
3516683 3517686
3520411 3520576
3521243 3521469
3522153 3522467
3525177 3525318
3526594 3526885
3530461 3530540
3531785 3531891
3533461 3533523
3535624 3536276
3537011 3537250
3538396 3539157
3540331 3540405
3544817 3545369
3546973 3547120
3547862 3548412
3549908 3551619
3553100 3553357
3557509 3557727
3559830 3559970
3561794 3561949
3562638 3562826
3565466 3565684
3567572 3568690
3569628 3569912
3573619 3574662
3578668 3578955
3582057 3582810
3584241 3584395
3584983 3585391
3590530 3590981
3591625 3591870
3592440 3592587
3596402 3596963
3598495 3598809
3600000 3600136
3604439 3604553
3606832 3607492
3608357 3608472
3611957 3612503
3614829 3614951
3619669 3619981
3621321 3621559
3623478 3623907
3626943 3627256
3628194 3628249
3632273 3632520
3633174 3633244
3633870 3634210
3635972 3636350
3639370 3639845
3640794 3642018
3643603 3644221
3646765 3646941
3647482 3648165
3648741 3649093
3653725 3653961
3656825 3657864
3658921 3659108
3662146 3663277
3664995 3665363
3668626 3669368
3670279 3670832
3671938 3673005
3674607 3675559
3679685 3679781
3683560 3684614
3685173 3686018
3688679 3688907
3689775 3690047
3691109 3691686
3693617 3694390
3695323 3695488
3699347 3699923
3700522 3700692
3701563 3702266
3702870 3703624
3704278 3704683
3707028 3707105
3709948 3710168
3710964 3711554
3713959 3714141
3715766 3716083
3716643 3717200
3719745 3719832
3720350 3720993
3723287 3723735
3725609 3725708
3726219 3726349
3728676 3729468
3731950 3732159
3736484 3737216
3738138 3738521
3739552 3739625
3750203 3751222
3754392 3754569
3757318 3757540
3761011 3761577
3764048 3764912
3767512 3767831
3769681 3769851
3772410 3772512
3773865 3774375
3776350 3776832
3778474 3779199
3779889 3780357
3784357 3785651
3789148 3789300
3790813 3791190
3801227 3801492
3808293 3808600
3811733 3812551
3813701 3814150
3817320 3817462
3818864 3819125
3822996 3823793
3827341 3827448
3833576 3834002
3834540 3834972
3837132 3837565
3838286 3839738
3844107 3844386
3844978 3845500
3850781 3851546
3852819 3852870
3854035 3854865
3857051 3858005
3859496 3859794
3860531 3860771
3866956 3867090
3867819 3867895
3872664 3872781
3873876 3874009
3876732 3877691
3879471 3879552
3880928 3881575
3882624 3882796
3884865 3885241
3886872 3887102
3890138 3890805
3892105 3892465
3896996 3897240
3897800 3898359
3901607 3901734
3906894 3907219
3909752 3909877
3911346 3911430
3912546 3912816
3914235 3914519
3915132 3915310
3916663 3916984
3918312 3918511
3920355 3920690
3923410 3924039
3925230 3925356
3932535 3932643
3935689 3935875
3937194 3937506
3938082 3938880
3939688 3939903
3941335 3941604
3942171 3942403
3943007 3943209
3944198 3944293
3946280 3946670
3948118 3948867
3949485 3949553
3953778 3954021
3959133 3959530
3963879 3964132
3967128 3967990
3969170 3969382
3970699 3971232
3972707 3972924
3973452 3974440
3979972 3980143
3980691 3981120
3982414 3983059
3983870 3984507
3987467 3987567
3988170 3988532
3991161 3991291
3992134 3992404
3993092 3994343
3998892 3999694
4006299 4006739
4008866 4009032
4010404 4010891
4012145 4012821
4017056 4018225
4018837 4019008
4020077 4020354
4024540 4024795
4027803 4027971
4031959 4032136
4033054 4033194
4040124 4040362
4041082 4041547
4044378 4044448
4047637 4047899
4051671 4051776
4057632 4057888
4060591 4061147
4069498 4070221
4071835 4072019
4077739 4077855
4079778 4079946
4080937 4082661
4084405 4084525
4086342 4086672
4088486 4088784
4090006 4090163
4092157 4092598
4098844 4099007
4100615 4101606
4104480 4105111
4106468 4107719
4109156 4110092
4111007 4111521
4112769 4113488
4116369 4118556
4119481 4120307
4122383 4122663
4123428 4123621
4128244 4128508
4130027 4130165
4134234 4134296
4135800 4136393
4137237 4137326
4138913 4139738
4141312 4142078
4143468 4144702
4145376 4145594
4148704 4148887
4150588 4150926
4153174 4154333
4155474 4155627
4157848 4157902
4159589 4160315
4162271 4163265
4166632 4167420
4168338 4168440
4170707 4170968
4172101 4172343
4175975 4176780
4180745 4180831
4181741 4183128
4184334 4184686
4186828 4186999
4190273 4190546
4191216 4191464
4192056 4192301
4195253 4195462
4196508 4196581
4197136 4197358
4200551 4200824
4201360 4202342
4205333 4205526
4207823 4208121
4208694 4209303
4210103 4210389
4214130 4214410
4216869 4217162
4222011 4222074
4223818 4224003
4226330 4228252
4232540 4232674
4233683 4234124
4234713 4234952
4239422 4239622
4240200 4240724
4242310 4243773
4246278 4246556
4249936 4250602
4251155 4252020
4255550 4255831
4256844 4257034
4258315 4258364
4260203 4260479
4261682 4261934
4262873 4263052
4264225 4264634
4267430 4268094
4269709 4269959
4271183 4271406
4272889 4273399
4274329 4275433
4276014 4276245
4277987 4279559
4282240 4282731
4285914 4288623
4289666 4289822
4291601 4291794
4293073 4293349
4303607 4303876
4305163 4305448
4306858 4307786
4308577 4309056
4310956 4311178
4313979 4314117
4314628 4314792
4319176 4319606
4322798 4322873
4323698 4324592
4327324 4328075
4328699 4329420
4330105 4330823
4331939 4332500
4333062 4333333
4335667 4336119
4337367 4338029
4338663 4338743
4343452 4343707
4344842 4345065
4347907 4348070
4348682 4349344
4351234 4351899
4352453 4352634
4353314 4353483
4354027 4354112
4354863 4355387
4356180 4356286
4357654 4357722
4361388 4361470
4363354 4363419
4364404 4364560
4366779 4367382
4371061 4371406
4374357 4374737
4375842 4376057
4377424 4378557
4379225 4379478
4381012 4381838
4383008 4384540
4386054 4386266
4388607 4388750
4389610 4391667
4393939 4394131
4396976 4397562
4399067 4399133
4399939 4400059
4401726 4401987
4402641 4402694
4406963 4407657
4409565 4409685
4414614 4417256
4420104 4420267
4422072 4422345
4427474 4427822
4431538 4431632
4436812 4437105
4437790 4438160
4439144 4440585
4441474 4441739
4442436 4442515
4444235 4444817
4445466 4445865
4448841 4449275
4450802 4450904
4451953 4452307
4456762 4457058
4459061 4459235
4459761 4460154
4463004 4463328
4465529 4465582
4467054 4467506
4473371 4475688
4480794 4481071
4484642 4484894
4485484 4486180
4487872 4487983
4491098 4491257
4494956 4495267
4499879 4500340
4501878 4502231
4503242 4504141
4505980 4506498
4511999 4512263
4513902 4514273
4514845 4515243
4518786 4519100
4519629 4519853
4522898 4523716
4525788 4526261
4528839 4529381
4530001 4530283
4535849 4535915
4536959 4537161
4537701 4538346
4539129 4539250
4540869 4541458
4542640 4542913
4545424 4545607
4548505 4548778
4551067 4551681
4552838 4553173
4556961 4557420
4558768 4558872
4561206 4561314
4564475 4565588
4568817 4569524
4574462 4574976
4576208 4576595
4578629 4578883
4582676 4583717
4588032 4588361
4588908 4589255
4591286 4591486
4593439 4593926
4596235 4596546
4598944 4600144
4604909 4605173
4605797 4606278
4607704 4608079
4613441 4613740
4614343 4614916
4618574 4619657
4625259 4626447
4633047 4633258
4634682 4635390
4636502 4637916
4640382 4641986
4642754 4643050
4646758 4647020
4649145 4650416
4652530 4652597
4655196 4655776
4656834 4656965
4657617 4657942
4660118 4660185
4661399 4662071
4676269 4676953
4682548 4683141
4685326 4685560
4688333 4689357
4691982 4693138
4695598 4695902
4696773 4697204
4702013 4702250
4703883 4704071
4704613 4704745
4707285 4707609
4710408 4711034
4714133 4714364
4717227 4717351
4721217 4721489
4727544 4727632
4728296 4728535
4729248 4729419
4730749 4731275
4732058 4732322
4733429 4733780
4734436 4735447
4736462 4737392
4738261 4738389
4739028 4739163
4739737 4739897
4741365 4741473
4742541 4742787
4757502 4757859
4764865 4765027
4767165 4768192
4769165 4769526
4771869 4772222
4773540 4773747
4775056 4775920
4777387 4778074
4781507 4781710
4786797 4787279
4788402 4788815
4789331 4790270
4791107 4791675
4797301 4798287
4799189 4800347
4801762 4803637
4804249 4804728
4805517 4806264
4807183 4807336
4809132 4809538
4810533 4810609
4813012 4813292
4814459 4814600
4822681 4822840
4823365 4823459
4824011 4824202
4826697 4827062
4828015 4828249
4832688 4832830
4834923 4835213
4838882 4839145
4840746 4840835
4841482 4841646
4842326 4842850
4847693 4847895
4850157 4851011
4854359 4854808
4855420 4856237
Salmonella_0920_Ancestor_
1 255
2394 2524
3461 3734
6049 6605
7992 8642
15547 15798
16841 17115
19707 19930
26179 27241
30909 31289
32927 33435
35799 37118
41079 41173
42155 43588
44899 45502
49047 49381
50217 50472
52259 52316
56157 56260
57144 57667
63652 64234
64872 66109
71933 72449
75886 76726
78616 78688
79903 80075
90865 90941
92601 92869
93965 94075
95794 96147
96872 97712
98772 100204
100788 101397
102741 102935
105389 105891
109391 109607
110202 110415
112024 112179
117529 117796
122019 122194
123256 123347
125153 126024
126699 126752
129313 129783
130374 130521
131274 131426
132144 132637
133434 133726
137170 137595
138272 138555
139308 139615
141492 141576
143636 143922
146303 147782
150369 150661
153680 153901
155422 156308
159536 160780
164084 164388
165792 165858
168739 168922
170833 171044
172475 172585
175807 175920
189308 189481
190852 190933
191874 192293
197926 198156
205320 205394
206186 206327
211980 212259
217801 218015
220674 220809
227348 227836
239350 239959
241256 241823
242640 243892
245189 245399
248706 248926
253961 254321
263689 264326
267845 268090
269081 269261
269941 270570
271203 272215
273018 273474
277160 277382
278852 278944
279595 279814
283704 283932
284983 285661
289304 294506
296181 296437
298158 298497
299015 299444
300100 300314
301419 302501
303437 303905
305143 305953
307891 308094
311752 313438
314716 315740
320253 320800
323422 324738
328467 329002
331835 332467
334834 334889
335530 336113
337105 337318
338303 338701
340976 341115
342222 342692
343285 343423
346886 347368
350424 351527
353075 353476
354650 354790
355527 356630
358261 358374
359115 359559
360955 361508
362869 362988
364064 364361
365418 365701
366866 367250
369363 370609
375865 376065
377552 377634
378959 379222
390865 391035
392819 393355
397343 397445
403893 404231
408734 409134
410851 411909
413556 413671
414337 414594
415242 415563
416357 416566
418324 418469
419034 419151
420139 420287
422619 422766
424017 424345
425317 425375
426178 426552
429053 429926
430687 430746
434368 435056
435825 436040
437399 437519
438582 439928
443666 444270
450739 451861
453339 453916
461458 461707
462585 463082
463640 465256
468563 468904
470079 470574
472029 472567
473170 473389
474778 475096
477165 477808
479019 479286
481195 481505
485088 485226
488722 488863
492280 492454
493827 494725
497409 497904
500626 501159
506775 507891
508640 509348
514353 514742
516633 516837
517650 517861
520260 521325
521835 522338
525614 525985
531324 531547
533330 534402
536015 536334
538084 538765
546139 546221
546898 547851
548641 548854
549448 549824
551505 551586
552435 552927
557944 558067
559195 560421
561024 561185
566401 567420
573593 574152
575212 575400
577544 577671
580246 580436
582710 583230
583937 584069
586755 586993
587785 587883
589020 589596
590979 591244
591819 592253
594701 594973
596307 596579
597145 598699
605188 605739
607763 608581
611272 612143
613715 614487
616654 616986
618392 618811
620340 621705
624364 624490
628354 628477
633835 635415
638762 639081
640592 641185
645615 645793
650104 650506
651328 651950
653645 653827
654695 654835
655398 655596
657625 657818
658458 659757
662038 662940
664053 664716
666990 667142
668947 669946
671164 671307
672118 672474
673015 674040
674767 675418
676252 676403
678908 679665
681310 681932
683246 683342
684124 684682
685747 686009
687850 688591
692458 692658
694998 695421
697228 698400
699232 699708
700534 700836
701690 701858
702587 703040
704589 705107
706453 706764
708797 709099
711085 711645
712250 712346
718843 719114
721159 721421
723359 723689
725810 727772
729595 729704
732729 733230
733874 734140
738068 738919
739714 740082
741700 742285
743854 743952
747232 747346
749193 749608
751729 751957
752816 753260
753979 754077
758440 758693
760416 760710
761559 761745
766903 767023
769702 769766
772116 772340
773277 774062
776441 777062
778242 778483
782092 782342
784779 785473
789989 791272
797115 797234
800532 800849
807738 808203
809812 809883
816943 817557
819573 819638
821292 821433
829980 830150
831136 831214
832489 832579
833605 833801
834670 835883
837329 837620
838845 839411
840270 840356
841123 841311
847067 848517
850332 850460
852846 853736
854454 855222
858289 860194
861954 862177
865038 865388
866960 867306
872259 872535
878022 878610
883437 883716
886969 887485
889138 889603
891413 891946
897940 898210
901255 902175
906828 907077
908773 909089
909608 910793
912058 912852
914639 914899
918889 920022
921076 921316
923518 923672
924589 924860
935124 935514
936875 937679
938850 939154
940519 940869
944019 944356
945340 945630
946621 946726
947999 948204
949788 951462
954001 954149
955243 955424
960528 960673
962944 963108
965006 965197
967165 968122
975395 976254
976815 977298
977996 979890
980520 980761
981967 982749
984732 984905
986293 986405
989186 989758
990362 990577
992604 993662
994901 995172
996407 996656
997552 997756
999478 999975
1000766 1001936
1005277 1005440
1006975 1007749
1013740 1013895
1016120 1016667
1017221 1017272
1018902 1019180
1025116 1025641
1027058 1027189
1029651 1029924
1030516 1030613
1035045 1035672
1036369 1036477
1038465 1038973
1041154 1041756
1044610 1044958
1046527 1046925
1047594 1048500
1049982 1050109
1051049 1051150
1053689 1053820
1055729 1056201
1060967 1061251
1062370 1062908
1063450 1063815
1064631 1066223
1071459 1071806
1076601 1076833
1077860 1078285
1079609 1079804
1082165 1082524
1084180 1084651
1086330 1086772
1091959 1092131
1093137 1093237
1099850 1102954
1103647 1103751
1104371 1106959
1107928 1108412
1109093 1110653
1111453 1111647
1115186 1116277
1119284 1119721
1121467 1122523
1124162 1124423
1127583 1128410
1128955 1129375
1130317 1130954
1134369 1135822
1136748 1137513
1139462 1139732
1147672 1148678
1150657 1151597
1153715 1154454
1155639 1156127
1164456 1164542
1167120 1167186
1175312 1175439
1176520 1176652
1178716 1179104
1180035 1180110
1180807 1181618
1184986 1185068
1189492 1189658
1191187 1191248
1192555 1192842
1193752 1193910
1195422 1195659
1200919 1201005
1201734 1201915
1203431 1203770
1204487 1204716
1207005 1207347
1211277 1211577
1213171 1213520
1217308 1217573
1219774 1220301
1220980 1221115
1224280 1224736
1225857 1226369
1227094 1227338
1229180 1229437
1235480 1235763
1237521 1237750
1242277 1242717
1243837 1244379
1246912 1247206
1251666 1251764
1252822 1253607
1255481 1255702
1256953 1257037
1258200 1258523
1259269 1260236
1267319 1267522
1271906 1272246
1273365 1273542
1274613 1274971
1277302 1277463
1282305 1282848
1283907 1284240
1287384 1287645
1289570 1289657
1290883 1291484
1293432 1293497
1294558 1297447
1298114 1298322
1299732 1300454
1302944 1303243
1305167 1305611
1306814 1307243
1319233 1319691
1322641 1323243
1324399 1324778
1333639 1334461
1336547 1336649
1338844 1339511
1344632 1344919
1345766 1346114
1355215 1355342
1356262 1356438
1357692 1358675
1361345 1361959
1365438 1365689
1366383 1366436
1368792 1368862
1370532 1370668
1371182 1371661
1373716 1373821
1375510 1375860
1387309 1387486
1390631 1391321
1395973 1396288
1402522 1402709
1404408 1404617
1406021 1406557
1408773 1409156
1410142 1410322
1411150 1411408
1414435 1414646
1415568 1415859
1418510 1418944
1421848 1422194
1423543 1424810
1425636 1426394
1430608 1431157
1432410 1432539
1435107 1435470
1436075 1436460
1442560 1442752
1447455 1448285
1451329 1451698
1453018 1453284
1455712 1455849
1456389 1457875
1460784 1461005
1462865 1463110
1466193 1466400
1467175 1467246
1469359 1469550
1472597 1472715
1477993 1478597
1479377 1480034
1482334 1482623
1485267 1485658
1491295 1491365
1492748 1492914
1494429 1495093
1500989 1501056
1503799 1504344
1507838 1508083
1510768 1511306
1512889 1513140
1515231 1515923
1520455 1520630
1523133 1523367
1524746 1524839
1525747 1526732
1529418 1529952
1536870 1536926
1538803 1540143
1541364 1541539
1546406 1546632
1547173 1547270
1547821 1547911
1549403 1549537
1556108 1556174
1556707 1556889
1557918 1557985
1559069 1559126
1561307 1561418
1563012 1563694
1564390 1564493
1565047 1565187
1568146 1568874
1572177 1572492
1573300 1573591
1576043 1576697
1581832 1581949
1582483 1583674
1584289 1584414
1585714 1586066
1593574 1593973
1594810 1595008
1595991 1596558
1605937 1606349
1614720 1615086
1616248 1616725
1619683 1619870
1625710 1626566
1630435 1631146
1632166 1633547
1638293 1638580
1639843 1639906
1640937 1641110
1641659 1641955
1644053 1644280
1646005 1646168
1648711 1648865
1649674 1649975
1651404 1651675
1657965 1658353
1658880 1659551
1660123 1660588
1666102 1666220
1667725 1667992
1669438 1669624
1670386 1670685
1671914 1672094
1673680 1675010
1676701 1677086
1679877 1680181
1680935 1681162
1683066 1683917
1688823 1689280
1690475 1690636
1692237 1692461
1693152 1693585
1695952 1697132
1698037 1698095
1698646 1698767
1699856 1699983
1701056 1701109
1707639 1708524
1712522 1713778
1715503 1716018
1719499 1720294
1722383 1723249
1727263 1727865
1731049 1731150
1732624 1733304
1736444 1736961
1739800 1739905
1741489 1742582
1745104 1745200
1748538 1749222
1750410 1750753
1752857 1753372
1754477 1754667
1755465 1756029
1761465 1761804
1763293 1763513
1767083 1767329
1771451 1772020
1773574 1774033
1775560 1775769
1786972 1787230
1789914 1790088
1790916 1791175
1793486 1793781
1794430 1794569
1797018 1797272
1797969 1798072
1799051 1799364
1804485 1804654
1807425 1807619
1808979 1811301
1812372 1812953
1817701 1817781
1820601 1820910
1828549 1828647
1830013 1831118
1833724 1833777
1836380 1836891
1840207 1840380
1841244 1841680
1842200 1842348
1842892 1843935
1844732 1844899
1846335 1846647
1847345 1848155
1850129 1850221
1854662 1854884
1857792 1859169
1860068 1861072
1861943 1862050
1865876 1865983
1870217 1870496
1871838 1871931
1873641 1873760
1874845 1874968
1877311 1877460
1880262 1880482
1881013 1882151
1882795 1883440
1887097 1887689
1890789 1890878
1898373 1899319
1902898 1904073
1904686 1905067
1908873 1909132
1914275 1914420
1920909 1921924
1923421 1924016
1925653 1925902
1926755 1927192
1929123 1929257
1935424 1935713
1938847 1939146
1943032 1943171
1944568 1944715
1946064 1946426
1948288 1948860
1957042 1957257
1958624 1959140
1960065 1960362
1961661 1961808
1964819 1964889
1966223 1967286
1971850 1972119
1974100 1974410
1974998 1975274
1976395 1976694
1977762 1977825
1978330 1978432
1980365 1980705
1981351 1981636
1984068 1985188
1986268 1986396
1989337 1989597
1993187 1993591
1997409 1997690
1998486 1998821
1999570 1999627
2001810 2002611
2004161 2004671
2007103 2007802
2009779 2009905
2012099 2012378
2017722 2017949
2018990 2019534
2020035 2020320
2020918 2021845
2023200 2023289
2030438 2030573
2039804 2040085
2043543 2043745
2045473 2046243
2048481 2048794
2049337 2049897
2050550 2050781
2053269 2053523
2055941 2056287
2059102 2059198
2063540 2063591
2064312 2064992
2072822 2073188
2074292 2074811
2075491 2075822
2079315 2079842
2080994 2082544
2084268 2084555
2086754 2086836
2087354 2087421
2089199 2090969
2094244 2095470
2096085 2096606
2099322 2099387
2100437 2101112
2101798 2102006
2104442 2104526
2105659 2105802
2107912 2107987
2110312 2110559
2111387 2111440
2113056 2113165
2116161 2116340
2117056 2117230
2118016 2118509
2120613 2120700
2123185 2123353
2124776 2124898
2125601 2125927
2131107 2131354
2134436 2134585
2139206 2140004
2141496 2142981
2143647 2143821
2152883 2153324
2161477 2162190
2164318 2164623
2165503 2165783
2167063 2167276
2169653 2169939
2170896 2171091
2173110 2173419
2173953 2174278
2181965 2182285
2182916 2183141
2183922 2185587
2189179 2189663
2190644 2191156
2197580 2197686
2200369 2200464
2202229 2202493
2207531 2207713
2208697 2208960
2209604 2209805
2211356 2211591
2212828 2213322
2215037 2215206
2217489 2217640
2218954 2219617
2220978 2221491
2224884 2225006
2227101 2227600
2229539 2230074
2233179 2233498
2236998 2237151
2238194 2238651
2239186 2240466
2245538 2245821
2248453 2248571
2249113 2249717
2254558 2255230
2257506 2257672
2258238 2258616
2260346 2261017
2267639 2268654
2270006 2270408
2271995 2272567
2273943 2274657
2275314 2275823
2278493 2278632
2280019 2280208
2287010 2287746
2289504 2290142
2294876 2295532
2297942 2298008
2300311 2300700
2301349 2301881
2302529 2302976
2303517 2304229
2305168 2305344
2308012 2308082
2309963 2310265
2315230 2315381
2315958 2316518
2319446 2320128
2322230 2322483
2329572 2330882
2334676 2335670
2336545 2336803
2338351 2338573
2339893 2340118
2342831 2343072
2344180 2344299
2345960 2346227
2348499 2353488
2354002 2355387
2356939 2357443
2358139 2358217
2358745 2358813
2359378 2360043
2362099 2362454
2363166 2363679
2365249 2365340
2365916 2366363
2368352 2368466
2369052 2369255
2370604 2370740
2373282 2373514
2375673 2375904
2376865 2376935
2377792 2378154
2379740 2379933
2380696 2380875
2381710 2382052
2382731 2384049
2387658 2387762
2389600 2389752
2392372 2392423
2393014 2393333
2398950 2399349
2404639 2404961
2407796 2408041
2409925 2410077
2411054 2411176
2411705 2411938
2415908 2416924
2417763 2418081
2421300 2422031
2422801 2423132
2435038 2435196
2435961 2436168
2437321 2437547
2439705 2439930
2442840 2443195
2447720 2447901
2450097 2450967
2453255 2453515
2454103 2455103
2457922 2458605
2461399 2462523
2463532 2463792
2464418 2464612
2466495 2467280
2470645 2471015
2474050 2474959
2475511 2475940
2479703 2480447
2482923 2483124
2483755 2483822
2486872 2488074
2490071 2490182
2490876 2491866
2498593 2499184
2502048 2502265
2502988 2503569
2504334 2505248
2507768 2507833
2509424 2509552
2510764 2510949
2512347 2512680
2516897 2517202
2520597 2520732
2521442 2521616
2522304 2522536
2523167 2523515
2524633 2525625
2531072 2531353
2531920 2533051
2534741 2535374
2539377 2539518
2544104 2544413
2549827 2550085
2551575 2551939
2553616 2553892
2554512 2555111
2556506 2556929
2557435 2557796
2559315 2559680
2565865 2566134
2569006 2569080
2572478 2573282
2575059 2575660
2576802 2577054
2579131 2579840
2580915 2581198
2585926 2586109
2589088 2589966
2593175 2594532
2595158 2595724
2598968 2599055
2599591 2600248
2602398 2602830
2607582 2607803
2608586 2608951
2610204 2610911
2616806 2617657
2618191 2618650
2624355 2624593
2627306 2627943
2628572 2629586
2630885 2631047
2633703 2633921
2635099 2636274
2636874 2636971
2637642 2637729
2639843 2639908
2640686 2641335
2642258 2642661
2643280 2643693
2645442 2645564
2648436 2649548
2650196 2651853
2654979 2655259
2656579 2656820
2658942 2659616
2660780 2660928
2661785 2661937
2663622 2664628
2673423 2673819
2675204 2675863
2677238 2677484
2681054 2681265
2684391 2684767
2688923 2689353
2693164 2693342
2694240 2694989
2698974 2699267
2700038 2700677
2701357 2702010
2705412 2705574
2706171 2706580
2707536 2707820
2709835 2709897
2710524 2710803
2711546 2711819
2713946 2714446
2715093 2715303
2716751 2717333
2718107 2718608
2719223 2719428
2722827 2723071
2723688 2723868
2726366 2726638
2730815 2731033
2732075 2732625
2733275 2733486
2734857 2736574
2737349 2738569
2741084 2741427
2742010 2742136
2745180 2745913
2748138 2748552
2749690 2749810
2751265 2751827
2753760 2754603
2755745 2756066
2757422 2757761
2758517 2759913
2760621 2760681
2762436 2762635
2773893 2774721
2778117 2778571
2779123 2779253
2781582 2781691
2783351 2783534
2784103 2784420
2785168 2785781
2787614 2787834
2790455 2791333
2791876 2792959
2794655 2799759
2800399 2805977
2806642 2807148
2808447 2808970
2812917 2813230
2815480 2816174
2816770 2816991
2819261 2819624
2821268 2821338
2824706 2824825
2825443 2825943
2826959 2828785
2829303 2832484
2834260 2834544
2836395 2836917
2837641 2837830
2838398 2838610
2839164 2839403
2842186 2842719
2844013 2845289
2846213 2846287
2847847 2848265
2849484 2849819
2850797 2850976
2851582 2852198
2856369 2856564
2857217 2857357
2862164 2862401
2864011 2864176
2865271 2865508
2870432 2870736
2872004 2872596
2874066 2874216
2877692 2877956
2883226 2883411
2884299 2884424
2885495 2886597
2888550 2888775
2889412 2889985
2890490 2891089
2891930 2892771
2893305 2893500
2897734 2897913
2898790 2898867
2900383 2900662
2902722 2903039
2904462 2904804
2906460 2907174
2911005 2911252
2912280 2912407
2914926 2915226
2916858 2916931
2918136 2918392
2919471 2919611
2923052 2923405
2924226 2924760
2926581 2927597
2931081 2931378
2932034 2932122
2932756 2933527
2934640 2934933
2938874 2939122
2941684 2942162
2945535 2945906
2948062 2948410
2949030 2949618
2950761 2951260
2956348 2956643
2959260 2959565
2960584 2960674
2961666 2961936
2964445 2964630
2965855 2966553
2971208 2971326
2976713 2977190
2980627 2981030
2982215 2983978
2985362 2985513
2988048 2988132
2988641 2989471
2991758 2992091
2992972 2993587
2997542 2997763
2999200 2999329
3002425 3003249
3005035 3005261
3006128 3006315
3006916 3007070
3007599 3007833
3009468 3009566
3013762 3014184
3021217 3021597
3024641 3024931
3028960 3029895
3033507 3034662
3035485 3037517
3038760 3038835
3039440 3040191
3041478 3042444
3043090 3043473
3051262 3051681
3054336 3054723
3056131 3056583
3057177 3057366
3061016 3061701
3062511 3062822
3066075 3066574
3068027 3068827
3073628 3073888
3075176 3075338
3080437 3081824
3082566 3082971
3086761 3086880
3092780 3092987
3096040 3096663
3099058 3099248
3103132 3103281
3106298 3106439
3107779 3107947
3110860 3111120
3114682 3115119
3116994 3117524
3118896 3118993
3120590 3120642
3121763 3122032
3127999 3128060
3130775 3131037
3132352 3132534
3137591 3137807
3140785 3141320
3143461 3143860
3146398 3147065
3149779 3150920
3151969 3152599
3153183 3153434
3159802 3159958
3161668 3161994
3162771 3163035
3169813 3169977
3171777 3172397
3174773 3174828
3176849 3177885
3181257 3181819
3184558 3185335
3190164 3190291
3191136 3192290
3193140 3193200
3193883 3194827
3196400 3196674
3201352 3201979
3205861 3206069
3207969 3208142
3215915 3216389
3217967 3218130
3219845 3219932
3223161 3223304
3224069 3224153
3226456 3226586
3232391 3232673
3233379 3233758
3238188 3238967
3244786 3245161
3247286 3247551
3252228 3252379
3259558 3259734
3260603 3261663
3262210 3262930
3268516 3268845
3270569 3270740
3273902 3274028
3275120 3275437
3276968 3277214
3278101 3278514
3280319 3280999
3281559 3282134
3284397 3284699
3288606 3288815
3291254 3291493
3292084 3292210
3292747 3293783
3295652 3296512
3297268 3298898
3301170 3301290
3304300 3304588
3306590 3307269
3309020 3309087
3310089 3310657
3312713 3313017
3315386 3315589
3316893 3317383
3318537 3318660
3323493 3323966
3324525 3325882
3326719 3326897
3328505 3328847
3329384 3329674
3331102 3331287
3335918 3337168
3340468 3340633
3343591 3343703
3346091 3346624
3351363 3351510
3352545 3352845
3353384 3353525
3355239 3355393
3356442 3357386
3361411 3362302
3364036 3364387
3365306 3365588
3366124 3366619
3373503 3374012
3374693 3374931
3375470 3375561
3379454 3379900
3385533 3385657
3393525 3393792
3397278 3397409
3398027 3398468
3400663 3401657
3402479 3403126
3409203 3409575
3410111 3410168
3410722 3411742
3412916 3413070
3414156 3414427
3416521 3416701
3419229 3419790
3420449 3420508
3423231 3423368
3427593 3428139
3428998 3430101
3430627 3430685
3432760 3432855
3435064 3435638
3436170 3436246
3446676 3447048
3449021 3449129
3450737 3450823
3452983 3453284
3456197 3456641
3457336 3457496
3458778 3458986
3460994 3461043
3462872 3463172
3463841 3464090
3464694 3464773
3465730 3465956
3468270 3468607
3478126 3478362
3486560 3487152
3487738 3488454
3489837 3491202
3492489 3493856
3495994 3496557
3499049 3499203
3501509 3501674
3502205 3506109
3506708 3506878
3507460 3508452
3509056 3509931
3514676 3514967
3516243 3516384
3518467 3518543
3519094 3521976
3523875 3524878
3525928 3526940
3529587 3530552
3531077 3531245
3531869 3532368
3534643 3535018
3537919 3538704
3541402 3541553
3542718 3543406
3544273 3544736
3545328 3545600
3546468 3546696
3549905 3550202
3551280 3551815
3552629 3553242
3555594 3555690
3562295 3562542
3566963 3572111
3573625 3574243
3574775 3575438
3577504 3579115
3581188 3581869
3583747 3583983
3587576 3587886
3588520 3589130
3589754 3590422
3592168 3593299
3594015 3594917
3598409 3599390
3600301 3600854
3604629 3605581
3606470 3607181
3609077 3609325
3613816 3614054
3614934 3615706
3624323 3624751
3625255 3625511
3626208 3626491
3629976 3630522
3635150 3635990
3636566 3636880
3638412 3638533
3642788 3643750
3649759 3650392
3650980 3651134
3652565 3652776
3654646 3655247
3656420 3656707
3658357 3658587
3665463 3665747
3666685 3667803
3669691 3669909
3672549 3672737
3675405 3675545
3682018 3682275
3685233 3685467
3686963 3687513
3688255 3688402
3690006 3690558
3694970 3695044
3699099 3699250
3703484 3703590
3704692 3704914
3708649 3709372
3710964 3711554
3715766 3716083
3716643 3717200
3718481 3718976
3719745 3719832
3720350 3720993
3725609 3725708
3726219 3726349
3727239 3727393
3728676 3729468
3731950 3732159
3736952 3737094
3738496 3738757
3741362 3741579
3743204 3744083
3744899 3745635
3747825 3749309
3750351 3751351
3754172 3754376
3755304 3756204
3758992 3759367
3763739 3764018
3764610 3765132
3770413 3771178
3772451 3772502
3776667 3776837
3778687 3779006
3781606 3781921
3784941 3785507
3787549 3787953
3788978 3789200
3791949 3792126
3795296 3795474
3796024 3796315
3798846 3798919
3807997 3810034
3811867 3812223
3814335 3815153
3817493 3817566
3819731 3819942
3826390 3826460
3830441 3830656
3833379 3833512
3834607 3834724
3840298 3840432
3841025 3841466
3846617 3846857
3847594 3848351
3849383 3849629
3852912 3853014
3858240 3858381
3858976 3859701
3860391 3861124
3862492 3863248
3864859 3866153
3869650 3869802
3873155 3873378
3878785 3880054
3881729 3881994
3882624 3882796
3884865 3885241
3886872 3887102
3889729 3890394
3892105 3892465
3895907 3896198
3896996 3897240
3897800 3898129
3900520 3900878
3901607 3901734
3904418 3904932
3906894 3907219
3909752 3909877
3911346 3911430
3912546 3913423
3914235 3915310
3916663 3916984
3918312 3918511
3920355 3920690
3923963 3924039
3924682 3925356
3926009 3926072
3931455 3931737
3932535 3933088
3937194 3937506
3938535 3938880
3939688 3939903
3941335 3941604
3942171 3942403
3943007 3943209
3946280 3946670
3948760 3948867
3949485 3949553
3950742 3950848
3953778 3954021
3954573 3955106
3956423 3956635
3958571 3958677
3961673 3961926
3963646 3964378
3966275 3966672
3969845 3969909
3972289 3972924
3973452 3974681
3979972 3980143
3980691 3981120
3982414 3983059
3987467 3987567
3988170 3988532
3991161 3991291
3992134 3992404
3994047 3995456
3996163 3997033
3999794 4000802
4003456 4003890
4009655 4009991
4010670 4011661
4012745 4014668
4016523 4016658
4017549 4017774
4022824 4023272
4025621 4030759
4031412 4031683
4032245 4032806
4033922 4034640
4035325 4035413
4037218 4037421
4042047 4042475
4049953 4050117
4050628 4050766
4053567 4053789
4055213 4056207
4058717 4058901
4060515 4061238
4064436 4065497
4072848 4073571
4078960 4079065
4080447 4081450
4082415 4083099
4083827 4084134
4090556 4090833
4102438 4102615
4103533 4103673
4105811 4105861
4107249 4107657
4108390 4110012
4110603 4110841
4111728 4114624
4115386 4117309
4117915 4118591
4119845 4120332
4125631 4126111
4130518 4130675
4131897 4132195
4136156 4136276
4139028 4139318
4141447 4142014
4143581 4143951
4150521 4150575
4154090 4154645
4157669 4157833
4158677 4158766
4159578 4161178
4162752 4162988
4164908 4165242
4166816 4167034
4170144 4170955
4178258 4178396
4184802 4184995
4185760 4186040
4186924 4187075
4188116 4188397
4190770 4191043
4194935 4201663
4203769 4203961
4206233 4206490
4207072 4207268
4209024 4209293
4210808 4211846
4213996 4214892
4216700 4216888
4218422 4218675
4219828 4220476
4221843 4222058
4223163 4223543
4226494 4226839
4230518 4231121
4231693 4232516
4233340 4233496
4234481 4234546
4236430 4236512
4241614 4241720
4242513 4243037
4244417 4244586
4245266 4246225
4248556 4249218
4252835 4253369
4254193 4254448
4263555 4264221
4269763 4270490
4271777 4272064
4274102 4274400
4275191 4275495
4277401 4277828
4278524 4278937
4279513 4279751
4280697 4280882
4282626 4282689
4287538 4287831
4290290 4291305
4294311 4294597
4296579 4296877
4299174 4299367
4300677 4301676
4302358 4303340
4303876 4304149
4307342 4307564
4309238 4309447
4312399 4312644
4313236 4313484
4314154 4314427
4320014 4320366
4321101 4322050
4323869 4323955
4330959 4331393
4332357 4332599
4336260 4336362
4339683 4340373
4341001 4341133
4341880 4342563
4343087 4343399
4345421 4345555
4350699 4356654
4358936 4359437
4360160 4360760
4361486 4361680
4362817 4362925
4364036 4364901
4368431 4369915
4371196 4371245
4372631 4373360
4374563 4374815
4375754 4375933
4377106 4377515
4378319 4378371
4380311 4380488
4381478 4381699
4382348 4382930
4386595 4386859
4388411 4388869
4389441 4389839
4395763 4396032
4397097 4397217
4407636 4407799
4408597 4409877
4411763 4412200
4414874 4419981
4421171 4421776
4424344 4424637
4427481 4428117
4429006 4429271
4429968 4430047
4430707 4431447
4434730 4434915
4435960 4436337
4437870 4438223
4439761 4440222
4441524 4441634
4442922 4443657
4444834 4445145
4448844 4449741
4452118 4452229
4452974 4453333
4453921 4454617
4459030 4459307
4464413 4464511
4466544 4466730
4472595 4473179
4474519 4474572
4480866 4481040
4481623 4481750
4483043 4483339
4485816 4486011
4487794 4488148
4489197 4489299
4492979 4493149
4493820 4494157
4495016 4495776
4497000 4497223
4501025 4501250
4501831 4502062
4502711 4505376
4506410 4506720
4507344 4508548
4511731 4512144
4515483 4515639
4517418 4517611
4518890 4519166
4521977 4522645
4527479 4527778
4529847 4530319
4535522 4536310
4536825 4536974
4539155 4539541
4541075 4542275
4544673 4545100
4547294 4547780
4549733 4549933
4553170 4553684
4557337 4557591
4559434 4560510
4566740 4567892
4574821 4575875
4582347 4582451
4583373 4584910
4592441 4592714
4594050 4594370
4595612 4596841
4597551 4598579
4601969 4602090
4602873 4603518
4604058 4604260
4610936 4611218
4612250 4612380
4617503 4618132
4621366 4621590
4622119 4622433
4626247 4626447
4627282 4628343
4628985 4629267
4630694 4631716
4633047 4633258
4635142 4635390
4640382 4641986
4643207 4645107
4647245 4647407
4649590 4649936
4652256 4653021
4654413 4654770
4656159 4656302
4657523 4659342
4661452 4663890
4665499 4665555
4676014 4676409
4677224 4677312
4677976 4678215
4678928 4679099
4680754 4680955
4681738 4681945
4683517 4683751
4686524 4687268
4688133 4688642
4690684 4690760
4693944 4695395
4699102 4699541
4700204 4700442
4702074 4702262
4702804 4702936
4705476 4705800
4706762 4707227
4708599 4709225
4712324 4712555
4715418 4715542
4716325 4716890
4719408 4719680
4721620 4721755
4723603 4723854
4725336 4725932
4727003 4727354
4729128 4729724
4731069 4732154
4733472 4736003
4737028 4737102
4746327 4746448
4748962 4749115
4754791 4755518
4763088 4763149
4763809 4764162
4766513 4766809
4768465 4768699
4770517 4770779
4772904 4773120
4776289 4776356
4777364 4778132
4780112 4780246
4780899 4781224
4781876 4782007
4783485 4783645
4785625 4785830
4788450 4788735
4789524 4790003
4790615 4790907
4795965 4796277
4797786 4797907
4802063 4802477
4805437 4806873
4810584 4810671
4811538 4811895
4812542 4812745
4815049 4815558
4816178 4816437
4818332 4819196
4820505 4820712
4822681 4822840
4823365 4823459
4824011 4824202
4828015 4828249
4832688 4832830
4834923 4835213
4838952 4839215
4842326 4842850
4847693 4847895
4850157 4851011
