Buchnera_aphidicola_Acyrthosiphon_pisum_ancestor
1 101
4252 4435
7796 7994
12216 13131
13740 18014
21804 21858
24541 24707
25607 47074
56929 58148
58762 65135
66029 80163
85127 85343
87293 87500
89366 89753
90963 92378
94409 94527
99273 101421
105316 108026
108573 110506
116333 134190
135197 135489
136696 163721
164799 164913
168507 175226
181217 188865
193576 196324
197207 204580
209400 214427
215991 219410
236168 236271
241923 246597
255270 256925
262897 266256
267110 267290
271905 272626
273231 280866
285490 288768
289391 289568
290202 290386
290909 291383
298677 299335
309564 309674
321339 324740
326559 331236
334719 343074
343619 347368
348099 351966
358533 359233
366915 367816
371620 372841
373522 378692
385396 391915
395717 396675
400976 402117
417895 424863
429766 430526
446079 448915
449653 449705
453465 458759
461621 464031
465983 466040
468522 468686
473905 474229
476286 479560
483778 484453
485135 492683
494518 495193
495744 509960
510605 511906
512477 512696
513879 517359
520233 520581
525427 525571
530046 530583
536298 545940
562461 563107
563691 571501
574294 576038
588480 598693
600551 600601
601368 610209
611180 612944
613470 620953
622047 629626
631083 636588
637126 638193
Buchnera_aphidicola_Acyrthosiphon_pisum_0990
1 1120
1728 11617
18114 18793
19543 26236
34730 36629
39833 51509
61570 61822
62432 63730
66469 66799
73438 73780
83969 84082
87472 103909
113751 119266
119772 132952
136170 136689
137253 137472
140010 140069
154737 157166
164010 165396
166744 170289
173763 178859
179408 180150
184986 188105
190287 193096
199294 203617
204474 219095
222183 228590
229151 231284
232154 244129
245278 245777
246323 247732
249073 253174
254094 257302
264226 271610
278027 282033
282714 290927
291516 297883
301950 302481
303241 303838
315796 319191
323160 325633
328419 349196
349727 349916
351011 356585
359429 359569
360898 365593
370704 370938
374457 380088
383179 383241
383788 390425
390948 391666
393855 396543
397226 397575
398110 400904
401912 403348
407778 422749
423313 430776
433837 433940
434461 435422
437906 438204
440180 444865
452842 453670
455283 455529
456473 460984
467413 467660
468649 474623
476882 477170
481962 486128
513353 515910
518558 518696
520494 520998
528671 528971
533336 539121
541923 542178
545499 548428
550776 551196
551862 557471
559086 569686
575063 575227
590348 590478
594075 594586
612470 622943
626817 627015
638040 641799
