gi_556503834_ref_NC_000913.3_
1 74
877 1194
1698 2462
3387 7617
8131 8323
9550 11257
12080 14242
14737 18409
18947 21607
22160 24493
25381 26126
27446 27593
28264 28913
29514 29598
30168 31581
32466 33435
33989 34167
34748 38100
38869 39064
39681 41594
42130 42585
43086 44169
45374 46402
47242 47532
48058 48931
49437 49506
50675 50760
51603 51694
52870 53742
54039 58951
59500 60718
62039 62967
64257 64664
65177 65532
66597 66738
67521 67720
68305 68735
69846 69908
71651 72976
73726 74834
75373 77335
79527 79917
80506 80575
81500 81559
82373 83317
83985 84989
85684 85824
86566 86821
87709 89034
89850 90204
91527 92350
92893 94164
94623 95556
96762 97903
99056 100519
101291 102417
103961 107918
108430 109329
110165 111416
111948 115380
115992 116045
117513 118827
119850 120010
121451 122995
123566 123891
124763 125357
125915 128192
128729 130845
131925 133056
133557 137914
139607 140023
140943 141158
141852 142680
143315 147047
147713 150466
151110 151267
152050 152335
153427 155928
156433 156590
157184 164538
165237 165734
166453 166755
167649 168115
168939 169956
170620 171598
172176 173099
173704 173780
174295 175061
175638 177664
178169 183005
183793 184889
185409 188032
188782 189108
189916 190857
191680 192556
193356 194356
195013 195197
195772 197391
199354 201333
202963 203088
204050 205032
205889 207185
208307 211930
212652 213045
213841 215656
216710 216957
218514 221057
222135 228803
230804 231867
232629 232878
233386 233449
234372 234518
236343 237356
238010 239573
240147 240820
242183 246531
247034 249121
250068 254482
255391 259585
261001 263364
264549 268890
269407 272343
272874 276186
276796 277653
278879 280843
281852 283893
284551 286965
287894 288886
289238 293209
294216 294835
295694 297201
298230 300359
300996 302701
304045 305019
305546 308373
308996 310045
311901 314098
314783 316483
316734 316784
317527 320774
321285 322845
323514 325559
326549 327822
328665 329981
330821 331020
331580 334144
334818 335453
336159 336557
337062 337715
338505 340084
340738 340807
341328 341494
342395 343147
343730 344539
345041 345193
346179 346407
347355 351095
351625 353761
354331 356000
357035 357580
358513 359161
360538 361202
361817 365362
365876 366066
366636 367992
368752 369628
370757 373154
374271 374459
375034 376327
376838 377941
379266 388198
388818 393369
395194 395849
397614 399215
399804 401597
402181 406744
407303 413526
415173 415470
416215 419760
420460 421309
422051 422696
423436 424491
425121 427306
427856 429972
430516 432802
433580 433987
434657 434737
435251 436107
437633 437690
438278 439244
439856 440268
441587 445169
446363 447488
448300 448408
448945 450399
451227 451579
452549 452890
453589 454933
455507 456441
457296 457659
458389 460214
460935 461612
462438 464733
466132 467886
468880 469417
472837 474341
474940 476979
479189 479674
480284 483772
485112 486388
486889 490381
490923 491197
492232 493406
493945 494045
494831 495239
496312 501387
502101 503738
504314 507474
508505 511958
512831 513971
514564 514755
516508 519981
520730 521394
522370 524934
526982 528759
529473 529977
531868 532262
533802 534324
535533 538399
538940 539616
540386 540713
541281 541508
542748 543988
544868 545158
546134 547060
547635 548080
549084 549339
549993 551479
552193 553049
553644 554868
555642 555838
556441 557698
559439 559682
560465 560605
561196 563398
564236 566158
568035 568823
569455 570006
570928 573178
574178 574587
575789 576224
576946 577136
577663 578496
578834 579113
579619 579817
580378 581886
583155 584003
585270 585787
587478 591095
591728 594281
595376 596453
597047 599119
600267 605042
605621 605819
606322 607314
609697 613201
614360 614637
615387 616617
617142 619478
620678 622472
623329 625707
626230 627123
627697 627934
628751 629443
630076 630399
631857 633164
633695 635487
636237 637793
638882 645193
645754 647212
648271 649193
650376 651884
652794 654934
655567 656799
657322 657638
660165 660242
661302 664474
665185 665832
666595 666978
667663 668629
669681 671404
672007 672110
672982 673293
674772 676442
677195 677619
678254 679450
680119 683534
684037 684854
686429 686783
687408 689300
689896 690141
691000 695242
695921 697271
698130 698390
699124 700336
701493 704755
705849 706210
706967 708951
709712 712314
712912 714809
715067 716578
717080 717357
718145 719584
720396 720810
721459 722134
723820 724414
725090 728370
728946 729038
729582 735000
735574 736706
738050 740960
741594 741795
742336 742888
743539 747996
750051 751884
752438 752904
753574 756134
756692 757718
758550 759845
760914 766085
766766 767407
768447 768764
770230 772060
773593 774481
775095 775570
776039 777812
778342 779261
780554 781576
782848 783581
784134 790590
791225 792614
793462 796227
797313 798306
799911 800064
801119 802106
802728 806080
806671 809837
810671 812727
813237 816451
817263 817317
818183 820286
820961 821414
823545 823839
824933 827647
828308 829246
830255 834390
836162 840128
840823 842669
844028 844773
845515 847014
847645 848299
848869 848941
850715 851008
851537 852607
853116 854836
855748 858132
859116 860394
861111 861225
861968 862036
862940 866647
867399 868714
869295 870351
871768 871938
872650 875596
876194 877012
877546 877718
878575 881806
882525 882590
884545 885079
885791 886094
886717 887592
888721 889179
889728 890441
891745 891872
892385 892709
893427 893550
894057 894468
895331 896277
896979 903250
904332 905211
906389 906640
907259 907827
908405 908986
909614 910463
911778 911943
912564 913050
914261 915288
915540 915653
916855 916917
917439 921979
922849 924558
926030 927102
928015 928082
928747 930804
931329 934128
935269 936182
936562 938080
941507 943119
943931 944100
944527 944626
945313 946978
948231 949469
950118 951402
952511 956508
957041 958356
960159 961849
962667 962809
963350 963839
964758 967752
968874 970920
971422 973108
973638 975195
975741 976165
976812 983186
983766 985600
986302 987638
988153 990680
991974 992963
993626 994927
995556 997628
998491 1000420
1001356 1004569
1005286 1005552
1006362 1007394
1007811 1009631
1009913 1015704
1016545 1017152
1017686 1023520
1024978 1025628
1026389 1027082
1028332 1031125
1031937 1032303
1033313 1036589
1037215 1037920
1038659 1040048
1040699 1041178
1042774 1044176
1044941 1046327
1046885 1048343
1049057 1051052
1051718 1056994
1057604 1057881
1058550 1058914
1059636 1061043
1061770 1063457
1064176 1064644
1065191 1068968
1069504 1070118
1070633 1071106
1071824 1074535
1075093 1075561
1076195 1076760
1078312 1079968
1080561 1081774
1082729 1082982
1083538 1087351
1087906 1089316
1090165 1091221
1091843 1091986
1094041 1098224
1098774 1099008
1099717 1102442
1103669 1104451
1105017 1105648
1106269 1109053
1109554 1110084
1110631 1111789
1112499 1112822
1113579 1113658
1114816 1115002
1116698 1117017
1118497 1118912
1120725 1121027
1121694 1123885
1124935 1125009
1125582 1125814
1127059 1129193
1129862 1130539
1131454 1131915
1132993 1134125
1134830 1138150
1139197 1139962
1140568 1143664
1144825 1146930
1148032 1148734
1149252 1149591
1150236 1150864
1151425 1152037
1152763 1153482
1154298 1156157
1156675 1158015
1158631 1159773
1160364 1161640
1162879 1164116
1164701 1164876
1165426 1165656
1166402 1166470
1167730 1169762
1170554 1171503
1172510 1173006
1174030 1175016
1175693 1175945
1176455 1177973
1178589 1178805
1181122 1182376
1183318 1183870
1184831 1185444
1185945 1186398
1187479 1187780
1188557 1189167
1189706 1195615
1196375 1200995
1202002 1204634
1205422 1205582
1206472 1206667
1207805 1208807
1208917 1209529
1210365 1211722
1212234 1214065
1214803 1215223
1216050 1217352
1218385 1222193
1224123 1226242
1226903 1227009
1228053 1230290
1232519 1233081
1233642 1236458
1237286 1238936
1239827 1240618
1241443 1245817
1246807 1248908
1249630 1250999
1251712 1256114
1257202 1260797
1262364 1263498
1264055 1265985
1267588 1269291
1269960 1270867
1271789 1272754
1273344 1274712
1275613 1276536
1277062 1277476
1279044 1282226
1284856 1284923
1285582 1288645
1289991 1290133
1290719 1291891
1294355 1295465
1296202 1296374
1296982 1301833
1302977 1304967
1305561 1306534
1307059 1308871
1309451 1310791
1311677 1313836
1314892 1316849
1317929 1318815
1320015 1322455
1323186 1326255
1327162 1327279
1328405 1328502
1329531 1331058
1331697 1333121
1333635 1335078
1335614 1337586
1338449 1339052
1339892 1340918
1341693 1342229
1343361 1343602
1344617 1344794
1347192 1348774
1349327 1349396
1350344 1351102
1352230 1352466
1353558 1354936
1355535 1355809
1356704 1357582
1358763 1358892
1359781 1360992
1361744 1361991
1362679 1362968
1363521 1364630
1365482 1366834
1367461 1368161
1369570 1369701
1370269 1370409
1371447 1372694
1373296 1373529
1374158 1375349
1376080 1377292
1378150 1378574
1379431 1380836
1381746 1382603
1383251 1386788
1388157 1388686
1389274 1390092
1390652 1393783
1394384 1394524
1395501 1398151
1398918 1399812
1400484 1401238
1402523 1403788
1404654 1405029
1405990 1406237
1407120 1410285
1410968 1411321
1411840 1412069
1412917 1413847
1414745 1415626
1416780 1417903
1418572 1418666
1420074 1420690
1421488 1421744
1422523 1422795
1423570 1423999
1426288 1426424
1427129 1429028
1430145 1430491
1431099 1432167
1434930 1436266
1437808 1438534
1439201 1440484
1441058 1441539
1442398 1443356
1444248 1448215
1448982 1449044
1449704 1450072
1450816 1453429
1454025 1457786
1458371 1458749
1459351 1463650
1464592 1471681
1472235 1475873
1476843 1477818
1478496 1481777
1482984 1484093
1485020 1485200
1485915 1486363
1487171 1487550
1488985 1493521
1494086 1495583
1496199 1497121
1497854 1497915
1498464 1498554
1499207 1499686
1500242 1501224
1501860 1503618
1504168 1504776
1505468 1505632
1506194 1508992
1509792 1510352
1511197 1513337
1514471 1514550
1515356 1515659
1516168 1516259
1516982 1520540
1521127 1521515
1522425 1525479
1525718 1529796
1531161 1533168
1533945 1535309
1535851 1538661
1539189 1542261
1542852 1544446
1545367 1545718
1546252 1547335
1549071 1552102
1552195 1552818
1553515 1554659
1555792 1555993
1556706 1557214
1557857 1561133
1561863 1563197
1564297 1566270
1566771 1567191
1567721 1568345
1568902 1569209
1569719 1569850
1570428 1570547
1570641 1572156
1573613 1574243
1574748 1575097
1575656 1576478
1577683 1579791
1580395 1580560
1581110 1582334
1582885 1583778
1584281 1586860
1587696 1588410
1589315 1589944
1590791 1595641
1597427 1601742
1602744 1604641
1605224 1607137
1607715 1614982
1615529 1617553
1618076 1619165
1619983 1621108
1621956 1622346
1622967 1624466
1625240 1628800
1629466 1630767
1632101 1634903
1637507 1637699
1638343 1638586
1639151 1639486
1640212 1640356
1640969 1641480
1641999 1642760
1643501 1644185
1644787 1645988
1647166 1648122
1649136 1649196
1650920 1651650
1652446 1654208
1654747 1654819
1655965 1656178
1656791 1658299
1658885 1662881
1663387 1664888
1665469 1666144
1666661 1667121
1667879 1668885
1669401 1669908
1670766 1671947
1672889 1673312
1674411 1675230
1676433 1677360
1678304 1681758
1682449 1683663
1684274 1684844
1686174 1686691
1687594 1687708
1688398 1688466
1689375 1689654
1690406 1692260
1693138 1695276
1695914 1696432
1697659 1697906
1698579 1698700
1699529 1700374
1700877 1702416
1702974 1703086
1703600 1704055
1704837 1705296
1706097 1707072
1707832 1708980
1709610 1712281
1713427 1714168
1715156 1717553
1718181 1722791
1723316 1724360
1725504 1725572
1726154 1726228
1727402 1729023
1729657 1730422
1731602 1733933
1734496 1734823
1735443 1737593
1738145 1738245
1739235 1739341
1740151 1740604
1741568 1743697
1744215 1744785
1745420 1746364
1746955 1747574
1748279 1748447
1749505 1752922
1753485 1756397
1757138 1757848
1759454 1765695
1766809 1767874
1768510 1769064
1769854 1770058
1770560 1770697
1772019 1772161
1772988 1774850
1776235 1776489
1777686 1778926
1779583 1782461
1783117 1783493
1784087 1785261
1785838 1786379
1787079 1787875
1788903 1790677
1791223 1792038
1792619 1794096
1794765 1794908
1796656 1800882
1802048 1804118
1804906 1805394
1807039 1807614
1808259 1811317
1812056 1813341
1813956 1815442
1816024 1817325
1817855 1818402
1819652 1820776
1821492 1822916
1823512 1823817
1825456 1825984
1827004 1827694
1829199 1829329
1830087 1830361
1830866 1831207
1833075 1833141
1833948 1836510
1837551 1839567
1840104 1840284
1840946 1842620
1844259 1845801
1846311 1847586
1848208 1849050
1849623 1852211
1853715 1854424
1855035 1855145
1855790 1857281
1858263 1858832
1859365 1859994
1860699 1861049
1861793 1861913
1862571 1869147
1869730 1869844
1870498 1870943
1871591 1871643
1874204 1881112
1881669 1882024
1882527 1883330
1883911 1886274
1887000 1888769
1889392 1890453
1891224 1891738
1892464 1893319
1894713 1894948
1895490 1895836
1896501 1896584
1897228 1897907
1898459 1899144
1899846 1900406
1901828 1904076
1905243 1906785
1907831 1912544
1913350 1915753
1916459 1916557
1917186 1917604
1918117 1919500
1919998 1922228
1923045 1925653
1926174 1929164
1930029 1930954
1931657 1932185
1933979 1934395
1934899 1935374
1936293 1937628
1939619 1939911
1940713 1940892
1941508 1941558
1942124 1942933
1943577 1948377
1949168 1949353
1949959 1951437
1952152 1955367
1955720 1955854
1956612 1957204
1958417 1958797
1959466 1964546
1965460 1968109
1968675 1970324
1970892 1970973
1971682 1974304
1974983 1976326
1977351 1981376
1981962 1982100
1983029 1985567
1986123 1986748
1987440 1990784
1991685 1992798
1993697 1993990
1994989 1995448
1996092 1996367
1996967 1998521
1999189 2000347
2001003 2001119
2001791 2002304
2003270 2004146
2004780 2005401
2006432 2006831
2007401 2008191
2008799 2008904
2009449 2011345
2012215 2013724
2014281 2014512
2016199 2018230
2019805 2020119
2021784 2022982
2023611 2028098
2029514 2033459
2034247 2035452
2036384 2036541
2037459 2040146
2040805 2040975
2042196 2042533
2043523 2043748
2045130 2047499
2048134 2049589
2050203 2051791
2052452 2052581
2053371 2053449
2054041 2055926
2056813 2058068
2058878 2062880
2063465 2064991
2066233 2070607
2071263 2072860
2074544 2075511
2076674 2076799
2077472 2077962
2078777 2079082
2079922 2080624
2081360 2081557
2082171 2084418
2085107 2085302
2085901 2085988
2086636 2087794
2088488 2090342
2091001 2092064
2092970 2093219
2093930 2095027
2096041 2099137
2100032 2100150
2100772 2103436
2105044 2105439
2105998 2106537
2107087 2107203
2107777 2108218
2109119 2114473
2115133 2115553
2116099 2120425
2121106 2122390
2123390 2123947
2124707 2126185
2126738 2126888
2127657 2129546
2131217 2136101
2136734 2137417
2138113 2139441
2140893 2141379
2142378 2142845
2143684 2144253
2145314 2148538
2149870 2150990
2151559 2153908
2154828 2155147
2155912 2156835
2157702 2159140
2160074 2160783
2161719 2162488
2163126 2163559
2164230 2165187
2165733 2174358
2175194 2175451
2175975 2177172
2179923 2180499
2181034 2181910
2183189 2184358
2186277 2186733
2186982 2187918
2188805 2189484
2190424 2191452
2193098 2193565
2194211 2194927
2195986 2196475
2197441 2197584
2198332 2198827
2199464 2201299
2202556 2203853
2204289 2204817
2205378 2205948
2206659 2208681
2209738 2211887
2213064 2213470
2214134 2214303
2215700 2216286
2217400 2219624
2220334 2223351
2223940 2224939
2225551 2226777
2227596 2228412
2228997 2229114
2229942 2231736
2233222 2234385
2235293 2235639
2236902 2237091
2237723 2240149
2240679 2241335
2242058 2242205
2243085 2248388
2249559 2249713
2250347 2253074
2253803 2254863
2256487 2256663
2257505 2262597
2263322 2265688
2266234 2267811
2269930 2272184
2273134 2274894
2275995 2276595
2276866 2281182
2281741 2282306
2283058 2283972
2284572 2285020
2285560 2285677
2286211 2286937
2287744 2287942
2288584 2293591
2294797 2296212
2297087 2298016
2298668 2299270
2301315 2301448
2302364 2303240
2303795 2305716
2306276 2307437
2309137 2311102
2312885 2313320
2314158 2317394
2318129 2318898
2319447 2319583
2320195 2320870
2321510 2321828
2322332 2323708
2324255 2327094
2327822 2329344
2330815 2332106
2332720 2333255
2335265 2335619
2336379 2336501
2337650 2338913
2339629 2340313
2340972 2343544
2344152 2344975
2346756 2348229
2349298 2353131
2353963 2354961
2356187 2356475
2356868 2357815
2359210 2361746
2362461 2364199
2364892 2366442
2367141 2367869
2368874 2371088
2372215 2372345
2373161 2373464
2374162 2374667
2375969 2376070
2376969 2379062
2379802 2380667
2381175 2383243
2385083 2385210
2385851 2385921
2387402 2389066
2390325 2390567
2391522 2395358
2396619 2399448
2400711 2401191
2402106 2402487
2403205 2405502
2406557 2406863
2407493 2407841
2408350 2408857
2410586 2411153
2411875 2412178
2412679 2413111
2413739 2414590
2415325 2415523
2416205 2416861
2417433 2418238
2418740 2421791
2423578 2425000
2425977 2426303
2427519 2428612
2429287 2429920
2431033 2431128
2431747 2432880
2433662 2438608
2439616 2441444
2442469 2443029
2443881 2443967
2444633 2448613
2449171 2450462
2451074 2451238
2452578 2453091
2453614 2454059
2454995 2455328
2456600 2457173
2458531 2459813
2460717 2461736
2462619 2463850
2464416 2464900
2466483 2468098
2468859 2470814
2471705 2471764
2471882 2474563
2475196 2476404
2477526 2477791
2478516 2479256
2479949 2480099
2480644 2481220
2481861 2482524
2484249 2486566
2487411 2492313
2492867 2493896
2494550 2497797
2498369 2502854
2503744 2504341
2505180 2505657
2506402 2517146
2517724 2518506
2519335 2529329
2529843 2533099
2533715 2533793
2535402 2535517
2536041 2536541
2537130 2539126
2539752 2539968
2541268 2541813
2542446 2544063
2545341 2545491
2546303 2547388
2547959 2550765
2551297 2552179
2552977 2554053
2554738 2555489
2557508 2558942
2559510 2561251
2561930 2564859
2565564 2565688
2567433 2568577
2569306 2570281
2571091 2571588
2572148 2572364
2573156 2573222
2574144 2576304
2576823 2577512
2578419 2578472
2579119 2584324
2584923 2585996
2586641 2587440
2587961 2590139
2590770 2591407
2592116 2593531
2595284 2595463
2596214 2596480
2597271 2598636
2599261 2599638
2600356 2602795
2603583 2604247
2605319 2606027
2606929 2607030
2607791 2612075
2612682 2616044
2616851 2619793
2620638 2620930
2621754 2622527
2623350 2625110
2625736 2626032
2626537 2627778
2630598 2630989
2631560 2635024
2635728 2637518
2638119 2638475
2639151 2640082
2641465 2643323
2643932 2647566
2648220 2648843
2650315 2650789
2651332 2653311
2653868 2656422
2657206 2663796
2664298 2664530
2665578 2665805
2666315 2669646
2670732 2672146
2672721 2673391
2673808 2673898
2674896 2676371
2676939 2677459
2678543 2682533
2683220 2684438
2685020 2685485
2686113 2687200
2687720 2688778
2689359 2689783
2690660 2693340
2693954 2694027
2696091 2698354
2699239 2701541
2702116 2703759
2704286 2704752
2705927 2708564
2709178 2709921
2710516 2711528
2712483 2712703
2713885 2717018
2717638 2717962
2718580 2719237
2719915 2721087
2722271 2732733
2733648 2737686
2739981 2740352
2740977 2742040
2742606 2742838
2746209 2748670
2749323 2750682
2751357 2751749
2752263 2755128
2755835 2757820
2758911 2759225
2760087 2760345
2761647 2764220
2764935 2766318
2766824 2771975
2772539 2772872
2773829 2774172
2774688 2774874
2775919 2779450
2780395 2785471
2785762 2786712
2787464 2788250
2789781 2789906
2790498 2792231
2792737 2793677
2794199 2795038
2795665 2796265
2796873 2797930
2798637 2800115
2801171 2804063
2806181 2807552
2808343 2808654
2809281 2810322
2810932 2814492
2815318 2816435
2817030 2819196
2820129 2821265
2822124 2824379
2824908 2827090
2827761 2828550
2829397 2829985
2830914 2830987
2833332 2834160
2835186 2836648
2838178 2840930
2841326 2842377
2842888 2845081
2845659 2847040
2847807 2848377
2849686 2850264
2851274 2851573
2852705 2852820
2853338 2853871
2854500 2857199
2858402 2862296
2863415 2863618
2864133 2870011
2870676 2872448
2874243 2877792
2878517 2881242
2882284 2882801
2883539 2885409
2885936 2886887
2887697 2890796
2891328 2891738
2892246 2893126
2893634 2894187
2895000 2898907
2899466 2900759
2901849 2902194
2903014 2903890
2904511 2905404
2906257 2906410
2907232 2907940
2909522 2910014
2912044 2912204
2913276 2913728
2914667 2916774
2918080 2922265
2923033 2925983
2926889 2927099
2927608 2928162
2928714 2932395
2932901 2935055
2935846 2935925
2936522 2937544
2938041 2941816
2942500 2942800
2943546 2946641
2947464 2951319
2951898 2952696
2953390 2954669
2956101 2957072
2957831 2958036
2959198 2961236
2962452 2963714
2964827 2966201
2966790 2968318
2969019 2969861
2970660 2971319
2972253 2972968
2974543 2974731
2975375 2975443
2977621 2978437
2979227 2981151
2982115 2983615
2984444 2988261
2988779 2989112
2989989 2991492
2992236 2992534
2993536 2995268
2995900 2998066
2998975 3001906
3003224 3010206
3011000 3011653
3012182 3014357
3014905 3015505
3016087 3016972
3018129 3018355
3019691 3022373
3024598 3024890
3025397 3026337
3026953 3028282
3028924 3030056
3031166 3031356
3031882 3034236
3035029 3035533
3036090 3037579
3038343 3039350
3039858 3040957
3041523 3043425
3044229 3044872
3046612 3046893
3047813 3048121
3048730 3051417
3052157 3052354
3053138 3054269
3054923 3056520
3057304 3059077
3059578 3062256
3062773 3067546
3068143 3068585
3070099 3070334
3071311 3073381
3073959 3077080
3077659 3079548
3080198 3081098
3081726 3085538
3087649 3091850
3092398 3094670
3095409 3096219
3097320 3097666
3098272 3100048
3100636 3100794
3101730 3102639
3103147 3107524
3108052 3110062
3111839 3114450
3115765 3116470
3117179 3117811
3118603 3120550
3121069 3122198
3123031 3126612
3127169 3127232
3127844 3128862
3130220 3134863
3136740 3137221
3137868 3138053
3138755 3139554
3140122 3140861
3141364 3142816
3143509 3143702
3145048 3145681
3147869 3147983
3148492 3148985
3150147 3151557
3151702 3152188
3152790 3152967
3153548 3155891
3157620 3162530
3164879 3165523
3166167 3166286
3167117 3168788
3169479 3169841
3170621 3174171
3176125 3176774
3177798 3178498
3179179 3179995
3180907 3181161
3181930 3182381
3183038 3183356
3184078 3184634
3185510 3186094
3187753 3187834
3189871 3190897
3191467 3193592
3194120 3194542
3194813 3199913
3200512 3200582
3202006 3203547
3204409 3204718
3205738 3206537
3207051 3209446
3210168 3211994
3212577 3212710
3213479 3214044
3214635 3214996
3215674 3217421
3217997 3220528
3221040 3221540
3222085 3223086
3223741 3224090
3224658 3224911
3226212 3226412
3227476 3228541
3229953 3230379
3230999 3235433
3236031 3239080
3239743 3242125
3242996 3243144
3243912 3244214
3245556 3245632
3246254 3246855
3247428 3247885
3248487 3248849
3249578 3249823
3250421 3251276
3252407 3254707
3255807 3259525
3260273 3260337
3262038 3262466
3263005 3263615
3264185 3264310
3265810 3266076
3266600 3268931
3269550 3270214
3271223 3272771
3273868 3274106
3275677 3278442
3279049 3282568
3283859 3284009
3284751 3285520
3286528 3287916
3288568 3290040
3290948 3291194
3291837 3292319
3293226 3294646
3295862 3295969
3296506 3296650
3297720 3299730
3300280 3301260
3301788 3301915
3302872 3304140
3304749 3305933
3307719 3310237
3311806 3312834
3313347 3313456
3314118 3314398
3314926 3315054
3315806 3317477
3318213 3321093
3321633 3322257
3323259 3324599
3326663 3332559
3333153 3333343
3334499 3335314
3336082 3336296
3336861 3338496
3339471 3340886
3341671 3343650
3344576 3345248
3345819 3348354
3350445 3351354
3351941 3356088
3356792 3357774
3358377 3360734
3361384 3361815
3362345 3363029
3363738 3363982
3364653 3364781
3365630 3366676
3368176 3368654
3369237 3371649
3372431 3377107
3377790 3378370
3379110 3381603
3382111 3382379
3383090 3383756
3384376 3385668
3386188 3387870
3388803 3389359
3390210 3390332
3391112 3391264
3392351 3393307
3394058 3394919
3395465 3397847
3399279 3399955
3400493 3400769
3401656 3401723
3402565 3404780
3405549 3406759
3407796 3410023
3412068 3414761
3415338 3416960
3417610 3418326
3418909 3420465
3421488 3429149
3429652 3430576
3431157 3433922
3434656 3435146
3435989 3436867
3437782 3439835
3440456 3441174
3442400 3445703
3446531 3446837
3447388 3447694
3449407 3449701
3451085 3451150
3451772 3451861
3452500 3456932
3457499 3457895
3458991 3474297
3475085 3476116
3476806 3476925
3477501 3477633
3478316 3478388
3479221 3481510
3482024 3484506
3485282 3485795
3486773 3487096
3488384 3492303
3492813 3497982
3498944 3499085
3499756 3500454
3501220 3503022
3503610 3504692
3505351 3509590
3511158 3512563
3513321 3513376
3514037 3514281
3514937 3515987
3516679 3518198
3518905 3520274
3521154 3523761
3524568 3525079
3525638 3526256
3527424 3529628
3530742 3531565
3532099 3532372
3533286 3539381
3539903 3542054
3542655 3543397
3545089 3547029
3548256 3548950
3549476 3550170
3550755 3551939
3552690 3553062
3553574 3555584
3556607 3559637
3560166 3561674
3563018 3565320
3566912 3568117
3568818 3571200
3571985 3578894
3579506 3581064
3581904 3582464
3584196 3584349
3585702 3586775
3588519 3590722
3591470 3593492
3594090 3594543
3596349 3597464
3598515 3602034
3603160 3604858
3605697 3606647
3607315 3607986
3608575 3611350
3612180 3612246
3613226 3613757
3615216 3615407
3616291 3617369
3624336 3627677
3628466 3628917
3629533 3629844
3630602 3630918
3632838 3633362
3633910 3634404
3635110 3635321
3636945 3639119
3639277 3642497
3643068 3643810
3644568 3646349
3647007 3647087
3647972 3648243
3649431 3649853
3650748 3654763
3655350 3655408
3656607 3657264
3657824 3657873
3658419 3659546
3660253 3660819
3661826 3662187
3662871 3666175
3668015 3669334
3670358 3670911
3671581 3673048
3673866 3676775
3677277 3681933
3682930 3684862
3685932 3690410
3692107 3692181
3692991 3694338
3694914 3695151
3695865 3696811
3697467 3697599
3698327 3700425
3701063 3703531
3704293 3706433
3707087 3711725
3712638 3716499
3717788 3721845
3723301 3724060
3725478 3726333
3728132 3728902
3729595 3729865
3730527 3735697
3739026 3739546
3740128 3740962
3741583 3743617
3744894 3746844
3747802 3747904
3748425 3748874
3749439 3749792
3750937 3752203
3752752 3754339
3755449 3757843
3758477 3759067
3759650 3759872
3760536 3767850
3769021 3770137
3770871 3771790
3772527 3773531
3774962 3775236
3776258 3776567
3777212 3778551
3779284 3779805
3780483 3780721
3781275 3781736
3782301 3782462
3783096 3785029
3786116 3786338
3787644 3788938
3789721 3791298
3792070 3792420
3793457 3794187
3794776 3794851
3795553 3797160
3798445 3798635
3799232 3800102
3800643 3801173
3801872 3802578
3804423 3804495
3805130 3805246
3805940 3806391
3807012 3808256
3809364 3809562
3810170 3810723
3811262 3814701
3815216 3815274
3815816 3816280
3816801 3818048
3818774 3818831
3819748 3822138
3823081 3823576
3824079 3824288
3824823 3831093
3831659 3832559
3833062 3833163
3833925 3834219
3834768 3835318
3836782 3836873
3837408 3839572
3840281 3841403
3842483 3844175
3844813 3847130
3847746 3848621
3849286 3849891
3850862 3851093
3851611 3853208
3853360 3853589
3854503 3854801
3855650 3857978
3858783 3858980
3859630 3859957
3861263 3863429
3864087 3868050
3869020 3869229
3869923 3871595
3872535 3873077
3873581 3873760
3875256 3875849
3877383 3881210
3882339 3883335
3884185 3886206
3887038 3888551
3889382 3889615
3890370 3891029
3891774 3893898
3894539 3896102
3896839 3897722
3898860 3899747
3901326 3901829
3903152 3903703
3905066 3905141
3905902 3907862
3908452 3909140
3909843 3911118
3911947 3912364
3913875 3914973
3916805 3917102
3917787 3918570
3919088 3919774
3922019 3922601
3923585 3924456
3925367 3925712
3926458 3927206
3927766 3928856
3931701 3932837
3933344 3934942
3935714 3936503
3937136 3937290
3938280 3939008
3939557 3950625
3951185 3951830
3952527 3954321
3954892 3954979
3955754 3956062
3956987 3957882
3958459 3961402
3962366 3965119
3965867 3966178
3966679 3969126
3969661 3969758
3970761 3972691
3973326 3973916
3974466 3974645
3975146 3981093
3981715 3981798
3982466 3982615
3983556 3985478
3986084 3987737
3988019 3989078
3989583 3989741
3990244 3993194
3995847 3995979
3996986 3997130
3997782 4000781
4001679 4003046
4005646 4008501
4009530 4010568
4011332 4011800
4012818 4014418
4015574 4018562
4019265 4019629
4020234 4023314
4024003 4027797
4029178 4029487
4030773 4030900
4031649 4031707
4032438 4032848
4033264 4034254
4034755 4035384
4042224 4042851
4043410 4043527
4044140 4044274
4045004 4046259
4047247 4048963
4049728 4054157
4054728 4055677
4056254 4057395
4058048 4063483
4064106 4066408
4067919 4069009
4069550 4070855
4071535 4073267
4074476 4075225
4076010 4080592
4081280 4082920
4084645 4086057
4086712 4088464
4089021 4095774
4097401 4098436
4099818 4100732
4101238 4101476
4101979 4102066
4102886 4104442
4105356 4105470
4106123 4106939
4108002 4110433
4111122 4111453
4112485 4115426
4115941 4118565
4119109 4121365
4122148 4123300
4123915 4124370
4124924 4126371
4127467 4127943
4128568 4129095
4129873 4131565
4132192 4132263
4133226 4135482
4135984 4137097
4137930 4142577
4143236 4144918
4146831 4147166
4147718 4148410
4148993 4149575
4150643 4153591
4153659 4155161
4155846 4156361
4156975 4157269
4158135 4159858
4160655 4162556
4164375 4164742
4165390 4165474
4166166 4173785
4174705 4175718
4177797 4177890
4178478 4183113
4183891 4184525
4185154 4185312
4186323 4186528
4187654 4188681
4190408 4190558
4191072 4195819
4196592 4197668
4199130 4199897
4200682 4201988
4202596 4202706
4203603 4203847
4204472 4206460
4208002 4213534
4214119 4214374
4215179 4215578
4216412 4218894
4219488 4220534
4221269 4224106
4225076 4225806
4226753 4226803
4227541 4227624
4229111 4232207
4232899 4234796
4236691 4238072
4238828 4240204
4240948 4241019
4241588 4241788
4242631 4242824
4243375 4249354
4250620 4250823
4251860 4252117
4253495 4253594
4254460 4255516
4256144 4257520
4258458 4261208
4261855 4262095
4262748 4263695
4264873 4265316
4265930 4266408
4267061 4267560
4268466 4268516
4269532 4270380
4273059 4273628
4274637 4274717
4275965 4279555
4280111 4282179
4282852 4284234
4284869 4287846
4288510 4288599
4289467 4289652
4290442 4298207
4299417 4300141
4301132 4301450
4302286 4307210
4307829 4308097
4308717 4312776
4313316 4313977
4314845 4317949
4318534 4320071
4320864 4321319
4322605 4323559
4324318 4327365
4327925 4331254
4331760 4332199
4333022 4336371
4337706 4337975
4338549 4338813
4339604 4343545
4344455 4352891
4353429 4354423
4355109 4355614
4356147 4356854
4357399 4358346
4358881 4359909
4362271 4363094
4363892 4364015
4364613 4365706
4366277 4369064
4369609 4370280
4371164 4371301
4372127 4373230
4374373 4377234
4378499 4378691
4379531 4380062
4380691 4381902
4382851 4384305
4384893 4386374
4386935 4389794
4390450 4391456
4392360 4392582
4393645 4393808
4394710 4395640
4396974 4397811
4398549 4399988
4400660 4401061
4402218 4403023
4404522 4405500
4406535 4406919
4407045 4407925
4408473 4408560
4409257 4409778
4411171 4411856
4413043 4413936
4414556 4418273
4418805 4419570
4420196 4423115
4424003 4425243
4425912 4426151
4426702 4430337
4430913 4435180
4435865 4440409
4441198 4441385
4442330 4444750
4446166 4446339
4446889 4447332
4448078 4450580
4451097 4451262
4451855 4453076
4453993 4455445
4456255 4457594
4458868 4459435
4460476 4462197
4462900 4465464
4466233 4470102
4470373 4470622
4471747 4473113
4473649 4474412
4474982 4475953
4476995 4477434
4478227 4481869
4482732 4484381
4485246 4485811
4486475 4487487
4488541 4491949
4492471 4493003
4493594 4500753
4502537 4503969
4504536 4505198
4505959 4507034
4508680 4509508
4510085 4510915
4511851 4512284
4513174 4514268
4515118 4515795
4516332 4517446
4518553 4520372
4521104 4521207
4522388 4524465
4525622 4527069
4527934 4528062
4528869 4531019
4531611 4532983
4533558 4537278
4537802 4538417
4538926 4539803
4540454 4540616
4541522 4541819
4542484 4546678
4548805 4549209
4549868 4551404
4552168 4552219
4553656 4554362
4555043 4556925
4557651 4558209
4559046 4559427
4560172 4561457
4562147 4562404
4563321 4566190
4566962 4570775
4571534 4572107
4572663 4573094
4573724 4578285
4579563 4580173
4581700 4589395
4589898 4590280
4590795 4594015
4594895 4595505
4596195 4596284
4597264 4597405
4598525 4599820
4600741 4602627
4604275 4604348
4605114 4605217
4606167 4606402
4606745 4607997
4608500 4608887
4610625 4611655
4612197 4613562
4614428 4614757
4615890 4620588
4621358 4621731
4622547 4624505
4625336 4628051
4628847 4629821
4630783 4630980
4631708 4633138
4634094 4634273
4634996 4637073
4638214 4641652
