gi_556503834_ref_NC_000913.3_
1 1373
1957 9259
9772 12302
12849 26449
26970 28017
28524 32517
33372 37000
37537 42503
43048 51008
51537 58282
59293 78683
79318 84257
84775 98451
98995 107391
107898 114281
114880 116484
117025 119643
120205 124511
125026 126667
127178 128198
128723 131718
132289 135544
136159 138052
138584 139974
140620 152260
152846 160838
161344 181639
182722 194296
194911 197699
198335 200193
200741 217873
218391 219688
220340 222455
222960 232333
233317 235529
236108 239983
240519 256477
257053 260285
260832 263718
264264 267821
268322 280815
281437 285105
285625 314598
315120 323803
324326 333726
334231 338817
339356 339952
340502 350426
350962 360764
361383 382729
383238 391183
391732 401303
401815 416805
417584 425701
426232 427064
427590 438904
439444 439993
440519 443780
444346 457875
458377 461576
462159 465096
465597 501167
501721 506510
507071 518219
518831 523798
524421 528208
528710 534743
535277 537322
537826 550670
551254 552180
552710 573160
573695 593932
594452 595318
595836 616259
616786 621565
622128 631658
632165 645659
646249 646725
647273 668612
669438 682928
683485 693236
693759 709067
709621 714835
715344 716536
717076 719621
720123 725882
726431 728236
728810 742535
743124 750052
750587 761910
762563 767652
768156 792951
793525 797005
797584 812164
812670 819988
820495 830405
830922 832022
832531 834839
835565 837407
837917 841659
842207 848306
848822 851386
852061 858325
858885 867692
868264 885285
885793 892456
892993 913006
913572 917212
917720 927985
928557 928903
929458 939801
940394 943282
943800 959249
959882 964230
964751 969754
970383 971365
971874 978996
979504 982694
983215 983583
984087 984956
985507 1007601
1008141 1008740
1009257 1013976
1014483 1032799
1033331 1041292
1041822 1044595
1045119 1059162
1059739 1068933
1069449 1075026
1075583 1079195
1079710 1089034
1089552 1097517
1098048 1109002
1109566 1149466
1149975 1156688
1157344 1160275
1160918 1163075
1163578 1172367
1172886 1173390
1174019 1174230
1174734 1185151
1185671 1190681
1191201 1191486
1191768 1225145
1225651 1234492
1235033 1242224
1242730 1248008
1248520 1271530
1272090 1278623
1279156 1307294
1307798 1308469
1308976 1333686
1334202 1339288
1339788 1363049
1363586 1365378
1365879 1383378
1383985 1385531
1386054 1386224
1386736 1403157
1403676 1420031
1420611 1427288
1427886 1431609
1432124 1438533
1439048 1444540
1445046 1449255
1449754 1450939
1451450 1453302
1453806 1456968
1457510 1461264
1461813 1476279
1476801 1485529
1486037 1504701
1505245 1518121
1518629 1519428
1519947 1524852
1525380 1539264
1539775 1539943
1540616 1540703
1541232 1555927
1556427 1568823
1569326 1577193
1577800 1578948
1579504 1585637
1586200 1586972
1587593 1607174
1607680 1614535
1615059 1619693
1620207 1625118
1625626 1636065
1636568 1640973
1641526 1678861
1679270 1687279
1687798 1696464
1696971 1700766
1701314 1705037
1705568 1726612
1727114 1742435
1742977 1761994
1762503 1766371
1767014 1768615
1769749 1798484
1799537 1799600
1800129 1812441
1813008 1816734
1817535 1817889
1818392 1826995
1827510 1844661
1845170 1851544
1852053 1859157
1859707 1875657
1876170 1884893
1885398 1896578
1897099 1916542
1917683 1931722
1932822 1962078
1962622 1963101
1963613 1965723
1966284 1970444
1970955 1999187
1999747 2017628
2018130 2026498
2027006 2029515
2030050 2045512
2046583 2071855
2072587 2084030
2084547 2085981
2086515 2106514
2107060 2116123
2116650 2118092
2118645 2126759
2127285 2136771
2137352 2143337
2143870 2150720
2151284 2164377
2164954 2165446
2165958 2181632
2182204 2182753
2183309 2200507
2201039 2216668
2217758 2224179
2224769 2241975
2242495 2253100
2253641 2260233
2260785 2280640
2281142 2285138
2285649 2286104
2286617 2288323
2288930 2291187
2291659 2291738
2292336 2302277
2302864 2310931
2311458 2312852
2313422 2324743
2325641 2353317
2353871 2356400
2356911 2359992
2360533 2362966
2363519 2379145
2379672 2380803
2381252 2382817
2383321 2386889
2387404 2395134
2395643 2400287
2400809 2401288
2401799 2407417
2407956 2428225
2428751 2430080
2430641 2462793
2463795 2470552
2471149 2478662
2479324 2488637
2489471 2490298
2490834 2499340
2500377 2505962
2506470 2524417
2524971 2535406
2535909 2543662
2544172 2549843
2550510 2563152
2563704 2586253
2586781 2589870
2590487 2594094
2594595 2615979
2616482 2616933
2617522 2618905
2619411 2620266
2620781 2627126
2627735 2632546
2633127 2637520
2638061 2642147
2642695 2645389
2645938 2673954
2674481 2676140
2676862 2682691
2683235 2696487
2697064 2697787
2698323 2715244
2715840 2720731
2721252 2723791
2724323 2725712
2726239 2736640
2737259 2745862
2746450 2748465
2748982 2759179
2759720 2766464
2766970 2777152
2777717 2791093
2791627 2803975
2804815 2807320
2807905 2809990
2810511 2824975
2825495 2839630
2840149 2845829
2846520 2852657
2853199 2855562
2856080 2858481
2859057 2864368
2864872 2876514
2877048 2886211
2886813 2890958
2891480 2910427
2910967 2916622
2917159 2942159
2942738 2954260
2954767 2967302
2967813 2976478
2976997 2980341
2980850 2985558
2986059 2988149
2988683 2989348
2989866 2997986
2998514 2999716
3000365 3002172
3002702 3005388
3005908 3006124
3006674 3023348
3023858 3025132
3025651 3026487
3026998 3027722
3028287 3036489
3036996 3043786
3044300 3047647
3048182 3053276
3053790 3059668
3060177 3070791
3071329 3075997
3076501 3081422
3081936 3091505
3092014 3092384
3092903 3093621
3094150 3108510
3109015 3117476
3117909 3122186
3122703 3147073
3147585 3148392
3149027 3160247
3161720 3164555
3165088 3170548
3171095 3176406
3176952 3183239
3183772 3204110
3204619 3206061
3206593 3211578
3212118 3214779
3215285 3249948
3250479 3250919
3251436 3254576
3255082 3267898
3268428 3304847
3305347 3305744
3306265 3311455
3312062 3316974
3317589 3322834
3323448 3324131
3324662 3327050
3327560 3331486
3332026 3349479
3350523 3353177
3353911 3389367
3390273 3394355
3394894 3395346
3395847 3402492
3403015 3413585
3414190 3435274
3435780 3439052
3439604 3447339
3447888 3455660
3456176 3458525
3459030 3465123
3465628 3471601
3472104 3487424
3488207 3491868
3492373 3497614
3498125 3511368
3511897 3512110
3512655 3514370
3514875 3522038
3522572 3528523
3529109 3530207
3530786 3548660
3549192 3555602
3556181 3599053
3599562 3610091
3610794 3612000
3612858 3640344
3640906 3648268
3648769 3662550
3663055 3666668
3667243 3689082
3689589 3690144
3690683 3694408
3694939 3713278
3713868 3714445
3714968 3715998
3716521 3722505
3723019 3727708
3728248 3739228
3739735 3752255
3752820 3767975
3768536 3769390
3769912 3770960
3771469 3776186
3776731 3786275
3786787 3794212
3794732 3798245
3798792 3798894
3799453 3811230
3811749 3814803
3815465 3848863
3849371 3858363
3859007 3863125
3863717 3872741
3873279 3873933
3874442 3879331
3879909 3915008
3915683 3928010
3928518 3929322
3929853 3934958
3935481 3949028
3949534 3951140
3951655 3964024
3964551 3967444
3968025 3974896
3975438 3988827
3989330 3991191
3991710 4016813
4017367 4020344
4020860 4023025
4023562 4032416
4032936 4034407
4034951 4050963
4051491 4065196
4065723 4065788
4066366 4066907
4067443 4072967
4073631 4088998
4089539 4100885
4101409 4115320
4115848 4125468
4126037 4134363
4134897 4136658
4137251 4140940
4141484 4145285
4145861 4158945
4159504 4172778
4173279 4174996
4175581 4191094
4191602 4202585
4203088 4230351
4230878 4244233
4244748 4259504
4260043 4265796
4266335 4293473
4294044 4294244
4294796 4302390
4302946 4318164
4318694 4321152
4321768 4389949
4390448 4407823
4408329 4447784
4448349 4449015
4449519 4456556
4457090 4473679
4474180 4483955
4484927 4489559
4490213 4495743
4496257 4497127
4497640 4520970
4522025 4543406
4543984 4553870
4554390 4555771
4556275 4560236
4560745 4572802
4573409 4575180
4575718 4576508
4577069 4578336
4578873 4588288
4588842 4597216
4597829 4637699
4638249 4641652
