Ecoli_0920_Ancestor_
1 50
82236 82319
83116 83247
91391 92426
246290 246590
294523 294852
377713 382987
414362 414616
419016 424402
496280 496390
550296 555327
644010 649050
698764 699075
826107 826241
924363 924471
937667 938673
965543 966470
968002 968267
969098 969232
1006816 1007278
1009059 1009188
1119719 1120550
1161871 1167278
1224149 1225153
1403487 1404591
1459311 1460496
1593209 1594334
1645522 1645812
1727687 1727949
1772495 1772587
1859411 1864643
2078380 2078561
2259696 2259856
2285971 2286125
2300789 2301786
2419475 2420538
2487995 2489226
2520680 2521667
2523604 2524529
2605264 2605900
2610905 2610954
2690870 2691363
2939354 2939759
2956069 2956277
3019101 3019221
3038536 3038619
3058077 3058135
3058671 3058743
3129222 3129334
3163008 3163319
3164610 3166055
3166852 3167167
3193661 3194666
3290238 3291211
3303474 3303670
3321178 3321374
3493183 3493821
3495400 3496461
3540496 3540902
3852951 3853519
3855886 3856005
3857650 3857876
3858438 3858657
3860915 3861167
3901852 3902606
3923420 3923865
4009014 4010396
4012407 4012457
4015176 4016122
4022868 4023934
4064274 4064813
4103646 4103832
4197931 4198997
4208313 4209357
4249314 4249382
4274344 4275476
4299502 4300264
4310791 4311529
4315698 4316750
4319142 4319272
4320069 4320152
4332173 4332797
4361954 4367240
4479297 4479405
4540750 4541320
4612102 4612700
Ecoli_0903_Taxon004_
264104 264246
450432 450490
459749 459830
716172 716383
850613 850847
954153 954471
1011493 1011896
1050287 1050358
1067842 1067899
1279931 1280027
1344697 1344959
1499637 1499723
1703506 1703917
2265596 2265727
2296480 2296640
2317687 2317769
2635100 2635361
2745294 2745383
3137631 3137682
3241176 3241230
3912719 3912944
3980963 3981220
4161460 4161732
4428508 4428695
4475045 4475141
