Buchnera_aphidicola_Baizongia_pistaciae_ancestor
23827 23884
30411 30804
36297 36627
46028 46275
73609 73716
98066 98173
108890 108974
124811 125039
129697 129821
131038 131176
145187 145241
152877 153674
166305 166474
168133 168441
184287 185015
189543 189799
212402 212721
217182 217426
251299 251980
258203 258434
265115 265224
280592 281169
282683 283359
287802 287903
291916 293007
315109 315226
317367 317524
319152 319729
328681 328772
334601 335544
341526 341613
342737 343338
345957 346049
360020 360721
366281 366391
373442 373597
386627 386768
389605 389757
426312 426520
432722 433195
437368 437638
453828 453945
482903 483068
496267 496405
501666 501938
537769 537856
542839 542940
562998 563184
568653 568975
576793 576988
596837 597140
Buchnera_aphidicola_Baizongia_pistaciae_0945
32602 32905
35474 36151
46979 47177
52754 52949
71059 71121
98823 99009
111614 111766
114603 114744
122553 122712
123369 123841
132092 132300
156547 156635
166245 166410
188639 188911
192616 194310
194823 194931
211815 211893
217699 217756
221370 221645
225818 226291
243549 243636
247377 247535
248619 248720
263351 263461
269021 269722
272377 272478
283693 283785
286404 287005
304234 304478
318293 318586
333883 333964
361668 362245
363873 364030
382981 383098
388390 389481
391524 391609
398038 398714
400228 400805
422963 423194
441395 441519
449612 449868
451756 451886
455810 455897
457825 459141
465231 465556
470239 470467
491558 491612
520477 521160
536258 536878
548755 549085
554578 555014
557561 557932
564980 565950
592333 592440
605858 606515
