gi_556503834_ref_NC_000913.3_
1 20713
21060 26771
27242 33262
33687 109702
110172 114143
114683 152288
152625 179912
180235 206952
207269 299086
299443 301909
302223 315228
316307 436911
437302 437740
438171 484950
485355 574932
575786 582347
582817 584892
585333 638595
639085 665788
666230 666670
667143 682178
682657 696429
696583 735404
735964 840215
841055 862813
863162 946111
946739 1003415
1004096 1012208
1012780 1092721
1093026 1117508
1117877 1122233
1122551 1160792
1161878 1210163
1210612 1373151
1373605 1375461
1375934 1386091
1386622 1395420
1395983 1451010
1451511 1467909
1468360 1469286
1470529 1517505
1518465 1552323
1552822 1723550
1723938 1729521
1729845 1758519
1759094 1762549
1763023 1878907
1879921 1884283
1884972 1893321
1893728 1905388
1905901 1936537
1936838 1948564
1949069 1970511
1971249 2095730
2096126 2122386
2123056 2128590
2129281 2157340
2158114 2194711
2195768 2196524
2197010 2205869
2206175 2217754
2218171 2224599
2224955 2256186
2256880 2301300
2301800 2309043
2309650 2321347
2321845 2333739
2334408 2439102
2439685 2476175
2476752 2488156
2488709 2518470
2519222 2551237
2551876 2789944
2790492 2818471
2818551 2925199
2925634 2930826
2931152 2958692
2959225 3009052
3009377 3038028
3038669 3081184
3081776 3114825
3115168 3191179
3191807 3192864
3193217 3201756
3202106 3233227
3233769 3306083
3306477 3336737
3337672 3345081
3345548 3405228
3405597 3405886
3406305 3464358
3464725 3470142
3470677 3491518
3491828 3620646
3620983 3691984
3692453 3803396
3803881 3804703
3806415 3901660
3902147 3918038
3918452 3950111
3950687 3968331
3969099 3974250
3974665 4018024
4018756 4084712
4085275 4111498
4112084 4139036
4139456 4153468
4153571 4201446
4201951 4207608
4208098 4230209
4230550 4270245
4270772 4303198
4303779 4351905
4352203 4424496
4424950 4466903
4467486 4598624
4599067 4633561
4634160 4641652
