e_coli_k12_gi_556503834_ref_NC_
1 130
15486 16632
21227 21417
22269 22709
64915 65079
66610 67097
72410 72610
86553 86719
95482 95783
102619 102828
120805 121370
134590 135019
137099 137511
142168 142321
149705 150342
164138 164578
186036 186249
196116 196343
199422 199620
202103 202207
205993 206474
210266 210442
223564 228781
231594 231813
245974 246762
257344 258576
266006 266990
268194 268481
270545 271662
275096 275424
278603 279997
290540 291616
293792 294542
306074 306407
314284 314487
327691 328007
332009 332179
339402 340093
347864 347972
349787 349944
356944 357672
358303 358409
363537 363790
375023 375093
385454 385603
391807 392868
394622 394807
400582 400754
418965 419541
439798 439970
445446 445546
450825 450954
452372 453014
473031 473302
478783 479183
482970 483185
485453 485539
489893 490117
495671 496159
505902 506134
508654 508860
513073 513194
525149 525310
525887 526745
533940 534197
547216 547385
548225 548375
551990 552308
557636 558302
566264 567936
574686 575691
580408 581263
582883 583075
590615 590829
597083 597599
599040 599265
608143 609252
617371 617921
622752 622842
629883 630059
635354 635568
654748 654826
669998 670053
678760 678836
685668 685742
687946 688952
696507 696784
699519 699858
700902 701152
704683 704920
709130 709700
722303 722393
724101 724391
726307 726730
728588 728679
729745 733154
734247 735467
736682 737043
737753 738680
770742 770820
780606 781759
784947 785126
785655 786166
799581 799695
803425 804612
805891 805982
834900 835836
839153 839332
845850 847054
848698 849171
853086 853319
854446 855137
860934 860989
861698 862134
865365 865555
870022 870133
878502 878682
893071 893181
897239 897361
908838 908954
916812 917213
924833 925362
935936 936571
937505 938322
941527 941777
958529 958735
981659 981869
984246 984479
992841 992893
994144 994261
1025888 1026364
1032271 1032555
1043769 1044095
1049869 1051333
1070065 1070470
1074029 1074229
1076390 1076800
1087567 1088037
1094343 1095404
1097217 1097560
1110721 1110944
1113003 1113237
1115701 1115917
1117064 1117548
1120380 1120553
1131211 1131441
1141400 1141574
1146181 1146305
1150146 1150562
1166156 1166369
1171056 1171451
1174158 1174580
1176165 1176234
1181285 1181695
1183017 1183302
1188616 1188807
1192082 1192262
1198529 1198990
1206743 1207043
1214979 1215497
1225845 1225977
1231420 1231923
1233417 1233897
1234930 1235168
1242812 1243278
1247047 1247921
1259313 1259501
1269086 1270154
1286908 1287075
1299567 1300651
1313350 1313808
1314641 1314854
1329189 1329257
1332631 1333053
1340988 1341153
1356592 1356791
1360707 1360875
1371797 1371978
1382312 1382383
1386862 1386958
1396139 1397069
1418729 1418980
1431883 1432657
1449316 1449995
1456572 1456711
1466726 1467019
1468011 1469144
1481354 1481542
1500084 1500266
1503800 1503882
1526859 1526968
1531620 1532881
1545597 1545863
1552097 1552303
1574565 1575088
1589854 1589946
1599370 1599524
1607703 1607906
1613609 1613794
1614359 1614603
1616085 1616162
1616731 1616928
1630576 1631178
1632641 1634974
1635938 1636793
1650942 1651450
1657330 1658082
1670519 1670967
1672694 1672763
1680705 1681168
1696680 1696947
1698890 1699382
1708756 1708840
1731901 1732118
1736517 1736905
1754218 1754383
1768862 1769078
1779115 1779195
1781107 1781270
1785258 1785468
1791080 1791143
1792353 1792583
1793420 1794087
1798725 1798969
1812035 1812199
1814061 1814425
1822454 1822941
1826570 1826973
1832475 1832651
1850262 1850433
1867908 1868308
1876245 1876452
1885243 1885568
1909884 1910021
1911986 1912160
1916695 1916973
1917489 1917980
1918906 1919308
1924320 1924426
1935407 1935623
1946188 1946369
1962728 1962953
1978602 1979171
1980545 1981015
1982279 1982445
1990001 1990214
1991073 1991275
1999101 1999318
2004775 2005077
2014616 2014836
2029151 2029447
2030744 2030816
2031884 2031934
2032518 2032907
2039310 2039665
2052276 2052417
2066209 2067200
2068981 2070174
2078636 2079084
2082833 2082883
2086275 2086479
2088033 2088363
2092977 2093141
2098767 2099132
2101641 2102899
2106742 2106810
2110656 2110804
2116242 2116417
2125842 2126088
2129897 2130009
2148369 2148630
2153366 2153426
2163338 2163476
2167195 2167248
2167912 2168488
2169669 2169806
2170310 2171260
2175267 2175419
2177232 2177669
2188781 2188975
2193142 2193219
2200662 2200863
2204004 2204584
2215276 2215387
2224730 2225100
2229070 2229237
2233252 2233706
2236685 2237119
2258976 2259409
2275011 2275498
2278871 2279071
2285169 2285280
2288986 2290268
2291152 2291350
2295257 2295322
2304287 2304818
2320238 2320843
2335720 2336108
2337124 2337833
2346442 2346574
2352978 2353424
2369555 2369636
2376682 2376836
2384664 2385027
2394523 2395156
2407685 2408706
2419020 2419536
2422616 2422771
2427992 2428431
2430183 2430418
2431947 2432649
2435431 2435625
2438149 2438269
2442390 2442548
2448626 2448719
2467159 2467236
2469453 2470034
2488827 2489056
2508296 2508731
2516091 2516140
2518117 2518231
2519553 2519982
2520972 2521324
2523836 2524016
2537624 2537994
2541570 2542418
2548995 2549299
2606782 2607019
2618995 2619161
2628472 2628709
2633802 2633972
2640378 2640484
2641516 2641735
2644976 2645136
2648974 2649358
2650799 2650957
2655083 2655154
2662308 2662398
2666302 2666562
2680628 2680888
2695876 2696186
2707102 2707264
2709343 2709708
2715380 2715660
2717297 2717497
2718612 2719225
2725092 2725292
2726054 2731426
2740020 2740298
2743521 2743855
2753387 2753447
2769896 2770134
2782179 2782389
2783238 2783335
2793188 2793298
2795542 2795622
2797376 2797889
2798438 2798737
2801303 2801888
2817298 2817477
2818137 2818507
2836053 2836302
2837074 2837225
2840514 2840599
2843668 2843887
2855947 2856267
2867386 2867797
2878048 2878250
2894649 2895075
2904162 2904405
2911152 2911335
2923373 2923602
2940331 2940917
2946330 2946592
2947290 2947536
2966661 2966729
2996458 2997595
3000717 3001079
3017126 3017550
3018353 3018756
3023267 3023333
3028266 3028626
3051057 3051203
3072505 3072763
3077643 3077985
3099902 3100291
3112601 3113316
3114814 3114972
3115499 3115662
3119713 3120016
3120412 3120897
3123097 3123375
3128500 3128633
3130242 3131745
3133788 3133990
3140132 3140330
3150674 3151322
3159470 3159761
3162092 3162916
3178990 3179140
3186228 3187327
3189462 3189825
3190328 3190628
3197179 3197583
3201454 3201512
3203231 3203718
3209867 3209927
3219287 3219393
3226533 3226759
3227691 3228080
3237736 3238050
3267587 3267900
3269917 3270142
3273828 3274425
3299119 3299403
3302748 3302830
3303595 3303660
3310968 3311738
3312434 3312628
3320028 3320256
3363025 3363115
3365651 3366656
3372292 3372482
3374619 3375224
3377460 3377529
3380846 3381283
3387841 3388287
3392171 3392568
3393459 3393514
3413585 3413856
3423300 3428822
3430006 3430093
3430682 3431116
3450080 3450265
3475302 3475761
3507392 3507510
3510171 3511093
3512449 3512997
3515915 3516118
3520523 3520680
3565449 3565514
3570768 3571012
3575536 3575848
3577481 3577727
3583185 3584303
3585369 3585627
3604073 3604757
3606994 3607065
3617938 3618725
3621985 3622763
3623891 3625590
3636239 3636345
3638503 3639688
3645697 3645889
3652051 3653137
3663424 3663513
3666248 3667374
3675938 3676196
3681393 3681448
3689945 3690109
3691516 3692210
3693295 3693537
3705482 3705639
3707108 3707220
3708467 3708634
3722415 3722785
3737489 3737679
3741755 3741945
3761863 3765730
3767319 3767460
3788013 3788195
3793148 3793430
3808754 3808968
3829777 3830020
3831224 3831416
3833254 3833717
3843292 3843495
3852653 3852802
3859498 3859914
3869592 3869666
3890151 3890285
3892444 3892634
3905779 3905961
3910025 3910084
3916672 3917369
3922492 3922626
3932470 3932591
3939622 3939677
3941537 3947154
3964121 3964344
3964849 3965016
3967490 3967713
3969388 3969607
3974972 3975215
3994230 3994324
4027279 4027575
4034045 4034471
4035270 4037396
4040642 4040746
4082315 4082656
4083942 4084140
4094013 4094698
4105802 4105971
4112805 4113062
4126880 4127466
4128694 4129440
4133356 4133563
4145336 4145467
4153447 4153692
4161503 4161992
4162644 4163302
4165477 4165584
4166398 4171866
4176241 4177010
4181737 4181816
4185108 4185321
4190853 4191085
4196819 4197269
4207942 4208000
4209738 4212862
4213495 4213799
4225896 4226042
4226857 4226955
4229857 4230128
4243975 4244193
4256474 4256578
4295837 4296173
4300526 4300840
4320017 4320190
4322915 4323241
4325892 4326323
4335646 4335813
4342505 4343275
4344278 4344327
4353652 4354382
4362681 4362812
4367362 4367553
4381314 4381484
4382390 4382622
4390108 4390211
4393031 4393387
4395299 4395649
4397047 4397263
4404025 4404227
4408194 4408384
4428741 4428915
4433359 4433423
4440215 4440743
4450946 4451200
4452998 4453443
4458384 4458855
4461044 4461216
4481795 4482014
4488222 4488371
4490372 4490707
4498280 4499413
4507186 4508862
4518627 4518845
4519744 4520131
4520891 4521208
4522275 4522517
4531120 4531403
4538707 4539187
4543746 4543972
4583195 4583461
4590900 4591064
4593338 4593400
4602792 4602917
4606167 4606382
4614409 4615019
4633341 4633450
4635980 4636200
