gi_556503834_ref_NC_000913.3_
1 114143
114683 315228
316307 574932
575786 735404
735964 840215
841055 946111
946739 1003415
1004096 1012208
1012780 1160792
1161878 1386091
1386622 1395420
1395983 1451010
1451511 1467909
1468360 1469286
1470529 1517505
1518465 1758519
1759094 1878907
1879921 1884283
1884972 1905388
1905901 1948564
1949069 1970511
1971249 2122386
2123056 2128590
2129281 2157340
2158114 2194711
2195768 2256186
2256880 2309043
2309650 2333739
2334408 2439102
2439685 2476175
2476752 2488156
2488709 2518470
2519222 2551237
2551876 2789944
2790492 2958692
2959225 3038028
3038669 3081184
3081776 3191179
3191807 3233227
3233769 3336737
3337672 3470142
3470677 3804703
3806415 3950111
3950687 3968331
3969099 4018024
4018756 4084712
4085275 4111498
4112084 4153468
4153571 4201446
4201951 4270245
4270772 4303198
4303779 4466903
4467486 4633561
4634160 4641652
