Ecoli_ancestor_Ancestor_
1 1046
13754 37220
85615 92568
115110 117322
144237 150751
197868 203143
226574 237515
288615 297559
377742 382906
384404 384919
399149 411323
413837 414660
419014 425925
550265 555550
646870 649273
665362 669165
692000 692842
716762 717113
825032 828804
922383 927634
968023 968273
971532 973095
1006417 1007321
1027728 1028644
1163598 1167039
1224163 1239520
1323677 1324752
1369625 1378147
1381713 1392821
1393368 1402130
1403172 1403456
1404084 1407899
1421912 1428782
1429295 1436953
1459519 1460549
1520894 1523051
1566640 1578557
1593168 1594309
1597215 1597550
1710284 1724398
1750850 1751337
1767227 1778978
1853837 1854128
1859374 1864638
2075258 2090581
2300800 2301738
2351525 2352546
2376936 2384848
2419431 2420575
2440657 2440962
2487970 2489000
2520733 2521729
2523560 2524466
2605446 2605744
2619256 2626636
2646696 2649680
2650208 2660696
2711070 2728103
2780976 2787788
2793113 2798239
2805924 2825991
2826593 2834290
2939390 2939906
2953967 2954848
2956000 2958189
3058061 3059112
3059619 3061180
3112002 3116747
3118750 3126363
3164766 3166989
3168661 3171244
3186426 3194651
3261120 3275575
3290166 3291196
3493660 3493840
3494765 3495304
3496423 3496504
3785055 3791311
3806291 3811168
3827461 3836943
3855761 3856601
3857632 3861085
3870296 3881763
3882348 3891836
3899972 3903899
3972610 3978939
4012363 4012483
4015128 4016158
4022825 4023969
4043990 4073807
4106091 4116180
4116728 4126488
4197896 4199040
4208348 4209489
4240723 4250733
4299508 4300308
4310874 4311586
4314386 4314718
4315764 4316794
4319135 4320196
4332234 4332841
4361854 4367284
4400158 4403233
4427830 4435103
4522132 4537515
4540706 4550731
