Buchnera_aphidicola_Schizaphis_graminum_0980
1 298
2742 3114
3932 4122
5899 5971
8345 9273
10798 11076
11817 12773
13772 14892
16340 16605
17988 18672
20092 20251
21993 22494
25154 26954
27813 28400
29667 29862
31285 31368
31870 34891
36212 36489
42750 42917
44053 44469
46632 47081
49451 49828
50587 52414
53135 53502
55157 55423
56164 56467
58728 58801
60644 61232
64117 64359
65425 66018
66762 69029
72696 73045
73678 75061
78078 78263
81785 82116
83376 83476
84026 85643
88759 89018
89519 90390
91631 91893
93017 93105
94317 94560
98873 99026
100144 100250
102210 102348
102858 103085
103920 104133
105503 105703
108792 109007
111025 111646
118285 118570
120731 120970
121603 123058
126198 126312
127347 128087
130807 131344
132514 133975
134611 135025
136083 136335
139916 140154
142333 142467
143156 143728
144329 145591
151508 152077
153260 153486
155703 155968
163101 163346
164754 165004
167832 168906
169969 170608
171725 172124
173359 173643
174299 174953
178298 178726
180223 180484
182353 182835
185970 186714
191171 191380
199331 199625
202316 202398
203928 204341
206436 207387
208939 209436
213096 213673
214718 214882
215991 216235
217191 217454
218844 219387
222303 222631
223191 224031
229950 230768
231501 231897
234267 235112
239854 239955
241402 241532
242039 243080
245465 246766
247953 250155
251440 251877
257389 257786
259118 260982
262442 262720
263309 263591
264750 265884
269483 270381
273983 274232
274771 275020
281308 282642
283593 283731
287006 288037
288558 288804
292070 292337
292929 293419
296055 296786
299835 300074
303136 304530
309919 310159
310713 311392
317010 318303
322901 323752
327151 327653
329432 329616
333148 334152
337082 337454
338875 339069
344632 345418
348787 351514
352046 354868
357226 357770
358301 358657
360570 361098
362329 364627
370199 370498
373492 373711
374219 374357
376212 377089
378820 379729
380257 382183
383604 384413
386668 386866
387581 388306
394092 394357
396304 396492
397928 398097
400121 400496
404450 404702
405729 405998
411382 411558
412402 413022
414600 415701
416242 416491
419944 420163
422863 423302
424691 425013
426125 426646
428173 429112
434731 434938
436884 437026
441072 441510
443547 444377
446017 447829
453346 454339
456903 457073
464795 464877
472306 472954
473467 474655
477881 478101
480510 481347
483735 484263
485992 488464
489059 489355
490294 490619
506105 506384
507377 508072
510141 510607
515857 517051
517623 517909
519352 520300
524103 524398
527790 527930
531534 531810
532420 532586
534768 535159
538502 538829
541180 541708
542295 544090
545263 545408
547538 547683
548190 548653
551341 551512
553200 554119
558358 558841
560740 562283
563347 563632
566093 567553
568162 568393
568939 569269
570913 572292
572854 574263
576686 577260
577893 580042
582474 582875
583979 584120
584657 585070
587742 587897
594774 595495
596181 598777
600529 600853
605387 605566
610035 610302
614810 615555
616974 617176
619491 619909
621556 621843
627883 628093
629345 629578
630342 630401
631057 631346
632798 633066
636903 637546
638376 638671
642075 642259
653016 654042
655367 655623
656267 656812
657882 658267
663091 664385
667333 667586
675636 675814
678250 678710
679603 679908
682603 682692
689832 689970
696532 696875
701168 701723
704182 704579
706729 706998
707546 708795
710353 711012
712477 712733
713719 713967
717098 717274
720179 720378
724167 724983
727332 727839
730700 730843
731361 731616
733008 733905
734696 734994
736563 736624
738943 740252
742410 743074
743865 745025
747689 748473
749329 749613
753116 754075
757038 757404
761552 762140
762782 765453
768161 768604
769589 769773
771964 772332
774405 775315
780928 781721
783717 785874
788698 788854
789872 789954
794449 794735
796704 798112
799666 800030
800808 800998
802180 802780
803427 803715
808563 809026
812118 812301
814595 814863
817412 818722
819862 820113
823228 823448
823997 824302
827399 827480
827982 828288
832692 832981
834782 835047
836398 836646
837398 837829
839340 839630
841025 841324
844680 845087
845803 846113
850117 850467
851685 852064
852612 853267
858813 859334
860864 861345
863807 863867
867537 867637
869208 869798
872936 873129
876436 876607
877170 878146
882639 882955
887942 888743
891279 891898
895350 895515
896253 896732
897708 897917
898795 899006
901603 901811
902949 903383
912159 912456
916675 916858
919886 920491
925424 925570
927039 927319
931221 931851
938830 939294
943113 943402
945199 945758
952018 952183
957431 957720
961522 961582
962310 966379
967029 967442
974473 975985
978134 978321
992563 992964
993889 994312
994818 994969
1003172 1004240
1005410 1005849
1010346 1011883
1016212 1017706
1018782 1019130
1020981 1022270
1023183 1023520
1024043 1024666
1026449 1026640
1028128 1028331
1030603 1030774
1033023 1033832
1034665 1034955
1037060 1038745
1040625 1042234
1047654 1047950
1048789 1048898
1049948 1050408
1053156 1053741
1063078 1063387
1065088 1065329
1072748 1073289
1073850 1074035
1079732 1080211
1080741 1081136
1081723 1081931
1087766 1088500
1090726 1091057
1091716 1091869
1096048 1096753
1100701 1101446
1104162 1104435
1105389 1105661
1106227 1106916
1107793 1108375
1109545 1109627
1116264 1116466
1117462 1117692
1118820 1119049
1119644 1119917
1121500 1122366
1126273 1126519
1127164 1127448
1128569 1128765
1130920 1131015
1132942 1133115
1136119 1137514
1138815 1139241
1142719 1143197
1147463 1149811
1153830 1154593
1156192 1156286
1162789 1163718
1165861 1166064
1167201 1167499
1168658 1168984
1172353 1173580
1175172 1175425
1180510 1181999
1182781 1182938
1184738 1185012
1185785 1188490
1192845 1193590
1195075 1195312
1196181 1197634
1198372 1199113
1202586 1203192
1205522 1205610
1206413 1206859
1207883 1208072
1208949 1209302
1210969 1211931
1213769 1214589
1217127 1217351
1218913 1219091
1220747 1220865
1224314 1224857
1226239 1228153
1231933 1233030
1238674 1238845
1239541 1239724
1250571 1250838
1253735 1253842
1257129 1257366
1264466 1265163
1266717 1266975
1268082 1268592
1269139 1269544
1270348 1270921
1271650 1273040
1274630 1275085
1277161 1277462
1279046 1281788
1282339 1283387
1284632 1285581
1286301 1286989
1287786 1288377
1292851 1293136
1294005 1294099
1295212 1295690
1296333 1296739
1297506 1298878
1302206 1302512
1304060 1304215
1309781 1310833
1311542 1312426
1316375 1316481
1317918 1318116
1318651 1319321
1322776 1322967
1324406 1324562
1325220 1325433
1326507 1326774
1328916 1329150
1331622 1332994
1333505 1334251
1335584 1335905
1336416 1338178
1342158 1343024
1345113 1346148
1347084 1347147
1347820 1347889
1352969 1354529
1361921 1363230
1365216 1365414
1369936 1371170
1371681 1371811
1373016 1373234
1374404 1378359
1378880 1382081
1382614 1383402
1384252 1384439
1385042 1385656
1386236 1386887
1388355 1391279
1391979 1392033
1392771 1392960
1393981 1394440
1395374 1395602
1396167 1397258
1399657 1399917
1400454 1400593
1401512 1402294
1403436 1404696
1407044 1408191
1411102 1411345
1412677 1413207
1419112 1419565
1425804 1427020
1427947 1428811
1429776 1430976
1431550 1433177
1439348 1440348
1440983 1444410
1445246 1445441
1446003 1446981
1449922 1451496
1452328 1452728
1455445 1455775
1457966 1458375
1460358 1460564
1461277 1461924
1462552 1462883
1465989 1466087
1468334 1468547
1472058 1473257
1474548 1474772
1475942 1476929
1483151 1483914
1485316 1487413
1489152 1490165
1490799 1491449
1493307 1494475
1497767 1498218
1503712 1504144
1506176 1506415
1511235 1512108
1516545 1517383
1518489 1521178
1526973 1527393
1531579 1531998
1532546 1532877
1534575 1535025
1537731 1537984
1538673 1540154
1542268 1542337
1543380 1543471
1544113 1545344
1552499 1552557
1553090 1553396
1555248 1555464
1557070 1557288
1557985 1558284
1560398 1560682
1563238 1563492
1572265 1573195
1574261 1575063
1576247 1578381
1580318 1580599
1584130 1584364
1585198 1586345
1588040 1588251
1590519 1590611
1592635 1593206
1598316 1598534
1609009 1610581
1611127 1612113
1618175 1618696
1622132 1622270
1626194 1627776
1628382 1628449
1630772 1631585
1645254 1645615
1651200 1651777
1654837 1655313
1658781 1659043
1660468 1660900
1664386 1664597
1665606 1666093
1668122 1668439
1670020 1670357
1674585 1674776
1675457 1675626
1676176 1677112
1679443 1681238
1685079 1685401
1687540 1688367
1693800 1697092
1699217 1701146
1702324 1702454
1704585 1704868
1705382 1705727
1706321 1706490
1709159 1709299
1710185 1710260
1710844 1710958
1711996 1712771
1713295 1713611
1714320 1715067
1716962 1717284
1718010 1720558
1726375 1727769
1728443 1728567
1736072 1736918
1737799 1739186
1746645 1746843
1747888 1748676
1751163 1751420
1752016 1752185
1754563 1755489
1756168 1757003
1760609 1761183
1764269 1764333
1764996 1767035
1767770 1772440
1772977 1775420
1775949 1776301
1777181 1777567
1778124 1778859
1780763 1780943
1782419 1782647
1783178 1783967
1785061 1786642
1787571 1788648
1789179 1789766
1792365 1792672
1793199 1793874
1795341 1797034
1799334 1799731
1800379 1801425
1802262 1802322
1806098 1806568
1807195 1807972
1808538 1808810
1809421 1810476
1812323 1812463
1813036 1813216
1815473 1816718
1817458 1818215
1828717 1829982
1831845 1833839
1837304 1837684
1838684 1838834
1839610 1840246
1840932 1841077
1842439 1842628
1843577 1844321
1844836 1845476
1849089 1849310
1849955 1850386
1855222 1855692
1856588 1856674
1857175 1858640
1861999 1862470
1866775 1866892
1867824 1869449
1871425 1871561
1876154 1876761
1880607 1882045
1884976 1885964
1887511 1888546
1892056 1892775
Buchnera_aphidicola_Schizaphis_graminum_ancestor
1 298
2742 4721
5899 5971
8345 9493
10798 11076
13772 14116
16340 17207
19476 19774
21993 22494
25154 25499
26052 27128
27813 28400
29189 31368
31870 32016
33519 33864
35654 36489
42750 42917
44053 44469
47895 48251
52197 52414
55157 55423
59727 59787
60624 61658
63517 63918
65015 65278
66152 67504
68175 68850
69377 69684
70264 70915
72190 74478
75407 76061
76799 76988
78009 78871
79402 80095
81106 81286
83685 83925
84482 84621
85748 86533
87258 94279
95014 97053
97716 97780
100424 101440
108030 109293
109864 110033
110629 110886
113373 113638
115206 115404
118778 118852
122550 123684
124350 124623
125131 125977
130748 130815
133556 133951
147620 147981
149968 150576
153566 154328
155860 156670
157203 157679
161147 161409
162131 163266
166752 166963
167972 168459
170488 170805
172386 172723
174654 175073
176951 177142
177823 178771
182980 184682
190488 190733
195942 199983
204690 204820
206951 207234
207748 208856
211525 211665
212551 213324
214362 215137
216715 217433
217963 218725
219354 219650
220376 220588
222842 222942
225313 225832
227041 227118
228741 228935
229525 230135
230809 230933
233063 233590
236059 236897
240136 240692
246487 246907
251093 252391
253007 253558
257245 257498
261782 261851
262894 262985
264021 264178
267733 268688
272013 272071
272604 272910
274762 274978
276584 277798
279912 280196
282752 283006
291779 291999
292513 292709
293775 294022
295761 297895
299832 300113
303644 303878
304712 304812
307554 307765
308857 310125
312149 312395
317830 318048
328523 331627
341646 342189
342764 343198
348550 349229
350750 350814
355695 355873
357905 358472
359472 360335
361249 363731
367574 367847
368564 368742
370600 371250
371884 372897
374636 374762
376070 376733
378135 378898
381923 382403
385120 386107
387277 387501
389800 389991
390646 390894
393502 393715
395962 396916
399597 400027
401333 401691
403674 404083
406274 406604
409321 409721
411428 412127
415068 416046
416608 416803
420877 421066
421701 421845
422543 422701
425722 426238
428872 429022
431073 433447
443037 444713
448842 449536
450476 454993
456852 457253
458350 458613
459487 460839
461510 462185
462712 463019
465525 467813
468742 469396
470134 470323
471344 472206
472737 473430
474441 474621
477020 477260
477817 477956
479083 479435
480593 487645
488815 489033
490238 492113
496635 496833
507520 510891
513454 514965
515901 516936
519025 519891
525531 525596
528644 530427
532899 533133
535275 535542
536616 536829
537487 537643
539082 539273
542728 543398
543933 544131
545568 545644
549623 554562
555807 558164
560739 560888
561718 562004
564465 564753
569331 569486
571034 571340
574068 578334
579447 579582
580253 580695
584587 584888
586964 587419
590012 590399
591128 591701
593457 593967
595074 595332
604683 604920
608207 608314
610591 611478
614478 616084
622325 622508
623204 624378
627683 628009
631454 632605
634197 634450
636845 637581
640403 641024
641806 641963
643763 644037
644810 645448
651870 652016
654708 655251
656910 657411
658700 658818
659703 659920
662214 662438
664976 665796
666570 666726
668457 668596
670263 670616
671493 672606
673955 674043
676373 676979
679159 679537
683245 684490
686519 687178
694550 694848
695985 696188
696783 697150
698331 698631
700030 701410
705763 705913
707397 708219
712238 712488
714130 714586
724535 725065
726927 727793
728934 729107
731034 731129
733284 733480
734601 734885
735530 735776
739683 740549
742132 742405
743000 743172
744357 744587
745632 745785
748496 749431
752422 752504
755614 755822
756388 757887
759412 759673
762525 763408
767876 767988
768685 768944
775034 776587
780539 781114
783486 783834
785685 785950
787884 789404
791153 791344
792832 793035
795307 796482
797727 798536
799369 799659
805329 805427
812358 812654
813493 813602
814652 815112
817860 818445
819269 819770
827782 828091
829792 830009
838554 838736
845445 846635
852470 853204
855430 855761
856366 856573
860631 861457
865808 866150
867737 868985
883728 883892
885104 885381
886064 886221
887146 887576
888666 889345
894607 895020
895670 895926
897709 898188
900467 900527
904329 904618
909866 910031
913949 914392
916291 916850
918647 918936
922755 924076
927392 928781
930198 931261
934730 935010
936479 936625
943866 945374
949593 949890
958666 959100
960238 960446
963043 963254
964132 964341
965317 965796
970151 970770
973775 974107
979094 980250
982390 983051
983853 985613
988920 989113
992251 992723
994412 994512
998182 998242
1000704 1001185
1002715 1003236
1008782 1008855
1009985 1010364
1011582 1011728
1015936 1016246
1016962 1017971
1020718 1021024
1022040 1022802
1024220 1024651
1027002 1027267
1029068 1029357
1034569 1034650
1038601 1038821
1041069 1042187
1043327 1044637
1046406 1047454
1049748 1049931
1053023 1053486
1054243 1054825
1058334 1058622
1060402 1061241
1062019 1062798
1063937 1064501
1067314 1067600
1072095 1072177
1073195 1073351
1076175 1077286
1080328 1081121
1086734 1087644
1088206 1088814
1089717 1090085
1092276 1092460
1093445 1093888
1096596 1096832
1099356 1100993
1101635 1101869
1107974 1111267
1112436 1112720
1113576 1113728
1117127 1118184
1120956 1121292
1121797 1125701
1127259 1127918
1129368 1129639
1130625 1130873
1134004 1134180
1137085 1138786
1144238 1144745
1146247 1146546
1147606 1147749
1148267 1148522
1149914 1150025
1150558 1151900
1153469 1154503
1155045 1155320
1157470 1157867
1160275 1161118
1165174 1165517
1172079 1172217
1173797 1174390
1175014 1176952
1179357 1179446
1182546 1183799
1186235 1186413
1194463 1194716
1197664 1198285
1203782 1204167
1205237 1205778
1206426 1206682
1208007 1208177
1208933 1209033
1209682 1210520
1219790 1219974
1220993 1221660
1222556 1223673
1228983 1229251
1230703 1230992
1231648 1231707
1232471 1232704
1233956 1234916
1240206 1240493
1244018 1244418
1246494 1247239
1251747 1252014
1254137 1255388
1256483 1256662
1261196 1261520
1263272 1263516
1268454 1269887
1274152 1274307
1276979 1277392
1277929 1278070
1278742 1279575
1282007 1284156
1286584 1288086
1288728 1289149
1289981 1290241
1290763 1291136
1292780 1293110
1293656 1293887
1294496 1294778
1298417 1298702
1300578 1301309
1307930 1308197
1308759 1308849
1310537 1310708
1313396 1313859
1314366 1314511
1316641 1316786
1320769 1321299
1322082 1322711
1323220 1323547
1326039 1327682
1329463 1329629
1330282 1331005
1334119 1334259
1337162 1337946
1342169 1342697
1344140 1344453
1345058 1346192
1354610 1355076
1365293 1365513
1367922 1368759
1371147 1371675
1373404 1373672
1375976 1376767
1377706 1378031
1395603 1396400
1397172 1397726
1404976 1405146
1407710 1409183
1411682 1412203
1413730 1413956
1414533 1414669
1418085 1419618
1420288 1420495
1426629 1427067
1429104 1430994
1433100 1434651
1438747 1439186
1441886 1442105
1445558 1445807
1446348 1447449
1449573 1449647
1450491 1450667
1457347 1457599
1461553 1461928
1463952 1464121
1465557 1465745
1467692 1467957
1470980 1471048
1474303 1474468
1475183 1475381
1477636 1479191
1479814 1483229
1487692 1488557
1491551 1491850
1492957 1493343
1497649 1498588
1500951 1501479
1503392 1504823
1507143 1511147
1515438 1515868
1516631 1517417
1522980 1523566
1530891 1531570
1534604 1534960
1537188 1538481
1543079 1543930
1549610 1549794
1550962 1551717
1553326 1554330
1561975 1562214
1565263 1565994
1569712 1569979
1573245 1574453
1578318 1578456
1579786 1580741
1587029 1587278
1587817 1588066
1588765 1589201
1591829 1592566
1596165 1596269
1597836 1598740
1599329 1599607
1601506 1602931
1604263 1604917
1610172 1612235
1612762 1612870
1616284 1616584
1618387 1620647
1622094 1622195
1626937 1627782
1630152 1630548
1631157 1632965
1635059 1635312
1639296 1639490
1639997 1640114
1641301 1643456
1644691 1644975
1645631 1646285
1649630 1650058
1651555 1651816
1653685 1654167
1657946 1658046
1662503 1662712
1670024 1670957
1673648 1673730
1675260 1677850
1678356 1678719
1680271 1681495
1684428 1685005
1686050 1686214
1687323 1687567
1688523 1688778
1689567 1690719
1694876 1695363
1698703 1698948
1706081 1706346
1708563 1708789
1716458 1716645
1717586 1718893
1721895 1722133
1725714 1725966
1727024 1727438
1729635 1730031
1733962 1735102
1735737 1735851
1741079 1741273
1744964 1745429
1753042 1753257
1756346 1756546
1757169 1759836
1760864 1761699
1763023 1763176
1766370 1767732
1768944 1769301
1770156 1770418
1771659 1772530
1773031 1773290
1777820 1778673
1783786 1783971
1788129 1788371
1789004 1789353
1793020 1793903
1795066 1795931
1797690 1797932
1800817 1801405
1803248 1803321
1805582 1806568
1807780 1807972
1808538 1808810
1810014 1810476
1812323 1812463
1813036 1813216
1815473 1816718
1817988 1818215
1828717 1829982
1831845 1832786
1834783 1835747
1837304 1837684
1838684 1838834
1839610 1840246
1840923 1841077
1842439 1842628
1844421 1845476
1847629 1848446
1849089 1849310
1849942 1851274
1851803 1852055
1856588 1856674
1857175 1858640
1859255 1860286
1861999 1862470
1863831 1865364
1866775 1866892
1868525 1869870
1871425 1871561
1876154 1876761
1878374 1880801
1881511 1882045
1884976 1886401
1888305 1888546
1892538 1892775
