Salmonella_ancestor_Ancestor_
1 255
63993 64225
65701 66499
289304 294506
335900 336113
337105 337318
369386 369744
424301 424368
520404 520484
819573 819638
999478 999808
1000766 1000859
1025116 1025636
1099761 1100947
1104399 1110653
1114308 1115605
1135535 1135822
1136884 1137535
1224285 1224581
2045802 2046243
2081254 2081420
2287432 2287746
2348410 2349080
2351548 2351733
2579319 2579840
2630885 2631029
2735309 2735402
2736039 2736574
2737751 2738038
2794655 2794786
2801106 2804569
2826959 2828785
2829303 2832216
3194306 3194827
3495996 3496047
3519177 3520785
3521392 3521976
3566963 3572111
3598409 3598788
3611865 3612043
3635150 3635668
3742646 3742902
3814349 3814448
4025621 4030759
4112320 4116871
4195913 4201356
4350975 4356406
4415289 4419981
4436068 4436347
4450134 4450336
4560041 4560510
4596673 4596841
