Buchnera_aphidicola_Baizongia_pistaciae_0990
1 55
4081 4360
9516 9695
25399 25676
36983 37165
68547 68636
79162 79354
93076 93330
102809 103195
121434 121896
127476 127594
132242 132526
133997 134381
136592 136844
137402 137719
146032 146678
172189 172411
174140 174415
177270 177434
181241 181532
186070 187670
212969 213323
215091 215238
225237 225414
233192 233579
235380 235832
250578 250773
253153 253393
270117 272593
288410 288626
295440 295882
304196 304344
322984 323521
333203 333335
340390 340706
363832 364022
364829 364886
365586 365854
371216 371447
374113 374168
375142 375248
392648 392748
399872 400164
408494 409132
413042 413326
415199 415433
447535 447922
450444 450738
452621 452718
455033 455126
471210 471300
481816 481907
490847 494442
510322 510541
520563 520807
525375 525531
529839 530555
539024 539254
546432 550171
576810 577088
584012 584157
594815 595007
601603 601791
611059 611168
Buchnera_aphidicola_Baizongia_pistaciae_ancestor
1 55
4081 4360
9516 9695
12102 12349
25399 25676
36983 37165
47246 47625
68547 68636
77575 79354
82183 83252
93076 93330
102809 103218
110996 111182
136693 137339
142693 143045
145652 145969
146527 146779
150845 151129
155777 155895
161475 161937
180176 180540
182341 182531
186524 186815
190622 190786
193641 193916
195645 195858
205857 206004
207772 208778
234391 234587
244269 244806
263446 263594
271317 272350
279164 279380
295197 295313
298888 299128
331958 332193
332768 333335
340390 340591
363832 364022
364829 364886
365586 365854
371216 371447
374113 374168
375142 375248
386627 387097
395427 395719
402843 402943
408976 409132
413042 413326
415199 415433
447535 447922
450444 450738
452621 452718
455033 455108
465130 465349
482221 482295
484650 484824
493764 493855
504371 504461
508217 509670
520545 520807
525375 525531
526722 529287
529839 530555
539024 539254
546432 546720
550006 550171
576810 577088
584012 584157
594815 595007
601603 601791
611059 611168
