e_coli_k12_gi_556503834_ref_NC_
1 95
19843 20615
223564 224043
224575 228783
258007 258525
270636 271601
274054 274168
279262 279323
279881 279978
290540 291302
339757 339848
357575 357675
391807 392837
566874 567949
574726 575690
581621 581745
608143 609238
687983 688881
729849 730453
731169 731464
732088 733136
734224 734729
736531 736620
737212 737971
781156 781616
1049927 1050446
1094343 1095404
1097222 1097560
1269192 1269627
1270262 1270418
1286854 1286925
1299593 1300600
1396138 1397143
1428179 1428322
1432373 1434339
1468008 1470356
1528534 1528935
1531696 1532283
1552014 1552191
1570753 1570845
1634640 1634923
1636055 1636798
1650942 1651401
1978587 1979171
2066472 2067163
2069014 2070172
2101845 2102847
2170268 2171329
2197093 2197171
2289015 2290064
2304512 2304983
2514372 2515519
2521139 2521346
2662308 2662398
2684543 2684614
2726161 2729566
2730453 2731273
2817898 2818459
2913662 2913730
2947385 2947604
2996449 2997593
3130293 3131247
3186194 3187328
3365651 3366590
3392303 3392394
3423526 3428895
3470317 3471069
3583526 3584024
3622567 3622804
3624944 3625378
3652175 3653135
3666286 3667279
3762363 3765848
3941541 3943593
3946497 3946887
4027511 4027609
4035264 4040751
4166380 4171738
4207942 4208000
4208519 4213067
4296057 4296173
4326010 4326246
4392361 4392471
4498343 4499412
