Salmonella_0916_Taxon017_
1 255
1504 1785
3534 5296
9030 9644
12853 13726
20592 20725
21915 22034
23606 24515
25105 25819
27410 29090
31453 31557
32064 32295
36248 36407
37137 37362
40226 40758
41746 42154
45054 46725
52515 52628
54242 54510
59472 60180
61470 63771
68960 69439
71322 72295
74241 75087
77805 77918
81949 82255
83047 83426
84309 84512
85356 85614
87402 88629
89477 89908
95056 95649
99064 99159
99665 99773
100529 100643
102371 103041
104222 104333
104840 105572
107715 107908
108473 108694
111998 112195
113243 113559
114381 115003
115637 117209
117749 117821
119780 121257
122852 123552
125531 126027
126547 126606
130415 131689
132240 133541
134100 134351
134999 135234
138770 139615
141994 142448
145037 146609
147943 148061
149571 149935
150552 156326
158284 158621
159161 159214
161687 161895
164157 164769
165638 166495
167356 167476
168732 168909
173928 174139
174728 174999
175568 176233
177157 177682
178246 179623
180404 180520
183104 183436
185194 185285
193529 193805
194558 194904
195838 196417
197926 198589
205016 207600
208347 208540
209207 210326
211396 211963
213740 214121
214988 216339
219315 219651
224397 224807
225590 226143
226878 227836
229208 229407
230154 230447
231927 232217
235828 236358
239437 241344
242640 243000
245189 248667
249527 249871
254095 254202
254963 256804
262552 263135
263689 264322
265898 266153
269327 270793
272998 273812
277160 277385
278237 280080
287956 288198
288962 289815
291001 292795
295381 295606
298337 298470
301660 302552
303213 303347
306576 306714
307301 307727
308502 308911
309812 310169
312978 313161
315121 315335
320130 321852
322513 322933
324286 324611
325237 325427
328413 328543
329172 329644
330378 333080
334833 338568
341916 342062
342696 342871
344026 344294
348261 349080
352884 353818
355698 358019
359659 360354
364028 365884
367323 367566
371533 371778
372398 372624
373197 374363
374992 375364
376355 376554
378025 378989
381584 382121
383815 384015
385449 385752
387358 387554
391386 391763
392368 392784
393300 393481
394061 394156
398944 399042
400640 400819
402505 403440
404548 405230
406220 406337
408506 408769
410349 410718
411475 411635
413071 413443
414240 415151
416536 416801
419342 419494
422982 423258
423989 424373
427686 428058
432075 432124
432835 433449
437072 437779
439211 439530
440223 441714
443922 444054
447528 447980
448981 449091
450512 450692
452074 452792
453418 453535
455314 455989
457024 457907
460345 461660
467957 468127
469850 470142
470888 472783
477627 479239
481791 483135
484109 484601
485167 485601
487653 488323
489394 489820
490442 490784
492345 492714
494303 494694
497227 498135
500782 501088
502648 502906
507347 507450
509890 510788
511741 512294
513591 513761
515457 515980
522553 523161
524203 524503
525598 526276
526941 527500
528232 528559
529529 529961
536015 536472
538487 538786
539560 540164
543018 543199
546085 547143
547828 548139
548695 549075
550940 551071
556072 556759
557711 558548
559384 560094
560818 560976
561683 561904
563733 563992
565544 565964
568136 568592
570546 570770
572695 573242
574007 574152
577482 577671
582532 583209
586781 587263
587785 588175
591344 591453
592041 592252
594132 594189
594875 594962
595541 595693
598258 598699
599525 599784
600819 601126
603237 603911
607030 608581
609214 609505
610704 611789
612965 613306
614554 614611
618547 618751
619355 619845
621513 621738
623429 623636
625703 625952
627294 627647
628683 629948
632035 632748
634587 636132
637820 637932
639184 639316
639947 640160
643780 644829
647872 649027
650284 650547
652449 652720
656306 657579
660174 660499
661680 662138
663633 664067
670030 671422
673264 674510
675456 675596
676238 676488
678841 678934
679492 681745
684013 684384
685850 686181
688955 689043
690697 690987
692729 692879
693968 694779
699667 699815
701635 702389
703895 704185
705886 705988
709327 709904
710679 711727
712779 713229
713815 714069
714839 716281
717506 717795
720821 720964
722399 722760
724976 725067
729911 730271
731299 731429
732044 732724
734624 734709
736546 736923
738063 738164
739362 740208
743536 743595
744612 745458
753196 753495
755078 756643
757954 758025
758736 760040
763835 764271
765344 765497
769295 770347
773750 774287
775353 775868
778199 778620
779839 779942
780623 780844
781638 781837
784083 784470
787514 788193
789442 790056
791020 791084
792150 792890
793452 793635
795070 795461
795990 797632
800642 800949
803143 803722
808256 808432
810531 810697
815044 816808
817325 817507
818612 818767
819331 819450
820787 821796
823304 823444
824132 824548
826768 827254
830416 830532
831851 832439
836302 837274
840527 840893
843908 844162
845377 846401
847231 848262
850449 851228
853246 853686
854696 854904
857236 857439
860228 860507
863793 864209
868182 868480
869003 869379
870639 871887
875460 875761
876335 876455
878599 879003
879555 880360
881086 885240
885839 886211
887292 887529
890148 890310
891037 891675
892751 892976
893930 894423
900534 901251
903140 904552
907412 907526
914113 915486
917303 917836
918384 918912
923187 923451
927683 928511
929093 929217
930224 931999
933079 933629
936088 936349
937286 937804
938377 938512
940785 941364
942378 942599
943504 943589
944265 944734
946164 946358
948344 948850
949430 949885
950643 951103
952631 953013
953737 953855
954659 954850
963182 963770
964412 965675
966224 966469
967252 967781
968325 968482
969014 969297
977430 977977
980905 981160
981709 982028
990452 990991
992635 992761
994286 994348
997652 997820
999714 999921
1002773 1003791
1006975 1007363
1007951 1008819
1010033 1010248
1011227 1011408
1012484 1012545
1014170 1015084
1020468 1020707
1025370 1025997
1028162 1028536
1030177 1030635
1032029 1033568
1034154 1034513
1035066 1035595
1037636 1037907
1039224 1039695
1042745 1043416
1043955 1044958
1045498 1045662
1046225 1047493
1048139 1050324
1050958 1051151
1055792 1056201
1057452 1057786
1059412 1059677
1061922 1062321
1064729 1065247
1069987 1070353
1071419 1072803
1074066 1074697
1075632 1075859
1076384 1076854
1077518 1078285
1080229 1080741
1083085 1083242
1085174 1085473
1086976 1087048
1095136 1095469
1096245 1096681
1100014 1100123
1100722 1101965
1102498 1103395
1104076 1105178
1106781 1107203
1108376 1109205
1110342 1110970
1113589 1113845
1114398 1114780
1115696 1116203
1116842 1117010
1118387 1120340
1121044 1121152
1121768 1122525
1123932 1124447
1125217 1125532
1126074 1126552
1128735 1129396
1130741 1131579
1134990 1135299
1136774 1137980
1138481 1139362
1140396 1141135
1143087 1143752
1144293 1144417
1145018 1145333
1147672 1148833
1149522 1150079
1152887 1153218
1153733 1153888
1155129 1155328
1158692 1158938
1161031 1162827
1164254 1164591
1165686 1167395
1171297 1171437
1175864 1176143
1179693 1179935
1183273 1183493
1190746 1191108
1192455 1193081
1194971 1195322
1197338 1197713
1199813 1200142
1201734 1201915
1202503 1202759
1203431 1205651
1209338 1209543
1213221 1213800
1215392 1216727
1219594 1220113
1220966 1222006
1223122 1223188
1227139 1227348
1228972 1229080
1229588 1231125
1232186 1233506
1236457 1236607
1237337 1238310
1242593 1242702
1243837 1244708
1247468 1248046
1248632 1249029
1250476 1250759
1251432 1252110
1253349 1253607
1255147 1255372
1256151 1256337
1259956 1260283
1262203 1262880
1265497 1265614
1266657 1267442
1268722 1268795
1271619 1272490
1275128 1275913
1277622 1278187
1282190 1282463
1283926 1284163
1287462 1287717
1294558 1294773
1298093 1298193
1299157 1299827
1302378 1302836
1304036 1304371
1306863 1307430
1308376 1309558
1310144 1310362
1311776 1312549
1314897 1315410
1318506 1318589
1321809 1322288
1324528 1325695
1330290 1330447
1333009 1333081
1333628 1333881
1336927 1337125
1340652 1340952
1343185 1343692
1345019 1345296
1348322 1348396
1353741 1354122
1355081 1355877
1358250 1359011
1363097 1363787
1364289 1364461
1365090 1365806
1367990 1368223
1372628 1373269
1375067 1375553
1376064 1376585
1381217 1382059
1383516 1383697
1385755 1385936
1393273 1393460
1395445 1395700
1396982 1397598
1399084 1399456
1400161 1401595
1404761 1405224
1405919 1407656
1409082 1409382
1415147 1417744
1422177 1422499
1423925 1424144
1424687 1425239
1426632 1426887
1427399 1428738
1434104 1434383
1434983 1435396
1436148 1436263
1438004 1438071
1439560 1439786
1443558 1443720
1444327 1445065
1449033 1449288
1451540 1451809
1453090 1454064
1456138 1457721
1460522 1460600
1461840 1462931
1463439 1463508
1464893 1464956
1466541 1466865
1467585 1467676
1472249 1472790
1473624 1474267
1474866 1474933
1476089 1476385
1478250 1478805
1479417 1479595
1480434 1480499
1481801 1482644
1483243 1483424
1484486 1484693
1486795 1486993
1489455 1489613
1490945 1492054
1493488 1494254
1496040 1497075
1497699 1498290
1499252 1500502
1503034 1503301
1506601 1506973
1512639 1512782
1514403 1514983
1516204 1516545
1518934 1519469
1522301 1522659
1531819 1531944
1534350 1534418
1539058 1539295
1542582 1542916
1546402 1546748
1547754 1548087
1550562 1551629
1553522 1553807
1554784 1555690
1560706 1561295
1561994 1562241
1568963 1569778
1577670 1577804
1580473 1580876
1582139 1583245
1585442 1586025
1589760 1590207
1590860 1591158
1592414 1592985
1597656 1599033
1599666 1599794
1600457 1601308
1602293 1603487
1606252 1606459
1608268 1608495
1610782 1611063
1612266 1612396
1613911 1614399
1615364 1615555
1616794 1616992
1617905 1618473
1619559 1619698
1622666 1623217
1625084 1625304
1626159 1626380
1631689 1631957
1632648 1632709
1636457 1636689
1638091 1638364
1639726 1640827
1641619 1641911
1644865 1645042
1646189 1646892
1648156 1648363
1651195 1651504
1652015 1652163
1657983 1658510
1659191 1659392
1660145 1660357
1661879 1662590
1663225 1663529
1667916 1668394
1669414 1670305
1674756 1674920
1680711 1681013
1687851 1688300
1690648 1690779
1691983 1692886
1695028 1695438
1696103 1696252
1699035 1700070
1701520 1702400
1704031 1704270
1705206 1706047
1706638 1707110
1707775 1708411
1710892 1711645
1713052 1713357
1716690 1716879
1720431 1720740
1721430 1721779
1723979 1724578
1727538 1728002
1728963 1729304
1729951 1730081
1730768 1731750
1732917 1733573
1734565 1734620
1735828 1736091
1738284 1738797
1740383 1741011
1742587 1742672
1743908 1744962
1745489 1745772
1750324 1750736
1753986 1754179
1755291 1756029
1758362 1760812
1764128 1765795
1767040 1767316
1767936 1768479
1769541 1769885
1774133 1774414
1776509 1777767
1781064 1781283
1782733 1782923
1784496 1785418
1786891 1787230
1788022 1789252
1793384 1794033
1795097 1795352
1797018 1797265
1797812 1799809
1803576 1803751
1807425 1807619
1808547 1808627
1809713 1810306
1812502 1812788
1818411 1818665
1819193 1819563
1822210 1822771
1825974 1826130
1826825 1827596
1829435 1831187
1831932 1832166
1833051 1833170
1833750 1834241
1836711 1837357
1840761 1840969
1842517 1843516
1844032 1844936
1845962 1846235
1848215 1848529
1849193 1849300
1850865 1851674
1853175 1853955
1855794 1856065
1856677 1858471
1859451 1859505
1860199 1860514
1864972 1865112
1868965 1869055
1869558 1869770
1874003 1874151
1874663 1876334
1879742 1880548
1883345 1883418
1884853 1885820
1886455 1886549
1890082 1891223
1892055 1892572
1894501 1894825
1897306 1897866
1899607 1900142
1901767 1901838
1903023 1903915
1904465 1904882
1907135 1907263
1909022 1909131
1911236 1911310
1913374 1914059
1914627 1914970
1918015 1918749
1920728 1921119
1921678 1922519
1927222 1927462
1931913 1932127
1933625 1934218
1934916 1934983
1935936 1936281
1937661 1938603
1939438 1941199
1942081 1942255
1947881 1948359
1949017 1949612
1952035 1952460
1952965 1953201
1954790 1954994
1955613 1955912
1956579 1956642
1960935 1961054
1965479 1965633
1966996 1967293
1967968 1968761
1969700 1969903
1971299 1972016
1972530 1973829
1975788 1976056
1977653 1978780
1980045 1980935
1983483 1983903
1985469 1985619
1986696 1988206
1991145 1991677
1993891 1994019
1996265 1996641
1997393 1997933
1998677 1999068
2003756 2003863
2006252 2006312
2008742 2008920
2009679 2010431
2010932 2011244
2013127 2013436
2013940 2014869
2016009 2016323
2018210 2018399
2019288 2020168
2022469 2022831
2026880 2027247
2028742 2029374
2032049 2032214
2032756 2033088
2035768 2036121
2036885 2037062
2038825 2039616
2040950 2041936
2047537 2047742
2052601 2053285
2056163 2056813
2057420 2057837
2058369 2058659
2059340 2059608
2062352 2062516
2063182 2063410
2071777 2072807
2076688 2076981
2077590 2078730
2079573 2079656
2080847 2080951
2084097 2084292
2087226 2087871
2089388 2090017
2090880 2092057
2095279 2095718
2101445 2101883
2103011 2103062
2104227 2104769
2105474 2105542
2107963 2108193
2108707 2109276
2113579 2114254
2118834 2119391
2120205 2120621
2125170 2125289
2128315 2128476
2129124 2129273
2129810 2132147
2133080 2133841
2134406 2134674
2138787 2138996
2140002 2141190
2142704 2143817
2147337 2148585
2149344 2150788
2152044 2152625
2154353 2154546
2156966 2157416
2157930 2158294
2159459 2159991
2160907 2161764
2164191 2164258
2166020 2167511
2168906 2169332
2170065 2171148
2171770 2172380
2173060 2173208
2174527 2175498
2176579 2177353
2177890 2178290
2180790 2180849
2183486 2184761
2187197 2187391
2189765 2190265
2191329 2191810
2193787 2195802
2198783 2198947
2201893 2202192
2202837 2203636
2205055 2205359
2206021 2206115
2208933 2209284
2214805 2215261
2216888 2217263
2220683 2220852
2221717 2221778
2223209 2224409
2225276 2225928
2227266 2228274
2229941 2230662
2232663 2232799
2238455 2238756
2240107 2242182
2246075 2246176
2248135 2248350
2250181 2250552
2255319 2256671
2257480 2257720
2258313 2258826
2259696 2260044
2261903 2262673
2264459 2265724
2266982 2267146
2270526 2270892
2271996 2272136
2272644 2273063
2275660 2276005
2279320 2279502
2282260 2283297
2284071 2284638
2285436 2285581
2289698 2289925
2290701 2290834
2291524 2292155
2292686 2292821
2293842 2293974
2294540 2295223
2295727 2296231
2296788 2297058
2298545 2299102
2300539 2301549
2302661 2303203
2303844 2306364
2307631 2308000
2309785 2310004
2314898 2315190
2315700 2315813
2317489 2317544
2319357 2319628
2321773 2322372
2327748 2328033
2331097 2331428
2334070 2335695
2336988 2337313
2339094 2340269
2341139 2341221
2341983 2342581
2343172 2344360
2345444 2346269
2347139 2348073
2348635 2348853
2349529 2350690
2351350 2351805
2352347 2352701
2353268 2353545
2355989 2356711
2361376 2362293
2364942 2366363
2368747 2369042
2375083 2375636
2376982 2377084
2379444 2379676
2380513 2380631
2381730 2381920
2382493 2382631
2383767 2384010
2387016 2387150
2388765 2389115
2393961 2394934
2400696 2401215
2404552 2404759
2406103 2406313
2406957 2408124
2410197 2410567
2414525 2414578
2415453 2415694
2417793 2418081
2419012 2419648
2421300 2422649
2425596 2425746
2426467 2426566
2427613 2428076
2428706 2429092
2429989 2432068
2433391 2434896
2439334 2439857
2443801 2443952
2445575 2445856
2449116 2449620
2450633 2451175
2451974 2452297
2452893 2453489
2456332 2456859
2460141 2460634
2462285 2462503
2463933 2464611
2466250 2467721
2470298 2470587
2472517 2472991
2474050 2474176
2476734 2477766
2479703 2480489
2481965 2483473
2484172 2484272
2486037 2486608
2488991 2489172
2490063 2490283
2491058 2491866
2492702 2492975
2494814 2495024
2498289 2499012
2501596 2502610
2505891 2506008
2506612 2507185
2507710 2508845
2509496 2509924
2510433 2510664
2511768 2512996
2513599 2514221
2520625 2521129
2522909 2523005
2525338 2525628
2527012 2527857
2528511 2528726
2529586 2529687
2531920 2532138
2533428 2533548
2535808 2536419
2540079 2541490
2542152 2544413
2545030 2545250
2547294 2547592
2549608 2549828
2552246 2552454
2556630 2557796
2559066 2559215
2559748 2559967
2560556 2560670
2562347 2562539
2566481 2566863
2568292 2570362
2571021 2573182
2579030 2579771
2582755 2583194
2584028 2586124
2586770 2589631
2591792 2591907
2593711 2595162
2598845 2599939
2604749 2605213
2606239 2607397
2608164 2609032
2609889 2610284
2612646 2613454
2614493 2615282
2615813 2616095
2619316 2620885
2621883 2622121
2626449 2627106
2627875 2628442
2630412 2630666
2632534 2634446
2635999 2638204
2639567 2640424
2643370 2643819
2644339 2644560
2647055 2647343
2648684 2648826
2651814 2652520
2657025 2658781
2660989 2661237
2665761 2666371
2668167 2669006
2671919 2672163
2672821 2673515
2675227 2675879
2678829 2678890
2679551 2679837
2680469 2681321
2682918 2683820
2684795 2684897
2687017 2687247
2688732 2689131
2693055 2693530
2694592 2694882
2697454 2698022
2700657 2701257
2701814 2702002
2706513 2706708
2707536 2707811
2709835 2710021
2712778 2714195
2715143 2715344
2715951 2717333
2718040 2718245
2720872 2721130
2723863 2724150
2727015 2727950
2729841 2730119
2733007 2733191
2734088 2735033
2735823 2735995
2737102 2738005
2738551 2738638
2740958 2741475
2742088 2744876
2745378 2745493
2750158 2751583
2752111 2753965
2754776 2754914
2756832 2757158
2759429 2760331
2760886 2760953
2763165 2764350
2764865 2765112
2766443 2766718
2767223 2767693
2768303 2770055
2770839 2772017
2772577 2773212
2773785 2774416
2774930 2775537
2776877 2777143
2782362 2783256
2784478 2784603
2785980 2786218
2787046 2787364
2787978 2788680
2791622 2791863
2792458 2793139
2794912 2795116
2796556 2797135
2797710 2799679
2800253 2802594
2803808 2804065
2809197 2810043
2813045 2813483
2821617 2822540
2824092 2824678
2825742 2826107
2826811 2826989
2831642 2831816
2833575 2833740
2834915 2835056
2835584 2836960
2837512 2837724
2843171 2843536
2844608 2846701
2853406 2853810
2854946 2856947
2857575 2858621
2859881 2859968
2860516 2860622
2863074 2863559
2867819 2868416
2870432 2870686
2871752 2872308
2873555 2874460
2881030 2881788
2883802 2884824
2886367 2886474
2887587 2888084
2891941 2892212
2892760 2893181
2897534 2897916
2898911 2899314
2900690 2900972
2901691 2901765
2903415 2903674
2904831 2905728
2906280 2907154
2908302 2909394
2910257 2910848
2916058 2916152
2920543 2921114
2923585 2923750
2926130 2926340
2929364 2929612
2931101 2931486
2934323 2934933
2938616 2939242
2942321 2942712
2945165 2946752
2947442 2947780
2952783 2953005
2954927 2955129
2955734 2956098
2956743 2957042
2958110 2959444
2961997 2962502
2966894 2967186
2970068 2971155
2971703 2971978
2975598 2975689
2980189 2980608
2986474 2986774
2988623 2991462
2992354 2992689
2993620 2993701
2995562 2995838
2996573 2997268
3001509 3001898
3008479 3008550
3009964 3010138
3012275 3012458
3013841 3014366
3016850 3017479
3017984 3018452
3019097 3019311
3020511 3021294
3021863 3022644
3023290 3023512
3025420 3025717
3026476 3027306
3028949 3030701
3033378 3033483
3036970 3037806
3039115 3039260
3042658 3044167
3045796 3045982
3047051 3047362
3051647 3051903
3053613 3055084
3056024 3056149
3056686 3058520
3060269 3060857
3061812 3062335
3063164 3063654
3069319 3069941
3070619 3070913
3071604 3072560
3076318 3076738
3078345 3080527
3082523 3084146
3084737 3085321
3090822 3091685
3092390 3092987
3095388 3096573
3098309 3098729
3099959 3100233
3101631 3102167
3103786 3104234
3105316 3105634
3106250 3106885
3109995 3110070
3114504 3116659
3120641 3121068
3126197 3127274
3127891 3128683
3129536 3129610
3133104 3133734
3135833 3136083
3136978 3137605
3140526 3141550
3144999 3145171
3145765 3146298
3147706 3148238
3148768 3150967
3151719 3152196
3153534 3154169
3154716 3154786
3157824 3159081
3161684 3161954
3164138 3164500
3166116 3166263
3168712 3169713
3171174 3172397
3173857 3173919
3174928 3175091
3175993 3176231
3177363 3177959
3179183 3179469
3181249 3182715
3185854 3188916
3189591 3190208
3191136 3192047
3193876 3195686
3196368 3196932
3198548 3200713
3204419 3205078
3208002 3210093
3210803 3210983
3212309 3212707
3219592 3219681
3227293 3227389
3235084 3235247
3235915 3236104
3240753 3240910
3241584 3242501
3248090 3248457
3249703 3250103
3256353 3257168
3258279 3258575
3262973 3264841
3268020 3268487
3273900 3274286
3274934 3275110
3279033 3279665
3284750 3285031
3285630 3286211
3288729 3289037
3291792 3292022
3293415 3294613
3295801 3296028
3296710 3296983
3299631 3300066
3301543 3303468
3305060 3305202
3307920 3308949
3309534 3309940
3310876 3311356
3313908 3314208
3315264 3315818
3316934 3317936
3320944 3321590
3322911 3323527
3325137 3326511
3329321 3330037
3331657 3332619
3334423 3334679
3335823 3336579
3337577 3338775
3340318 3340428
3345617 3345912
3353405 3355106
3357079 3357715
3358245 3358438
3360942 3361149
3363458 3364190
3368542 3370257
3370856 3371877
3372495 3374341
3376483 3377072
3378213 3379283
3380207 3380590
3381859 3382574
3384949 3385352
3387548 3387795
3388838 3389213
3396562 3396969
3398226 3398792
3400564 3400751
3406038 3406233
3409721 3410057
3415363 3415498
3417816 3418044
3419707 3420104
3420926 3421005
3421575 3422466
3425185 3425284
3427546 3428437
3429818 3430413
3431375 3432024
3437289 3438168
3439871 3441342
3442748 3442984
3445061 3445698
3446294 3447045
3447704 3447804
3448979 3449129
3449729 3450149
3453047 3453794
3454757 3455563
3457247 3457496
3458549 3459108
3459714 3460363
3461540 3462775
3464865 3465151
3470629 3471224
3472579 3472679
3473722 3474103
3474676 3475107
3475918 3476551
3487749 3488454
3489334 3490681
3492942 3493337
3493870 3494043
3495994 3496349
3498871 3499303
3502113 3502243
3503357 3504113
3506527 3509093
3513621 3513866
3516683 3517714
3519647 3521427
3522014 3522346
3527973 3528551
3529978 3530166
3531751 3532219
3533109 3534583
3535190 3535290
3542005 3544303
3546541 3546600
3547907 3548739
3549357 3550152
3552528 3553283
3554580 3554710
3557240 3558502
3560870 3561362
3562560 3562678
3565183 3566936
3568017 3568074
3571908 3571974
3572556 3572747
3573781 3573857
3576555 3579694
3582326 3582871
3585017 3585243
3587189 3588610
3589579 3589841
3592547 3598808
3599953 3600153
3603678 3604606
3605478 3606605
3611613 3612112
3612639 3613558
3614231 3614834
3615786 3616639
3621723 3621936
3622960 3623107
3624405 3626215
3631215 3631301
3632096 3633070
3635198 3635557
3636669 3636880
3637868 3638164
3641014 3641102
3642825 3643129
3645704 3646171
3648961 3649162
3649771 3650045
3653909 3654279
3655958 3657402
3659538 3660019
3661509 3661639
3662965 3663369
3664422 3664555
3666727 3667771
3669073 3669913
3670538 3670998
3673202 3673598
3674648 3675778
3677029 3677126
3679355 3679717
3681304 3682310
3683252 3683429
3684174 3684695
3687590 3687717
3688502 3689309
3690265 3690558
3693677 3693969
3694722 3694886
3700675 3701175
3701982 3703281
3703808 3704186
3705511 3706389
3707001 3707268
3707800 3708364
3709317 3709592
3711654 3711830
3712369 3712959
3714617 3714922
3715464 3716083
3718395 3719131
3720133 3720591
3729450 3730001
3731972 3733469
3734295 3734621
3735777 3735930
3739293 3739653
3740382 3741197
3746335 3746429
3747154 3747393
3749348 3750098
3751282 3751515
3752340 3752426
3753493 3753778
3754392 3754611
3757048 3757218
3758565 3758760
3760081 3760788
3761407 3761781
3767150 3767998
3768737 3768806
3769561 3770435
3772977 3773508
3775581 3775764
3776818 3777566
3778161 3778283
3781754 3781877
3783371 3785238
3786659 3786980
3787929 3789221
3790641 3790755
3791939 3792146
3794282 3794557
3800304 3800554
3803222 3803314
3803888 3804307
3804960 3805307
3806433 3807235
3810156 3810383
3810912 3812196
3815281 3815918
3818101 3818687
3819416 3820246
3821976 3822321
3823448 3824155
3825394 3826391
3828306 3828808
3829469 3829867
3830852 3831316
3834087 3834782
3837918 3838406
3839663 3840533
3841109 3841392
3842331 3842669
3843640 3844058
3844996 3845138
3847074 3847513
3848154 3848784
3854374 3854498
3855531 3856331
3860993 3861175
3862344 3862476
3864769 3866228
3867088 3867222
3868979 3869302
3870717 3871168
3871756 3871893
3872664 3872804
3874083 3874361
3877297 3877691
3880928 3881116
3882624 3882796
3885700 3885912
3889967 3890394
3891068 3891602
3892105 3892341
3892873 3893101
3895940 3896173
3900896 3901734
3902860 3904471
3906704 3906776
3913187 3913360
3914066 3914519
3916178 3916479
3919553 3921011
3922898 3923110
3926152 3926250
3928755 3928991
3930465 3930535
3931036 3931163
3939706 3939902
3941041 3941584
3945457 3945637
3953241 3954031
3959972 3960554
3961116 3962348
3965872 3966936
3967972 3968171
3971096 3971159
3972322 3972872
3976739 3976996
3978200 3978350
3979280 3979880
3981002 3981369
3984362 3984512
3988046 3988220
3990855 3991712
3996372 3996469
3997480 3997710
4003325 4004133
4007224 4007414
4009057 4011554
4012213 4012334
4014176 4015038
4019983 4020406
4020950 4021662
4022269 4023082
4023684 4025016
4025626 4025721
4026598 4026713
4028392 4029003
4031934 4032188
4034096 4034655
4038245 4038357
4042111 4042700
4044738 4044840
4045602 4046265
4046926 4047245
4052500 4053139
4055976 4056601
4059269 4059388
4064124 4064255
4067836 4068882
4069437 4070072
4070648 4070770
4072566 4072812
4077220 4077503
4081678 4083208
4083816 4084160
4089561 4090350
4091769 4092212
4093558 4093786
4094518 4095242
4095996 4096881
4097747 4098296
4101195 4101270
4102179 4102448
4104498 4104562
4105941 4106675
4108674 4108776
4109779 4110030
4111843 4113107
4115929 4122211
4122975 4123700
4126660 4128774
4131528 4132637
4133428 4133620
4134384 4134782
4136890 4137793
4140601 4141431
4146499 4146989
4148372 4149057
4149696 4150320
4151681 4151850
4153347 4153588
4155882 4156601
4157237 4157683
4160192 4160378
4162893 4163293
4164793 4164978
4165631 4165781
4166475 4166733
4167704 4167991
4168783 4169403
4170062 4170686
4174125 4175344
4176458 4176619
4177933 4178902
4179522 4179619
4180865 4181204
4182529 4183444
4187017 4187701
4189250 4189359
4192019 4192273
4193114 4193616
4194658 4195125
4196219 4196459
4197404 4198145
4199226 4203798
4206250 4206561
4207329 4209453
4210017 4210896
4212276 4212520
4218350 4218612
4220253 4220649
4221847 4221978
4226996 4228241
4229251 4229636
4231377 4231593
4233156 4233242
4236575 4237500
4238133 4238336
4238985 4239109
4240762 4241021
4242235 4242723
4245266 4245555
4247275 4248492
4250890 4250962
4252186 4252374
4252975 4253058
4254070 4254566
4255089 4256557
4257266 4257530
4258996 4259226
4261349 4262302
4263202 4263391
4265390 4265552
4271517 4271743
4275805 4276078
4278930 4279387
4280151 4282639
4283473 4285182
4286465 4286683
4288484 4288545
4289402 4289457
4290543 4291595
4293682 4297098
4298004 4298709
4301430 4302244
4303024 4303768
4304929 4306517
4307243 4307351
4307980 4309168
4310300 4310350
4310859 4311130
4312219 4312391
4314841 4315711
4316310 4316562
4318824 4318907
4319410 4319702
4321145 4321367
4322655 4323261
4323963 4324327
4324938 4325707
4327307 4327788
4328395 4328732
4329322 4329744
4330295 4331246
4334019 4334523
4335398 4335471
4336737 4336823
4337460 4337884
4338906 4339018
4339675 4340425
4340962 4342680
4343228 4344963
4345872 4346296
4347898 4347962
4350927 4351517
4352138 4353296
4357318 4358614
4359612 4359928
4361609 4361909
4362463 4362976
4364528 4365960
4369812 4369901
4372511 4372747
4376051 4376352
4377471 4377565
4379973 4380784
4382850 4382912
4384905 4385367
4386364 4386661
4389219 4389571
4390275 4390557
4391841 4392074
4395773 4396121
4397371 4398905
4399427 4399679
4400182 4402374
4403298 4403555
4409167 4409221
4410408 4411280
4413869 4414067
4417260 4417580
4420699 4421229
4424462 4425381
4430497 4431466
4432144 4432711
4434749 4435936
4436885 4437078
4439045 4439618
4440933 4441708
4442849 4443101
4448448 4449379
4451428 4452457
4457290 4457687
4459335 4459554
4462209 4462434
4463762 4464238
4464760 4465013
4465824 4466363
4467898 4468132
4469977 4470030
4471456 4472160
4475234 4475522
4478015 4478294
4479030 4479135
4479853 4479981
4480794 4481071
4481889 4482164
4482689 4483247
4485376 4486164
4487466 4487964
4489509 4491257
4495645 4495983
4497980 4498130
4498800 4498886
4499396 4499474
4502594 4502741
4504917 4505532
4507095 4507257
4508654 4508894
4511999 4512325
4512904 4513036
4513573 4514100
4514845 4514984
4515830 4516021
4522945 4523466
4524077 4524249
4525663 4526612
4528009 4528144
4531000 4531121
4532026 4533515
4535501 4536305
4538079 4539486
4541149 4541351
4542375 4542974
4544686 4545110
4546821 4548181
4549646 4550136
4551608 4553281
4553844 4554818
4555539 4555775
4556624 4557402
4559355 4559834
4561335 4561754
4563280 4563826
4565231 4566772
4567628 4568746
4569791 4569999
4570691 4570833
4577907 4578213
4579791 4580162
4582386 4582824
4583799 4583966
4588042 4588346
4590192 4590300
4591736 4592714
4593260 4593336
4594091 4594289
4595493 4596148
4598633 4598856
4599653 4599797
4602724 4603041
4604058 4604293
4605720 4606006
4610084 4610258
4610922 4611231
4613503 4613741
4616791 4617181
4618415 4618585
4619091 4619598
4620544 4620984
4621690 4621864
4625647 4626795
4629799 4629932
4631153 4631355
4632147 4632382
4633910 4634070
4634682 4635052
4638437 4638620
4640274 4641104
4642734 4643752
4644472 4644940
4647801 4647858
4651989 4652052
4653212 4653865
4655077 4655349
4655912 4656118
4657503 4657957
4663644 4663860
4665710 4666121
4668487 4669138
4669771 4670109
4670950 4671164
4672018 4672369
4674180 4674387
4675113 4675613
4676246 4676953
4677941 4678379
4679821 4680904
4682587 4682669
4687643 4687940
4688488 4688672
4689992 4690057
4695023 4695304
4696684 4697995
4701418 4702792
4703936 4704071
4705360 4706633
4709889 4711045
4711920 4712565
4716234 4718222
4719266 4719435
4720655 4720803
4722127 4722224
4724161 4725504
4727811 4727949
4728635 4728931
4729519 4730744
4732078 4732884
4733420 4734298
4734851 4735323
4736441 4737206
4739012 4739516
4740524 4741744
4742316 4744030
4744592 4744980
4746236 4747276
4748762 4749112
4754097 4755363
4758769 4760418
4761798 4762208
4763463 4763645
4765571 4765721
4767187 4768183
4771933 4772495
4773480 4773878
4777043 4777258
4781282 4781376
4781898 4782142
4785566 4785654
4787236 4787585
4788314 4788735
4792935 4793203
4795310 4796390
4799326 4799868
4801211 4801495
4802013 4803121
4805714 4805850
4807064 4810264
4814935 4816437
4817607 4817808
4819017 4819509
4820495 4821449
4823559 4824487
4827712 4828174
4829197 4829387
4831230 4831374
4833693 4833980
4834924 4835719
4836234 4836466
4837919 4838014
4841245 4841655
4842354 4842846
4843987 4844338
4845579 4846158
4847480 4847895
4848632 4848966
4849959 4850057
4851138 4852167
4853163 4855005
4855659 4855744
