Escherichia_coli_O157_H7_EDL933_0990
6844 13590
19145 19204
23436 25302
26742 28361
30143 46846
49878 50008
52572 61049
66434 66689
67831 68242
74314 77345
79433 81816
82324 88067
98055 125600
129690 131357
133749 135009
135687 138482
142143 144622
147630 154439
155133 159946
167377 169087
169696 172279
172891 176767
177996 188118
200191 201218
207202 207371
208930 217228
217969 218873
220249 223097
229590 231335
234496 235439
238141 240735
241283 241530
242114 261919
275968 278931
281396 281725
284126 284373
286376 286666
293653 297226
300100 301732
304803 305096
307195 307412
308487 315071
315605 317982
331861 332969
336085 337620
338240 338289
338816 339017
343185 344357
344947 353502
355365 357668
358735 362140
365102 366728
369100 373074
376268 385831
386510 391775
393879 394121
399151 415605
416112 416409
418546 421191
421792 427148
427831 434839
441165 441291
443087 448677
449209 452980
453899 456103
459525 463049
463815 473894
474475 477665
478941 479326
479936 482032
482647 483418
490576 490829
493538 495307
497842 501000
502655 507506
508375 508621
514483 515615
516133 517280
535238 537860
546596 546709
549964 553150
555658 555776
556510 556732
557574 557800
561331 562092
565986 568942
571776 573108
575315 575438
576303 576947
578017 579515
581850 582915
583920 584590
585222 590983
594744 594840
601611 605677
607817 607945
613554 616289
616917 617271
619870 622262
622766 623911
628531 634917
635455 636729
637276 638782
642689 643395
643911 645726
649146 649287
649916 650835
651528 652044
658533 658779
660540 667867
670180 672750
679930 680198
681488 688014
692781 692977
695596 695893
702868 703154
707122 707641
708326 713874
718944 719463
729154 731858
733219 733444
734929 752150
752689 774551
783861 784062
785546 787292
793856 793961
808398 809223
813458 814373
816049 816492
817111 817587
818312 822753
823294 828980
829541 835940
842759 851791
852470 853554
856711 859331
859995 860654
861497 866564
871296 871472
872306 873957
874721 875002
876250 876443
879916 881899
883376 884673
891595 893030
893544 893795
902040 907619
910928 911577
915353 915797
919370 926114
931640 943476
944001 945798
947582 952422
957157 966793
968283 981748
982392 991091
992121 999863
1002452 1008074
1008781 1011591
1018256 1018531
1019702 1022814
1024051 1025662
1026178 1030244
1031634 1032052
1037460 1040200
1040789 1044952
1049723 1050328
1054861 1059515
1061086 1061361
1067267 1067415
1070639 1074325
1074886 1080427
1085124 1086342
1089282 1102955
1103538 1108484
1111186 1120467
1121346 1127402
1133779 1138931
1139873 1140026
1143905 1144260
1145657 1151207
1160959 1163705
1165833 1167365
1168570 1172183
1177446 1180098
1180931 1182071
1184653 1185357
1194575 1197191
1202348 1202666
1210706 1212911
1215903 1216862
1218682 1221179
1221847 1223757
1225888 1233550
1235702 1244627
1250953 1251994
1252766 1259862
1260654 1262798
1264738 1268574
1270734 1275141
1276609 1276756
1277432 1286129
1286652 1288274
1288779 1289719
1292448 1295059
1295649 1296134
1302009 1302282
1307798 1312773
1313282 1317555
1327562 1327780
1328553 1328671
1333760 1333940
1335763 1337995
1338677 1341680
1342287 1354318
1355068 1357628
1360634 1361071
1361696 1368072
1369113 1374615
1377154 1378196
1378711 1379789
1382802 1383195
1388935 1389103
1397215 1407783
1413751 1413855
1414504 1429185
1430985 1431157
1433706 1441360
1442031 1451364
1452267 1455401
1458946 1466539
1467044 1467985
1469093 1471446
1472051 1478684
1480317 1485629
1486159 1491187
1498259 1508094
1513710 1518010
1524765 1525167
1525819 1525920
1527068 1531377
1540318 1540940
1542056 1543948
1547149 1552623
1553265 1553497
1559508 1567110
1569215 1569364
1570653 1576569
1577339 1577596
1578143 1579677
1584867 1589085
1590576 1593235
1594634 1595172
1595811 1598043
1599936 1600199
1603133 1609920
1615453 1615726
1617225 1624510
1628649 1631057
1631655 1634235
1635908 1642073
1653625 1664069
1665282 1672335
1684382 1688153
1688827 1690574
1693587 1696168
1701455 1703970
1704868 1708988
1711063 1711332
1712395 1715736
1717837 1718769
1720496 1720701
1721750 1724168
1734211 1738634
1739165 1746955
1753885 1755517
1756293 1757387
1758583 1758633
1762061 1769030
1771925 1775486
1777462 1779195
1779702 1781212
1786684 1787819
1788851 1788945
1790771 1790859
1797603 1797891
1801985 1804863
1805504 1810923
1814472 1822794
1823547 1824039
1828474 1828837
1833254 1833491
1834985 1835249
1836278 1837366
1837984 1838729
1842320 1842532
1844768 1846133
1852414 1854358
1854946 1855654
1856577 1859067
1862099 1862385
1863511 1864937
1872315 1880749
1881513 1882675
1886366 1887105
1888830 1889868
1893473 1896884
1907071 1908171
1909081 1914059
1920813 1936113
1939843 1940223
1940898 1943110
1943818 1945192
1945699 1948565
1953783 1958363
1960289 1960426
1961545 1962038
1962549 1968474
1969480 1971131
1973384 1977318
1993997 2001299
2002456 2003342
2007482 2008946
2009582 2011513
2012356 2013026
2013632 2013892
2017245 2017421
2018433 2018672
2021541 2022901
2023760 2033476
2034010 2035733
2040414 2041686
2043108 2045391
2058047 2061617
2062215 2065023
2078970 2083934
2091933 2093478
2096133 2104183
2104702 2115440
2129865 2132232
2132847 2133041
2134953 2142943
2145693 2146464
2147393 2148190
2155886 2168071
2170915 2188844
2189380 2194045
2194617 2195263
2198178 2202724
2203337 2210161
2210852 2210974
2211899 2219035
2219781 2220237
2226863 2229587
2232628 2253918
2257718 2261966
2262808 2264001
2264857 2266922
2267466 2268521
2269086 2271675
2272465 2278339
2284435 2284673
2285236 2286807
2289322 2290584
2305281 2307071
2308476 2309028
2309816 2311355
2313081 2315403
2315911 2318761
2320422 2339838
2341401 2346792
2352407 2352591
2355601 2368408
2369053 2369799
2370755 2371821
2372465 2382862
2385292 2385961
2389913 2402489
2403354 2409106
2410136 2417306
2418528 2421036
2421552 2429433
2431562 2431764
2433347 2438340
2438996 2440301
2440854 2442796
2443357 2443946
2444648 2445458
2448856 2449969
2460195 2460559
2463466 2464590
2467520 2467655
2472419 2472550
2473757 2474065
2476316 2476849
2483611 2484868
2486414 2486505
2487893 2499732
2506038 2506315
2514801 2516237
2524804 2524935
2529842 2535280
2535901 2536014
2536860 2537013
2537716 2538060
2538857 2540998
2542288 2542884
2543476 2545442
2546015 2548534
2549080 2552893
2555046 2557005
2557842 2563753
2564293 2570278
2570853 2572224
2573514 2585156
2586466 2590805
2596173 2596948
2597825 2614694
2619338 2619565
2621013 2625326
2631791 2636445
2643165 2646040
2646868 2647199
2650034 2651589
2676262 2676364
2678397 2681567
2682110 2682231
2688184 2692232
2697722 2699811
2704256 2714564
2715697 2717086
2717691 2730818
2731580 2732356
2732888 2740031
2741354 2743093
2743891 2747607
2748177 2748341
2748929 2754290
2754838 2755612
2756148 2760799
2761315 2767552
2768772 2771513
2772014 2774511
2777708 2778483
2785369 2799379
2801901 2805352
2806228 2806474
2809388 2812556
2813704 2816155
2816686 2823892
2824823 2826952
2827509 2832811
2833321 2834589
2835291 2838012
2838640 2839247
2843416 2847939
2848636 2851460
2852320 2853083
2853646 2853728
2854403 2863619
2864239 2866236
2867542 2872959
2873615 2873889
2884994 2889825
2890425 2890560
2900471 2900682
2902516 2905443
2910389 2912117
2912837 2913018
2916662 2919876
2920898 2924469
2932667 2943005
2944535 2944831
2945522 2949259
2951476 2954247
2955873 2960368
2960967 2961564
2965222 2972097
2974811 2978897
2979471 2979836
2980906 2982444
2983046 2983349
2983882 2994496
2995117 2995504
2998859 2999098
2999623 3001125
3002559 3008123
3013864 3024098
3024676 3027173
3033761 3033907
3034836 3037859
3038996 3045560
3058387 3058678
3060450 3061029
3063654 3067380
3068713 3070555
3075564 3084572
3088512 3088588
3092135 3102262
3111758 3121037
3124635 3124927
3125656 3138864
3140926 3141253
3143746 3143883
3147316 3149924
3150574 3165093
3165707 3166575
3168766 3176387
3178315 3184290
3185089 3185229
3188410 3191482
3192126 3192555
3195652 3195915
3196919 3197022
3197981 3198329
3199021 3205839
3206493 3218613
3219144 3225034
3225726 3230808
3231318 3233023
3233619 3237393
3237903 3239993
3241191 3241609
3242119 3245176
3247416 3251512
3266296 3267588
3274231 3277811
3288660 3290396
3294506 3295267
3296763 3297219
3299682 3305906
3308022 3310297
3315956 3316021
3320709 3327068
3329072 3329289
3334678 3350584
3351959 3357448
3360006 3365037
3373226 3377974
3378568 3380273
3380838 3383237
3383775 3384840
3388597 3395914
3396435 3400371
3401012 3404839
3405489 3408040
3409036 3410364
3410877 3411042
3411731 3411957
3427582 3428693
3431656 3437242
3439313 3441135
3441660 3448724
3454982 3466347
3468340 3469515
3475689 3484062
3486509 3489285
3492530 3492813
3497186 3506089
3506592 3506877
3508489 3511535
3512100 3512386
3515029 3517502
3522931 3528255
3532027 3532777
3535202 3535832
3537328 3539867
3543882 3548782
3551432 3552471
3554503 3565628
3568429 3570703
3573222 3576674
3577185 3580598
3584496 3592210
3596569 3612259
3613831 3614517
3615217 3618258
3618813 3619878
3620768 3621377
3623131 3623767
3624975 3631043
3632091 3633361
3634501 3635020
3639244 3642423
3644924 3645272
3646052 3647396
3647919 3648333
3650636 3654161
3654835 3657094
3657685 3658390
3659229 3665038
3665540 3676804
3677608 3686754
3690030 3696653
3698639 3703562
3704149 3708399
3712044 3712564
3714618 3715299
3715975 3716686
3717268 3719690
3722191 3722387
3723037 3723829
3724411 3728299
3734967 3739206
3739927 3742341
3742926 3743672
3744510 3747834
3751682 3755525
3758230 3758459
3763456 3763537
3767014 3767235
3768586 3776176
3782029 3782335
3782981 3789044
3792480 3792639
3795602 3795740
3797259 3799974
3802423 3802681
3804694 3805426
3806409 3807147
3807872 3816687
3817574 3817931
3818732 3819109
3821180 3821503
3825031 3825507
3826246 3829996
3830499 3838401
3839773 3847655
3848176 3859979
3862151 3862417
3863521 3863730
3865538 3866106
3871943 3872499
3873012 3873250
3874547 3876053
3876571 3880114
3880832 3881280
3882416 3882723
3883360 3894439
3895797 3897274
3897777 3903191
3904334 3904473
3905649 3905902
3911364 3914391
3917435 3923479
3934264 3934536
3935124 3935805
3936400 3938421
3939021 3939685
3946808 3948644
3949321 3950672
3951347 3956702
3957634 3965040
3970307 3975673
3976309 3978421
3979932 3980030
3982428 3985317
3990153 3991069
3991690 3994401
3996080 4000250
4001116 4007828
4008563 4009609
4010934 4016792
4017931 4019611
4020679 4030050
4031402 4040603
4041142 4042324
4042857 4043566
4044284 4050648
4051219 4052289
4053395 4054232
4055298 4055832
4056981 4068827
4069471 4072219
4072791 4074488
4075505 4087732
4096332 4101043
4101570 4106120
4107663 4119624
4120578 4128135
4128715 4131588
4134433 4134647
4142877 4143079
4144343 4146382
4147153 4161641
4163192 4163601
4164174 4167489
4168260 4170742
4171430 4172904
4173580 4174553
4175302 4177205
4178511 4179406
4180062 4182758
4183417 4189730
4194691 4198591
4203980 4205312
4211609 4212690
4213225 4213504
4220035 4229619
4235637 4236443
4237294 4238466
4239037 4240943
4241661 4246445
4249682 4258569
4259169 4259459
4260391 4261450
4262434 4265286
4265879 4266358
4267367 4270107
4270869 4275845
4286614 4289775
4293540 4293739
4297097 4297628
4299671 4300034
4302943 4303106
4305875 4307594
4308354 4309174
4321226 4339471
4339992 4340782
4341834 4345362
4346096 4346789
4347408 4348370
4348875 4349837
4350544 4353225
4353779 4362875
4363591 4366273
4366945 4367093
4369643 4369781
4370685 4371101
4372077 4373927
4374457 4377795
4382368 4388841
4397179 4401235
4402596 4409072
4409579 4412574
4413440 4413979
4414969 4418581
4419539 4420904
4422455 4425948
4428919 4429752
4430272 4430985
4431642 4436120
4436756 4436884
4437697 4440458
4441102 4451048
4451863 4459141
4462143 4462224
4462730 4464251
4465685 4468822
4471216 4474032
4480657 4483437
4484965 4485179
4493130 4493763
4495880 4496558
4498006 4509240
4510108 4511645
4512783 4514439
4515634 4517605
4518282 4519899
4521223 4525475
4526222 4527183
4528707 4531019
4548789 4555338
4555862 4557893
4558559 4560012
4560644 4561388
4562078 4565530
4566257 4566864
4567919 4571050
4572455 4572917
4573518 4585178
4585831 4586358
4587107 4589064
4597687 4597787
4598292 4604168
4608301 4609392
4626797 4632292
4633039 4634710
4637520 4637867
4641039 4641337
4645091 4645293
4646796 4652579
4656016 4656249
4657860 4657924
4659747 4660776
4661299 4662526
4665781 4672443
4673090 4673233
4673814 4680713
4684478 4689736
4690295 4692975
4693944 4694790
4699696 4700661
4702228 4705668
4710983 4712766
4713535 4715268
4715930 4719740
4723636 4723864
4727517 4728553
4731281 4736387
4737681 4743795
4745123 4745209
4748036 4751185
4756109 4758477
4762140 4768783
4769371 4777653
4782528 4782695
4787638 4796301
4801978 4802163
4814800 4828658
4841991 4843460
4844876 4851314
4854870 4862828
4869918 4870524
4871425 4872152
4873222 4873301
4877953 4880554
4881767 4885764
4886455 4886598
4894108 4897457
4898928 4904957
4912201 4914831
4915749 4918473
4919204 4919766
4933253 4933611
4934230 4942893
4943562 4944293
4947969 4954166
4957883 4970529
4979158 4979247
4982007 4984459
4985173 4987966
4995318 4995601
4998883 5002017
5009991 5010383
5011215 5018804
5020605 5025270
5025834 5026635
5030609 5030894
5033427 5037205
5037947 5039364
5039885 5044764
5045793 5046924
5047570 5047759
5048300 5052083
5052809 5052889
5055595 5064453
5067004 5069868
5071035 5071236
5072965 5074401
5074911 5082000
5086054 5086513
5087191 5087606
5088124 5088326
5089042 5091440
5096571 5099603
5100250 5107991
5108951 5109186
5113557 5115190
5115812 5116776
5118616 5119199
5123916 5124559
5128520 5128682
5129611 5130606
5131372 5131978
5133981 5134797
5140806 5143483
5144511 5145384
5147114 5157689
5158495 5160286
5161805 5165224
5166535 5174324
5175759 5186596
5188855 5191122
5195514 5198280
5199785 5201911
5206267 5206904
5207607 5208649
5209313 5213264
5215098 5215393
5221844 5232820
5235703 5237028
5238913 5239147
5241673 5243759
5244427 5245546
5256749 5257333
5259698 5259823
5262847 5263505
5264955 5270188
5272673 5276784
5280147 5281034
5282225 5286619
5294362 5297910
5299138 5309687
5314254 5314505
5319600 5321045
5321616 5322886
5326895 5331428
5333005 5333125
5345594 5348911
5349446 5351490
5357291 5369707
5370705 5387258
5388627 5389929
5393680 5393922
5395327 5405087
5417066 5427074
5435262 5435501
5436378 5437952
5438613 5440966
5447610 5455756
5465960 5466886
5469105 5470604
5472836 5472951
5473865 5476494
5477359 5482664
5488254 5488690
5490823 5490923
5497161 5497924
5498547 5498782
5502093 5502249
5504990 5505080
5506523 5508060
5509495 5511720
5512248 5517256
5517778 5535564
5536843 5537108
5538268 5547323
