gi_556503834_ref_NC_000913.3_
1 77
4854 4927
5684 5935
7249 7482
8210 8447
9398 9505
12887 13348
19453 19540
23900 24093
25474 25580
26149 26922
36082 36183
36515 36619
37528 37797
38346 38707
39311 39488
43794 44533
44864 44988
47130 47333
47998 48056
50239 50502
54284 54498
55754 55890
58960 59052
59713 59785
60846 61033
63557 63882
66087 66648
70489 70545
71487 71611
72047 72523
73378 73438
74173 74485
78701 78839
80956 81076
83354 84420
85508 85685
87329 87526
90660 90743
91481 91993
94253 94359
96260 96397
97104 97200
97943 98237
99160 99398
101264 101551
102957 103101
104769 105045
105363 105553
108677 108913
111081 111338
113518 113833
114538 114988
118828 119512
122568 122678
123037 123197
123716 124360
130309 130420
132098 132154
132899 133025
133470 133844
136135 136388
138394 138591
140825 140986
141648 141824
143906 144112
144825 144927
145245 145795
147903 148242
149609 149939
150589 150748
151802 151903
152663 153084
158067 158323
160772 161234
162181 162273
163399 163482
164354 164473
165424 165522
166060 166247
166852 167031
169674 169826
171239 171353
176507 176620
179702 179890
180387 180497
193140 193578
195747 195865
197736 197834
205787 206003
206724 207318
210750 211117
213273 213553
215212 215347
216452 216553
217558 217639
219485 219613
223564 223749
223963 225622
225836 227381
228675 228924
229244 229362
232233 232308
238722 238873
242152 242245
246672 246766
247609 247707
248375 248575
249529 250068
253387 253437
254585 254695
257006 257129
258007 258577
259243 259333
260398 260519
263966 264158
264555 264641
265460 265521
265902 265998
268020 268333
275150 275199
276370 276490
277867 278661
279223 279458
279669 280019
280399 280469
282382 282636
284929 284983
286584 286670
290634 291474
293324 293404
295100 295575
297216 297329
303139 303341
307036 307101
310630 310770
311281 311456
317867 318041
320811 321041
326880 327020
330034 330390
330836 331204
335724 336178
339384 339469
341052 341242
341689 341744
348017 348113
355264 355841
357227 357592
359616 359668
363371 364000
364368 364761
366749 366849
367304 367424
369839 369929
371541 371597
375065 375249
378510 378643
379210 379382
379865 379958
383672 383947
391258 392887
393481 393562
396010 396068
399825 399985
404616 404694
405863 406347
406698 406892
409574 410137
412706 413048
422238 422883
425269 425422
428368 428589
429009 429328
433392 433463
434029 434383
434700 434750
436587 436789
437322 437456
443034 443129
445444 445548
447856 447997
451615 451777
453252 453543
454696 454876
455241 455290
456614 456729
458648 458822
459538 459738
461573 461793
463476 463595
466159 466449
467846 467968
469136 469611
475146 475231
475961 476160
476977 477039
479611 479799
493872 493979
494297 494675
496272 496347
499475 499532
502858 503065
503990 504267
505349 505456
508333 508454
512378 512996
515013 515289
515974 516066
520444 520663
522675 522902
523631 523733
527047 527242
528971 529033
533483 533558
535681 535815
536157 536343
537353 537442
539924 540060
540530 540786
541309 541446
544289 544454
547964 548049
549906 550423
552759 553050
557443 557584
558848 559091
559656 559942
566826 567935
570994 571321
571618 571746
573251 573575
574667 575690
576529 576625
578334 578397
579181 579324
586071 586272
586606 586696
588201 588276
589642 589827
591248 591321
591629 591679
592348 592490
593200 593779
596179 596406
600183 600292
600899 600999
601357 601528
601844 601986
606348 606480
608106 609270
610484 610640
612962 613085
614573 614713
616545 616663
624014 624181
630125 630337
631924 632154
633554 633621
635498 635651
642212 642351
642679 642815
652946 653049
653654 653850
656023 656100
659573 659769
660396 660684
661829 662084
663245 663522
664782 664993
666912 666994
668583 668865
669985 670341
670663 670869
674492 674545
676050 676117
679441 679643
681337 681407
682678 683310
684257 684396
684853 684970
686955 687226
687945 688952
691329 691391
692020 692121
699271 699415
702401 702635
704825 705032
707951 708311
712730 712792
714343 714404
717396 717585
721018 721268
723026 723089
723966 724134
725944 726123
727246 727446
729146 730556
731157 731558
732082 732862
735040 735244
735755 735901
737654 737727
738035 738207
739553 740053
740596 741213
741536 741660
750590 750740
756787 756844
758900 759140
759460 759567
759998 760444
763535 763832
764694 764914
765846 765940
768993 769194
770874 771064
772212 772316
773540 773765
775057 775285
779715 779792
780119 780217
781447 781576
782073 782170
783828 783954
785943 786562
788451 788536
789296 789578
790516 790575
791620 791800
795741 795805
801280 801411
807689 808050
812161 812285
813004 813496
814111 814380
820074 820224
822179 822384
823610 823711
825528 825698
826850 827158
827960 828237
829481 829806
830646 830902
832495 832707
835253 835466
838553 838629
838987 839400
844654 844867
845667 846070
853005 853482
854475 854561
855464 855570
858207 858319
859603 859723
860347 861106
862289 862454
865280 865641
868782 868932
870580 870732
873951 874065
875005 875421
886591 886752
887470 887537
891881 892136
895961 896324
900122 900246
901292 901437
902334 902646
902971 903094
904431 904585
908338 908464
913488 913543
914528 914706
916531 916674
917158 917262
919117 919257
922281 923044
927476 927931
928869 928948
934263 934384
935444 935508
943299 943372
945727 945800
948990 949107
951774 951906
955969 956140
956876 957060
958195 958338
959720 959950
963366 963792
964616 965210
965783 966288
967992 968352
969773 969881
973915 973973
974873 975386
976078 976337
985407 985715
987026 987227
987744 988182
988598 989217
990024 990117
991885 991946
992571 992693
997505 997876
999185 999241
999649 999781
1007329 1007483
1008745 1008985
1009457 1009609
1010523 1010775
1013323 1013441
1014611 1014794
1015494 1015592
1015951 1016574
1017353 1017456
1019585 1019928
1020541 1020676
1022134 1022308
1024041 1024179
1026544 1026802
1028589 1029212
1031720 1031881
1036315 1036418
1037359 1037546
1038923 1039028
1045184 1045251
1047035 1047178
1049183 1049277
1049598 1050506
1051237 1051466
1054551 1055042
1055789 1055928
1057790 1057958
1060392 1060470
1060896 1061133
1065666 1065780
1068238 1068481
1071105 1071263
1071692 1071873
1072617 1072728
1073234 1073311
1074731 1075229
1077416 1077963
1081718 1082217
1086623 1086885
1091521 1091790
1093656 1093793
1094310 1095404
1095944 1096005
1097060 1097322
1098515 1098713
1102581 1102712
1103400 1103599
1104508 1104712
1106730 1106843
1107244 1107298
1107610 1107846
1114942 1115083
1116008 1116957
1118973 1119029
1120414 1120550
1124256 1124481
1125013 1125584
1130411 1130483
1133860 1133971
1136358 1136796
1139961 1140104
1144567 1144854
1151014 1151203
1151873 1152121
1152919 1153050
1153606 1153746
1158029 1158188
1158786 1158854
1159203 1159312
1161153 1161448
1163238 1163498
1168058 1168305
1171701 1171871
1175648 1175738
1176473 1176544
1179816 1179971
1181047 1181128
1185224 1185322
1186120 1186390
1187326 1187505
1192971 1193566
1194709 1194791
1195440 1195602
1197858 1197933
1201369 1201504
1202882 1203027
1211609 1211719
1212845 1212964
1213276 1213518
1214908 1215362
1222146 1222467
1223416 1223556
1230882 1231022
1233109 1233168
1236276 1236533
1237352 1237420
1238679 1238786
1244195 1244339
1245617 1245708
1255093 1256424
1257585 1257979
1259103 1259416
1264693 1264816
1265794 1265878
1268010 1268162
1269726 1270419
1273315 1273366
1275456 1275605
1278797 1279044
1281879 1282135
1283479 1284782
1285745 1286043
1286503 1287268
1288554 1288965
1290041 1290214
1291092 1291321
1298265 1298363
1299506 1300607
1301822 1301973
1302421 1302491
1303726 1304083
1304404 1304521
1305430 1305534
1306040 1306192
1307131 1307245
1308393 1308616
1309185 1309440
1313782 1313880
1315075 1315125
1318037 1318340
1319940 1320171
1324095 1324170
1324525 1324615
1325436 1325779
1326206 1326618
1327192 1327507
1327815 1327890
1328586 1328638
1330256 1330724
1332118 1332252
1338545 1338610
1339208 1339590
1347513 1347694
1350867 1351203
1355465 1356040
1361378 1361483
1366335 1366480
1367024 1367128
1369542 1369735
1371713 1371889
1374196 1374332
1375621 1375801
1379597 1379657
1381140 1381454
1382274 1382377
1383545 1384119
1385089 1385351
1387302 1387369
1388852 1388972
1389540 1389633
1390135 1390571
1390911 1391101
1396139 1397144
1399629 1399853
1401018 1401243
1405934 1406395
1407610 1407834
1409119 1409427
1411464 1411743
1412377 1412465
1414042 1414201
1415043 1415181
1418251 1418448
1419039 1419210
1419886 1419944
1422565 1422997
1424499 1424711
1425670 1425815
1426891 1427046
1427841 1428405
1430799 1430962
1432373 1434642
1435157 1435230
1435607 1435696
1439464 1439574
1440058 1440197
1442793 1443008
1448314 1448491
1449137 1449385
1449911 1450031
1450629 1450771
1452755 1452916
1453742 1453830
1454131 1454200
1455298 1455416
1457175 1457494
1460948 1461503
1468009 1470417
1475183 1475290
1477212 1477619
1479776 1479939
1480385 1480503
1482187 1482310
1488033 1488468
1489400 1489497
1490156 1490224
1490986 1491732
1493200 1493296
1499795 1499976
1506026 1506120
1512914 1513154
1515365 1515896
1517219 1517403
1518570 1518645
1520355 1520450
1526183 1526265
1528303 1529372
1531104 1531281
1531767 1531931
1532383 1532545
1533425 1533601
1535124 1535245
1536350 1536637
1538962 1539027
1539722 1539824
1541650 1541799
1545058 1545498
1545847 1545918
1547700 1547765
1548519 1549411
1550524 1550589
1552126 1552347
1553838 1554100
1555396 1555745
1558465 1558624
1562413 1562725
1563036 1563207
1568740 1568894
1576825 1577186
1578274 1578374
1579092 1579189
1580791 1581120
1588049 1588277
1590279 1590483
1593966 1594077
1595518 1595765
1598228 1598429
1600141 1600287
1602753 1602867
1607011 1607145
1609105 1609623
1610994 1611328
1618147 1618498
1627420 1627479
1627794 1629067
1631906 1632038
1635938 1636793
1649994 1650082
1650942 1651450
1662211 1662278
1663353 1663593
1663978 1664089
1668662 1668719
1672611 1672677
1673479 1673684
1674509 1674625
1675090 1675461
1676185 1676531
1679370 1679419
1683150 1683305
1685144 1685218
1686638 1686795
1692638 1692970
1699741 1699954
1703180 1703293
1704120 1704321
1706739 1706831
1709448 1709627
1711477 1711839
1716694 1716776
1724569 1724712
1725954 1726224
1728342 1728398
1730339 1730427
1731975 1732199
1732745 1732849
1733204 1733277
1738407 1738514
1739405 1739547
1740742 1740850
1742171 1742259
1744700 1744795
1748523 1748702
1752425 1752776
1753571 1753697
1755345 1755452
1759264 1759377
1760831 1760917
1765276 1765335
1767754 1768017
1768549 1768736
1771416 1771763
1772894 1773266
1773858 1774037
1776051 1776157
1778824 1778946
1780782 1781068
1784284 1784548
1786521 1786645
1791562 1791938
1794461 1794574
1795718 1795783
1796233 1796468
1797424 1797639
1798646 1798810
1803973 1804267
1805670 1805988
1806484 1806901
1811138 1811279
1811912 1812007
1813144 1813485
1816046 1816253
1819541 1820173
1823204 1823263
1824661 1825532
1826142 1826242
1827443 1827538
1831533 1831671
1832445 1832584
1834055 1834247
1838936 1839023
1841603 1841999
1842994 1843056
1844254 1844434
1850798 1850993
1854247 1854798
1855292 1855359
1856933 1857195
1857881 1857977
1861634 1861894
1862921 1863014
1863457 1863674
1872305 1872400
1873439 1873836
1876882 1876953
1880945 1881091
1887458 1887708
1889389 1889528
1894544 1894596
1896478 1896631
1897423 1897798
1899130 1899212
1899862 1899951
1900253 1900543
1901966 1902040
1904026 1904589
1907461 1907592
1911346 1911419
1915581 1915775
1916339 1916445
1917946 1918142
1919565 1919733
1923323 1924089
1926724 1926795
1927918 1928190
1929676 1930062
1931185 1931407
1932161 1932252
1932725 1932934
1934502 1934572
1946494 1946742
1956107 1956204
1960243 1960412
1963101 1963157
1963784 1963840
1964284 1964413
1966562 1966989
1968295 1968821
1969824 1969923
1970566 1970636
1972452 1972533
1973214 1973304
1974206 1974739
1975214 1975518
1978602 1979171
1981309 1981458
1982500 1982609
1985419 1985763
1986537 1986681
1987998 1988054
1988541 1989042
1989639 1989737
1990855 1990989
1991878 1992041
1994310 1994546
1995994 1996060
1999912 2000008
2000314 2000891
2001639 2002206
2003668 2003818
2009811 2010307
2011203 2011465
2014492 2014959
2016530 2016901
2020575 2020794
2022350 2022550
2024327 2024447
2026344 2026595
2027842 2028147
2028849 2028953
2030077 2030155
2031148 2031280
2032548 2032687
2035070 2035138
2036249 2036863
2037847 2038002
2039764 2039829
2041530 2041644
2043152 2043512
2044542 2044891
2045942 2046061
2046551 2046664
2050220 2050768
2052793 2053554
2054223 2054280
2056348 2057041
2057735 2058180
2058484 2058689
2059534 2059619
2063361 2064168
2065704 2065891
2066275 2067507
2068922 2070172
2075658 2075750
2077143 2077653
2081100 2081445
2085116 2085352
2086862 2086937
2087570 2087687
2091301 2091400
2094030 2094348
2100219 2100343
2101070 2101312
2101845 2102969
2104144 2104235
2105040 2105129
2106113 2106303
2110816 2110946
2111784 2111999
2113484 2113821
2114371 2114506
2114886 2115000
2116570 2116776
2118069 2118206
2118549 2118806
2120995 2121088
2122765 2122820
2126043 2126170
2128263 2128860
2130503 2130560
2133196 2133302
2135938 2136199
2136911 2137019
2137443 2137685
2138889 2139032
2140690 2140913
2141501 2141626
2142607 2143206
2145397 2145562
2147443 2147709
2148610 2148726
2154758 2154813
2156392 2156583
2158624 2158843
2159198 2159261
2159714 2159793
2160135 2160332
2162902 2163027
2163327 2163428
2163859 2164067
2164695 2164756
2165563 2165655
2169797 2169890
2170269 2171329
2171650 2171786
2173238 2173325
2173818 2173982
2176941 2177003
2177679 2178038
2179711 2179808
2183023 2183353
2184237 2184403
2185864 2185981
2190215 2190319
2190825 2191061
2194375 2194539
2195065 2195568
2196932 2197143
2198212 2198301
2199460 2199672
2205272 2205488
2206043 2206210
2210555 2210606
2211311 2211477
2213903 2214157
2222126 2222198
2227273 2227458
2230246 2230338
2231001 2231110
2233738 2233935
2241533 2241709
2244998 2245219
2246795 2246908
2248028 2248215
2252035 2252369
2258406 2258542
2260807 2260874
2261593 2261679
2263906 2264055
2264373 2264882
2266287 2266475
2267870 2268911
2270408 2270643
2271181 2271298
2272600 2272692
2273704 2273938
2275350 2275447
2277658 2277742
2278096 2278563
2281514 2281993
2284810 2285034
2285333 2285405
2286428 2286567
2289015 2290014
2293180 2293342
2295119 2295215
2295558 2295717
2300100 2300218
2301074 2301134
2304021 2304728
2306531 2306639
2309085 2309205
2311587 2311859
2314946 2315105
2316854 2316921
2318327 2318582
2319199 2319398
2322232 2322459
2327760 2327862
2329150 2329256
2331886 2332058
2335497 2335623
2337532 2338201
2340529 2341481
2342582 2342711
2345966 2346109
2349298 2349420
2350838 2351092
2353497 2353621
2354143 2354310
2357054 2357167
2358081 2358276
2361198 2361253
2362102 2362219
2364385 2364548
2369546 2369656
2370308 2370410
2371125 2371368
2372674 2372798
2373722 2373799
2375132 2375211
2377738 2377808
2378968 2379083
2380493 2380544
2383092 2383393
2391907 2392010
2394192 2394362
2403531 2403644
2406812 2407054
2408573 2408738
2409378 2409567
2412386 2412497
2413846 2413943
2415693 2415999
2418313 2418608
2419767 2419833
2421029 2421176
2424612 2424994
2425514 2425611
2426693 2426867
2427319 2427431
2427860 2427926
2432072 2432167
2440112 2440381
2444266 2444694
2445115 2445192
2446587 2446707
2448982 2449131
2450256 2450347
2452829 2452944
2455416 2455486
2465512 2466078
2470954 2471168
2472408 2473098
2484222 2484448
2485029 2485112
2485765 2485898
2489210 2489264
2493085 2493367
2494030 2494170
2495611 2495976
2499537 2499627
2503356 2503655
2504443 2504787
2506436 2506805
2509278 2509378
2510065 2510168
2512574 2512980
2514372 2515519
2516387 2516775
2521112 2521888
2526527 2526721
2531324 2531480
2533005 2533585
2537185 2537566
2542180 2542592
2546578 2546772
2551110 2551561
2554181 2554318
2559161 2559211
2559645 2559754
2565837 2565890
2567132 2567197
2569797 2570116
2575378 2575505
2576379 2576479
2576799 2577026
2578662 2578779
2579679 2579807
2584866 2585109
2585901 2585952
2589532 2589625
2596478 2596610
2597720 2597907
2599624 2599747
2602627 2602768
2603789 2603885
2605013 2605092
2607506 2607565
2609377 2609726
2611656 2611764
2613377 2613744
2615025 2615169
2615819 2616064
2620639 2620781
2623604 2624069
2628958 2629188
2638829 2638981
2640117 2640916
2642061 2642168
2642552 2642748
2643106 2643211
2644189 2644734
2645836 2645997
2646404 2646723
2647253 2647448
2649509 2649757
2651247 2651373
2656575 2657199
2660413 2660771
2663056 2663519
2667503 2667562
2670798 2670915
2677541 2677615
2678248 2678425
2679315 2679528
2680265 2680374
2681941 2682059
2683935 2684176
2691132 2691238
2691634 2692237
2694621 2694847
2696297 2696549
2698121 2698237
2700581 2701192
2705553 2705876
2706781 2706856
2708408 2708466
2709252 2709326
2710039 2710097
2711752 2712717
2713554 2713673
2714146 2715355
2717793 2717937
2719043 2719188
2720111 2720409
2721180 2721708
2724055 2724266
2724632 2724732
2726368 2727350
2729205 2729601
2730885 2731079
2735409 2735459
2736257 2736328
2738102 2738254
2740867 2741279
2742664 2742884
2747137 2747287
2750356 2750702
2753177 2753320
2754970 2755028
2756189 2756328
2756849 2757109
2757921 2758056
2758740 2759240
2759619 2760086
2760921 2760995
2762333 2762545
2763110 2763305
2763935 2764129
2765343 2765411
2765912 2766188
2767985 2768151
2769506 2769671
2774644 2775392
2778817 2779142
2779874 2780086
2782535 2782609
2785838 2786331
2788143 2788309
2789019 2789313
2790504 2790689
2791296 2791551
2792622 2792717
2793936 2794118
2794786 2794946
2797675 2797762
2798806 2798949
2799512 2800290
2800783 2800987
2802681 2802847
2804537 2804766
2805821 2805948
2810091 2810197
2812425 2812539
2814751 2814854
2820435 2820602
2821668 2821829
2824617 2824801
2830401 2830510
2835059 2835180
2839224 2839274
2843329 2843494
2843955 2844119
2846084 2846589
2848996 2849138
2850468 2850630
2851297 2851422
2851978 2852069
2852975 2853331
2853650 2853711
2856429 2856513
2860518 2860942
2863930 2864499
2867315 2867427
2868737 2868913
2869611 2869710
2870234 2870325
2875110 2875253
2881159 2881497
2882406 2882645
2885156 2885340
2886781 2886872
2889220 2889504
2890076 2890260
2892533 2892773
2893462 2893739
2898648 2898728
2899192 2899393
2901080 2901200
2901739 2901875
2903849 2904083
2905190 2905734
2910093 2910185
2913596 2913712
2915612 2915856
2917524 2917837
2918440 2918621
2930904 2931150
2931904 2931990
2935432 2935525
2935926 2936741
2939579 2940508
2942492 2942582
2942972 2943083
2945056 2945484
2947385 2947604
2950815 2951029
2951423 2951499
2953125 2953328
2960508 2960652
2964087 2964250
2973401 2973525
2974211 2974404
2974988 2975262
2975609 2976015
2978938 2979039
2980262 2980500
2981668 2981732
2982435 2982557
2982892 2983099
2985173 2985339
2986896 2986948
2991190 2991344
2996440 2997610
2999903 3000115
3001764 3001896
3003462 3003999
3008208 3008308
3009263 3009351
3010427 3010486
3012610 3012856
3015184 3015505
3016223 3016393
3020438 3020495
3022579 3022946
3024858 3025064
3029612 3029689
3035056 3035212
3037938 3038012
3040497 3040717
3041188 3041313
3042220 3042378
3043934 3044038
3045411 3045608
3047684 3048001
3053534 3053783
3054361 3054502
3055912 3056355
3056849 3057040
3058909 3059015
3059418 3059541
3060449 3060579
3060980 3061102
3062803 3063118
3064029 3064154
3065581 3065681
3066823 3066936
3070855 3071222
3072009 3072384
3072861 3073300
3075181 3075333
3075773 3076081
3076487 3076697
3077582 3077781
3078847 3078944
3079627 3080572
3086485 3086682
3087203 3087278
3089857 3090099
3091809 3092016
3092358 3092571
3095224 3095300
3099554 3099680
3104322 3104515
3105215 3105397
3106422 3106501
3107627 3107843
3121714 3122091
3130242 3131542
3132769 3132880
3134312 3134518
3136895 3137015
3138245 3138349
3139620 3140656
3145090 3145172
3147472 3147586
3152821 3153024
3154650 3154756
3155055 3155489
3160348 3160478
3163569 3164109
3166236 3166469
3169329 3169432
3170183 3170491
3171348 3171413
3175551 3175758
3179712 3179848
3180278 3180388
3180776 3180866
3183456 3183557
3186195 3187517
3190482 3190630
3193016 3193115
3195138 3195315
3201546 3201672
3202136 3202292
3203269 3203503
3203823 3204328
3205065 3205741
3207282 3207360
3211156 3211268
3213361 3213612
3215598 3215935
3216681 3217247
3221856 3222414
3224074 3224130
3226284 3226340
3227178 3227460
3227936 3228275
3232481 3232645
3233857 3234002
3235233 3235450
3237184 3237286
3238002 3238134
3243774 3244013
3247738 3247819
3248412 3249055
3250938 3251043
3251781 3251902
3252439 3252596
3253815 3254267
3255213 3255591
3267211 3267506
3268335 3268396
3269822 3270071
3274034 3274172
3278677 3278939
3279787 3280004
3280861 3280977
3281897 3283440
3289211 3289464
3290031 3290338
3291094 3291197
3292822 3293465
3295025 3295088
3295592 3295771
3297446 3297608
3298355 3298451
3302038 3302098
3305484 3305601
3306476 3306885
3311088 3311242
3314718 3314926
3315283 3315368
3316447 3316550
3317474 3317570
3318243 3318384
3319043 3319105
3323433 3323533
3326749 3327074
3327697 3327849
3332737 3332879
3334382 3334568
3335311 3335471
3336555 3336954
3338658 3338715
3340074 3340235
3343352 3343498
3344459 3344887
3345685 3345739
3346085 3346299
3347101 3347396
3348441 3348574
3351000 3351150
3356541 3356927
3358045 3358702
3359947 3360394
3361340 3361409
3365613 3366735
3368827 3369008
3369628 3369688
3372029 3372164
3373211 3373488
3373959 3374121
3374861 3374932
3376490 3376834
3377845 3378106
3378465 3378605
3379283 3379769
3380316 3380604
3391330 3391573
3392269 3392595
3395082 3395158
3398945 3399197
3401103 3401244
3402656 3402806
3405963 3406092
3411282 3411372
3412754 3412831
3416501 3416565
3422179 3422355
3423761 3426704
3427306 3428390
3430163 3430236
3430744 3430798
3432631 3432832
3435030 3435097
3436988 3437073
3441046 3441173
3442263 3442438
3446727 3446782
3447253 3447816
3452743 3452885
3453232 3453856
3454512 3455058
3459723 3459811
3461046 3461218
3461964 3462045
3462745 3462941
3471464 3471753
3472171 3472413
3478423 3478649
3486978 3487036
3488299 3488377
3491571 3492046
3495205 3495641
3500157 3500833
3501515 3501660
3502362 3502530
3504171 3504347
3505721 3506071
3508566 3508652
3510804 3511062
3513095 3513205
3515774 3515965
3519615 3519805
3521645 3521741
3523159 3523282
3524640 3524762
3526214 3526351
3527007 3527093
3527516 3527731
3528177 3528227
3532337 3532518
3533658 3533780
3539437 3539576
3540224 3540466
3542303 3542664
3543654 3543907
3545242 3545430
3549711 3549925
3550406 3550717
3555984 3556082
3556539 3556729
3559142 3559259
3559672 3559910
3562479 3562547
3563641 3563759
3564226 3564619
3567334 3567711
3569245 3569358
3571905 3572025
3575187 3575637
3582920 3583105
3583526 3584096
3585343 3585409
3587358 3587453
3590176 3590247
3591636 3591769
3597716 3597790
3601494 3601544
3602901 3602996
3603466 3603518
3605750 3606142
3609400 3609582
3610273 3610521
3614772 3614902
3615973 3616189
3617160 3617452
3619185 3620666
3624593 3625107
3626988 3627158
3628966 3629059
3633911 3634137
3634587 3634720
3636393 3636592
3640239 3640456
3641076 3641268
3645919 3646155
3648213 3648342
3649390 3649452
3650989 3651408
3652131 3653137
3654717 3654912
3657501 3657660
3662700 3662931
3664821 3665050
3665675 3665784
3666304 3667613
3668262 3668542
3670331 3670453
3672072 3672285
3673702 3673923
3674800 3675254
3677535 3677676
3681397 3681503
3681968 3682090
3687045 3687489
3692433 3692502
3697291 3697485
3697800 3697941
3698871 3698975
3700039 3700258
3705663 3705955
3707033 3707089
3710131 3710180
3713937 3714057
3714639 3714689
3715323 3715574
3716138 3716872
3718757 3719687
3729804 3729934
3733346 3733434
3733997 3734487
3735832 3736677
3738245 3738395
3738963 3739039
3740456 3740518
3741164 3741261
3742548 3742767
3749600 3749790
3751591 3752240
3753243 3753391
3756919 3757057
3758172 3758429
3761256 3761731
3763757 3765550
3766384 3766622
3767033 3767514
3768252 3768415
3769030 3769163
3771313 3771812
3772624 3772897
3774381 3774488
3777020 3777210
3779789 3779852
3782883 3782956
3786651 3787034
3787436 3787617
3788121 3788261
3788720 3788906
3790167 3790306
3790921 3790973
3791808 3791967
3794639 3794743
3797485 3797559
3800181 3800340
3804301 3804358
3807232 3807319
3812242 3812398
3815615 3815703
3817578 3817745
3818558 3818697
3820140 3820286
3822825 3823022
3825426 3825637
3826445 3826666
3833997 3834052
3835288 3835350
3841468 3841542
3841903 3842337
3844640 3844881
3845259 3845341
3851049 3851596
3852597 3852684
3853620 3853769
3856767 3856887
3861345 3861551
3862497 3862581
3863027 3863251
3864484 3864589
3870338 3870460
3872298 3872452
3875966 3876029
3876341 3876448
3877977 3878181
3879212 3879342
3882392 3882472
3884287 3884400
3888520 3888604
3892196 3892582
3893648 3893704
3894024 3894133
3896210 3896579
3897445 3897767
3900525 3900589
3902159 3902275
3902632 3902873
3906251 3906345
3906715 3906771
3908432 3908560
3912805 3912967
3913687 3913740
3915312 3915399
3919087 3919166
3921290 3921484
3922027 3922091
3924674 3924790
3925121 3925246
3925665 3925756
3926631 3926786
3931137 3931536
3932179 3932580
3933777 3934021
3938410 3938771
3939247 3939475
3940490 3940616
3941524 3943296
3943534 3946727
3947982 3948092
3950988 3951148
3954987 3955055
3958432 3958713
3959114 3959253
3960758 3961005
3962148 3962325
3962711 3962869
3964679 3964868
3968739 3969100
3977188 3977432
3977906 3978569
3979147 3979341
3986472 3986533
3986934 3987125
3992677 3992753
3993579 3994046
3996199 3996425
3999453 3999503
4001091 4001200
4003680 4003885
4004533 4005137
4006211 4006417
4007142 4007289
4009772 4009969
4010483 4010613
4011102 4011384
4012746 4012929
4013627 4013822
4016048 4016272
4018355 4018472
4020785 4021065
4022497 4022729
4023950 4024021
4024954 4025076
4027155 4027462
4027979 4028057
4028719 4028824
4032470 4032629
4035415 4040982
4041794 4041875
4044998 4045071
4045409 4045578
4046774 4046893
4051860 4051930
4052269 4052359
4056786 4056862
4059017 4059320
4064254 4064822
4069640 4069847
4073968 4074137
4075387 4075501
4080017 4080088
4083709 4084230
4086485 4086575
4088638 4089289
4091331 4091452
4092287 4092384
4094401 4094489
4097320 4097429
4098798 4099055
4103584 4103740
4107285 4107522
4108178 4108606
4111305 4111421
4113599 4113728
4114405 4114539
4116061 4116209
4117128 4117203
4120205 4120365
4124519 4124839
4126952 4127028
4129177 4129422
4130292 4130887
4132892 4133039
4137855 4138066
4143829 4143969
4144363 4144547
4144909 4145149
4147029 4147138
4148958 4149052
4153571 4153693
4155968 4156214
4158183 4158334
4158724 4158810
4160005 4160203
4162752 4162832
4166398 4168147
4168471 4171662
4172924 4173041
4175445 4177014
4177477 4177591
4184911 4185025
4186881 4186956
4187823 4188007
4190812 4191135
4194106 4194277
4194883 4194961
4196991 4197052
4197992 4198082
4198547 4198834
4199266 4199335
4201167 4201519
4203548 4203688
4206742 4206827
4208091 4209773
4210120 4213067
4216059 4216536
4217300 4217588
4219123 4219307
4221303 4221370
4223581 4223780
4224927 4225280
4227080 4227165
4228022 4228109
4229967 4231046
4232962 4233081
4239531 4239735
4240677 4240821
4241497 4241776
4242903 4243203
4245379 4245525
4245833 4245920
4247718 4247854
4248584 4248834
4252019 4252590
4253560 4253658
4254345 4254500
4254963 4255362
4256603 4256739
4259211 4259276
4260395 4260500
4261118 4261304
4271575 4271766
4273222 4273324
4274829 4274927
4275355 4275670
4276393 4276504
4277610 4277716
4278220 4278746
4282450 4282613
4283038 4283229
4285267 4285322
4286547 4286664
4289527 4290072
4291185 4291296
4291651 4291721
4296178 4296282
4296662 4296726
4303348 4303908
4305448 4305636
4306047 4306364
4306878 4306971
4307662 4308431
4309847 4309960
4313567 4313623
4316533 4316725
4324268 4324668
4325761 4326537
4327980 4328107
4328780 4329265
4331577 4331761
4333213 4333296
4333801 4333855
4334192 4334298
4336469 4336536
4337084 4337180
4337905 4338210
4339197 4339287
4342302 4342521
4343145 4343209
4344329 4344387
4345426 4345655
4348942 4349044
4350081 4350328
4351033 4351460
4352558 4352864
4357259 4357655
4359781 4359883
4362259 4362308
4364430 4364558
4366229 4366406
4367542 4367696
4368519 4369234
4374210 4374350
4375453 4375559
4375877 4375995
4377972 4378207
4380926 4381032
4383967 4384080
4385340 4385563
4388740 4389082
4389456 4389509
4389857 4389970
4391171 4391225
4392442 4392572
4394431 4394527
4396103 4396271
4401558 4401701
4402800 4402918
4403754 4403840
4412642 4412856
4413844 4414112
4415431 4415584
4416960 4417089
4417493 4417605
4422251 4422337
4427456 4427603
4431354 4431518
4432234 4432387
4433382 4433602
4434906 4434955
4436498 4436635
4441152 4441478
4445930 4446045
4447304 4447473
4448612 4448770
4450521 4450628
4455463 4455741
4458204 4458393
4462522 4462610
4466533 4466761
4468272 4469231
4470723 4471012
4473967 4474184
4478474 4478537
4482588 4482925
4484784 4484883
4485984 4486038
4489123 4489329
4491272 4491383
4491872 4491991
4493078 4493172
4493976 4494050
4494995 4495225
4495862 4495990
4497477 4499413
4500149 4500953
4502099 4502179
4504727 4504783
4506070 4506254
4507558 4509026
4512346 4512553
4514543 4514673
4520736 4520824
4521242 4521513
4524840 4524953
4525669 4525811
4527022 4527476
4528988 4529056
4529785 4529867
4531137 4531759
4534431 4534554
4535055 4535134
4542186 4542555
4543404 4543772
4544979 4545493
4549589 4549666
4553302 4553450
4555602 4555736
4560902 4560955
4561690 4561874
4566959 4567208
4569354 4569514
4570744 4570833
4573371 4573878
4575080 4575167
4576612 4576730
4580788 4581229
4583839 4584027
4585975 4586350
4586829 4587144
4587865 4588363
4595064 4595224
4597095 4597173
4598234 4598377
4599081 4599164
4600689 4600856
4602209 4602342
4605094 4605243
4608785 4608903
4613653 4613803
4614222 4614335
4616139 4616322
4621736 4621864
4623974 4624066
4624585 4624651
4626163 4626291
4630240 4630413
4631400 4631525
4631982 4632345
4635509 4635817
4636208 4636294
4636842 4636982
4637436 4637655
4638755 4638926
4640642 4640806
4641379 4641652
