Ecoli_0920_Ancestor_
1 166
8068 8182
14085 14294
21454 21535
23282 23909
31298 31828
33230 33356
33922 34099
40930 41005
43107 43197
48196 48877
59157 59418
68513 68656
69675 70086
72674 72781
73607 73739
77252 77350
81793 82702
83257 83878
91391 92526
93987 94406
96897 97334
100291 100399
124937 125433
132805 132915
137057 137254
144289 145872
158669 158868
160965 161064
167680 167779
182160 182615
198046 198141
220600 220964
223582 225126
229299 229561
232543 232824
246350 246597
247840 247942
258600 259358
262195 262271
269087 269343
270205 270423
272690 273195
280109 280459
283980 284124
289069 289193
294255 294883
296367 296613
326483 326642
339796 339898
353362 353657
365492 365559
377869 382894
392005 392161
413890 414739
418938 424406
427424 428190
430818 431499
432196 433342
434890 435112
437015 437219
442350 442402
449764 450303
463667 463857
475099 478110
482998 483097
484607 485248
486875 488317
490055 490229
501679 501895
503838 503931
512480 512558
518550 518743
520597 520828
522607 522706
530787 530914
531741 532145
533702 534872
546288 546360
550058 555659
557922 558032
572418 572722
580325 582129
625715 625956
643863 649263
652456 652550
663739 663945
670309 670865
682476 682847
697669 697907
705785 705934
724894 725020
728481 728745
750056 750481
753039 753091
762737 762881
766389 767337
775477 775653
781034 781183
801153 801203
801890 801998
815015 815193
820071 820243
822806 822860
823436 823619
824979 827156
827770 828570
830402 830458
839445 839644
844422 844483
854593 854692
893721 893959
897962 901490
906671 907075
918028 919208
922503 922641
923566 924471
925465 925656
932737 932816
935592 935792
937667 938099
938660 938924
943835 943981
948107 948264
950140 950265
953560 954461
964829 966189
968218 970147
970761 971432
972299 972383
974551 975019
987005 987270
989038 989201
1006742 1007277
1009373 1012316
1013703 1014116
1015867 1015968
1017006 1017181
1017904 1017996
1020131 1020398
1022103 1023211
1026402 1026568
1033710 1033828
1036777 1036864
1041909 1041963
1051390 1051770
1055803 1055918
1057174 1057522
1075934 1076088
1079540 1079720
1088186 1091673
1092246 1097025
1101895 1101989
1107914 1108380
1116410 1116844
1118602 1118651
1119312 1120445
1123101 1123712
1127888 1127941
1131683 1131918
1138813 1138920
1147138 1150091
1158545 1158741
1161712 1167644
1173001 1173189
1177200 1177471
1178509 1178739
1183453 1183706
1188609 1188689
1207881 1208238
1224149 1224579
1225140 1229833
1233316 1234537
1237125 1237178
1243421 1243504
1245354 1245426
1247982 1248245
1265699 1265794
1277726 1279361
1299683 1299873
1302008 1302607
1303170 1304896
1307518 1308017
1320547 1320839
1323237 1323714
1326570 1326699
1329711 1329956
1340706 1340841
1350275 1350624
1352640 1352692
1354147 1354434
1354939 1355039
1360430 1360482
1365099 1365750
1366331 1366623
1369912 1371032
1380239 1380569
1383195 1383466
1388204 1388322
1390180 1390282
1398990 1399040
1403873 1405044
1405846 1406196
1435407 1435570
1445493 1445767
1447088 1447408
1448014 1448156
1451352 1451806
1453282 1453519
1460133 1460496
1468781 1468853
1475882 1475963
1481964 1483072
1503764 1503877
1512930 1512992
1514649 1515150
1527393 1530724
1534399 1535418
1538442 1538619
1544037 1544499
1547046 1547445
1548871 1549005
1567205 1567267
1591120 1591239
1592018 1592349
1593209 1594346
1602064 1602263
1609729 1609886
1618643 1618790
1631669 1631728
1633824 1634842
1636551 1637859
1644031 1644126
1649054 1649122
1654953 1655407
1656859 1657022
1659337 1659582
1661086 1661494
1666170 1666415
1671913 1672041
1686006 1686097
1688465 1688829
1689451 1689638
1690638 1690798
1694855 1695395
1697453 1697545
1702598 1702682
1712351 1712497
1719705 1722148
1748005 1748150
1759346 1759606
1773022 1780360
1782794 1783086
1788476 1789213
1797446 1797594
1798605 1798704
1804696 1805368
1808595 1808688
1817099 1817226
1819764 1820885
1821606 1821874
1822434 1822544
1833626 1833826
1835671 1836172
1839615 1839675
1845066 1845316
1850370 1850625
1855205 1855511
1859531 1864643
1882192 1882284
1897601 1897750
1909471 1909675
1912150 1912363
1921860 1922111
1928324 1928492
1951747 1951857
1954793 1954849
1958179 1958474
1959908 1959983
1964619 1965025
1967479 1968035
1969928 1969983
1977064 1977188
2007667 2007779
2012978 2013627
2018441 2018565
2019725 2021031
2039287 2039589
2041212 2041339
2051839 2051952
2053864 2053958
2054730 2054960
2059615 2059757
2060327 2060648
2065056 2065815
2066790 2066841
2069444 2069794
2072627 2076501
2078082 2078345
2087686 2088007
2092283 2092962
2106052 2106356
2120522 2120577
2122367 2122429
2137009 2143523
2145318 2145399
2151001 2151347
2168004 2168107
2175803 2175934
2205348 2205770
2219188 2219360
2227663 2227896
2236520 2236739
2238787 2238852
2240816 2240900
2241484 2241733
2249810 2250396
2250913 2255723
2258784 2259134
2260515 2260574
2264162 2264632
2267982 2268115
2271090 2271745
2275518 2275726
2279463 2279609
2282256 2282595
2285891 2286279
2287496 2288463
2292355 2292429
2295229 2295349
2298935 2299280
2300309 2301216
2308997 2309761
2320276 2320540
2327070 2327245
2334571 2334648
2345900 2346375
2347379 2347650
2348590 2348728
2357483 2357602
2366258 2366420
2372751 2372981
2387346 2387490
2390665 2390813
2398245 2398429
2400213 2401029
2419537 2420538
2427531 2427707
2438349 2440157
2453060 2453405
2466101 2466385
2476005 2476268
2481820 2482338
2483606 2484373
2488167 2488386
2488947 2489023
2493264 2494577
2503553 2503782
2520680 2521677
2523604 2524760
2536781 2537206
2544968 2545041
2545875 2546544
2548610 2548732
2559827 2562906
2583635 2583966
2586132 2586193
2589564 2590741
2593604 2600810
2605331 2605993
2609449 2609516
2626700 2626811
2638222 2638495
2639095 2639770
2647049 2647118
2661435 2661579
2663698 2663753
2664458 2670964
2672681 2672834
2675486 2675587
2678449 2681775
2712515 2712611
2713521 2714512
2717168 2717249
2723599 2723796
2724369 2724565
2729735 2729899
2740521 2741042
2744443 2744530
2752234 2752301
2753372 2753507
2774127 2774244
2778756 2778837
2779945 2780496
2784326 2784611
2785505 2785803
2796021 2796203
2805373 2806454
2808429 2808601
2812542 2812754
2835685 2835964
2837268 2837536
2839437 2839588
2842946 2843005
2853671 2853725
2858292 2858494
2879963 2881256
2886175 2886658
2902881 2902984
2904358 2904584
2908593 2908766
2909333 2910182
2911371 2912240
2917835 2918058
2918788 2918894
2932220 2932311
2939354 2940535
2947159 2947275
2948619 2948777
2953668 2954029
2954534 2954866
2955816 2960114
2963162 2968866
2971441 2972234
2980102 2980726
2993127 2993248
2997536 2997593
3005071 3005266
3006251 3006317
3013943 3015548
3016489 3017057
3018877 3020057
3022873 3023011
3023728 3023919
3026363 3026494
3038479 3038771
3041142 3041229
3046633 3047005
3057636 3058728
3061820 3062341
3084604 3084740
3095740 3096490
3099310 3099459
3102593 3102654
3109003 3109302
3124697 3124799
3128819 3130812
3131997 3132073
3137903 3137953
3139057 3145878
3149694 3149825
3157143 3157390
3162452 3167191
3169865 3170753
3171365 3171833
3175632 3176208
3178863 3179126
3194235 3194666
3198155 3198654
3207167 3207303
3210223 3210472
3215717 3216096
3217701 3218051
3221195 3221658
3232774 3233018
3254271 3254435
3255026 3255430
3258161 3258301
3262004 3263151
3267310 3267625
3281695 3282816
3283953 3284950
3290780 3291211
3299424 3299931
3303922 3303977
3304716 3305153
3320500 3321472
3330803 3330990
3332741 3333521
3338477 3338643
3347714 3348167
3352266 3352373
3362433 3362602
3367554 3367819
3371247 3371522
3379854 3380110
3387562 3387623
3391450 3392579
3395649 3395891
3399835 3400317
3401311 3401389
3406071 3406283
3411467 3411712
3413513 3413684
3417695 3418016
3432637 3432933
3436709 3436792
3440572 3441138
3454353 3454896
3457361 3457823
3475958 3476235
3477651 3478230
3479381 3479600
3484686 3485140
3492969 3494016
3495399 3496621
3499235 3499947
3502366 3502564
3508454 3508586
3509122 3509384
3510793 3511249
3520535 3520632
3525236 3525689
3536643 3536817
3537924 3538201
3540294 3540877
3547855 3547957
3552830 3553064
3555356 3555593
3559577 3559800
3562183 3562810
3569808 3569878
3580008 3580300
3596840 3596948
3598770 3598906
3607028 3607280
3618082 3618225
3626328 3626699
3630391 3630813
3646679 3646806
3651859 3652207
3652865 3653915
3655279 3655843
3664855 3665097
3666775 3667088
3679525 3679581
3681379 3681515
3686141 3686991
3697876 3698032
3705049 3705288
3719554 3719808
3745438 3745925
3754485 3754675
3757065 3757249
3771718 3771877
3778304 3778447
3778978 3779382
3783307 3784222
3784895 3784998
3792196 3792279
3794335 3794489
3795762 3795905
3797686 3797857
3799334 3799483
3805727 3805899
3807024 3809020
3820064 3820688
3825699 3825789
3827088 3832197
3839336 3839747
3850718 3850898
3853312 3853601
3854206 3854640
3855709 3856557
3857650 3858657
3859530 3859717
3860370 3860815
3876320 3876561
3878418 3885939
3886581 3886964
3896535 3901167
3901852 3902284
3912322 3912590
3931883 3932054
3945085 3945157
3952664 3952814
3959096 3959369
3960621 3960720
3962429 3962601
3967557 3967686
3981552 3982698
3989266 3989490
3991599 3991712
3993723 3993868
4006645 4006911
4009014 4009873
4015196 4016091
4022868 4024029
4026978 4027242
4037225 4037347
4051600 4051869
4054023 4054427
4062170 4062527
4064274 4064795
4068591 4068645
4078337 4078723
4111944 4112147
4113481 4113572
4118539 4119785
4123765 4123890
4130477 4130980
4138174 4138523
4141222 4141703
4142903 4143025
4146281 4146496
4153951 4154185
4154979 4155279
4158659 4158895
4161719 4161780
4170971 4171101
4190426 4190508
4197596 4199088
4208311 4209733
4213781 4213891
4219886 4220087
4231159 4231601
4233159 4233229
4236367 4236420
4238568 4238830
4240761 4241384
4244273 4244537
4252857 4253135
4259196 4259321
4270733 4271233
4274420 4275459
4292829 4293068
4299500 4300264
4302927 4303387
4304421 4304517
4307613 4307775
4310791 4311634
4315114 4316180
4316741 4316934
4319142 4320259
4324310 4324831
4332253 4332837
4333750 4333941
4334528 4334673
4335954 4336246
4359982 4360153
4361907 4365773
4366285 4367198
4370978 4371095
4379215 4379401
4381148 4381227
4382971 4383093
4390690 4390995
4425881 4426190
4437013 4437824
4447569 4447758
4453015 4453180
4461833 4466380
4470661 4471517
4474943 4474992
4478018 4478313
4482150 4482585
4491896 4491979
4492969 4493332
4494237 4495350
4505846 4506018
4509255 4509633
4512176 4512273
4518834 4519065
4520016 4520098
4532250 4532548
4536341 4537488
4539441 4539508
4540750 4541184
4542576 4542748
4545138 4545483
4549811 4549990
4550787 4551016
4558778 4559033
4564880 4565082
4578799 4579325
4584164 4584271
4585654 4589214
4590145 4590439
4602467 4602572
4630674 4630856
4638549 4638634
4641251 4641652
Ecoli_0919_Taxon020_
713 1374
11395 11693
15486 18653
19895 20329
21721 21893
24428 24628
28956 29135
29932 30161
37923 38178
44025 44227
63309 63416
69290 69584
81612 81717
109819 110001
118390 118466
122747 123060
126418 126541
128612 128971
137624 137789
143046 143235
151418 151723
161554 162324
163300 163759
176239 178582
186609 186918
197741 198552
203234 208996
209577 209656
211403 211589
219709 219826
223606 224519
225031 228897
230651 230822
254558 254850
256131 256276
256863 257054
257967 258551
265973 266494
270545 271118
273870 274063
274624 275690
279170 280013
283029 283191
286287 286383
287417 287877
290540 291304
296981 297067
315345 316384
319571 320071
337669 337947
346267 346531
349420 350043
351974 352236
354384 354437
357046 357645
370717 370918
376913 377023
381071 382493
391716 393208
400296 406624
419703 419833
429024 429085
435525 435825
436619 436853
444308 444523
447779 447901
449101 449582
452281 452630
459824 460327
466914 467039
472072 472265
477232 478048
478657 478860
493313 493816
512081 512467
522159 522213
526009 526530
528277 528634
536377 536781
538935 539204
542751 543130
552105 553579
558858 559671
563562 563826
566775 567936
575260 575608
580931 581790
583893 584159
596936 597081
599092 599205
601314 601538
608106 612035
623118 623247
628203 628375
630084 630183
631435 631708
637990 638140
645647 645719
658750 658921
678214 678482
688520 688952
695326 695653
705224 705629
714243 714484
729989 730434
731087 731274
732089 733154
734247 735095
736164 737492
739906 740086
751057 751468
763597 763753
789383 789870
798430 798620
801010 801194
815663 815822
822249 822392
822923 823004
826672 826988
828028 828167
828840 828943
836141 836224
838280 838434
839707 839850
841631 841802
843279 843428
849672 849844
850969 851206
852498 852965
863424 863909
864518 865429
869644 869734
871034 871250
873020 873458
884643 885755
892551 892928
903813 903968
904581 904721
906519 906655
923716 924029
925707 925949
934961 935277
938721 938945
943998 944125
972579 972722
983524 983776
991898 992034
993856 993964
1010504 1010796
1020926 1021965
1027994 1028206
1031004 1031227
1035211 1035448
1037740 1037974
1041178 1042949
1049927 1050510
1052484 1052880
1053987 1054161
1070172 1070269
1079555 1080011
1081420 1083079
1088240 1088438
1090857 1091569
1094183 1097413
1111204 1111423
1114569 1114846
1132981 1133443
1135908 1136451
1150117 1150232
1154012 1154095
1157871 1158167
1172788 1173109
1177120 1177291
1179092 1179337
1184521 1187264
1189582 1189638
1190632 1190710
1194815 1195155
1203181 1203242
1210694 1210950
1219282 1219557
1222985 1223250
1228202 1228378
1233672 1234639
1242852 1243359
1248144 1248581
1263938 1265003
1269045 1269736
1274231 1274418
1276169 1276949
1281905 1282071
1287383 1287737
1295694 1295801
1305861 1306851
1323179 1323494
1327653 1328144
1332503 1332643
1336321 1336533
1357786 1358030
1369146 1369609
1372753 1373103
1374708 1375519
1378174 1378437
1393018 1393977
1397466 1397965
1406478 1406614
1409534 1409783
1415028 1415172
1418971 1419439
1420825 1420939
1421917 1422205
1425346 1425728
1428132 1428234
1432254 1435508
1441338 1441388
1442492 1442566
1449046 1449107
1455456 1455755
1464889 1465636
1466631 1469790
1470300 1471370
1476432 1476679
1483997 1484128
1487944 1488401
1506064 1506200
1528463 1528984
1532076 1533168
1543799 1544171
1549575 1549662
1552033 1552325
1564310 1564441
1566885 1567076
1567793 1567931
1570747 1571927
1573747 1573828
1575256 1575449
1576356 1576861
1584487 1584553
1585538 1585733
1593211 1593793
1597556 1597677
1610078 1610226
1618570 1619458
1621576 1621911
1632204 1633261
1639018 1639350
1640300 1642185
1643529 1643645
1650269 1651450
1658493 1658584
1671910 1672016
1672746 1672969
1678903 1679433
1680622 1681471
1682038 1682211
1686220 1686446
1687820 1687923
1704146 1704629
1708064 1711044
1715611 1715813
1722921 1724376
1737282 1737337
1747799 1747858
1751092 1751367
1753268 1753536
1754840 1755119
1778050 1778262
1782203 1782375
1785180 1785431
1795267 1795418
1826158 1826254
1828239 1828482
1830811 1830892
1837242 1837439
1838012 1838208
1843378 1843542
1854164 1854685
1858086 1858173
1860730 1861192
1865877 1865944
1867015 1867150
1887770 1887887
1892399 1892480
1894371 1894563
1897969 1898254
1899148 1900170
1909664 1910462
1920678 1920831
1923483 1923584
1925996 1926346
1927051 1929369
1932016 1942691
1954102 1954375
1954975 1955650
1962929 1970079
1973991 1974081
1978602 1979264
1982720 1982787
1997074 1997200
2000063 2002120
2004611 2004672
2006838 2007169
2042053 2042194
2044260 2044929
2045763 2045836
2053598 2054023
2066044 2067200
2069127 2070124
2087022 2087251
2101781 2101857
2102418 2102637
2106431 2107198
2108466 2108984
2114536 2114799
2124419 2124703
2150647 2150801
2153976 2154124
2161556 2161740
2162962 2163424
2182848 2183849
2190842 2191018
2217823 2218053
2224384 2224546
2228302 2229676
2233202 2234420
2236445 2236905
2242076 2242214
2243154 2243425
2244429 2244904
2256156 2256233
2263559 2263734
2270264 2270528
2289588 2290495
2291524 2291869
2295455 2295575
2298375 2298449
2303212 2303308
2304525 2304913
2308209 2308392
2312909 2313178
2314973 2315054
2320656 2321002
2331745 2333211
2341339 2341499
2343547 2343612
2346244 2346493
2348458 2348517
2357141 2359635
2365677 2365849
2379267 2379689
2409103 2409234
2416930 2417033
2428442 2428789
2430170 2430229
2433817 2434287
2437637 2437770
2440745 2441400
2445173 2445381
2449118 2449264
2450294 2451743
2468375 2468437
2470227 2470282
2484448 2484752
2497842 2498521
2503218 2507413
2512459 2512722
2514303 2515573
2518092 2521360
2523963 2524517
2525357 2526428
2530156 2530477
2531047 2531189
2535844 2536074
2536846 2536940
2538852 2538965
2563339 2563437
2565264 2565391
2568477 2569980
2570922 2571079
2572239 2572363
2577177 2577497
2606870 2606982
2612181 2613740
2620821 2620876
2622769 2623325
2625779 2626185
2630821 2630896
2632330 2632625
2635955 2636011
2638947 2639057
2662312 2662480
2668693 2668944
2673464 2673602
2676036 2676328
2681718 2682455
2690688 2690836
2691847 2691946
2697938 2698610
2701837 2701930
2710341 2710468
2713006 2713134
2714848 2715116
2715676 2717592
2726868 2727068
2728913 2729414
2732857 2732917
2738308 2738558
2743612 2743867
2748447 2748753
2753293 2757885
2762377 2771926
2780982 2781131
2796448 2802917
2805392 2805605
2813766 2813834
2831198 2831458
2842654 2842799
2871199 2873175
2878307 2878453
2885622 2885972
2888122 2888206
2893259 2893351
2895409 2895949
2900006 2900166
2901166 2901353
2904707 2904798
2918763 2918891
2924389 2924634
2929310 2929718
2931222 2931467
2933782 2933945
2935397 2935499
2941682 2943463
2946678 2946773
2955962 2956980
2959076 2959135
2959879 2959974
2972014 2972161
2980918 2981075
2988541 2988740
2996458 2997595
2998455 2998786
2999565 2999684
3023537 3023599
3041799 3041933
3043359 3043758
3046305 3046767
3052185 3052362
3055386 3056405
3066106 3067214
3087906 3088019
3097072 3097134
3098791 3099292
3104894 3105582
3121951 3122023
3127037 3127297
3130308 3130671
3137285 3137522
3145037 3145311
3155234 3155399
3184608 3186931
3191764 3191814
3200522 3200624
3202482 3202600
3207338 3207609
3210235 3210565
3220751 3220892
3224181 3225705
3230322 3230374
3235765 3235865
3236370 3236670
3242966 3243315
3245331 3245383
3246838 3249306
3249963 3250098
3260848 3261093
3264105 3264234
3267090 3267567
3269965 3270257
3282787 3283286
3287884 3288796
3290931 3291121
3311903 3313078
3325010 3325105
3342739 3342822
3345315 3345450
3347300 3347383
3353626 3353679
3360971 3361081
3369491 3375151
3375699 3376165
3379668 3379762
3383859 3384882
3385840 3388897
3393438 3394224
3399581 3399769
3403780 3404051
3405089 3405319
3410033 3410286
3413462 3413777
3415189 3415269
3434461 3435490
3450729 3451159
3451720 3452571
3454329 3454378
3455539 3456172
3458828 3459439
3463615 3463668
3467410 3467645
3469979 3470054
3472998 3477772
3478842 3479073
3494272 3494468
3496333 3499080
3511084 3511264
3514716 3514870
3533282 3535001
3539034 3539414
3548841 3548895
3553940 3554027
3556976 3557094
3564236 3564402
3568505 3570673
3572808 3572900
3573623 3573798
3574836 3574937
3578488 3578556
3581217 3581431
3583527 3584062
3592081 3592628
3601603 3601766
3603534 3603799
3614480 3615204
3616007 3616253
3618421 3618505
3619372 3620043
3620657 3622586
3624615 3625975
3636343 3636516
3640539 3640664
3646823 3646969
3651880 3653137
3655012 3655212
3657988 3658067
3665148 3665339
3666333 3667238
3668163 3668301
3683729 3684133
3692742 3693359
3693973 3694773
3695599 3696661
3705648 3705847
3710625 3710686
3720796 3720895
3759924 3760162
3764165 3764986
3765591 3765825
3767185 3767368
3767944 3767998
3770561 3770733
3775611 3775789
3788806 3788914
3789601 3789651
3809621 3809770
3815151 3815327
3824367 3825004
3827485 3828067
3837713 3837765
3840323 3840748
3862059 3862323
3865784 3865910
3884870 3885019
3892897 3893135
3907957 3908328
3919939 3920495
3926859 3927065
3938254 3938348
3941541 3946941
3964848 3965089
3985244 3986144
4008675 4009979
4018082 4018386
4032772 4032882
4035145 4040746
4044444 4044516
4055932 4055983
4056549 4056966
4058659 4059063
4059890 4062248
4066700 4067591
4068098 4068197
4069560 4070207
4072061 4072254
4078246 4078324
4084069 4084403
4086873 4086966
4088909 4089125
4100575 4100749
4112287 4117720
4120738 4121504
4124132 4124643
4135885 4136442
4142879 4144572
4149439 4149978
4157340 4157392
4162523 4162727
4164630 4164852
4171524 4171866
4176065 4176914
4198643 4198799
4207910 4212935
4225245 4225312
4237147 4237442
4245255 4245393
4250906 4251008
4264162 4264321
4271723 4272084
4294191 4294437
4301611 4301735
4306680 4306824
4310345 4310695
4317052 4317106
4324824 4326188
4327431 4327533
4341786 4341862
4348678 4350202
4371617 4371816
4373913 4374012
4380628 4380727
4395108 4395888
4410994 4411089
4412240 4412935
4428923 4429878
4437549 4438074
4442247 4442509
4445491 4445772
4448256 4451471
4453738 4453956
4454818 4454994
4457889 4457999
4465371 4465867
4468838 4469798
4472806 4473717
4490405 4490513
4493470 4493907
4496398 4496817
4498280 4499413
4506926 4509011
4513454 4514611
4517065 4517197
4518023 4518920
4520718 4521129
4522148 4522291
4530832 4530885
4531386 4531647
4547607 4547697
4549799 4549874
4556705 4556896
4557448 4557574
4558976 4559506
4566895 4567522
4569269 4569350
4576510 4576719
4582622 4591643
4592594 4592825
4594064 4594122
4594716 4595537
4599386 4599483
4602026 4602404
4605641 4605813
4616309 4618690
4619680 4619763
4629074 4629509
4633346 4633641
4636667 4638634
4641251 4641652
