gi_556503834_ref_NC_000913.3_
1 163
2148 2247
2863 7748
9711 9881
10505 10832
11589 11771
12292 13154
14059 15376
16962 17100
17874 18029
18717 18814
19628 21827
22371 23012
23754 23864
24447 24755
25265 27920
30169 30484
30995 31155
31780 32162
32783 33392
34007 34254
34881 40878
41509 44002
45035 45789
46418 47138
47795 49362
50099 52104
52799 55787
56832 57392
58095 58202
59911 60582
61170 63528
64060 64192
64733 65069
65680 65894
67336 70550
71074 72071
73106 73539
74526 75048
75646 76692
77654 80301
81702 81769
83086 83911
84930 86239
87419 87558
89077 90714
91249 91639
92904 95611
96310 97446
98890 98997
99523 99825
100329 100529
101163 101569
102112 103154
104578 105135
106606 107660
108229 108503
109851 110645
111542 111690
112367 112697
114871 115289
116461 117239
118000 118774
119348 122841
123648 124051
124782 126758
128017 128804
129531 130354
131637 133660
134181 135876
136775 136835
137968 139210
140252 142880
143402 143637
144894 145037
145655 146718
147306 153748
154716 154980
155496 156949
157788 158150
159383 160512
161696 164406
164949 167055
168156 169007
169640 171294
172038 172327
174157 176033
177295 180194
180714 183908
184425 184845
185395 189362
190507 191158
191774 193225
194301 196885
197600 197934
199112 200975
201480 202880
203395 203615
204348 204784
205399 205472
206434 207151
207931 209908
210438 211630
212343 212509
214879 216023
216842 216894
219138 222506
223011 229465
230332 231010
231986 232159
232989 233564
234533 235626
236207 239630
241433 242379
242898 243443
243960 244288
245733 247399
248294 248976
249478 250343
251169 253394
253893 254496
255103 255421
256962 257907
259561 262897
263258 264370
264990 265603
266264 267665
268451 268645
269445 269885
270596 273595
275150 275479
276029 276597
277298 278379
278976 280401
281877 281949
282840 283430
283973 288065
289357 289595
290634 291566
293720 294688
295423 295479
296180 296994
298447 299051
299702 301200
301801 303264
304606 304719
305514 306764
307602 307653
308222 310789
311381 312329
313687 317050
318423 319794
320348 320772
321921 323190
326223 326494
327059 328574
329182 329284
330046 330411
330977 331272
332307 332924
333563 333877
335004 339679
339757 339941
341071 341217
342296 343971
344594 346818
347538 353910
354756 355148
355746 357816
359459 359987
360505 360871
361455 361712
362861 363147
364136 368536
369217 369289
370674 372739
374246 376127
376921 378430
378953 380693
381289 387935
388472 389050
390177 390328
391182 391707
393604 394414
394989 395600
396752 397217
398011 398525
400006 400612
401445 405100
406530 406703
407376 408402
409078 409205
410989 412649
414570 415066
415708 416259
416809 418725
419269 420553
422134 423457
423958 425878
426625 428018
428763 428929
429521 429915
430994 431678
432955 434863
436786 437566
438133 443275
443841 444379
444971 446649
447290 448027
448626 450491
451105 455100
455969 456607
457288 457821
458366 459955
460472 461008
462162 462555
463570 464344
464893 465213
466057 466551
467339 467521
468029 468151
468741 469560
470105 471956
473165 474296
474917 481283
482075 483475
484144 484466
484997 487114
487727 489333
490070 492180
493897 494588
495285 495350
496614 497814
498358 498417
499279 500187
501548 503272
504129 504382
505882 507514
508819 510230
510738 514272
515723 516059
516758 516943
517603 520521
521248 522541
523071 523529
524570 527624
528404 529877
530764 530851
531564 531653
532214 533033
533534 534170
534721 534877
535741 537635
538143 538817
539322 544639
545393 545936
546638 547238
548358 549000
549911 550077
550670 552782
553323 554240
554814 557922
558763 559705
561057 563112
563781 565211
566016 568381
569291 569530
570787 571267
572094 572629
573417 573651
574161 578812
580855 582108
582959 583170
583734 583952
584582 588704
589376 592478
593250 593980
594541 594646
596172 596774
596978 598007
598630 598968
599788 600377
600983 602859
603399 603924
604819 604886
606007 606630
607133 611490
612240 613050
613823 614394
615066 615242
616587 618814
619328 621970
622767 623551
624188 627624
628207 629250
629967 630396
631243 631453
632099 634648
635174 638917
639469 642343
642898 643308
644219 645681
646891 649996
650570 651294
652603 655182
656254 658077
658976 659027
659577 660579
661115 662512
663410 663590
664102 664329
664965 665365
666279 667453
667961 670064
670675 674788
675621 678086
678644 679342
679867 680195
681488 681831
682879 684420
685349 689408
690178 691631
693297 694193
696597 697205
699464 699758
700367 700450
701102 701259
701786 704014
704874 706244
706852 708187
708772 710075
710631 710813
711765 712303
714767 716293
717214 719360
719950 725045
725683 726982
728833 733162
734180 735275
735887 736098
736302 739643
740539 741016
742074 742293
742881 743485
744034 744193
745173 745707
746725 749462
750265 751052
752106 752735
755226 757430
757935 758651
760297 763092
764567 765973
766506 766705
767326 767399
768159 768637
769488 769679
770979 771298
771938 773580
774314 775003
775544 775807
776653 776893
778827 780552
781017 783131
785055 788838
789858 790832
791732 792306
793960 795210
795956 796892
797884 798416
801089 802130
803002 803319
806141 806407
807114 807882
808454 809797
810735 811469
812878 813440
814131 821998
823226 825282
826093 831017
831976 832739
833249 834380
834903 835290
835869 837145
838434 838924
840246 840372
840923 844362
844939 846382
847690 847818
850250 851272
851802 853291
855064 855394
856480 858233
858796 859465
860185 861151
861726 862203
862718 863806
864559 864691
865210 865302
865932 866059
866778 867535
868176 868995
871424 872270
872785 875065
875641 876848
877443 877973
878570 878791
879316 883774
885472 886502
887028 887135
888364 889997
891849 894872
896136 897360
898016 898102
898776 899444
899984 901956
903107 904400
904901 905953
906702 907434
907953 908067
908723 910720
912128 912879
913483 914613
915289 915737
916271 916579
917157 919522
920063 923162
923872 925681
926315 926671
927275 929509
931200 932534
933040 933155
934599 937057
937676 940157
940688 941003
942811 945676
946232 949558
950864 951114
951694 952056
952702 953239
954374 954531
955034 956574
957193 958547
959426 960211
960843 961432
961976 964683
965619 966990
968243 968802
969369 969954
971300 971441
972687 973074
973893 974149
975736 976699
978396 979183
979843 983116
984113 986089
987477 989339
989859 989988
990939 991894
992560 992653
993828 993887
994476 994671
996640 996709
998209 999125
999847 1001381
1003353 1003468
1004001 1004247
1005060 1005455
1006795 1007952
1009861 1012621
1013676 1014392
1015193 1015267
1016566 1016852
1017476 1017703
1019132 1020103
1020635 1021372
1021897 1022564
1024079 1026388
1026981 1027392
1027978 1028211
1028728 1029120
1029686 1030174
1030915 1036203
1037199 1038565
1040623 1040737
1041440 1041513
1042026 1042465
1043440 1044277
1045172 1046435
1046953 1047935
1048560 1048921
1049629 1050905
1051731 1055933
1056452 1063097
1063830 1064832
1065660 1070576
1071573 1073935
1074462 1074701
1075623 1077142
1078866 1079210
1079814 1085464
1086514 1090072
1091226 1091407
1092229 1093974
1094244 1095927
1096720 1098966
1099868 1100716
1101672 1102016
1102954 1103785
1104377 1104601
1106868 1109883
1111161 1111588
1113038 1115439
1115968 1116829
1117915 1119624
1120254 1120994
1122177 1122419
1123148 1123782
1124490 1126878
1127524 1127928
1129219 1129483
1130338 1130647
1131149 1131510
1132204 1132842
1134370 1139226
1139974 1141148
1141890 1144086
1144831 1146873
1147711 1148104
1149061 1149877
1150531 1150837
1151507 1152296
1153204 1157703
1159127 1159256
1159933 1160516
1161106 1164273
1165397 1168227
1168862 1169049
1169858 1171039
1171665 1172800
1173328 1173587
1174361 1175669
1176190 1176639
1177242 1177826
1179466 1181106
1181672 1181807
1182466 1184802
1185458 1186371
1186887 1187418
1188116 1189339
1190958 1191949
1193116 1193516
1194618 1195731
1196317 1196374
1196494 1198395
1199372 1200323
1201071 1201180
1202154 1202613
1203749 1205899
1206598 1207248
1208712 1210400
1211579 1212056
1212675 1212784
1213349 1215397
1216725 1217141
1217674 1218874
1220460 1220862
1221482 1224064
1225134 1227560
1228260 1230936
1231457 1232569
1233177 1233359
1234125 1237269
1239085 1239173
1239735 1241196
1241858 1242269
1242843 1243413
1244098 1244944
1245721 1245948
1246818 1250354
1250995 1251080
1251814 1253327
1254408 1256151
1256668 1257221
1258317 1260816
1262113 1263140
1264137 1265619
1266229 1268160
1269661 1271148
1271979 1273735
1275071 1277174
1279375 1279637
1280146 1280636
1281529 1282209
1282985 1284477
1285241 1287233
1288142 1288794
1289742 1293148
1293736 1293964
1295446 1296327
1297005 1298788
1299499 1302285
1303076 1307578
1308296 1308824
1309327 1309977
1310570 1311514
1312170 1314546
1315992 1321532
1322071 1324784
1325565 1326265
1326789 1327355
1327901 1328591
1329143 1329953
1330576 1330744
1331787 1332605
1333124 1334182
1334698 1335549
1336069 1336448
1337566 1340701
1341670 1342961
1343826 1344661
1345391 1345491
1346105 1346249
1347806 1347906
1349072 1349418
1349926 1350054
1350601 1350923
1351521 1352203
1352887 1356226
1357413 1357963
1358716 1359971
1360492 1360966
1363270 1365578
1366255 1367215
1367908 1368676
1369193 1369631
1370209 1373445
1375142 1375961
1377020 1377081
1377818 1378677
1379185 1379819
1380470 1381202
1381823 1382737
1383248 1384079
1384730 1385384
1386027 1388449
1388959 1390725
1391669 1391826
1392502 1393689
1395001 1398307
1399008 1399351
1399881 1402411
1403082 1405238
1405807 1406950
1408036 1408152
1408957 1409167
1410385 1410650
1412416 1412655
1414559 1416430
1416982 1420421
1421125 1423203
1423805 1424006
1424671 1425695
1427715 1428570
1429421 1429832
1430641 1433155
1434040 1435565
1436354 1436712
1437213 1437329
1438012 1439779
1440563 1440695
1441562 1442547
1443156 1445823
1446505 1448002
1449073 1452957
1453553 1454083
1454741 1455605
1456682 1458237
1458780 1458928
1460689 1463175
1463862 1464036
1465321 1469240
1470155 1470971
1471594 1472528
1473119 1474066
1476179 1476333
1477037 1478723
1479245 1479636
1481081 1483167
1483782 1487381
1488100 1488596
1489149 1490276
1490902 1493443
1494123 1494688
1495701 1496351
1496902 1497516
1498256 1498937
1499654 1501949
1502937 1503208
1503762 1504473
1505648 1505939
1506561 1506677
1507265 1507837
1508554 1513252
1513989 1514331
1515213 1516501
1517145 1517872
1518707 1524410
1525292 1525612
1526148 1527083
1527732 1527925
1528846 1529196
1530505 1533625
1534668 1535745
1536289 1536807
1538787 1539607
1540575 1542159
1543206 1544651
1545184 1545498
1546217 1546774
1547513 1548780
1549438 1550763
1551288 1553222
1554044 1554932
1555478 1558143
1558906 1559247
1559833 1560784
1562123 1563119
1563699 1566105
1566799 1567516
1568309 1570142
1570848 1570917
1571605 1571899
1573138 1574520
1575746 1578451
1579033 1581072
1581678 1584377
1584881 1586311
1588409 1589404
1590376 1591351
1592382 1592760
1593679 1593915
1595422 1595623
1596178 1596359
1597737 1597982
1598631 1598815
1600113 1600714
1601250 1602374
1602969 1604804
1605841 1606498
1607156 1607928
1608661 1609453
1610520 1612050
1614026 1614213
1614898 1616852
1617394 1618182
1618755 1621389
1622040 1622367
1622932 1623315
1624180 1625122
1626058 1627718
1628669 1629164
1629679 1631730
1633380 1634106
1635479 1636983
1637527 1638431
1639117 1639654
1640286 1644322
1645437 1647796
1648510 1653091
1654517 1655646
1656241 1656952
1657742 1658374
1659182 1660323
1661213 1662778
1663455 1663902
1665000 1667119
1668090 1669765
1670276 1674745
1675740 1678551
1679144 1680024
1680525 1680891
1681829 1683379
1684083 1684335
1685525 1687373
1687898 1688374
1688993 1690796
1691454 1692856
1694331 1694730
1695330 1696235
1696741 1698263
1700217 1701215
1701830 1702214
1702776 1703553
1704716 1705506
1706056 1706809
1708437 1710154
1710679 1711736
1712249 1713309
1713885 1714577
1715776 1715901
1716522 1717007
1717522 1718589
1719192 1720302
1720822 1722510
1724114 1724375
1726675 1726795
1727518 1727792
1728626 1728810
1729609 1731492
1732094 1732199
1734123 1736025
1738326 1741619
1743482 1744209
1744719 1744937
1745779 1747418
1749178 1750414
1751171 1751332
1752642 1753496
1754759 1755159
1755712 1757547
1758267 1758701
1759292 1760772
1761344 1761848
1762729 1763838
1764514 1765512
1766302 1768882
1769511 1769607
1770713 1770826
1772261 1772936
1773455 1773908
1774442 1777573
1778498 1779556
1781182 1781275
1782072 1785856
1787019 1787728
1788604 1789156
1789740 1791605
1793647 1794890
1795784 1796519
1797180 1797414
1798112 1801623
1802205 1804766
1805694 1808155
1809336 1810081
1810799 1812962
1813721 1814513
1815014 1817331
1818321 1818480
1820236 1821637
1822210 1822771
1823423 1823602
1824877 1825622
1826473 1826596
1827240 1829535
1830063 1830523
1832807 1833583
1835008 1835145
1836223 1837266
1837980 1839319
1840177 1842928
1843474 1846342
1847548 1848247
1848759 1852535
1853256 1855089
1855590 1855792
1856619 1856861
1857500 1857852
1860304 1860942
1861924 1863120
1863978 1865297
1865857 1867488
1868142 1869301
1869928 1870366
1871350 1872534
1873585 1877291
1877864 1878121
1879388 1879540
1880821 1881265
1882360 1884028
1884654 1884803
1886246 1887298
1887895 1888469
1889873 1889938
1890691 1893557
1894089 1894479
1895548 1897055
1897813 1899942
1901178 1904194
1905020 1908125
1910292 1910764
1911290 1911530
1912069 1913000
1913697 1914622
1915166 1916704
1917234 1918433
1918937 1920294
1921541 1921779
1922746 1923594
1924175 1924689
1925485 1926834
1927345 1928592
1929525 1930333
1930898 1933991
1934893 1935275
1935993 1936698
1937434 1937738
1938364 1939347
1940028 1941141
1942026 1943744
1944963 1946481
1946986 1947185
1947791 1948222
1949546 1950470
1951135 1953465
1954154 1955484
1956237 1958176
1959520 1959638
1960277 1963060
1964376 1964680
1965281 1965504
1966200 1966956
1967736 1970113
1971500 1975045
1976610 1979372
1980864 1981653
1982189 1984307
1985582 1985808
1986731 1988538
1989143 1989942
1990451 1990722
1991917 1992158
1992722 1994116
1995161 1997096
1998350 2000160
2000664 2001609
2002498 2004083
2005000 2006000
2006573 2006646
2007529 2007938
2008510 2008619
2009227 2011061
2012255 2012928
2013967 2014262
2014956 2015027
2015555 2015841
2016779 2017266
2017808 2019397
2020516 2020897
2021859 2022578
2023153 2024586
2025693 2025744
2026257 2027411
2027968 2028752
2029893 2031942
2033170 2034180
2034690 2036779
2037369 2037927
2038454 2041812
2042448 2044543
2044939 2045532
2047256 2047951
2048643 2048872
2049745 2050097
2051533 2051836
2052374 2053035
2053656 2058796
2059848 2063726
2064301 2070228
2070864 2070979
2071862 2072485
2073662 2074750
2075286 2076217
2076873 2080083
2081098 2081402
2082275 2083377
2086260 2086343
2087461 2088109
2088874 2089002
2089756 2090292
2090996 2091130
2091839 2095980
2096492 2097809
2098584 2099183
2099794 2099951
2100606 2103634
2104454 2107217
2107780 2109197
2110463 2111350
2112027 2112214
2112768 2112836
2114169 2115734
2117101 2118188
2119407 2120660
2121201 2123029
2124077 2125568
2126137 2127339
2128035 2128396
2130062 2131302
2132381 2132680
2133587 2134897
2135880 2136477
2136997 2138210
2139150 2140417
2140975 2141969
2143059 2143363
2144004 2145584
2146230 2146761
2147357 2147852
2148366 2148968
2149505 2150639
2151316 2154213
2155329 2156160
2156886 2158150
2158903 2162306
2162941 2163708
2164429 2164577
2165453 2165733
2167288 2172817
2173825 2174429
2175478 2175666
2176181 2176495
2177115 2177659
2178165 2179305
2180006 2180172
2181249 2183916
2184579 2184666
2185273 2186472
2186979 2187708
2188509 2190311
2190959 2191632
2192142 2197835
2198538 2198975
2199792 2201454
2202434 2203820
2204388 2204923
2205435 2212859
2213472 2214154
2214773 2215299
2215846 2217162
2217945 2218114
2219168 2221749
2223507 2223828
2224817 2225017
2225749 2225974
2227636 2228818
2229115 2229326
2229944 2230645
2231371 2231997
2232550 2235074
2235996 2236320
2237293 2237786
2238317 2239552
2240206 2240877
2241546 2241859
2242642 2244626
2245138 2248666
2249224 2250727
2252293 2254654
2255600 2257762
2258742 2258791
2259491 2259827
2260527 2260793
2261406 2262649
2263231 2263788
2265314 2266542
2267593 2270160
2271319 2274136
2274840 2275147
2275660 2275891
2276624 2277321
2278220 2278410
2278979 2279548
2280098 2281228
2283350 2284757
2285323 2286147
2286798 2291878
2292453 2293479
2293991 2294814
2295588 2296430
2297489 2297864
2298934 2300222
2300759 2306608
2307388 2308338
2308960 2312400
2314693 2316135
2316726 2319259
2320440 2322960
2323855 2323972
2327902 2328633
2330429 2333316
2335274 2335645
2336870 2336995
2337538 2338657
2339187 2340948
2341758 2341928
2342654 2348922
2349544 2356938
2357577 2358976
2359523 2360498
2361184 2361322
2362296 2365546
2366214 2368628
2369815 2370782
2371792 2372165
2373349 2374535
2375042 2377920
2378510 2379490
2380489 2381029
2381559 2382218
2383024 2383245
2383872 2384111
2385148 2385423
2387232 2387562
2388552 2389216
2389839 2392034
2392590 2393132
2394364 2394736
2395930 2397119
2397730 2397799
2398850 2399279
2399784 2401702
2402392 2403657
2404294 2408516
2409033 2410024
2410724 2412082
2412601 2413889
2415197 2415750
2416523 2417151
2418345 2418851
2420639 2424038
2425736 2428848
2429442 2429976
2431367 2431595
2432226 2432919
2433518 2433619
2434693 2435443
2436053 2436202
2436760 2439813
2440402 2442551
2443081 2443248
2443844 2447308
2447817 2448013
2448534 2449254
2449777 2450305
2452147 2452895
2454085 2457552
2458528 2459689
2460202 2460883
2462990 2463323
2463886 2464472
2465639 2466368
2466967 2468540
2469277 2471227
2471782 2472810
2473434 2473649
2474180 2474989
2475495 2478220
2478967 2479331
2480684 2481702
2482298 2483288
2483898 2483998
2484762 2486115
2487066 2487256
2487900 2488237
2488734 2490425
2491814 2491909
2493603 2494382
2494929 2496060
2496698 2496804
2497386 2498072
2499861 2500222
2501506 2502265
2502820 2503504
2504232 2504500
2505025 2505298
2506121 2507365
2508496 2509641
2511016 2511430
2511975 2512099
2512668 2513712
2514263 2516084
2516992 2521849
2523649 2523715
2524327 2525354
2525961 2526352
2527388 2528492
2529232 2529990
2530931 2532270
2532993 2534465
2535054 2535542
2537004 2540698
2541271 2544043
2544646 2546017
2547307 2548301
2549011 2549191
2549453 2551107
2552565 2553087
2553688 2555412
2557712 2558070
2558645 2558798
2561561 2562148
2562669 2565155
2566864 2567596
2568240 2568972
2569545 2569646
2570323 2574757
2575272 2577071
2577888 2577979
2578520 2578934
2580172 2583087
2583812 2585105
2586008 2586873
2587662 2588415
2589032 2592108
2593299 2594816
2595861 2596012
2597994 2598268
2599414 2600798
2601953 2602648
2604084 2605036
2605693 2606016
2606559 2608007
2608537 2609137
2609862 2612824
2614064 2614900
2615558 2615690
2616381 2616801
2617419 2618542
2619069 2619880
2621300 2623014
2623883 2625072
2625695 2629148
2629735 2630842
2631783 2634278
2635073 2637887
2638911 2639533
2640263 2640361
2640929 2641563
2642191 2643162
2643698 2644114
2644846 2648029
2648751 2653248
2654266 2655189
2656445 2657901
2658697 2659698
2660369 2660621
2662137 2664443
2664996 2666836
2667339 2667849
2669208 2672600
2673181 2673441
2674139 2674884
2675829 2676015
2676549 2677072
2677695 2678113
2678643 2678934
2679546 2680043
2680871 2683391
2683973 2684714
2685420 2687160
2687761 2688699
2689213 2689473
2690143 2690766
2691745 2692077
2692946 2693291
2694005 2694898
2695608 2697071
2698839 2702016
2703461 2704066
2704672 2705019
2705566 2707790
2708539 2708754
2710478 2710845
2712511 2714278
2715553 2716896
2717404 2719558
2720771 2721246
2722050 2722303
2722957 2723391
2723944 2724942
2725691 2729566
2731304 2731529
2732132 2734001
2734645 2735862
2737134 2738407
2739223 2739839
2740362 2740752
2741311 2741546
2743004 2744861
2747602 2748831
2750284 2751060
2752619 2752712
2753609 2753699
2754610 2755314
2756277 2756383
2757131 2759253
2759875 2761360
2762356 2763645
2764311 2764413
2765919 2768924
2769896 2770459
2771438 2773837
2774341 2774560
2775639 2777723
2778349 2778471
2779003 2780032
2780754 2781108
2781872 2782414
2782949 2785083
2785699 2787323
2787980 2788349
2788920 2791906
2792731 2794344
2795164 2795273
2797382 2798668
2799762 2800412
2801455 2802603
2803122 2803801
2804448 2805137
2805713 2806535
2807603 2808898
2809697 2811504
2812118 2814037
2814625 2815794
2816873 2819199
2820277 2820706
2821574 2822204
2822715 2824885
2825488 2825588
2826094 2827832
2828533 2830145
2831100 2832147
2832864 2833576
2834889 2835031
2835567 2837056
2837576 2838689
2839326 2839509
2840639 2841425
2842480 2842619
2844722 2845171
2845773 2847341
2848331 2849734
2851163 2853567
2854299 2854621
2855327 2855792
2856301 2856959
2857768 2858441
2859124 2860389
2860936 2861528
2863150 2866122
2867065 2867138
2868526 2868804
2869636 2870567
2874052 2876464
2877755 2879728
2880386 2880800
2881370 2881620
2882477 2883413
2883999 2886349
2887098 2888342
2889023 2889188
2889847 2890472
2892127 2893641
2894266 2894894
2895411 2895817
2896821 2898989
2899592 2900071
2902049 2902205
2902765 2904439
2905195 2907701
2908236 2909291
2910249 2913720
2914610 2915142
2915689 2916300
2917053 2917176
2918025 2918154
2918733 2918815
2919464 2920958
2921806 2921981
2922557 2923194
2923826 2924090
2924727 2925353
2925921 2928771
2929290 2929974
2930833 2931270
2931832 2932012
2932613 2932765
2933304 2938286
2939313 2939694
2940353 2942545
2943552 2943869
2944593 2947606
2948716 2948984
2949495 2949718
2950491 2953351
2953951 2954474
2955266 2957609
2958152 2958833
2959345 2959860
2960400 2961435
2961968 2963223
2963796 2964940
2966838 2968159
2968756 2968984
2969827 2969953
2970719 2970827
2972469 2973582
2974097 2975233
2975895 2980576
2981366 2982043
2982776 2984467
2985032 2985118
2985833 2987478
2988059 2989624
2990347 2992844
2993696 2994087
2994604 2997671
2998231 3000900
3001735 3003135
3003710 3004127
3004679 3005312
3005980 3006158
3007508 3008014
3009940 3010414
3011064 3011119
3011858 3012465
3013806 3015246
3015820 3020281
3020873 3023565
3024135 3024253
3024965 3026776
3027417 3028002
3028752 3030033
3030578 3032099
3032651 3033265
3033831 3034046
3034585 3034702
3035377 3035475
3036302 3038926
3041431 3042358
3043298 3043450
3043972 3045498
3046036 3049538
3050060 3052638
3053229 3053448
3054759 3057144
3057684 3057733
3058390 3058789
3061617 3062538
3064324 3064885
3066178 3067890
3068484 3068832
3069380 3070004
3070563 3071351
3072085 3072839
3073542 3076258
3076956 3078651
3081365 3083650
3084353 3086662
3087177 3087665
3088563 3090545
3092216 3092837
3093975 3094960
3095495 3096071
3098016 3098265
3098897 3101739
3102498 3104298
3105076 3106035
3106795 3108074
3108613 3109119
3111428 3111524
3112334 3112494
3113653 3115906
3116908 3117022
3118453 3118662
3119416 3120629
3121804 3122796
3125177 3127547
3128067 3132422
3133235 3133601
3134881 3135680
3136214 3141359
3141916 3142739
3143310 3145232
3145914 3146772
3147387 3148361
3148896 3151913
3152601 3155445
3156039 3157947
3160045 3161405
3162988 3163705
3164432 3164576
3165113 3165402
3165912 3166458
3167336 3168155
3168675 3170270
3171010 3171113
3172022 3174651
3175599 3180409
3181034 3181405
3181994 3182674
3183301 3183949
3185546 3189070
3190688 3191390
3191962 3192099
3192683 3193837
3194541 3196201
3196737 3197516
3198466 3199930
3201318 3205117
3206146 3206362
3206943 3207765
3209175 3209391
3210750 3210925
3211970 3216112
3216799 3217572
3218138 3218518
3219588 3220859
3221385 3221936
3222568 3224991
3225506 3226658
3227396 3227728
3228386 3231519
3232347 3234954
3235594 3235986
3236815 3237371
3237874 3238481
3238991 3239709
3240173 3241143
3241653 3243752
3244324 3245093
3245723 3247565
3249690 3250857
3251414 3251810
3252396 3253154
3254437 3254862
3257281 3257775
3258344 3258704
3259278 3262022
3263281 3265435
3266229 3267079
3267754 3272091
3272629 3273521
3274091 3274506
3275160 3278667
3279371 3279449
3280131 3281408
3282042 3282147
3282871 3284170
3284721 3285767
3286415 3287105
3288298 3288783
3289313 3290632
3291571 3292040
3293227 3293708
3294381 3298267
3298819 3300501
3302184 3304171
3304714 3305353
3306471 3306813
3307507 3310739
3312152 3312684
3313918 3317301
3318185 3319271
3320975 3321561
3322157 3322922
3323453 3325454
3326471 3329926
3330482 3331474
3332052 3333476
3334100 3338725
3339598 3341610
3342132 3343273
3344244 3344672
3345317 3345431
3346051 3348766
3349292 3349400
3350287 3350670
3351275 3351406
3351928 3353251
3353998 3354284
3355200 3355315
3356140 3357033
3357789 3363943
3365545 3367568
3368124 3371257
3372196 3373002
3374033 3374417
3374954 3378294
3379839 3380005
3380757 3381072
3382170 3382285
3383027 3384348
3385004 3386795
3387376 3387557
3388073 3391510
3392050 3392383
3392964 3397273
3397797 3402210
3403568 3404659
3406148 3406528
3407398 3409177
3409682 3410806
3411383 3412706
3413708 3413791
3414757 3416209
3418588 3418637
3419803 3421598
3422113 3428987
3430258 3430415
3431753 3432137
3434503 3435911
3436602 3439179
3439802 3442109
3444933 3445514
3446311 3447408
3448285 3449868
3450488 3451057
3452179 3452798
3455292 3457868
3458663 3459069
3460210 3461662
3462180 3463191
3463790 3465661
3466463 3468474
3469256 3473091
3474932 3476504
3477006 3478612
3480213 3482114
3483073 3483211
3484001 3488579
3489197 3489471
3491224 3491560
3493083 3493418
3494316 3495456
3496335 3497281
3498694 3499107
3500333 3501141
3502209 3504256
3504791 3505863
3509164 3510664
3511805 3512883
3513825 3514169
3514803 3514967
3515522 3516598
3517271 3520417
3521161 3521557
3522264 3524268
3525386 3526390
3527634 3527913
3529157 3529677
3530188 3530938
3531864 3532553
3533090 3533866
3534492 3534606
3535391 3536289
3537105 3537915
3538464 3539243
3539981 3540940
3542484 3549725
3550272 3551613
3552243 3553567
3554073 3554132
3554921 3556352
3556924 3557510
3558645 3558814
3560130 3562226
3562727 3564594
3566066 3567003
3567590 3567880
3568429 3569712
3571009 3571179
3572002 3572839
3573480 3581117
3582232 3585117
3585728 3586346
3587057 3589876
3590876 3591882
3592403 3594101
3595303 3595428
3595939 3598484
3599098 3599398
3600241 3600703
3601951 3602635
3603871 3605387
3606933 3607083
3607615 3609042
3609603 3610529
3611115 3613967
3614587 3615107
3615744 3616159
3616721 3618441
3623256 3623674
3627470 3630119
3631616 3632580
3633545 3633663
3634355 3634970
3635510 3636486
3637036 3637776
3638686 3639021
3639616 3640099
3640774 3644819
3646696 3649305
3649830 3651097
3651868 3654251
3655221 3655467
3656308 3657325
3658303 3661597
3662164 3662623
3664061 3664895
3665396 3667136
3667724 3667939
3668565 3669021
3669542 3669623
3670445 3670567
3671502 3671677
3672399 3674945
3677084 3677801
3678373 3680696
3681330 3681794
3683089 3684356
3687283 3688459
3689275 3694404
3695359 3695594
3696267 3700660
3702156 3702265
3702789 3703006
3703642 3704011
3705373 3705465
3705981 3706432
3707013 3707444
3708143 3709289
3710042 3710322
3710849 3711079
3711716 3712448
3713346 3713512
3714217 3714595
3715188 3716066
3716698 3718209
3718972 3720416
3721364 3724730
3725664 3725973
3727012 3727309
3727903 3728374
3729261 3729337
3729955 3733213
3733901 3734751
3735331 3737071
3737726 3742478
3743577 3744565
3745308 3747046
3747627 3750156
3750736 3751431
3752047 3752481
3753357 3756355
3756902 3758508
3759063 3759254
3760566 3766684
3766761 3768734
3769323 3770158
3771142 3772176
3772682 3774129
3775159 3776220
3776889 3777011
3777523 3777656
3778683 3779562
3780106 3782125
3782656 3783598
3784473 3785126
3785748 3786420
3787011 3787740
3789583 3790718
3791274 3791682
3792762 3793402
3793936 3795911
3796539 3796663
3798193 3800753
3801328 3801545
3802579 3802775
3803599 3804631
3805658 3805762
3806274 3807471
3808640 3809773
3810373 3811251
3812063 3813018
3813961 3814727
3815326 3815465
3816118 3816638
3817476 3817571
3818371 3819152
3819789 3820270
3820931 3821352
3822028 3822254
3822835 3823447
3824347 3824537
3825099 3828951
3829808 3830208
3831415 3833859
3835048 3836330
3837432 3838457
3839797 3840637
3841183 3841372
3842394 3843568
3844103 3846686
3847732 3849434
3850192 3850791
3851420 3852158
3852962 3853941
3854512 3856935
3857628 3858239
3859767 3864596
3865346 3871121
3872815 3877793
3878725 3879042
3880925 3882528
3883190 3884640
3885150 3885608
3886588 3888021
3888568 3889272
3889817 3890944
3892291 3895147
3896584 3898538
3899144 3900797
3901711 3901764
3902921 3903054
3903582 3904332
3905404 3906059
3906608 3908651
3909213 3910265
3910804 3911638
3912273 3912661
3913193 3914475
3916755 3917249
3917825 3918391
3920155 3921025
3921712 3922119
3922853 3922914
3924348 3924407
3924964 3925790
3926393 3926864
3927432 3928134
3928906 3929468
3931750 3932993
3933846 3935621
3936142 3936636
3937957 3940689
3941297 3946940
3947527 3948181
3948832 3951082
3952363 3953204
3953881 3956485
3957705 3957974
3958790 3958950
3959482 3959681
3961522 3963306
3964413 3964492
3965031 3965350
3966362 3970183
3970782 3972110
3972843 3977370
3977891 3978601
3979696 3980127
3980678 3981209
3982620 3983318
3984459 3985389
3986052 3986810
3987972 3992329
3992830 3993292
3993798 3995990
3996635 3997173
3999295 4003248
4004937 4005083
4005668 4005918
4006694 4009854
4010430 4011611
4012127 4013930
4014912 4015644
4016314 4016503
4018944 4019083
4020192 4021107
4022242 4025901
4027100 4028381
4028882 4029454
4030022 4033880
4034453 4040791
4041720 4042092
4042724 4044632
4045150 4045506
4046081 4047734
4048738 4049214
4050296 4054996
4057070 4057429
4058445 4058529
4059524 4059654
4060266 4063743
4065783 4066757
4068249 4068359
4068956 4071473
4072758 4073408
4074279 4075300
4076133 4077565
4078141 4081240
4082368 4084555
4085186 4085782
4086425 4088188
4088730 4090229
4091878 4094886
4095952 4097585
4098090 4098318
4099371 4100504
4101092 4102285
4103025 4104724
4105404 4105899
4107239 4108757
4109259 4109402
4111226 4111848
4112501 4117818
4119010 4119722
4120514 4120769
4121637 4122105
4122748 4123415
4124305 4125152
4126428 4126808
4128292 4128695
4129264 4129327
4131148 4131320
4132567 4133726
4134412 4134615
4135212 4135388
4136410 4137082
4137797 4138557
4139152 4140208
4140908 4142747
4143956 4144377
4145110 4145515
4146247 4146969
4147483 4148248
4150098 4150559
4151090 4153639
4155654 4156843
4157516 4157761
4158371 4160766
4161805 4163255
4164420 4164682
4165233 4168518
4171762 4172183
4172690 4173824
4174650 4175126
4176005 4176058
4177223 4179864
4180366 4180894
4181444 4181656
4183444 4184105
4184611 4190100
4190612 4190854
4191384 4191761
4192804 4194700
4195363 4195739
4197086 4197364
4198206 4199019
4199655 4200665
4201173 4202367
4203197 4203315
4204365 4205169
4206415 4207145
4208056 4213134
4213683 4214809
4215366 4217231
4217785 4220657
4221615 4224961
4226253 4230015
4230888 4231291
4231830 4233298
4234502 4235788
4237767 4238011
4239307 4241381
4242493 4244007
4244509 4244988
4245537 4246624
4247797 4248548
4249075 4250529
4251524 4254099
4254727 4254833
4255923 4256059
4256599 4256746
4257769 4257890
4258495 4259708
4260302 4260619
4261148 4261425
4262672 4262731
4263841 4265295
4266555 4266886
4268181 4272106
4272848 4277640
4278375 4279556
4280105 4280313
4281346 4282129
4282764 4283297
4284077 4288502
4289770 4292813
4293675 4293744
4294376 4299497
4300202 4303203
4304993 4307599
4308832 4309218
4309920 4310509
4311322 4311742
4313465 4314628
4315171 4320292
4322206 4325036
4325581 4326249
4327257 4327441
4328039 4328837
4329406 4329917
4331025 4331652
4332280 4332832
4333356 4333779
4334657 4335092
4335608 4336050
4337084 4338374
4338909 4340014
4340563 4342877
4343425 4344245
4344928 4345068
4345608 4347483
4347990 4348619
4349140 4350224
4351137 4351477
4352005 4352345
4354987 4355594
4356261 4356608
4357265 4365614
4366205 4366898
4367732 4370452
4371152 4371290
4372224 4372467
4373321 4375422
4375986 4376214
4379220 4381549
4382816 4385274
4386107 4387861
4388660 4389180
4390986 4394061
4394740 4395479
4399324 4399938
4400454 4402287
4402823 4403164
4403707 4403964
4404481 4406654
4407243 4408288
4408877 4409506
4410345 4411638
4412205 4412365
4413011 4416619
4417324 4417660
4418224 4418730
4419336 4425842
4427104 4427377
4427900 4428416
4428972 4431142
4431850 4434328
4435728 4440506
4441075 4442565
4443085 4446362
4446865 4447461
4448129 4448318
4448898 4451836
4452661 4452981
4454105 4454227
4454955 4457125
4457781 4458224
4458817 4459995
4460521 4460799
4461366 4464068
4464643 4465042
4466644 4466962
4468832 4471329
4471879 4472779
4473779 4474502
4475019 4475159
4476264 4476695
4477430 4477537
4478157 4478373
4479040 4479426
4480245 4480809
4483482 4486459
4487115 4488626
4490515 4495040
4496103 4498180
4500526 4500952
4501974 4502841
4503502 4504301
4506032 4506407
4507097 4507208
4507964 4508735
4509271 4510081
4510607 4511644
4512587 4512969
4513485 4513775
4514488 4514583
4515605 4515961
4516553 4516982
4517567 4519208
4520294 4521988
4522580 4522694
4523288 4523777
4524350 4525786
4526297 4526789
4528193 4531190
4531702 4534722
4535263 4536078
4537163 4538812
4539475 4541732
4542260 4542609
4543239 4543519
4544038 4544108
4544639 4545244
4546040 4546158
4546722 4548645
4549707 4550813
4551767 4552334
4552876 4552946
4553477 4554245
4554784 4557679
4558215 4558561
4559783 4560526
4561220 4561302
4562903 4565287
4565810 4567723
4568229 4570270
4572493 4573504
4574447 4575881
4576453 4577000
4577789 4578956
4579897 4584557
4585235 4585847
4586487 4588218
4589225 4592271
4592784 4594492
4596657 4599337
4600484 4600743
4601425 4602715
4603452 4603673
4604323 4605159
4605761 4606363
4607931 4610915
4612490 4615394
4617566 4619020
4620420 4621129
4621686 4623033
4623664 4624212
4625443 4627084
4627642 4628061
4628680 4629360
4629976 4632361
4633087 4633380
4633937 4634339
4635252 4635762
4636439 4637385
4637967 4638741
4639496 4640619
4641249 4641652
