Buchnera_aphidicola_Baizongia_pistaciae_0985
1 161
2024 3537
5445 12595
16251 17614
19580 24680
25776 34816
35329 36049
36827 37067
37726 38246
38957 42993
43532 43661
47016 48313
49053 49124
51557 51669
53626 54703
58561 58681
60508 65487
66924 68092
68711 70057
75189 77918
78545 80665
81175 81612
82183 82817
83352 87369
88074 88793
89369 89639
90194 90742
99223 99624
101612 102431
102949 103252
105999 106088
107620 108666
110299 110469
111452 112651
113291 117316
119363 120251
120975 121322
121905 125675
126849 130940
132997 133134
134466 135263
135933 137533
138974 139660
145845 147009
148423 152184
155585 157329
162422 162664
163983 164853
167421 167574
171027 172818
176929 177841
179500 181389
182290 182588
186373 186947
188173 190864
196342 199577
200117 200412
201163 201592
202299 204460
206014 210879
214512 214899
216255 224994
225512 229248
230229 231410
235612 243682
248081 248367
248904 250229
250942 254089
255306 257434
271936 273435
274022 274997
281788 281922
283202 288264
293052 293137
295340 304358
305642 306215
307007 307735
308265 310245
313003 315754
318341 325876
327823 329841
330629 330895
332574 333103
333662 335545
336315 340606
343070 343122
345400 345742
347073 349246
349856 353088
356671 361282
362682 363700
364326 365276
368191 369444
370073 371979
373103 373357
374082 374229
379160 379355
380408 380480
386205 386471
388256 389775
390351 392497
399320 401328
403338 404551
407506 410430
412396 412942
415202 415477
420386 420649
425535 427065
430441 433020
433756 434596
435589 442619
443298 445156
445818 446291
447070 447922
450114 455758
457865 458107
458974 462502
464252 465975
469038 469358
473737 474341
475013 479382
481255 482223
482775 483925
487682 490747
492007 492476
496574 498052
500590 500747
503551 511966
520328 525488
528166 530082
531709 531816
533610 534285
534843 535992
537291 538927
542095 543171
547612 548174
548799 550327
553019 555440
562198 565225
571138 574143
578899 584605
587156 587400
587919 589007
589572 590889
591442 604305
608270 608781
609655 610768
615901 615980
Buchnera_aphidicola_Baizongia_pistaciae_ancestor
1 1383
3637 4902
13099 16151
17714 19638
25776 25975
35855 37020
38957 39232
43532 43661
47016 47507
49053 49124
49729 52913
55212 59458
60508 61168
66021 67081
71146 75089
76569 76665
79159 79354
88074 88205
89369 89633
91393 93623
94218 98657
99223 101512
102995 103129
105536 105890
107921 108103
112063 115950
116870 117714
120270 120607
121151 125427
127502 131583
134822 143190
144497 146779
149417 152331
156256 157596
162049 163255
163777 165203
171652 173616
175648 177357
177973 179590
180522 182670
183286 183373
185348 189501
190894 192742
193404 193541
194150 197074
202139 203828
207641 207936
211811 216545
217189 217421
222194 223896
225512 225802
232149 234587
235269 236027
236895 237161
239827 242685
249549 262856
265836 270422
271317 271808
272527 273988
279722 283876
284506 285401
286600 286775
295197 296577
303790 305852
306378 306546
309883 312441
313584 314521
316571 316783
319423 323578
332278 333029
341415 344377
345400 346281
348960 349246
351320 351588
353063 354163
354785 356571
365376 367494
368909 369011
371577 374229
374759 382689
384408 385495
386093 386576
389574 390940
392863 394163
396084 397139
397642 400951
401554 402381
403094 403664
405813 408694
411032 412942
413738 425435
427562 429746
442404 442789
447565 450014
450860 450970
452557 453024
455033 455343
456339 459952
461419 462849
471632 476079
476632 477519
479929 481129
481740 484824
489176 491704
492244 492456
493448 496378
502034 506633
507518 509049
510489 510586
512088 513069
516572 519111
519913 520002
520545 520807
523209 523308
524806 527520
530182 532990
536548 536656
539027 541588
543271 546747
548799 549198
550887 553224
556493 557172
557737 561281
563632 563747
564350 564762
565325 570016
573902 578799
584705 587400
604189 609555
610722 615980
