gi_556503834_ref_NC_000913.3_
20068 20132
223564 223940
225253 225333
225992 227143
228224 228307
228675 228783
258007 258577
270999 271662
274394 274539
279327 279387
279740 280013
290540 291305
315942 316137
381840 382195
391807 392873
566870 567936
574685 575691
580408 580469
608106 609252
660471 660551
687945 688952
729846 730436
732440 732862
737225 737306
1049927 1050450
1094343 1095404
1097403 1097560
1299593 1300600
1396138 1397144
1468008 1469144
1469395 1469816
1528486 1529075
1532571 1532816
1570769 1571703
1633049 1634923
1635938 1636270
1650942 1651506
1978602 1979171
2066275 2067200
2069039 2070176
2101848 2102864
2170268 2171329
2251821 2251872
2289023 2290014
2304612 2304687
2514372 2515519
2521352 2521421
2528771 2528849
2726368 2727350
2727562 2727700
2728114 2728164
2728431 2728527
2728828 2729105
2729666 2729896
2730225 2730908
2731178 2731273
2996458 2997595
3130240 3131247
3186194 3187385
3365651 3366656
3423761 3424135
3424337 3428895
3583526 3584100
3621698 3621980
3622520 3622624
3624722 3624870
3652077 3653137
3762363 3765190
3767319 3767368
3941842 3943435
3943681 3943888
3944160 3946850
4027511 4027609
4035264 4036860
4037101 4037247
4037496 4040336
4166398 4168121
4168671 4171662
4176178 4177010
4207935 4208070
4208312 4209609
4209873 4213067
4296160 4296282
4325948 4326148
4498280 4499413
4507514 4508582
