Salmonella_ancestor_Ancestor_
1 255
1504 2524
3461 3698
4793 5296
10011 10313
11144 11422
14241 14792
16882 17106
25018 25195
25812 26088
27528 28265
28961 29081
30302 31763
40111 40979
45189 45857
46502 46866
52535 52779
56822 57044
60786 61438
62896 63158
63705 64225
64748 66264
67747 69071
69831 70806
71862 73585
74424 74635
75180 76657
77823 78035
78616 78688
80013 80901
84242 84439
87743 87964
93705 94066
95794 95908
97278 98055
100108 100204
100788 101397
102741 102986
106575 106960
108195 109528
110823 111081
113674 114488
118519 118632
119701 120486
123082 123347
125001 125115
126684 126898
132144 134045
134601 134967
136826 136965
141927 142195
143809 143922
145861 149718
150459 150644
151287 151392
157388 157731
160093 160574
161283 161918
164142 164373
167310 168640
169857 169990
170747 171031
173545 174139
174728 174999
177200 177682
179065 179623
180459 180660
183074 184462
186081 186304
188591 189208
191808 192293
194558 194830
195838 196620
197926 198156
205016 205214
205858 206085
207542 208070
210086 210326
213047 214232
214988 215438
216160 216397
219315 219651
223584 223722
224754 224807
226032 226143
227581 228442
231890 232217
235828 236157
238228 240736
245189 245388
249601 249871
250553 250928
254095 254202
262552 263115
265898 266191
267845 268220
269327 270548
275601 275783
281808 281866
287956 288198
289020 294506
295101 295159
298158 298497
302601 303905
305143 305420
306873 307303
307937 308083
313551 313651
317584 319463
320240 320827
324572 324738
325388 326109
329969 332908
333618 333819
335530 336286
337105 337318
338303 338595
339830 340219
344736 344834
345338 345789
346652 346786
347447 350193
351529 351725
353245 353534
354424 356630
357204 357753
358443 358571
359659 360102
361861 362389
365418 366150
369475 370612
373407 373869
375881 376065
377734 378174
386803 386982
387919 388678
390334 391771
393466 393643
395324 395759
396875 397445
400068 400264
401442 401603
403541 404513
409205 410087
411809 411929
414324 414601
415242 415626
416357 416633
419323 419570
420139 420273
420775 421267
426172 426544
429053 430241
430810 431109
432697 432800
434385 435056
439211 439461
440223 441649
442422 442929
446850 447489
448028 448261
449451 449717
451354 451634
452414 452539
453963 455000
455746 456731
459744 459802
462714 462856
465356 465543
467701 467923
468563 468893
469899 470574
472068 472253
473962 474075
474778 474907
483454 483549
484101 484380
486518 486602
488538 488759
490979 491209
492345 492714
494303 494694
497155 498135
500692 501936
502648 502984
507347 507450
512077 512294
513591 513753
515457 515980
522553 523161
525598 526273
526941 527376
536015 536940
537708 538786
539560 540164
541244 541411
542925 543212
545078 545175
547243 548139
548923 549075
553606 553720
559384 559478
561683 561925
563401 563483
565769 567681
568231 569492
570970 571221
572695 573012
574007 574152
577482 577671
579498 580436
581856 581952
587785 588175
589529 589645
590797 591244
592041 592252
594132 594313
595062 595360
597889 598699
599449 599821
600501 601684
602681 603943
604628 604758
607054 608581
609214 609505
614554 614611
616005 616991
625411 626033
627092 627443
631129 631398
636214 636410
637513 637823
640223 641013
642495 642826
644558 644818
647600 647714
651758 651986
653646 654125
655354 655596
660672 661185
667597 667834
668997 669287
669886 670365
673506 674040
674766 675578
676123 676586
677147 679555
682051 682351
685747 686123
700222 701052
703879 704476
704977 705203
708725 709089
710964 711218
716170 716344
722682 723164
727872 728322
735003 735576
738318 738883
739665 740576
746694 746870
751404 751983
754177 754484
756191 756474
757841 758102
769327 769789
770855 772340
772900 773488
774282 774603
775318 775469
776441 776927
780839 781343
782651 782796
787894 788069
789629 791318
795567 796317
802675 803009
805935 806398
807018 807650
808231 808296
808931 809031
809568 810627
811531 811590
814439 815501
816383 816811
818203 818387
819252 819638
822021 822423
823697 823827
828058 828114
828771 830557
832015 832778
834162 834305
837331 837620
838845 839091
840001 840287
841123 841311
841897 842347
843399 843748
844385 844592
847411 847554
849138 849254
850332 851210
853286 853491
860715 860993
862247 862397
864139 864429
865214 865324
866083 866171
868945 869707
873952 874110
876192 876285
879530 879670
881335 881975
884394 885391
886733 887278
888248 888626
889157 889366
891426 891961
897234 897366
897997 898210
901869 902879
903988 904533
906239 907077
908334 908547
910340 910502
912179 912979
913640 913713
914381 915629
918224 919093
919730 920088
924524 925158
927034 927832
929174 929416
930699 932469
933388 933613
935281 935905
937621 937816
938675 938969
940322 940405
943455 943736
944989 945402
949002 949285
950993 952073
952758 953887
954611 955117
957420 957513
958706 958783
963564 963640
965040 965186
968420 968650
969833 970335
971941 972135
973565 974096
974710 974795
975700 977784
979787 979922
982382 983360
984162 985220
986667 986775
987754 988075
992608 993676
997652 997820
999192 999921
1000766 1000857
1002773 1003791
1006975 1007363
1007951 1008192
1010033 1010462
1011100 1011408
1014312 1014545
1018157 1019109
1020468 1020742
1023881 1025971
1028162 1028536
1032048 1033568
1034154 1035672
1037250 1037907
1039224 1039512
1042604 1042987
1043524 1043833
1045522 1045662
1046515 1046925
1048740 1049620
1050958 1051151
1053700 1054033
1055729 1056201
1057565 1057930
1059412 1059677
1060403 1062659
1064499 1066999
1069774 1069899
1071459 1072483
1075231 1075532
1077518 1078285
1080229 1080356
1080954 1081311
1086976 1087048
1091985 1092125
1096245 1096681
1099850 1103395
1103948 1107663
1108376 1110970
1113312 1115109
1116763 1117010
1118260 1119184
1121768 1123205
1125394 1125489
1127915 1128855
1129990 1130150
1130741 1130950
1134623 1136024
1136884 1137513
1138117 1138388
1140396 1141138
1143087 1143752
1144977 1145333
1152887 1153207
1158692 1158938
1161383 1161616
1162648 1162827
1164254 1164591
1166343 1167395
1170518 1171307
1172900 1172963
1175864 1176143
1179693 1179935
1183273 1183493
1184968 1185719
1190746 1191108
1193687 1193910
1196762 1197264
1201734 1201915
1202503 1202759
1203431 1203725
1205430 1205651
1209494 1209543
1212107 1212246
1213221 1213800
1219372 1220113
1220966 1222006
1224149 1224621
1227139 1227348
1228859 1229080
1234625 1234909
1242159 1242544
1244622 1248046
1249538 1249771
1250476 1250759
1251849 1252110
1253349 1253607
1254595 1255372
1256151 1256337
1258044 1258668
1265062 1265679
1266824 1267825
1271728 1272490
1273869 1274508
1277256 1278187
1282190 1282463
1283926 1284240
1284894 1285193
1291201 1291419
1298093 1298322
1299732 1299827
1304036 1304094
1306162 1306290
1306963 1307243
1307829 1308149
1309957 1310524
1311130 1313901
1318077 1318589
1331908 1332445
1334296 1335468
1336832 1337125
1338348 1338591
1340652 1340988
1342197 1342425
1345019 1346048
1348322 1348396
1356794 1357020
1358002 1358270
1362471 1363773
1366391 1366690
1368434 1368850
1369491 1369569
1370175 1370977
1372547 1373003
1373862 1374261
1375510 1375877
1376554 1377261
1380328 1380678
1382593 1383236
1383779 1384054
1385058 1385354
1389593 1389886
1395864 1396288
1396877 1397156
1398783 1398855
1403392 1403861
1404373 1404628
1407116 1407335
1408486 1408661
1410431 1411415
1412664 1412741
1413776 1413986
1418149 1418539
1421878 1422178
1425653 1425936
1428184 1428323
1429665 1430148
1431440 1432546
1433495 1433762
1435638 1435875
1437800 1437977
1440747 1440952
1442390 1442752
1447455 1447744
1448374 1448616
1449201 1449545
1457991 1458972
1459571 1459636
1460305 1460462
1465151 1467423
1469687 1470291
1472519 1473000
1474922 1476564
1477981 1478336
1479482 1480446
1481043 1481261
1484329 1485515
1489893 1490041
1491465 1491716
1493437 1494478
1495074 1495263
1496929 1497362
1498217 1498394
1509813 1510263
1512938 1513145
1514168 1514334
1515231 1516163
1522766 1523138
1525979 1527015
1527787 1528089
1529418 1529663
1533881 1534044
1535357 1535760
1538663 1539766
1542147 1542382
1543775 1544951
1546455 1546984
1549410 1549540
1555397 1555527
1559028 1559727
1565602 1565846
1568146 1568588
1569447 1569831
1572124 1572536
1573317 1573590
1574798 1574977
1581194 1581938
1584289 1584414
1586343 1586758
1588151 1590071
1597826 1598261
1608970 1609160
1612932 1613199
1615731 1615872
1617081 1618534
1622524 1622603
1624679 1624948
1629353 1629586
1631770 1632066
1633115 1633287
1633789 1633999
1640875 1642495
1643542 1644280
1646268 1646517
1648728 1648970
1650545 1650615
1651639 1652099
1652928 1653353
1654520 1654747
1655849 1656671
1657922 1658088
1659854 1660588
1661573 1662424
1663159 1663215
1663721 1664135
1664958 1665407
1667356 1667992
1668547 1668633
1669403 1669594
1671914 1672153
1674521 1674993
1676178 1676294
1678440 1678886
1680935 1681240
1688311 1688573
1689261 1689662
1691862 1692461
1696846 1697187
1697887 1697964
1703711 1703974
1705086 1705588
1707639 1708524
1709509 1709693
1710470 1710555
1712543 1712845
1713372 1713566
1719723 1720105
1725123 1725393
1727092 1727266
1732579 1733304
1733841 1734251
1738966 1739634
1745104 1745213
1745872 1747710
1750410 1750753
1752359 1753082
1754536 1754667
1755849 1756029
1758971 1760812
1764311 1765795
1767936 1768515
1769541 1769744
1774659 1775769
1776509 1777173
1778344 1779120
1782733 1782923
1786939 1787256
1790009 1790115
1793881 1794033
1797018 1797295
1797989 1798306
1799115 1799447
1806521 1806881
1807425 1807619
1813971 1815632
1816520 1816683
1817281 1817601
1819193 1819563
1822210 1822771
1827360 1827734
1830539 1831187
1833047 1833170
1835049 1835252
1842767 1843048
1845406 1845618
1846121 1846211
1847468 1847528
1848255 1848601
1850064 1850221
1852604 1852771
1853908 1853993
1856705 1856898
1859111 1859382
1861217 1861321
1861909 1862001
1865876 1865983
1866700 1866961
1872486 1873054
1873860 1873939
1875484 1875797
1880963 1881201
1884596 1884731
1886924 1887265
1891577 1892170
1893668 1893882
1899840 1900072
1903292 1904117
1910194 1911168
1911736 1912421
1913096 1913558
1916664 1916773
1918532 1918660
1920909 1921020
1923957 1924073
1928202 1928489
1930970 1931319
1932014 1932675
1939246 1939358
1952965 1953854
1954790 1955071
1956216 1956479
1963530 1963775
1964349 1964753
1966996 1967293
1967968 1968221
1969700 1969903
1971299 1971535
1972903 1973071
1976347 1976941
1977722 1979072
1979756 1980705
1982318 1984391
1988749 1989142
1994798 1994974
1999345 1999470
2001235 2001710
2006932 2007802
2008742 2008920
2010273 2010476
2011724 2012012
2014534 2014986
2019634 2019905
2020592 2021614
2022217 2023235
2023925 2024128
2026205 2026357
2027834 2028086
2028658 2028902
2029638 2030616
2032459 2032817
2033789 2034886
2036962 2038639
2040763 2040949
2043552 2043745
2045473 2046475
2047310 2048278
2048832 2050830
2052225 2052468
2056747 2056929
2057528 2058096
2065951 2066218
2067928 2068115
2069622 2070205
2082265 2082626
2083759 2085586
2091255 2091509
2094244 2094478
2097956 2098251
2100449 2100650
2102167 2103998
2106699 2108527
2109100 2109776
2110312 2110531
2115424 2116340
2117180 2117559
2119884 2120700
2123201 2123543
2124720 2124939
2125568 2126202
2132664 2132724
2137016 2137687
2141092 2142981
2143616 2144193
2145348 2145980
2147465 2147758
2151908 2152262
2154623 2155473
2158108 2158268
2161642 2161889
2167937 2168077
2169020 2169891
2173676 2175265
2175946 2176472
2181322 2183091
2185089 2185262
2188066 2188346
2189763 2189977
2190528 2191157
2192008 2192871
2193854 2193917
2197148 2197698
2200042 2201404
2203395 2203620
2204966 2205642
2207431 2207713
2208697 2209850
2212171 2213638
2215468 2215632
2217121 2217389
2217946 2218052
2218588 2219620
2220203 2222653
2223343 2223486
2224252 2224355
2226370 2226476
2227101 2228130
2229539 2230254
2230880 2231917
2234675 2234910
2238172 2238517
2241114 2241533
2242041 2243183
2245009 2246226
2247031 2247195
2249252 2249718
2251949 2252274
2253013 2253339
2254172 2255941
2256457 2256697
2265827 2265927
2271995 2272508
2274683 2274838
2275653 2275722
2276330 2277229
2278493 2278632
2279353 2279997
2284017 2285278
2285903 2288399
2289768 2290087
2294876 2295037
2297942 2298182
2301273 2303034
2306360 2306610
2310541 2310741
2311985 2312284
2315230 2315394
2318797 2322372
2326403 2326668
2327765 2328033
2331097 2331314
2334698 2334964
2339173 2339376
2341139 2341193
2342954 2343269
2343860 2344360
2346082 2346269
2347145 2350745
2351514 2353389
2357237 2357443
2358119 2358813
2359518 2363587
2366247 2366363
2368757 2369677
2374555 2375655
2376982 2377084
2381730 2382631
2383402 2384049
2387016 2387150
2387689 2387907
2393961 2394204
2395768 2396148
2404644 2404759
2406103 2406313
2406957 2408928
2409925 2410427
2412717 2412789
2413338 2413446
2415353 2415694
2417793 2418081
2419374 2419829
2421300 2421784
2426467 2426566
2427719 2428015
2428706 2429092
2431562 2432068
2433391 2434896
2445575 2445838
2447386 2448101
2449116 2449975
2452893 2453489
2456332 2456734
2458279 2458908
2461399 2462903
2463933 2464611
2474050 2474176
2476734 2477293
2479703 2479871
2481130 2481384
2482176 2482827
2484172 2484272
2486199 2486608
2488991 2489172
2489865 2490283
2491058 2491975
2492702 2492975
2498289 2499500
2501596 2502610
2503669 2503874
2505793 2506008
2506612 2507928
2509520 2510664
2513518 2514249
2515889 2516191
2516897 2517733
2520736 2521129
2527667 2527802
2529586 2529687
2532216 2533548
2534664 2535837
2537181 2537311
2540053 2541301
2542529 2543326
2545030 2545250
2549405 2549625
2551641 2551939
2553752 2553958
2555818 2555896
2557321 2557796
2559780 2560670
2562347 2562537
2565670 2566805
2568292 2569080
2570303 2570408
2572836 2573531
2577179 2577231
2579158 2579840
2582755 2583447
2584028 2585518
2589092 2589631
2590150 2590653
2599418 2599491
2607582 2608872
2609424 2609629
2610313 2610887
2611474 2612248
2613816 2614633
2615323 2615465
2615975 2616083
2616806 2617130
2618161 2618228
2619589 2619782
2620457 2620779
2623714 2623798
2624334 2624582
2625945 2626162
2629641 2629731
2630596 2631029
2633372 2633603
2637349 2637700
2639531 2639894
2643264 2644259
2645430 2645716
2646333 2646410
2648436 2649265
2650226 2650417
2652951 2653020
2656512 2656652
2657310 2657856
2661785 2661905
2666230 2666371
2668167 2669453
2670024 2670997
2672821 2673175
2673846 2674123
2675227 2675345
2675921 2675996
2679551 2680369
2688633 2689131
2694592 2695309
2697459 2697705
2700553 2701257
2701814 2702002
2706513 2706951
2707536 2707811
2709835 2710832
2713361 2714204
2718040 2718983
2721864 2722279
2723968 2724150
2727849 2727950
2729821 2730119
2731106 2731339
2733007 2733294
2734088 2735402
2736083 2736741
2737515 2738642
2739306 2740984
2742643 2742789
2747599 2749234
2750899 2751185
2754452 2756166
2760040 2760285
2761617 2762854
2763516 2763848
2770073 2770296
2771400 2771927
2773109 2774197
2775996 2776641
2782563 2782881
2786060 2786178
2786957 2787722
2790455 2793517
2794187 2795564
2796163 2796234
2796830 2804868
2805382 2805989
2807329 2807595
2811811 2812173
2814982 2815055
2816432 2816670
2817498 2817816
2818430 2819735
2822074 2822315
2822956 2823208
2825364 2826089
2826959 2832709
2834260 2834517
2838393 2838494
2841690 2843403
2854878 2855130
2856369 2856680
2861745 2862268
2865420 2865508
2867069 2867412
2869492 2869642
2876678 2877660
2881623 2881976
2883397 2884725
2886050 2886474
2889725 2891099
2891777 2892735
2893901 2894775
2895327 2896224
2897460 2897921
2898519 2898693
2901267 2901893
2904462 2904778
2907993 2908295
2908843 2909114
2910948 2911418
2913843 2914399
2914920 2915502
2916042 2916152
2916923 2917612
2919917 2921114
2922038 2923750
2926100 2926340
2928686 2929264
2931201 2931486
2936209 2936270
2938874 2939242
2940268 2940659
2942321 2942698
2945025 2945429
2949551 2949932
2954948 2955129
2955734 2956098
2956743 2957042
2959216 2959444
2960584 2960698
2966894 2967186
2970421 2971155
2971703 2971978
2975598 2975689
2976713 2977257
2980379 2980527
2984199 2984486
2986474 2986774
2987916 2988541
2989152 2990486
2992354 2992647
2995562 2995838
3004857 3005504
3006095 3006322
3009498 3009566
3014815 3015889
3016498 3017444
3020480 3021145
3022528 3022678
3023822 3024089
3031057 3031499
3034861 3034988
3037232 3037517
3039505 3039768
3041478 3042129
3043172 3043792
3045701 3045912
3047399 3047616
3049214 3049422
3049990 3050151
3055575 3056411
3058443 3059008
3059898 3060003
3062708 3063690
3066306 3066905
3068780 3069466
3070002 3070674
3072003 3072456
3076157 3076472
3077723 3081237
3082523 3082808
3086289 3086411
3087550 3087844
3089468 3089585
3092377 3092987
3095207 3095451
3096363 3096700
3102093 3102167
3103786 3104220
3104803 3105672
3106250 3106885
3109995 3111050
3114504 3115148
3116069 3118100
3120641 3120891
3126316 3127274
3129542 3130219
3130775 3131032
3133358 3133481
3135833 3136171
3136978 3137228
3137800 3138611
3144999 3145171
3149726 3150967
3151719 3152263
3153183 3154088
3154716 3154786
3158077 3158150
3159852 3162229
3163674 3164500
3167025 3167136
3171628 3171714
3174928 3175091
3175978 3176231
3177660 3177898
3179206 3179469
3180690 3180991
3187450 3188753
3191170 3191629
3193669 3194827
3196090 3196300
3196814 3197969
3198819 3198930
3202079 3202171
3207331 3208337
3216489 3216747
3219368 3219725
3223651 3223834
3224393 3225110
3226866 3227068
3228408 3228790
3229412 3229547
3230159 3230539
3233869 3234279
3238188 3238645
3240310 3240850
3242112 3242362
3244159 3244346
3246118 3246684
3247286 3247551
3249615 3249928
3253371 3253640
3255854 3256072
3257211 3257362
3259859 3259961
3262336 3263212
3263715 3264696
3268527 3268811
3271140 3271223
3273484 3274054
3280720 3280999
3284074 3284699
3285352 3285689
3286472 3286665
3287228 3287283
3289804 3290819
3293839 3294594
3295652 3296465
3303415 3303746
3304676 3305323
3306135 3306936
3308331 3311390
3312779 3313253
3314873 3315589
3316893 3317288
3318399 3318689
3319506 3319642
3323523 3323966
3324525 3325831
3326974 3327920
3329092 3329940
3330702 3331002
3335589 3335818
3336403 3336809
3341007 3341542
3342154 3342754
3344844 3345342
3350297 3350457
3355824 3355902
3360649 3360836
3365730 3367434
3370345 3370653
3371926 3372168
3373459 3374392
3375693 3376323
3377492 3377699
3380509 3380761
3384880 3388610
3390158 3390435
3392588 3392897
3395193 3395776
3396453 3396800
3398105 3398879
3404750 3406042
3407380 3408297
3408806 3408995
3414241 3414427
3423231 3424395
3425229 3425318
3426642 3427185
3432603 3432847
3434817 3434992
3436018 3436568
3439871 3441342
3442748 3442984
3448979 3449129
3449729 3450213
3453125 3453794
3455026 3455320
3457182 3457496
3458520 3459108
3461703 3461860
3462875 3463165
3471040 3471224
3474036 3474103
3474709 3475225
3476061 3476486
3477099 3478512
3479573 3480946
3489396 3489494
3490219 3492842
3495994 3496151
3499339 3499556
3506978 3507213
3507787 3508242
3509342 3509810
3513010 3513291
3516449 3517113
3517645 3518511
3519177 3521949
3524625 3525366
3525928 3526110
3532468 3535034
3537721 3539448
3542486 3543246
3544533 3544673
3547907 3548674
3549357 3550025
3552660 3553242
3558104 3558337
3560791 3561719
3563915 3564215
3565244 3565386
3566963 3572851
3574011 3574199
3580246 3580380
3581099 3581875
3582561 3583098
3584806 3585131
3586642 3587965
3592650 3593478
3598409 3598688
3599198 3599372
3600314 3600716
3604035 3604527
3613057 3614834
3615786 3616063
3619203 3619933
3620601 3620890
3621871 3621936
3622966 3623229
3627194 3627927
3628471 3628989
3629711 3630871
3635124 3635973
3636566 3636880
3638264 3638533
3641014 3641102
3644893 3645129
3645704 3646929
3648223 3648377
3648972 3649252
3651234 3651926
3653090 3653318
3653909 3655153
3656427 3656939
3658460 3659008
3663094 3663369
3666296 3666585
3669691 3669913
3670845 3670998
3673116 3673645
3682022 3682310
3683252 3683429
3687590 3689309
3690006 3690558
3694343 3695044
3703102 3705001
3707001 3707268
3707800 3708364
3711654 3711830
3715464 3716083
3722329 3722582
3724531 3725509
3728993 3729487
3731984 3732330
3734199 3734415
3736952 3737094
3737822 3737967
3739708 3740085
3741356 3741579
3743204 3743296
3745964 3746214
3750427 3751153
3751961 3752236
3757297 3757576
3759538 3759859
3761200 3761427
3762115 3764860
3766623 3766929
3768235 3768357
3768952 3770654
3773010 3773541
3776083 3776837
3777712 3777782
3778352 3778994
3783841 3783987
3786288 3786437
3787758 3787953
3788522 3789948
3791907 3792126
3793271 3793361
3794092 3794178
3795003 3795236
3796420 3796709
3799125 3799364
3806085 3806137
3807988 3810034
3810588 3810741
3812050 3812223
3815685 3815918
3817395 3817566
3818381 3818593
3819558 3819633
3822421 3822730
3823567 3824155
3830486 3830609
3834584 3834724
3835495 3835632
3840166 3840290
3841025 3841802
3844912 3845044
3846213 3846395
3846957 3848351
3852890 3853014
3854585 3854877
3858942 3859234
3860414 3860613
3862250 3862392
3863569 3863748
3864702 3865057
3867391 3867725
3868982 3869802
3870559 3870883
3871611 3871971
3872606 3873012
3874274 3874866
3878580 3879031
3880997 3882084
3882624 3882796
3885341 3885600
3886914 3887113
3891068 3891584
3892105 3892341
3892873 3893101
3895575 3897240
3897800 3898385
3901507 3901734
3902422 3902946
3903525 3904471
3906704 3906836
3910571 3910901
3913087 3913360
3914235 3914519
3919553 3921011
3925955 3926250
3928755 3928991
3930465 3930535
3931263 3931747
3932535 3932718
3939706 3939999
3943998 3944562
3945113 3945599
3949137 3949385
3950742 3951016
3953545 3953678
3967545 3968052
3968797 3968892
3969466 3969883
3974330 3974440
3990674 3992431
3993092 3993755
3997146 3997246
4001000 4001112
4001985 4002568
4005593 4006496
4007872 4008504
4010749 4010811
4013656 4015882
4016523 4019439
4022425 4023767
4025467 4030865
4031402 4032489
4038319 4038571
4042824 4044555
4046133 4046304
4048432 4048663
4053864 4054029
4054584 4055085
4057188 4057497
4058717 4058970
4060298 4060698
4062198 4063186
4063982 4064702
4065367 4065497
4068623 4068918
4069589 4071259
4075741 4075873
4080447 4081699
4082234 4082315
4082837 4083091
4088859 4089089
4089964 4090456
4094798 4095642
4098966 4100779
4102422 4102612
4104186 4104851
4105909 4106511
4110603 4110841
4112320 4117309
4117934 4118151
4119771 4120382
4125463 4126034
4128645 4128781
4134009 4135043
4135615 4136407
4140697 4140938
4143255 4144143
4144771 4145698
4147659 4148037
4150259 4151499
4152299 4152595
4154291 4155409
4159393 4160253
4160977 4161359
4162752 4163002
4165888 4167642
4171801 4171991
4173888 4174027
4179590 4179654
4181033 4181256
4182337 4182866
4183766 4183868
4186806 4187075
4193492 4193689
4194917 4195286
4195913 4201356
4202050 4202290
4203384 4203702
4204893 4206490
4208179 4209259
4210808 4211825
4219607 4220499
4221023 4222352
4223165 4224292
4224815 4226265
4228039 4228246
4229224 4229730
4230518 4230805
4233174 4233242
4238875 4239106
4240862 4241021
4244417 4244587
4245266 4245779
4249003 4249993
4252222 4252321
4252975 4253058
4254158 4254561
4255089 4255399
4257266 4257530
4261349 4261640
4262184 4263218
4266831 4267226
4269618 4270490
4274204 4274678
4275765 4275937
4277036 4277301
4279141 4279413
4280547 4281646
4282823 4282979
4287610 4288200
4291917 4292444
4294311 4294590
4295117 4295297
4298326 4298592
4299174 4299639
4302493 4302643
4309194 4309721
4312744 4313573
4314154 4314248
4315193 4315283
4317232 4317625
4318773 4319607
4321957 4322050
4324497 4325165
4327091 4327240
4332456 4332818
4334580 4334721
4336110 4336362
4336865 4337670
4338297 4338402
4340473 4341361
4344075 4344161
4344812 4345580
4346979 4348000
4349706 4356759
4357637 4358274
4360497 4362074
4364336 4364588
4365187 4366057
4369768 4370039
4370548 4371245
4372673 4373655
4377130 4377874
4378654 4380211
4386595 4388326
4389441 4389580
4390390 4390617
4394642 4396100
4399189 4399351
4400490 4400562
4405642 4406020
4406837 4407456
4411776 4412215
4414812 4420482
4423201 4423256
4424342 4425222
4427481 4428041
4430458 4430690
4432844 4433006
4435012 4435184
4440627 4441301
4441877 4442121
4450145 4450703
4451452 4452203
4452735 4453355
4456854 4457412
4457937 4458212
4460966 4461050
4463578 4463756
4466830 4468767
4469498 4469555
4474519 4474572
4475399 4476339
4477663 4477892
4480547 4480766
4482719 4482811
4485190 4486607
4487740 4488129
4490722 4491768
4495950 4496242
4497000 4497252
4503023 4503216
4504165 4504509
4505036 4505657
4510618 4510884
4514720 4515639
4518872 4519166
4532005 4532770
4533276 4533515
4535522 4535792
4537777 4540118
4541149 4541351
4541921 4542995
4544686 4545110
4547527 4547774
4549715 4549772
4551608 4552299
4553155 4553864
4555818 4556669
4558203 4558592
4560033 4560510
4562946 4563303
4567666 4567952
4568529 4568746
4569920 4570073
4570691 4570833
4574381 4574721
4577907 4578626
4582386 4582824
4583374 4584976
4586174 4586229
4590192 4590300
4593342 4594597
4596673 4596841
4598633 4598856
4604058 4604293
4604845 4606006
4606883 4607361
4618314 4619159
4620544 4620984
4621662 4622373
4626252 4626443
4632114 4632382
4633910 4634070
4637728 4637912
4640275 4641493
4642727 4642961
4644089 4644326
4644853 4645085
4646551 4646701
4648617 4648687
4651016 4651119
4653792 4653939
4656932 4657428
4659506 4660909
4664527 4664791
4671007 4671282
4673948 4674272
4675743 4676903
4677431 4677715
4678315 4678506
4682832 4683006
4688183 4688248
4692411 4694774
4695553 4696186
4699102 4699517
4706530 4708013
4708645 4709236
4711939 4711995
4712631 4713089
4714425 4714738
4718846 4718994
4722494 4722721
4725799 4725932
4726485 4727875
4732273 4732451
4733552 4736026
4737885 4738092
4740739 4741322
4743134 4743785
4748328 4748669
4749726 4749789
4753884 4754133
4757603 4757992
4758773 4758961
4762104 4762551
4764011 4764217
4765277 4765757
4769588 4769702
4770355 4770819
4775629 4775811
4776971 4777264
4779671 4779908
4785375 4785532
4789312 4790004
4792935 4793203
4795776 4796407
4797020 4797099
4805251 4805850
4807898 4809360
4810072 4810264
4812542 4812821
4813415 4814091
4819017 4819509
4820495 4821261
4824011 4825023
4827712 4829353
4831230 4831374
4832531 4832815
4833693 4834321
4836282 4836534
4837919 4838066
4842354 4842846
4844228 4844338
4847385 4847625
4848632 4848870
4849959 4850057
4851138 4852167
4853105 4853456
