Buchnera_aphidicola_Schizaphis_graminum_0970
1 315
3964 4349
5190 5260
8049 8246
8833 9290
10798 11069
12042 12444
15565 15752
16900 18811
19485 21534
22268 22696
23766 24714
25296 25546
27455 27636
28154 28382
29108 30779
31577 32691
35299 36013
39021 39784
42045 42777
45356 46078
47198 47575
48336 49069
51000 52227
54466 55719
56491 57254
59887 60420
61816 61971
63899 64135
66801 66909
69329 69720
70863 71358
72930 73157
74120 74291
75810 75905
77807 80654
81206 82327
84169 84852
89350 89926
92631 92764
93412 93676
94472 94724
95511 95571
96132 96322
100042 100277
101130 101551
103325 103621
107830 108478
108984 109077
115856 116169
117154 117328
121253 121363
122196 123152
124008 124455
129718 130058
132408 132707
135969 136599
137216 137396
138149 138351
144952 145126
147262 147471
152346 152553
153088 153712
154653 155091
158275 158412
159990 160267
161610 161761
162585 162965
167458 167803
169032 169166
171634 171842
172627 172886
173596 175152
177093 177213
178491 179301
181441 182564
183196 183350
184184 185315
185958 186253
187670 188038
191142 191316
191960 192162
193167 193462
197302 198137
200297 200705
203335 203477
204385 205572
206543 206740
208645 208727
209547 210307
211044 211416
212074 212373
213385 214031
215250 216183
216889 217654
219603 220493
223976 224265
225077 225915
228787 228887
231116 231250
233301 233352
235752 235858
237741 237923
240271 240421
241408 241660
242183 242292
244747 245028
245553 245627
247454 247524
248692 249296
254742 256260
258185 258650
260134 260297
261823 262202
264365 265019
265626 265863
266580 267103
268086 268232
270153 270554
273115 273471
275113 275822
278411 278693
280844 280934
284709 285295
286765 287087
287629 287997
288665 289238
290614 291037
292941 293359
294764 294853
296250 296662
297579 297814
301199 301807
305615 305860
306780 307073
307660 308017
310514 310611
311783 311890
312501 313027
314124 314381
315359 315416
316376 319004
321093 321504
322079 322316
329283 329528
331366 332071
332785 333100
333723 334056
334879 334979
336462 337093
337788 337964
338798 339143
339650 340072
342600 343722
344638 345547
346243 346525
347619 348103
348759 349117
351496 352797
354254 355276
356390 357159
360315 360647
362308 362488
364459 365455
367193 367613
368886 369206
372154 372441
376300 376617
381500 382028
383879 384097
385470 386874
388505 389139
391865 392457
395349 395662
398858 399044
399777 399994
400969 401645
403433 403526
404111 404247
405969 406694
407730 408034
408581 408801
409764 409881
412422 413167
413748 413802
416999 419851
421663 421737
425361 425559
428336 429530
431709 431874
432486 432702
435412 436618
440183 442143
443242 443651
445853 447130
448213 448623
449484 450120
453460 454227
456914 457534
458865 459458
462456 462637
465674 465772
467083 467430
469405 469471
470279 471300
474221 474579
476536 476641
477628 478298
479141 479305
479821 480126
482468 482684
484756 485071
485783 485833
488592 488837
489404 489513
495754 496142
497119 497320
497902 498673
499855 499987
501251 502466
503114 505860
508035 508923
509546 510719
511768 511838
513593 513743
514595 514896
515856 516185
517523 518294
519872 520194
521167 521419
522064 522367
523092 523255
523926 524418
527440 528760
529380 531748
533293 533396
535027 535119
536101 537299
540027 540254
542121 542320
543759 545011
548637 548985
554330 554490
555987 558876
559820 560450
561049 561574
562351 563764
567587 567733
568447 569458
569959 570577
573213 575221
576492 577220
577765 577882
580471 581541
585122 585671
586870 587068
587630 588190
592548 593492
596154 598492
601563 601869
602388 602619
608075 608280
612508 612655
613452 613517
614223 616954
617671 619797
620492 620842
623443 623670
624958 625156
627849 628317
628870 629504
633083 633880
635509 635975
638758 639062
640417 640872
642678 642975
645450 645745
651418 651665
654108 655936
659722 661496
663100 663882
667968 668508
669514 669616
672018 672481
678380 678864
686374 686436
687022 687245
690342 690501
691159 691552
697264 698081
699053 699628
700137 700563
701632 701887
705117 705811
710367 711021
711965 713660
715719 716014
716711 717178
717760 718040
720488 720851
722714 722999
725809 725904
726925 727933
731427 731985
733385 733502
734159 734580
736930 737060
739707 739997
740889 741640
742800 743090
743967 744564
745999 747517
749610 750393
751772 751917
754773 755517
756592 757617
758758 759610
760806 761374
763666 764088
764814 765202
765842 766430
768740 769416
770455 771122
772527 772657
775881 776310
778779 779047
779596 779894
780540 780753
781331 781521
785259 785523
786526 787019
794627 795670
798360 798640
802143 802356
803668 804398
805453 805727
811041 811827
812365 813067
813595 813849
814404 814523
815270 815581
820978 821392
822285 822582
829332 830150
833496 834307
835712 836173
837023 837363
842293 842977
845244 847877
848409 848706
849222 849417
850283 850811
852725 853148
855681 856411
857924 858810
860422 860639
862280 862499
863602 863811
866163 866561
869034 869230
871685 871830
872810 873701
876885 877258
879560 879724
881370 882197
883404 884229
888547 888727
889386 889994
893609 893824
896196 897459
899998 900256
903852 906024
907430 907525
909065 909402
910923 911607
913674 914101
920744 921476
925666 925968
933148 933254
936125 936454
937052 937306
942347 943114
944502 945321
946157 946749
948258 950247
951390 951546
953841 954016
954614 955038
957751 958156
959164 959400
960008 960199
960769 961236
964338 964540
965271 965894
966866 967659
968165 968608
969115 969460
971374 972372
978412 978983
981049 981450
982405 982623
983237 983346
984137 984246
985022 985600
986230 986828
987370 988405
991221 991505
992335 992559
995503 996023
998396 998485
1001209 1003346
1004268 1004826
1005934 1007382
1008672 1008898
1015228 1015599
1016262 1016448
1018266 1018442
1019612 1020814
1022644 1022851
1024577 1025789
1029161 1029499
1032192 1032356
1033750 1034114
1034705 1034800
1036983 1037268
1039338 1039995
1041350 1041431
1042332 1043108
1044802 1044984
1045589 1046109
1046661 1046837
1049650 1049704
1052311 1052500
1053226 1054243
1055081 1055387
1055894 1056187
1057917 1058068
1058915 1059640
1061113 1061374
1064268 1064320
1064992 1065776
1066348 1068222
1076580 1077190
1078376 1081526
1084243 1084369
1085474 1085603
1087058 1087367
1087971 1088229
1089910 1090691
1091339 1091884
1092452 1092982
1093681 1094122
1095147 1095396
1096068 1096387
1098212 1098507
1099857 1100186
1106072 1107219
1107795 1108421
1111808 1113067
1118625 1120993
1123400 1124748
1126516 1126746
1127804 1128389
1128990 1129589
1131272 1132769
1139445 1140083
1140673 1141286
1147116 1147662
1150879 1151161
1152492 1152638
1154477 1154588
1156053 1156322
1161806 1161915
1162438 1164042
1166130 1167028
1167923 1168188
1168902 1169018
1170122 1170765
1171568 1172803
1175386 1175498
1179153 1179600
1182554 1183170
1185553 1186139
1188810 1189512
1190717 1191646
1197236 1197489
1200449 1202263
1206266 1206553
1208143 1208233
1209851 1210173
1213111 1213276
1214285 1215079
1220044 1221221
1222602 1224589
1226566 1227219
1228809 1229178
1229717 1230741
1232598 1234345
1235595 1235956
1238836 1239138
1239872 1240462
1242145 1242528
1243148 1243780
1246032 1246345
1247011 1247418
1248310 1248813
1249656 1249886
1250409 1250496
1251087 1251826
1253121 1254507
1257452 1257773
1258437 1258545
1260479 1260640
1261164 1262278
1266770 1267176
1268155 1268229
1269073 1269212
1278381 1278926
1280983 1281195
1282046 1283295
1285860 1286061
1293256 1293572
1299588 1300500
1302379 1302818
1304943 1305667
1310167 1311405
1322182 1322803
1325867 1326099
1330200 1330505
1334080 1335327
1338042 1339397
1346280 1346752
1349634 1350832
1352407 1352903
1353841 1355178
1357036 1358042
1359159 1359261
1363134 1363267
1366448 1367303
1370184 1370608
1371271 1372662
1375315 1375878
1378586 1379601
1380181 1380696
1382218 1382769
1384815 1384914
1386883 1387028
1387557 1387810
1389345 1389621
1390529 1390810
1391758 1392156
1392922 1395446
1397907 1398194
1399399 1399453
1403602 1404707
1407548 1407660
1409104 1409490
1412011 1412318
1414555 1415250
1418422 1419253
1419913 1420060
1420867 1422027
1422680 1423301
1424620 1424968
1428159 1428603
1429282 1429336
1431032 1431307
1432226 1432838
1433997 1434556
1435566 1435716
1437400 1437556
1438225 1438401
1441002 1441256
1442359 1442541
1446769 1447095
1447647 1447912
1448559 1448643
1450074 1450276
1454933 1455633
1458887 1459119
1462405 1462546
1464760 1465454
1468122 1468326
1468837 1469270
1470386 1471117
1471838 1473041
1475662 1475731
1476337 1476447
1477579 1479630
1480525 1481627
1490380 1490815
1492015 1493067
1495905 1498457
1499031 1499227
1500457 1501780
1503323 1503636
1504421 1504928
1510097 1510402
1511099 1511490
1512135 1512265
1518473 1518522
1519677 1519796
1523315 1523585
1524740 1525059
1527687 1528184
1528898 1529617
1530437 1530667
1531504 1531635
1533133 1533760
1536199 1536305
1537040 1537176
1539573 1539871
1540578 1541459
1542114 1543272
1546024 1546382
1547578 1548602
1549754 1549997
1552276 1552537
1553830 1554066
1554939 1555392
1556361 1556418
1560350 1560715
1564314 1564513
1565044 1565131
1566289 1566551
1568573 1569165
1570482 1571009
1571782 1572412
1574258 1574949
1575732 1575965
1576605 1577070
1577764 1577874
1582823 1583308
1584420 1584693
1587422 1587853
1590898 1591115
1594640 1594891
1596497 1597260
1598561 1599033
1599559 1599688
1600766 1601255
1602367 1603555
1604100 1605342
1607022 1607137
1609578 1609764
1612028 1612840
1613676 1614190
1614712 1614775
1616237 1616994
1617701 1618352
1621031 1621198
1623013 1623166
1624573 1625879
1629386 1629566
1630234 1630919
1634449 1635068
1636638 1636724
1637232 1637370
1638589 1639363
1640222 1640899
1642617 1642785
1647690 1648067
1648895 1649704
1650494 1650627
1652688 1652999
1653679 1653872
1654676 1655976
1656527 1656620
1657500 1657751
1658298 1658402
1658980 1659420
1660528 1660587
1663469 1663835
1665429 1665686
1666285 1667953
1668454 1668813
1671206 1671694
1672950 1673803
1674947 1675145
1676749 1676897
1677907 1678117
1679562 1680533
1683350 1684689
1688105 1688705
1689336 1689406
1690888 1691196
1693305 1693386
1696100 1696593
1697418 1697942
1700433 1700785
1711687 1711911
1712558 1713610
1714486 1714770
1720312 1720732
1723745 1724565
1725316 1725388
1726798 1727539
1728598 1728650
1730347 1730472
1733066 1733388
1734147 1735006
1735769 1736529
1737846 1739232
1739796 1740155
1740980 1741533
1743733 1743785
1744496 1744709
1746641 1747179
1749033 1750013
1752803 1754750
1755432 1755878
1756532 1756638
1758078 1758248
1759465 1761546
1762272 1762388
1762927 1764722
1766682 1767515
1768168 1768248
1773194 1773350
1774976 1775795
1779471 1780181
1794518 1794638
1796036 1796481
1799252 1800147
1801601 1802056
1802664 1803127
1803734 1803965
1805257 1805781
1806547 1808485
1810714 1810956
1811994 1812883
1813768 1814143
1815004 1815074
1816579 1818250
1821033 1822095
1822975 1823050
1823867 1824682
1825492 1826485
1827232 1827296
1829269 1830701
1834015 1834408
1835874 1836072
1837190 1838142
1843974 1844303
1845020 1845284
1847060 1847306
1848210 1849212
1850739 1850967
1852098 1852376
1858747 1859883
1860568 1861116
1863660 1863986
1867005 1867431
1870571 1871252
1872496 1872969
1875551 1875939
1876798 1877188
1879923 1880090
1880727 1880965
1882828 1883736
1884657 1884713
1885308 1885980
1886618 1887145
1887921 1888563
1891110 1891828
1892538 1892775
Buchnera_aphidicola_Schizaphis_graminum_ancestor
1 315
2742 4349
5190 5260
6553 7198
8049 9290
10798 11069
12042 12444
15728 15784
16705 16876
19476 19714
20351 20518
23227 23643
27836 27945
29189 29870
33010 33436
34212 34490
37034 38299
38837 39229
40357 41076
42682 43230
44575 46484
49986 50214
51529 51583
53135 53381
55157 55421
56107 56640
59727 60036
60564 64625
65338 66075
66848 68191
68713 78509
79704 83218
83836 86447
87211 94405
94993 97042
97716 98018
99757 101099
102145 102852
106560 106734
108870 109079
113954 114161
114696 115320
116261 116699
117804 118847
119883 120020
121598 121875
122550 124093
127421 129692
132754 133356
134575 134721
135704 136227
136944 137181
137788 138442
139644 139987
142510 142673
143246 144622
145205 145268
147627 148065
149968 150576
152606 154328
155249 155760
157779 159986
160515 160624
161147 161399
162386 162536
164040 166058
173920 174020
175934 176235
176892 177142
177823 178580
182314 184118
185152 185918
186624 187557
188776 189422
190434 190733
192500 192840
194080 194162
196067 198422
198977 199472
205257 205505
206066 206644
209097 209640
210645 210847
211491 211665
212472 213215
216554 216849
217492 218623
219457 219612
222385 222560
223506 224126
229921 230180
230965 231173
232557 232802
234640 237330
238153 238915
241062 241238
244084 244672
245874 246996
247912 248258
249517 249799
250893 252391
255314 256071
260533 261173
262281 262985
263589 263921
265582 266686
268661 268729
273845 273999
274578 275715
278178 279474
280649 282069
288744 289003
291779 292413
295814 296463
298623 299221
303051 303268
304715 304919
305574 305831
308065 308172
311916 312295
312863 313175
314095 314305
318148 318756
321361 321804
325102 325191
326033 327014
328918 331290
331961 332326
335346 336872
341262 341544
342426 342897
343978 345408
346214 346559
347788 347922
348550 348956
354237 354598
355973 356210
359463 359679
360291 360456
361249 361729
362635 363829
366606 368065
370428 370502
373196 375166
378159 379342
382284 382401
383364 383584
385239 386054
387918 388054
388639 388732
390843 390900
391860 391993
393796 394488
395461 395857
403674 403935
407461 407581
408086 408275
411092 411728
415068 415835
419783 421596
423267 423471
424072 424245
427282 427380
428691 429038
431013 433597
435829 436131
437627 437736
441307 441357
442069 442384
444456 444672
447835 447999
448842 449512
450499 450604
453899 456766
457362 458926
459510 469247
470078 470427
470941 478543
479083 487974
490468 491660
492619 492897
494901 495004
496635 496727
497709 497839
500841 501862
503729 503928
506477 506619
508934 509298
510245 510593
511732 512707
514480 514802
515938 516098
519570 520484
529195 529804
530527 531066
533744 535570
536615 536829
538100 538828
539373 539490
540994 541412
543031 543149
545319 545520
546220 546859
548478 548676
549367 554562
555371 557393
558099 558164
558961 559108
564714 564900
565653 566597
569259 569566
571436 571597
572719 573047
573594 578223
580390 580476
581180 581385
585051 585278
586566 586764
589457 589925
590478 591112
594691 594974
597117 597583
600366 600670
602025 602920
603718 604583
606420 607353
608207 608742
610752 611490
612001 613273
614599 615752
616303 617110
620704 621230
622096 623104
624708 624968
629493 629963
630470 630934
631454 632541
633562 633657
634522 636752
639688 640689
641426 641706
645806 646177
647601 649099
649602 650121
650904 651384
654857 655539
662506 662985
665498 665560
666146 666882
670283 671255
675473 676600
678177 678752
679261 679687
680756 681011
684241 684490
685012 685194
685847 686437
686985 687448
687982 688737
689850 689952
692155 692490
694993 695110
695811 696188
698593 698822
701315 701605
702497 703248
704408 704698
705575 706172
707398 709125
709670 710577
713894 714024
715429 716096
720541 721737
724723 725313
726941 727148
728934 729144
729802 729959
731034 732320
734634 734779
735894 736757
739683 740655
741204 741502
742148 742361
742939 743129
746452 747131
751389 752040
755129 755511
756235 756707
758995 759121
761393 761835
766843 767586
768685 769462
770123 770388
771321 771536
775151 778096
779340 780004
780553 781741
783623 783775
785421 785585
787884 788644
791444 792335
794274 795145
795915 796111
797773 798955
801334 801543
802672 802865
804506 805229
805922 806235
806741 807221
809355 810069
812358 812420
812952 813393
815728 815923
816439 816736
817268 818705
819518 819901
821044 821454
822165 823760
824606 825151
827782 828122
831392 831649
832951 833174
835561 835813
840066 840395
841299 841600
842563 842860
844860 845764
850622 850741
851296 851550
852479 852780
857436 857567
858826 860017
860523 861477
862789 863002
863770 864575
865465 865902
868985 869133
870673 871010
875302 875574
876369 877464
878628 880037
892909 893463
894756 894862
896163 896246
896765 897059
902252 902437
903249 903985
904780 905034
905632 905961
906524 906630
907765 908357
912998 913154
915449 915624
916222 917382
920772 921008
921616 921807
922377 922844
924410 924967
925946 927502
929773 931015
932982 933980
935140 935910
942645 943058
944013 944231
944845 944954
945745 945854
948318 948436
951181 951981
952829 953793
955217 956180
956866 957362
957962 958129
959200 959879
960546 961391
963867 964032
965800 965888
970590 970877
975750 975840
979654 980067
980751 981675
984448 985397
991004 991587
994412 994589
1001645 1001757
1004340 1004484
1006378 1006763
1007332 1008241
1008955 1009220
1010115 1011271
1015228 1015337
1016842 1017433
1020821 1021090
1022040 1022802
1023636 1024651
1025403 1026370
1029481 1031117
1035857 1036470
1037060 1037698
1040969 1042148
1045345 1045520
1048754 1049339
1050397 1050627
1052942 1053109
1054346 1054731
1058264 1059573
1060217 1060443
1062027 1062994
1064076 1065335
1067700 1068214
1069924 1071129
1072277 1073095
1075037 1077286
1078636 1078931
1080756 1081021
1081747 1081996
1083021 1083462
1085693 1085804
1086452 1087233
1088914 1089172
1090859 1091748
1092774 1092900
1093992 1094913
1095617 1095787
1096555 1096975
1097663 1098111
1099752 1100949
1102791 1103760
1106830 1109418
1111367 1111464
1111986 1112151
1115004 1115082
1115769 1116030
1117127 1118228
1119075 1119226
1121756 1122062
1122900 1123149
1124643 1124832
1127347 1127601
1129305 1130191
1130973 1131311
1131929 1132330
1134004 1134168
1135562 1135926
1136517 1136612
1139713 1140340
1143162 1143243
1144144 1144740
1147401 1147921
1150558 1151516
1152407 1153584
1154292 1154771
1155883 1156229
1160275 1160461
1162279 1162455
1164044 1164667
1166419 1167235
1168245 1168400
1171029 1171209
1172317 1174319
1175358 1175934
1176675 1177029
1180528 1180762
1182200 1182501
1183318 1183370
1184584 1184808
1185736 1186197
1188174 1188827
1192989 1193321
1197203 1197564
1201218 1202070
1203753 1204136
1204756 1205801
1206519 1207038
1209126 1209203
1209918 1210421
1211264 1211494
1212017 1212104
1214683 1214806
1215707 1216091
1216848 1217943
1218621 1218960
1223036 1224008
1226350 1226440
1227169 1227370
1229935 1230594
1232035 1232247
1233041 1233434
1234304 1236034
1237196 1239578
1241118 1242095
1244018 1244157
1245001 1245075
1246054 1246460
1250086 1250852
1251742 1252066
1252590 1252736
1253865 1255388
1256908 1257847
1258469 1259186
1259779 1259859
1260412 1261400
1262208 1263210
1263714 1264426
1270871 1271126
1271775 1272047
1274482 1274869
1278226 1279576
1282885 1284242
1286584 1288122
1290712 1291645
1292223 1292455
1295713 1296135
1298962 1299766
1300578 1301199
1309310 1309733
1311242 1311441
1313151 1314511
1315260 1316227
1319559 1319650
1320767 1320869
1323220 1323271
1324387 1325447
1326838 1327956
1328527 1328893
1331792 1332216
1332879 1333577
1335246 1336296
1336937 1337486
1338903 1339312
1340194 1341209
1341789 1341926
1344140 1344239
1346675 1346836
1349165 1351229
1353366 1353764
1354510 1357054
1359515 1359802
1362885 1363233
1365826 1366434
1367793 1367940
1370673 1370882
1376332 1376453
1377026 1378264
1380193 1380767
1381772 1382629
1388400 1388454
1390890 1390944
1392640 1392915
1397989 1399164
1399833 1401853
1402610 1402864
1403967 1404149
1407968 1408753
1409255 1409520
1410167 1410251
1411682 1411884
1414591 1414857
1419246 1419349
1420519 1421548
1425374 1427062
1427702 1428074
1429730 1430117
1430737 1430878
1431994 1432274
1437270 1437339
1437945 1438055
1439324 1440405
1450718 1450951
1456427 1456741
1458580 1458890
1459817 1460065
1460639 1460835
1463180 1464357
1464931 1465244
1468302 1469235
1472707 1473098
1473743 1473873
1476380 1476866
1477612 1478493
1478996 1479385
1480052 1483229
1483768 1484369
1484923 1485193
1486348 1487109
1487649 1488677
1492045 1492275
1494741 1495368
1497747 1498548
1501181 1501479
1503722 1504880
1505647 1506556
1507143 1510814
1511362 1512759
1513884 1514145
1515438 1515674
1516547 1517423
1517969 1518026
1520353 1521034
1521958 1524122
1525728 1525979
1528293 1529721
1532766 1533197
1535926 1536199
1537311 1538046
1541967 1542061
1542745 1542855
1543549 1544014
1544654 1544887
1549610 1550137
1551454 1551674
1552906 1553224
1554068 1554330
1555488 1555575
1556106 1556305
1558968 1559629
1560169 1560641
1561167 1561296
1562374 1562863
1565708 1566950
1570181 1570245
1571186 1571372
1573591 1575798
1576320 1576383
1577845 1578110
1581402 1582012
1582639 1582806
1584621 1584774
1586181 1587487
1588765 1589067
1590581 1591174
1591829 1592588
1595076 1597324
1598246 1598332
1598840 1598978
1601692 1604393
1605659 1605723
1607626 1608060
1610870 1612235
1614296 1614607
1616284 1616849
1618135 1619315
1619906 1620010
1622136 1622864
1623983 1624402
1627004 1627793
1628785 1629561
1630062 1630421
1636608 1637258
1641301 1641426
1642362 1643160
1644691 1644975
1646385 1646457
1649312 1650404
1653457 1654154
1657003 1657287
1658715 1659215
1659862 1660224
1662008 1662372
1665286 1665664
1666784 1667233
1670957 1671340
1675180 1676137
1678387 1678901
1683319 1683668
1685076 1685224
1686166 1686547
1687084 1687581
1688362 1688423
1691813 1691876
1693656 1693866
1694876 1695024
1696628 1696826
1697377 1698572
1700761 1701120
1701684 1702205
1702785 1703070
1704387 1704712
1706104 1706317
1708249 1708787
1714411 1714880
1717576 1718733
1719686 1719856
1721073 1721328
1721895 1722154
1723894 1723996
1724535 1726330
1728895 1729123
1729776 1729856
1733159 1733464
1734802 1734958
1739709 1740015
1744964 1745429
1753518 1753847
1756126 1756246
1757038 1759778
1760843 1760934
1763209 1763664
1764272 1764735
1766865 1767389
1768837 1769051
1769955 1770093
1772322 1772564
1773602 1774491
1778187 1778467
1782687 1783703
1784583 1784658
1785998 1786526
1787100 1787681
1789557 1789812
1790877 1791041
1791812 1792309
1793591 1794591
1795623 1796016
1797479 1797680
1806587 1806668
1807338 1807493
1809421 1809657
1811185 1811591
1812323 1812431
1813198 1813669
1814851 1815242
1816385 1816472
1818452 1818679
1819642 1819813
1821332 1821427
1822239 1822330
1825638 1826628
1829691 1829991
1831863 1832603
1833242 1833738
1834872 1835448
1838153 1838286
1838934 1839198
1839994 1840246
1841033 1841093
1841654 1841844
1842904 1846552
1848847 1849143
1854506 1854599
1859580 1860042
1862676 1863266
1866775 1866885
1867718 1867883
1868575 1869977
1873882 1874290
1877930 1878229
1878886 1879702
1880901 1883628
1884689 1884876
1885419 1885980
1887082 1887145
1887921 1888563
1892538 1892775
