Buchnera_aphidicola_Baizongia_pistaciae_ancestor
9516 10001
12308 12458
24577 24680
44440 44739
48079 48313
50160 50215
61635 61853
74775 75073
79162 79364
83485 84233
89363 89535
93623 93928
97048 97169
99826 101046
105842 105908
107921 108147
112063 112246
112946 113506
120301 120421
120976 121051
124430 124892
128648 128707
131705 131986
137609 137985
139573 139808
148108 148551
150237 151129
154138 154346
157379 157490
158558 158646
171306 171579
172902 173072
185389 185696
186986 187543
189149 189443
190886 191399
192657 192726
193210 193306
197239 197669
203593 203828
207674 207936
220141 220271
223278 223397
225283 225565
236666 236800
240856 241038
244752 244806
252305 252798
262524 262575
263930 264246
279084 279380
280907 281106
286495 286775
288924 289069
292703 292909
296378 296566
297571 297835
298888 299133
301568 301828
313563 313658
315879 316044
316571 317212
319497 319721
328850 329226
336718 336979
339168 339845
342347 343943
345136 346049
354785 354938
361541 361771
365589 365869
368909 369011
370257 371116
373102 373342
375618 375877
376847 376964
377551 378070
379200 379377
380825 380978
381612 381863
382817 383068
386159 386359
386459 386783
392313 392889
394973 395077
402749 403664
411032 411473
419125 419276
421655 421942
422808 423067
424065 424391
427797 427966
436967 437124
439222 440055
441928 442163
445909 446108
447675 448862
452557 452699
454977 455053
459609 459820
460592 460711
462221 462656
465680 465794
470516 470646
471632 472120
472837 473116
478760 479246
488667 489641
493459 493664
498045 498146
506394 506967
512088 512436
516245 516830
519211 520338
521057 521505
523209 523308
528075 528336
532444 532594
537049 537557
539027 539260
543620 543871
546372 546598
548648 548810
551799 552757
561090 561277
564350 564583
578158 578423
581967 582262
584047 584553
587919 588495
594795 595352
597467 597614
604189 604340
615587 615980
