gi_556503834_ref_NC_000913.3_
1 4949
6068 9701
10849 14982
16035 22705
23310 23704
24272 42272
42863 43167
43917 45832
46642 49829
50358 50796
51624 57214
58191 62982
63496 65250
65936 70936
71477 86522
87158 94413
94943 97932
98688 99835
100843 103197
104093 112665
113252 121310
121823 122363
123155 126343
126954 133853
134556 146429
146937 152135
152881 161248
161901 162812
163404 186036
186609 200348
201172 214684
215314 219271
219906 229397
229924 247337
247904 267101
267829 270313
270527 277119
277704 277860
278696 290633
291712 294239
294768 299513
300276 300588
301313 309382
310152 311983
312772 326162
326758 327784
328304 329672
330511 336152
336667 350974
351527 357952
358480 363834
364741 368811
369390 373490
374195 378974
379829 380780
381359 394149
394843 395660
396367 405113
406003 414301
414974 415539
416150 416295
417227 422529
423035 430539
431237 443500
444278 467373
467921 468370
468954 484687
485226 496669
497374 503067
503713 509207
509712 511223
511799 520237
521210 522794
523377 531503
532069 537417
538064 556039
556642 558629
559158 563973
564477 566707
566778 576646
577685 585977
586496 608590
609784 611715
612223 615156
615797 617653
618235 626710
627245 629886
630704 634893
635446 644018
644700 660110
660780 665262
665832 670545
671096 682550
683116 683243
683791 692236
693481 696849
697846 729673
730677 743336
743855 758721
759795 767472
768076 768781
769415 772162
773007 781838
782763 785481
786521 793370
793933 806405
806987 814714
815437 817332
817837 833123
833803 845641
846391 852432
852956 890887
891666 927516
928054 936414
937043 947334
948270 949518
950153 955357
956007 957039
957645 958816
959398 961658
962172 962944
963447 964265
965261 968287
968824 973474
974116 977940
978699 981205
982100 984866
985976 1001259
1002071 1004662
1005433 1006927
1007476 1019580
1020989 1026361
1026924 1040650
1041351 1042218
1043146 1048811
1049518 1050545
1050834 1056516
1057078 1067212
1067715 1067810
1069093 1070871
1071905 1085976
1086728 1095423
1096174 1100752
1101546 1125231
1126641 1128753
1129274 1140351
1141148 1142663
1143420 1147144
1148730 1151092
1151897 1157386
1158476 1164323
1164830 1168534
1169058 1172899
1173518 1189443
1190246 1201068
1201860 1211738
1212399 1214791
1215420 1220873
1221395 1228004
1229630 1279880
1280503 1290740
1291261 1293844
1294700 1296128
1296673 1301372
1302538 1304692
1305228 1311826
1312687 1325473
1326284 1327527
1328034 1337814
1338429 1360414
1360917 1375631
1376541 1388932
1389480 1392173
1392709 1398532
1399045 1404762
1405264 1438867
1439485 1454418
1455002 1464197
1465041 1469281
1470865 1474382
1475647 1487506
1488367 1500831
1501414 1504454
1505140 1505883
1506396 1542807
1543835 1550163
1550814 1561838
1562471 1570361
1571546 1573362
1573947 1584017
1584622 1589984
1590653 1609094
1609699 1621928
1622834 1626009
1626573 1631174
1631934 1634083
1635620 1636764
1637352 1645354
1645887 1647149
1647863 1680968
1681728 1684657
1685602 1688664
1689184 1689536
1690125 1690699
1691409 1703471
1704379 1706704
1707309 1710377
1710931 1729725
1730399 1737391
1738007 1742711
1743325 1747928
1748888 1753679
1754482 1765778
1766325 1784828
1785711 1799108
1799817 1817544
1818368 1825414
1826031 1828779
1829725 1837041
1837655 1843681
1844204 1846123
1846927 1849684
1850763 1878642
1879181 1879850
1880355 1892138
1892671 1895560
1896415 1899504
1900804 1913846
1914348 1920056
1920827 1928165
1929244 1931657
1932450 1954757
1955470 1956199
1956861 1968830
1969810 1975242
1976105 1977095
1978121 1991542
1992112 1996276
1996869 1998121
1998815 2001293
2001881 2014914
2015476 2027163
2027680 2029625
2030280 2033051
2033711 2036923
2037476 2047474
2047976 2056859
2057363 2073208
2073832 2090944
2091522 2105013
2105632 2111807
2112361 2114927
2115992 2120798
2121330 2137593
2138318 2153773
2154528 2158953
2160498 2170171
2172182 2176403
2177045 2184330
2184971 2195598
2196149 2205206
2205728 2207142
2207806 2209053
2209754 2223296
2223847 2224833
2225673 2240377
2241048 2243766
2244917 2261822
2262529 2268301
2268913 2270796
2272263 2275240
2276119 2277835
2278451 2280352
2280987 2281056
2281607 2286831
2287434 2291926
2292436 2326778
2327410 2332693
2333220 2334760
2335486 2337525
2338098 2345173
2345861 2356193
2356884 2371368
2371933 2375188
2376679 2385394
2386164 2386619
2387186 2387408
2388231 2398412
2399076 2406750
2407375 2415965
2416487 2429748
2430440 2436257
2436865 2440183
2440684 2443825
2445180 2451645
2452414 2455861
2456566 2471779
2472297 2473246
2473760 2477998
2478948 2480381
2480907 2482981
2484316 2485920
2486476 2487561
2488209 2494609
2495327 2502349
2502883 2503686
2505116 2521172
2521528 2528744
2529383 2531188
2531847 2538826
2539388 2543532
2544073 2544123
2544692 2546439
2547372 2547803
2548531 2554330
2556271 2556837
2557401 2559923
2560536 2582952
2583627 2595058
2595738 2607217
2607783 2607849
2608493 2625726
2626307 2632952
2633795 2634088
2634678 2635353
2636007 2640647
2641667 2644292
2644931 2645261
2645982 2650081
2650732 2656046
2656783 2660356
2660928 2661198
2661786 2675070
2675579 2685499
2686053 2700407
2701020 2704827
2705348 2717127
2717744 2722041
2722553 2723708
2724802 2731336
2731486 2748405
2749055 2750604
2751134 2753614
2754196 2760973
2761551 2761929
2762454 2762858
2763450 2766854
2767580 2774830
2775379 2789092
2789597 2807622
2808218 2831243
2831789 2832997
2833586 2837148
2837650 2842462
2843066 2846229
2846737 2869238
2870424 2877388
2877978 2881146
2881663 2887080
2888003 2905929
2906637 2924269
2925053 2932480
2933017 2944923
2945483 2961764
2962759 2965337
2965939 2972617
2973122 2973739
2974287 2991754
2992293 2996003
2997617 3001609
3002374 3010592
3011327 3011850
3012592 3014849
3016051 3020611
3021368 3026447
3026979 3033754
3034395 3035533
3036068 3040841
3041474 3045240
3045893 3053571
3054383 3057381
3057889 3084927
3085493 3110338
3111000 3119575
3120180 3124519
3126098 3127448
3128091 3129818
3131563 3134456
3135226 3135841
3136597 3145707
3146244 3147975
3148885 3171514
3172128 3175754
3176461 3177016
3177518 3177606
3178347 3178589
3179106 3182206
3182993 3184002
3184560 3185576
3186183 3189722
3190256 3201628
3202387 3219000
3219650 3222910
3223626 3239001
3239962 3245569
3246176 3248345
3248880 3259733
3260567 3270419
3271081 3273440
3274007 3279061
3279894 3283147
3283739 3284491
3285016 3290608
3291309 3306038
3306847 3316852
3317500 3318212
3318290 3323686
3324416 3326862
3328450 3339834
3340355 3340773
3341423 3348301
3349513 3350216
3350874 3353052
3353631 3361182
3362159 3370178
3370762 3374517
3375222 3377877
3378392 3380759
3381304 3383674
3384404 3386328
3387227 3387786
3388294 3392767
3393284 3394501
3395051 3421911
3422895 3423523
3427162 3430309
3431180 3433984
3434745 3439872
3440505 3464345
3464927 3481857
3482359 3491318
3491830 3494736
3495243 3506359
3506885 3515171
3515712 3517388
3518066 3522208
3522744 3527783
3528290 3542574
3543167 3553500
3554195 3554892
3555858 3562801
3563464 3563974
3564606 3569953
3570667 3597313
3598028 3604550
3605158 3620297
3621984 3623527
3624384 3653507
3654069 3662356
3663008 3667522
3668139 3673076
3673885 3677087
3677694 3699674
3700410 3705970
3706499 3718983
3719681 3728067
3728825 3735283
3735831 3738824
3739496 3747962
3748941 3756725
3757327 3768084
3768644 3771244
3771834 3772638
3773362 3777898
3778753 3784929
3785439 3791936
3792441 3805273
3805964 3816322
3816939 3817145
3817874 3829532
3830162 3836819
3837568 3847607
3848880 3856899
3857436 3858917
3859428 3863467
3864102 3872823
3873947 3883808
3884389 3891906
3892924 3902754
3903365 3916890
3917593 3917996
3919221 3920756
3921352 3929948
3930478 3935754
3936279 3940313
3941031 3943402
3943574 3956288
3956846 3966157
3966719 3970126
3970676 3976167
3976883 3981326
3981982 3988633
3989340 3993865
3994772 4019001
4020018 4024426
4025375 4033901
4034526 4034662
4037125 4047230
4047973 4054517
4055147 4057970
4058493 4080806
4081355 4089896
4090548 4105054
4105584 4109088
4109981 4110705
4111239 4114524
4115040 4119876
4120537 4133743
4134895 4141706
4142468 4144217
4144986 4157775
4158314 4161820
4162331 4175798
4176897 4188575
4189126 4221346
4221955 4261103
4261887 4273591
4274360 4274637
4275167 4287964
4288647 4290572
4291092 4298241
4298817 4313933
4314705 4322910
4323506 4333216
4333922 4334753
4335445 4357819
4358374 4360155
4361143 4364528
4365193 4365788
4366390 4382009
4382513 4401221
4401740 4414916
4415510 4416240
4416978 4421900
4422541 4424572
4425142 4434492
4435108 4437533
4438227 4454984
4455507 4458211
4458752 4461709
4462294 4462561
4463642 4468754
4469263 4479120
4479689 4483664
4484251 4485126
4485740 4485862
4486541 4489546
4490055 4500471
4501133 4510391
4510912 4514241
4514823 4516871
4517395 4538432
4539012 4541676
4542198 4545375
4545997 4549850
4550495 4557470
4558002 4565178
4565730 4573186
4573900 4574697
4575257 4589568
4590936 4609684
4610194 4618386
4618919 4622115
4623001 4641652
