Ecoli_ancestor_Ancestor_
1 1396
15165 15405
82022 83290
92478 92568
207489 207712
216448 216717
223259 223482
231236 231470
380782 381101
395035 395281
414716 418883
422184 422589
424292 424450
429225 429480
497313 497372
509010 509292
553306 553717
555420 555547
643910 643977
647121 647440
649143 669514
825032 826546
828541 828636
938373 938717
968139 968233
968919 969537
1148635 1148747
1163598 1164000
1167143 1167490
1224853 1225197
1299537 1304943
1308887 1309127
1383566 1403377
1404563 1410742
1459511 1459859
1460659 1461544
1469329 1472049
1593168 1593258
1624954 1625176
1632122 1643420
1708574 1708794
1716833 1717114
1729167 1729504
1741145 1741365
1764964 1776536
1835945 1836187
1859374 1859500
1861203 1861601
1978522 1980171
2013010 2075186
2285847 2286236
2301490 2301813
2488660 2489000
2524250 2524573
2653939 2654046
2852008 2852070
2859542 2881422
3057944 3058714
3118688 3124781
3130600 3131246
3165660 3165872
3193617 3193961
3194761 3215747
3290162 3290506
3291306 3349461
3417528 3440751
3478348 3478600
3492429 3495326
3540313 3540921
3590874 3591212
3744736 3745001
3807037 3809172
3809960 3810195
3813024 3813338
3855761 3856601
3857632 3861237
3878494 3878732
3902558 3902902
4009497 4010446
4015818 4016162
4204290 4208213
4209399 4209489
4211330 4274457
4299508 4300308
4310979 4311587
4316454 4316794
4319098 4320588
4361854 4361921
4365066 4365477
4474332 4474439
Ecoli_0990_Taxon019_
19851 85746
121848 126215
139984 140224
206841 209962
250392 250861
251491 258530
332308 332531
341267 341536
348078 348301
356055 356289
362335 405385
414980 415076
418401 505920
507623 510786
519854 520100
538569 539479
592829 593084
597859 598017
599720 600125
603267 607925
621102 622131
625485 625767
674878 680366
768729 772259
773962 774120
949851 984448
1020784 1020879
1022874 1049363
1062448 1063536
1092958 1096295
1131482 1132090
1210219 1217945
1247066 1247182
1259311 1260221
1286990 1288819
1291962 1292309
1348928 1424355
1433706 1433946
1440986 1441100
1484675 1496336
1519864 1520288
1547635 1547983
1568368 1568484
1717987 1718556
1743754 1745478
1753668 1753888
1765529 1765866
1777919 1778200
1786239 1786459
1869857 1870079
1876102 1876156
1897427 1897486
1901135 1901355
1960764 1961006
1984193 1984319
1986022 1986418
2003358 2061311
2303576 2306505
2410666 2411055
2426309 2426632
2568923 2569263
2637370 2638409
2646032 2646627
2648378 2649392
2744130 2745804
2778758 2778865
2858101 2949152
3006234 3006296
3064781 3075263
3076229 3083008
3093614 3143721
3182763 3183533
3243507 3247658
3280942 3281588
3287407 3287572
3322351 3340566
3414981 3416069
3515287 3530311
3603167 3603419
3665132 3665740
3715693 3716031
3759593 3777289
3779993 3780271
3869555 3869820
3931856 3932080
3934781 3936802
3937843 3938157
3980580 3986056
4003313 4003551
4006945 4103758
4134316 4135265
4139893 4140981
4188958 4322681
4329109 4329215
4331056 4331625
4399332 4400317
4421666 4425127
4435798 4436406
4441273 4441616
4443917 4445407
4457053 4457660
4486673 4486740
4489885 4491943
4589098 4589205
4601345 4629788
