Salmonella_0920_Ancestor_
1 249
65611 66370
116445 116748
209392 209584
289337 294506
302590 302835
335900 336113
337105 337318
341714 341855
351529 351588
354493 354724
369652 369744
403308 403455
470436 470522
574502 574780
605625 605806
634207 634453
635052 635195
654625 654674
787099 787181
812391 812474
829980 830556
831996 832544
887014 887285
897878 898198
909830 910062
934278 934331
980537 980681
999478 999779
1000777 1000859
1025116 1025636
1035643 1036207
1075231 1075507
1099860 1099974
1101010 1101673
1102225 1102845
1103970 1108668
1135535 1135822
1136884 1137144
1151139 1151625
1198486 1198721
1224313 1224581
1259269 1259408
1280169 1280229
1295420 1295572
1297010 1297104
1318714 1319033
1363468 1363662
1423605 1423996
1424615 1424921
1466227 1466400
1515717 1515923
1605967 1606324
1713351 1713496
1723040 1723230
1742369 1742582
1763293 1763513
1843263 1843656
1853139 1853323
1939226 1939434
1979568 1979666
1984947 1985038
2045783 2046165
2048346 2048734
2094244 2094527
2130955 2131007
2133579 2133671
2214930 2215148
2250509 2250749
2287425 2287746
2324960 2325168
2340947 2341044
2348499 2349246
2349790 2351585
2353121 2353488
2361836 2361999
2383997 2384054
2450838 2450965
2519897 2520095
2532062 2532195
2579319 2579840
2589287 2589349
2631418 2631529
2636188 2636452
2683605 2683654
2718086 2718204
2728338 2728532
2735264 2735406
2736062 2736727
2737751 2738569
2751414 2751490
2790075 2790710
2792336 2792616
2795587 2797033
2798737 2799369
2800565 2800748
2801824 2802811
2803395 2803817
2804643 2805685
2826959 2832165
2837730 2837785
2844040 2844100
2889040 2889129
2911233 2911547
2950548 2950663
2967134 2967206
2969886 2970330
2991788 2992012
3181257 3181411
3194306 3194827
3248564 3248801
3281627 3281785
3316938 3317323
3367246 3367512
3399835 3399922
3414155 3414406
3425773 3425961
3427857 3427931
3435407 3435591
3519032 3521976
3524943 3525320
3566963 3571894
3587024 3587168
3598409 3599372
3631721 3631853
3635218 3635664
3814349 3814447
3826054 3826118
3871546 3871686
3890905 3890968
3958455 3958677
3991874 3992409
4003759 4003835
4014895 4015534
4025621 4030759
4053847 4054036
4055540 4055779
4058753 4058940
4061313 4061405
4112870 4114008
4115474 4117309
4143331 4143453
4157444 4157603
4160654 4160871
4195913 4201356
4290661 4291021
4302743 4303350
4310472 4310629
4345421 4345504
4350975 4356406
4360717 4360830
4361541 4361680
4367365 4367431
4402385 4402879
4414874 4419971
4430683 4431007
4435834 4436343
4446497 4446715
4451239 4451450
4453274 4453879
4539212 4539292
4560041 4560510
4596526 4596841
4617283 4617460
4641624 4641845
4815581 4816044
4856079 4856237
